1043315.3214285715,2005.799107142857,43.392857142857146,2.0535714285714284,1.2901785714285714,2.8839285714285716,1.4955357142857142,1.7053571428571428,1.3214285714285714,75
1043315.3214285715,2005.799107142857,43.392857142857146,2.0535714285714284,1.2901785714285714,2.8839285714285716,1.4955357142857142,1.7053571428571428,1.3214285714285714,123
1043315.3214285715,2005.799107142857,43.392857142857146,2.0535714285714284,1.2901785714285714,2.8839285714285716,1.4955357142857142,1.7053571428571428,1.3214285714285714,145
1043315.3214285715,2005.799107142857,43.392857142857146,2.0535714285714284,1.2901785714285714,2.8839285714285716,1.4955357142857142,1.7053571428571428,1.3214285714285714,121
1043315.3214285715,2005.799107142857,43.392857142857146,2.0535714285714284,1.2901785714285714,2.8839285714285716,1.4955357142857142,1.7053571428571428,1.3214285714285714,129
1043315.3214285715,2005.799107142857,43.392857142857146,2.0535714285714284,1.2901785714285714,2.8839285714285716,1.4955357142857142,1.7053571428571428,1.3214285714285714,102
1043315.3214285715,2005.799107142857,43.392857142857146,2.0535714285714284,1.2901785714285714,2.8839285714285716,1.4955357142857142,1.7053571428571428,1.3214285714285714,161
1043315.3214285715,2005.799107142857,43.392857142857146,2.0535714285714284,1.2901785714285714,2.8839285714285716,1.4955357142857142,1.7053571428571428,1.3214285714285714,92
1043315.3214285715,2005.799107142857,43.392857142857146,2.0535714285714284,1.2901785714285714,2.8839285714285716,1.4955357142857142,1.7053571428571428,1.3214285714285714,44
1043315.3214285715,2005.799107142857,43.392857142857146,2.0535714285714284,1.2901785714285714,2.8839285714285716,1.4955357142857142,1.7053571428571428,1.3214285714285714,148
1043315.3214285715,2005.799107142857,43.392857142857146,2.0535714285714284,1.2901785714285714,2.8839285714285716,1.4955357142857142,1.7053571428571428,1.3214285714285714,60
1043315.3214285715,2005.799107142857,43.392857142857146,2.0535714285714284,1.2901785714285714,2.8839285714285716,1.4955357142857142,1.7053571428571428,1.3214285714285714,72
1043315.3214285715,2005.799107142857,43.392857142857146,2.0535714285714284,1.2901785714285714,2.8839285714285716,1.4955357142857142,1.7053571428571428,1.3214285714285714,118
1043315.3214285715,2005.799107142857,43.392857142857146,2.0535714285714284,1.2901785714285714,2.8839285714285716,1.4955357142857142,1.7053571428571428,1.3214285714285714,84
1043315.3214285715,2005.799107142857,43.392857142857146,2.0535714285714284,1.2901785714285714,2.8839285714285716,1.4955357142857142,1.7053571428571428,1.3214285714285714,182
1043315.3214285715,2005.799107142857,43.392857142857146,2.0535714285714284,1.2901785714285714,2.8839285714285716,1.4955357142857142,1.7053571428571428,1.3214285714285714,69
1043315.3214285715,2005.799107142857,43.392857142857146,2.0535714285714284,1.2901785714285714,2.8839285714285716,1.4955357142857142,1.7053571428571428,1.3214285714285714,76
1043315.3214285715,2005.799107142857,43.392857142857146,2.0535714285714284,1.2901785714285714,2.8839285714285716,1.4955357142857142,1.7053571428571428,1.3214285714285714,83
1043315.3214285715,2005.799107142857,43.392857142857146,2.0535714285714284,1.2901785714285714,2.8839285714285716,1.4955357142857142,1.7053571428571428,1.3214285714285714,105
1043315.3214285715,2005.799107142857,43.392857142857146,2.0535714285714284,1.2901785714285714,2.8839285714285716,1.4955357142857142,1.7053571428571428,1.3214285714285714,177
1043315.3214285715,2005.799107142857,43.392857142857146,2.0535714285714284,1.2901785714285714,2.8839285714285716,1.4955357142857142,1.7053571428571428,1.3214285714285714,77
1043315.3214285715,2005.799107142857,43.392857142857146,2.0535714285714284,1.2901785714285714,2.8839285714285716,1.4955357142857142,1.7053571428571428,1.3214285714285714,68
1043315.3214285715,2005.799107142857,43.392857142857146,2.0535714285714284,1.2901785714285714,2.8839285714285716,1.4955357142857142,1.7053571428571428,1.3214285714285714,119
1043315.3214285715,2005.799107142857,43.392857142857146,2.0535714285714284,1.2901785714285714,2.8839285714285716,1.4955357142857142,1.7053571428571428,1.3214285714285714,124
1043315.3214285715,2005.799107142857,43.392857142857146,2.0535714285714284,1.2901785714285714,2.8839285714285716,1.4955357142857142,1.7053571428571428,1.3214285714285714,94
1043315.3214285715,2005.799107142857,43.392857142857146,2.0535714285714284,1.2901785714285714,2.8839285714285716,1.4955357142857142,1.7053571428571428,1.3214285714285714,40
1043315.3214285715,2005.799107142857,43.392857142857146,2.0535714285714284,1.2901785714285714,2.8839285714285716,1.4955357142857142,1.7053571428571428,1.3214285714285714,131
1043315.3214285715,2005.799107142857,43.392857142857146,2.0535714285714284,1.2901785714285714,2.8839285714285716,1.4955357142857142,1.7053571428571428,1.3214285714285714,65
1043315.3214285715,2005.799107142857,43.392857142857146,2.0535714285714284,1.2901785714285714,2.8839285714285716,1.4955357142857142,1.7053571428571428,1.3214285714285714,88
1043315.3214285715,2005.799107142857,43.392857142857146,2.0535714285714284,1.2901785714285714,2.8839285714285716,1.4955357142857142,1.7053571428571428,1.3214285714285714,100
1043315.3214285715,2005.799107142857,43.392857142857146,2.0535714285714284,1.2901785714285714,2.8839285714285716,1.4955357142857142,1.7053571428571428,1.3214285714285714,81
1043315.3214285715,2005.799107142857,43.392857142857146,2.0535714285714284,1.2901785714285714,2.8839285714285716,1.4955357142857142,1.7053571428571428,1.3214285714285714,189
1043315.3214285715,2005.799107142857,43.392857142857146,2.0535714285714284,1.2901785714285714,2.8839285714285716,1.4955357142857142,1.7053571428571428,1.3214285714285714,277
1043315.3214285715,2005.799107142857,43.392857142857146,2.0535714285714284,1.2901785714285714,2.8839285714285716,1.4955357142857142,1.7053571428571428,1.3214285714285714,110
1043315.3214285715,2005.799107142857,43.392857142857146,2.0535714285714284,1.2901785714285714,2.8839285714285716,1.4955357142857142,1.7053571428571428,1.3214285714285714,64
1043315.3214285715,2005.799107142857,43.392857142857146,2.0535714285714284,1.2901785714285714,2.8839285714285716,1.4955357142857142,1.7053571428571428,1.3214285714285714,83
1043315.3214285715,2005.799107142857,43.392857142857146,2.0535714285714284,1.2901785714285714,2.8839285714285716,1.4955357142857142,1.7053571428571428,1.3214285714285714,73
1043315.3214285715,2005.799107142857,43.392857142857146,2.0535714285714284,1.2901785714285714,2.8839285714285716,1.4955357142857142,1.7053571428571428,1.3214285714285714,61
1043315.3214285715,2005.799107142857,43.392857142857146,2.0535714285714284,1.2901785714285714,2.8839285714285716,1.4955357142857142,1.7053571428571428,1.3214285714285714,27
1043315.3214285715,2005.799107142857,43.392857142857146,2.0535714285714284,1.2901785714285714,2.8839285714285716,1.4955357142857142,1.7053571428571428,1.3214285714285714,140
1043315.3214285715,2005.799107142857,43.392857142857146,2.0535714285714284,1.2901785714285714,2.8839285714285716,1.4955357142857142,1.7053571428571428,1.3214285714285714,81
1043315.3214285715,2005.799107142857,43.392857142857146,2.0535714285714284,1.2901785714285714,2.8839285714285716,1.4955357142857142,1.7053571428571428,1.3214285714285714,65
1043315.3214285715,2005.799107142857,43.392857142857146,2.0535714285714284,1.2901785714285714,2.8839285714285716,1.4955357142857142,1.7053571428571428,1.3214285714285714,110
1043315.3214285715,2005.799107142857,43.392857142857146,2.0535714285714284,1.2901785714285714,2.8839285714285716,1.4955357142857142,1.7053571428571428,1.3214285714285714,94
1043315.3214285715,2005.799107142857,43.392857142857146,2.0535714285714284,1.2901785714285714,2.8839285714285716,1.4955357142857142,1.7053571428571428,1.3214285714285714,102
1043315.3214285715,2005.799107142857,43.392857142857146,2.0535714285714284,1.2901785714285714,2.8839285714285716,1.4955357142857142,1.7053571428571428,1.3214285714285714,114
1043315.3214285715,2005.799107142857,43.392857142857146,2.0535714285714284,1.2901785714285714,2.8839285714285716,1.4955357142857142,1.7053571428571428,1.3214285714285714,97
1043315.3214285715,2005.799107142857,43.392857142857146,2.0535714285714284,1.2901785714285714,2.8839285714285716,1.4955357142857142,1.7053571428571428,1.3214285714285714,85
1043315.3214285715,2005.799107142857,43.392857142857146,2.0535714285714284,1.2901785714285714,2.8839285714285716,1.4955357142857142,1.7053571428571428,1.3214285714285714,134
1043315.3214285715,2005.799107142857,43.392857142857146,2.0535714285714284,1.2901785714285714,2.8839285714285716,1.4955357142857142,1.7053571428571428,1.3214285714285714,119
1043315.3214285715,2005.799107142857,43.392857142857146,2.0535714285714284,1.2901785714285714,2.8839285714285716,1.4955357142857142,1.7053571428571428,1.3214285714285714,119
1043315.3214285715,2005.799107142857,43.392857142857146,2.0535714285714284,1.2901785714285714,2.8839285714285716,1.4955357142857142,1.7053571428571428,1.3214285714285714,268
1043315.3214285715,2005.799107142857,43.392857142857146,2.0535714285714284,1.2901785714285714,2.8839285714285716,1.4955357142857142,1.7053571428571428,1.3214285714285714,80
1043315.3214285715,2005.799107142857,43.392857142857146,2.0535714285714284,1.2901785714285714,2.8839285714285716,1.4955357142857142,1.7053571428571428,1.3214285714285714,72
1043315.3214285715,2005.799107142857,43.392857142857146,2.0535714285714284,1.2901785714285714,2.8839285714285716,1.4955357142857142,1.7053571428571428,1.3214285714285714,89
1043315.3214285715,2005.799107142857,43.392857142857146,2.0535714285714284,1.2901785714285714,2.8839285714285716,1.4955357142857142,1.7053571428571428,1.3214285714285714,105
1043315.3214285715,2005.799107142857,43.392857142857146,2.0535714285714284,1.2901785714285714,2.8839285714285716,1.4955357142857142,1.7053571428571428,1.3214285714285714,100
1043315.3214285715,2005.799107142857,43.392857142857146,2.0535714285714284,1.2901785714285714,2.8839285714285716,1.4955357142857142,1.7053571428571428,1.3214285714285714,75
1043315.3214285715,2005.799107142857,43.392857142857146,2.0535714285714284,1.2901785714285714,2.8839285714285716,1.4955357142857142,1.7053571428571428,1.3214285714285714,150
1043315.3214285715,2005.799107142857,43.392857142857146,2.0535714285714284,1.2901785714285714,2.8839285714285716,1.4955357142857142,1.7053571428571428,1.3214285714285714,99
1043315.3214285715,2005.799107142857,43.392857142857146,2.0535714285714284,1.2901785714285714,2.8839285714285716,1.4955357142857142,1.7053571428571428,1.3214285714285714,148
1043315.3214285715,2005.799107142857,43.392857142857146,2.0535714285714284,1.2901785714285714,2.8839285714285716,1.4955357142857142,1.7053571428571428,1.3214285714285714,67
1043315.3214285715,2005.799107142857,43.392857142857146,2.0535714285714284,1.2901785714285714,2.8839285714285716,1.4955357142857142,1.7053571428571428,1.3214285714285714,139
1043315.3214285715,2005.799107142857,43.392857142857146,2.0535714285714284,1.2901785714285714,2.8839285714285716,1.4955357142857142,1.7053571428571428,1.3214285714285714,90
1043315.3214285715,2005.799107142857,43.392857142857146,2.0535714285714284,1.2901785714285714,2.8839285714285716,1.4955357142857142,1.7053571428571428,1.3214285714285714,158
1043315.3214285715,2005.799107142857,43.392857142857146,2.0535714285714284,1.2901785714285714,2.8839285714285716,1.4955357142857142,1.7053571428571428,1.3214285714285714,56
1043315.3214285715,2005.799107142857,43.392857142857146,2.0535714285714284,1.2901785714285714,2.8839285714285716,1.4955357142857142,1.7053571428571428,1.3214285714285714,131
1043315.3214285715,2005.799107142857,43.392857142857146,2.0535714285714284,1.2901785714285714,2.8839285714285716,1.4955357142857142,1.7053571428571428,1.3214285714285714,88
1043315.3214285715,2005.799107142857,43.392857142857146,2.0535714285714284,1.2901785714285714,2.8839285714285716,1.4955357142857142,1.7053571428571428,1.3214285714285714,74
1043315.3214285715,2005.799107142857,43.392857142857146,2.0535714285714284,1.2901785714285714,2.8839285714285716,1.4955357142857142,1.7053571428571428,1.3214285714285714,88
1043315.3214285715,2005.799107142857,43.392857142857146,2.0535714285714284,1.2901785714285714,2.8839285714285716,1.4955357142857142,1.7053571428571428,1.3214285714285714,126
1043315.3214285715,2005.799107142857,43.392857142857146,2.0535714285714284,1.2901785714285714,2.8839285714285716,1.4955357142857142,1.7053571428571428,1.3214285714285714,110
1043315.3214285715,2005.799107142857,43.392857142857146,2.0535714285714284,1.2901785714285714,2.8839285714285716,1.4955357142857142,1.7053571428571428,1.3214285714285714,78
1043315.3214285715,2005.799107142857,43.392857142857146,2.0535714285714284,1.2901785714285714,2.8839285714285716,1.4955357142857142,1.7053571428571428,1.3214285714285714,48
1043315.3214285715,2005.799107142857,43.392857142857146,2.0535714285714284,1.2901785714285714,2.8839285714285716,1.4955357142857142,1.7053571428571428,1.3214285714285714,78
1043315.3214285715,2005.799107142857,43.392857142857146,2.0535714285714284,1.2901785714285714,2.8839285714285716,1.4955357142857142,1.7053571428571428,1.3214285714285714,100
1043315.3214285715,2005.799107142857,43.392857142857146,2.0535714285714284,1.2901785714285714,2.8839285714285716,1.4955357142857142,1.7053571428571428,1.3214285714285714,268
1043315.3214285715,2005.799107142857,43.392857142857146,2.0535714285714284,1.2901785714285714,2.8839285714285716,1.4955357142857142,1.7053571428571428,1.3214285714285714,278
1043315.3214285715,2005.799107142857,43.392857142857146,2.0535714285714284,1.2901785714285714,2.8839285714285716,1.4955357142857142,1.7053571428571428,1.3214285714285714,110
1043315.3214285715,2005.799107142857,43.392857142857146,2.0535714285714284,1.2901785714285714,2.8839285714285716,1.4955357142857142,1.7053571428571428,1.3214285714285714,170
1043315.3214285715,2005.799107142857,43.392857142857146,2.0535714285714284,1.2901785714285714,2.8839285714285716,1.4955357142857142,1.7053571428571428,1.3214285714285714,83
1043315.3214285715,2005.799107142857,43.392857142857146,2.0535714285714284,1.2901785714285714,2.8839285714285716,1.4955357142857142,1.7053571428571428,1.3214285714285714,59
1043315.3214285715,2005.799107142857,43.392857142857146,2.0535714285714284,1.2901785714285714,2.8839285714285716,1.4955357142857142,1.7053571428571428,1.3214285714285714,114
1043315.3214285715,2005.799107142857,43.392857142857146,2.0535714285714284,1.2901785714285714,2.8839285714285716,1.4955357142857142,1.7053571428571428,1.3214285714285714,135
1043315.3214285715,2005.799107142857,43.392857142857146,2.0535714285714284,1.2901785714285714,2.8839285714285716,1.4955357142857142,1.7053571428571428,1.3214285714285714,106
1043315.3214285715,2005.799107142857,43.392857142857146,2.0535714285714284,1.2901785714285714,2.8839285714285716,1.4955357142857142,1.7053571428571428,1.3214285714285714,94
1043315.3214285715,2005.799107142857,43.392857142857146,2.0535714285714284,1.2901785714285714,2.8839285714285716,1.4955357142857142,1.7053571428571428,1.3214285714285714,63
1043315.3214285715,2005.799107142857,43.392857142857146,2.0535714285714284,1.2901785714285714,2.8839285714285716,1.4955357142857142,1.7053571428571428,1.3214285714285714,272
1043315.3214285715,2005.799107142857,43.392857142857146,2.0535714285714284,1.2901785714285714,2.8839285714285716,1.4955357142857142,1.7053571428571428,1.3214285714285714,66
1043315.3214285715,2005.799107142857,43.392857142857146,2.0535714285714284,1.2901785714285714,2.8839285714285716,1.4955357142857142,1.7053571428571428,1.3214285714285714,148
1043315.3214285715,2005.799107142857,43.392857142857146,2.0535714285714284,1.2901785714285714,2.8839285714285716,1.4955357142857142,1.7053571428571428,1.3214285714285714,90
1043315.3214285715,2005.799107142857,43.392857142857146,2.0535714285714284,1.2901785714285714,2.8839285714285716,1.4955357142857142,1.7053571428571428,1.3214285714285714,112
1043315.3214285715,2005.799107142857,43.392857142857146,2.0535714285714284,1.2901785714285714,2.8839285714285716,1.4955357142857142,1.7053571428571428,1.3214285714285714,105
1043315.3214285715,2005.799107142857,43.392857142857146,2.0535714285714284,1.2901785714285714,2.8839285714285716,1.4955357142857142,1.7053571428571428,1.3214285714285714,138
1043315.3214285715,2005.799107142857,43.392857142857146,2.0535714285714284,1.2901785714285714,2.8839285714285716,1.4955357142857142,1.7053571428571428,1.3214285714285714,95
1043315.3214285715,2005.799107142857,43.392857142857146,2.0535714285714284,1.2901785714285714,2.8839285714285716,1.4955357142857142,1.7053571428571428,1.3214285714285714,75
1043315.3214285715,2005.799107142857,43.392857142857146,2.0535714285714284,1.2901785714285714,2.8839285714285716,1.4955357142857142,1.7053571428571428,1.3214285714285714,85
1043315.3214285715,2005.799107142857,43.392857142857146,2.0535714285714284,1.2901785714285714,2.8839285714285716,1.4955357142857142,1.7053571428571428,1.3214285714285714,81
1043315.3214285715,2005.799107142857,43.392857142857146,2.0535714285714284,1.2901785714285714,2.8839285714285716,1.4955357142857142,1.7053571428571428,1.3214285714285714,62
1043315.3214285715,2005.799107142857,43.392857142857146,2.0535714285714284,1.2901785714285714,2.8839285714285716,1.4955357142857142,1.7053571428571428,1.3214285714285714,55
1043315.3214285715,2005.799107142857,43.392857142857146,2.0535714285714284,1.2901785714285714,2.8839285714285716,1.4955357142857142,1.7053571428571428,1.3214285714285714,80
1043315.3214285715,2005.799107142857,43.392857142857146,2.0535714285714284,1.2901785714285714,2.8839285714285716,1.4955357142857142,1.7053571428571428,1.3214285714285714,88
1043315.3214285715,2005.799107142857,43.392857142857146,2.0535714285714284,1.2901785714285714,2.8839285714285716,1.4955357142857142,1.7053571428571428,1.3214285714285714,74
1043315.3214285715,2005.799107142857,43.392857142857146,2.0535714285714284,1.2901785714285714,2.8839285714285716,1.4955357142857142,1.7053571428571428,1.3214285714285714,102
1043315.3214285715,2005.799107142857,43.392857142857146,2.0535714285714284,1.2901785714285714,2.8839285714285716,1.4955357142857142,1.7053571428571428,1.3214285714285714,79
1043315.3214285715,2005.799107142857,43.392857142857146,2.0535714285714284,1.2901785714285714,2.8839285714285716,1.4955357142857142,1.7053571428571428,1.3214285714285714,147
1043315.3214285715,2005.799107142857,43.392857142857146,2.0535714285714284,1.2901785714285714,2.8839285714285716,1.4955357142857142,1.7053571428571428,1.3214285714285714,119
1043315.3214285715,2005.799107142857,43.392857142857146,2.0535714285714284,1.2901785714285714,2.8839285714285716,1.4955357142857142,1.7053571428571428,1.3214285714285714,89
1043315.3214285715,2005.799107142857,43.392857142857146,2.0535714285714284,1.2901785714285714,2.8839285714285716,1.4955357142857142,1.7053571428571428,1.3214285714285714,127
1043315.3214285715,2005.799107142857,43.392857142857146,2.0535714285714284,1.2901785714285714,2.8839285714285716,1.4955357142857142,1.7053571428571428,1.3214285714285714,119
1043315.3214285715,2005.799107142857,43.392857142857146,2.0535714285714284,1.2901785714285714,2.8839285714285716,1.4955357142857142,1.7053571428571428,1.3214285714285714,125
1043315.3214285715,2005.799107142857,43.392857142857146,2.0535714285714284,1.2901785714285714,2.8839285714285716,1.4955357142857142,1.7053571428571428,1.3214285714285714,107
1043315.3214285715,2005.799107142857,43.392857142857146,2.0535714285714284,1.2901785714285714,2.8839285714285716,1.4955357142857142,1.7053571428571428,1.3214285714285714,97
1043315.3214285715,2005.799107142857,43.392857142857146,2.0535714285714284,1.2901785714285714,2.8839285714285716,1.4955357142857142,1.7053571428571428,1.3214285714285714,65
1043315.3214285715,2005.799107142857,43.392857142857146,2.0535714285714284,1.2901785714285714,2.8839285714285716,1.4955357142857142,1.7053571428571428,1.3214285714285714,122
1043315.3214285715,2005.799107142857,43.392857142857146,2.0535714285714284,1.2901785714285714,2.8839285714285716,1.4955357142857142,1.7053571428571428,1.3214285714285714,128
1043315.3214285715,2005.799107142857,43.392857142857146,2.0535714285714284,1.2901785714285714,2.8839285714285716,1.4955357142857142,1.7053571428571428,1.3214285714285714,107
1043315.3214285715,2005.799107142857,43.392857142857146,2.0535714285714284,1.2901785714285714,2.8839285714285716,1.4955357142857142,1.7053571428571428,1.3214285714285714,74
1043315.3214285715,2005.799107142857,43.392857142857146,2.0535714285714284,1.2901785714285714,2.8839285714285716,1.4955357142857142,1.7053571428571428,1.3214285714285714,100
1043315.3214285715,2005.799107142857,43.392857142857146,2.0535714285714284,1.2901785714285714,2.8839285714285716,1.4955357142857142,1.7053571428571428,1.3214285714285714,120
1043315.3214285715,2005.799107142857,43.392857142857146,2.0535714285714284,1.2901785714285714,2.8839285714285716,1.4955357142857142,1.7053571428571428,1.3214285714285714,97
1043315.3214285715,2005.799107142857,43.392857142857146,2.0535714285714284,1.2901785714285714,2.8839285714285716,1.4955357142857142,1.7053571428571428,1.3214285714285714,164
1043315.3214285715,2005.799107142857,43.392857142857146,2.0535714285714284,1.2901785714285714,2.8839285714285716,1.4955357142857142,1.7053571428571428,1.3214285714285714,108
1043315.3214285715,2005.799107142857,43.392857142857146,2.0535714285714284,1.2901785714285714,2.8839285714285716,1.4955357142857142,1.7053571428571428,1.3214285714285714,110
1043315.3214285715,2005.799107142857,43.392857142857146,2.0535714285714284,1.2901785714285714,2.8839285714285716,1.4955357142857142,1.7053571428571428,1.3214285714285714,85
1043315.3214285715,2005.799107142857,43.392857142857146,2.0535714285714284,1.2901785714285714,2.8839285714285716,1.4955357142857142,1.7053571428571428,1.3214285714285714,201
1043315.3214285715,2005.799107142857,43.392857142857146,2.0535714285714284,1.2901785714285714,2.8839285714285716,1.4955357142857142,1.7053571428571428,1.3214285714285714,55
1043315.3214285715,2005.799107142857,43.392857142857146,2.0535714285714284,1.2901785714285714,2.8839285714285716,1.4955357142857142,1.7053571428571428,1.3214285714285714,111
1043315.3214285715,2005.799107142857,43.392857142857146,2.0535714285714284,1.2901785714285714,2.8839285714285716,1.4955357142857142,1.7053571428571428,1.3214285714285714,148
1043315.3214285715,2005.799107142857,43.392857142857146,2.0535714285714284,1.2901785714285714,2.8839285714285716,1.4955357142857142,1.7053571428571428,1.3214285714285714,142
1043315.3214285715,2005.799107142857,43.392857142857146,2.0535714285714284,1.2901785714285714,2.8839285714285716,1.4955357142857142,1.7053571428571428,1.3214285714285714,106
1043315.3214285715,2005.799107142857,43.392857142857146,2.0535714285714284,1.2901785714285714,2.8839285714285716,1.4955357142857142,1.7053571428571428,1.3214285714285714,112
1043315.3214285715,2005.799107142857,43.392857142857146,2.0535714285714284,1.2901785714285714,2.8839285714285716,1.4955357142857142,1.7053571428571428,1.3214285714285714,32
1043315.3214285715,2005.799107142857,43.392857142857146,2.0535714285714284,1.2901785714285714,2.8839285714285716,1.4955357142857142,1.7053571428571428,1.3214285714285714,172
1043315.3214285715,2005.799107142857,43.392857142857146,2.0535714285714284,1.2901785714285714,2.8839285714285716,1.4955357142857142,1.7053571428571428,1.3214285714285714,137
1043315.3214285715,2005.799107142857,43.392857142857146,2.0535714285714284,1.2901785714285714,2.8839285714285716,1.4955357142857142,1.7053571428571428,1.3214285714285714,113
1043315.3214285715,2005.799107142857,43.392857142857146,2.0535714285714284,1.2901785714285714,2.8839285714285716,1.4955357142857142,1.7053571428571428,1.3214285714285714,138
1043315.3214285715,2005.799107142857,43.392857142857146,2.0535714285714284,1.2901785714285714,2.8839285714285716,1.4955357142857142,1.7053571428571428,1.3214285714285714,127
1043315.3214285715,2005.799107142857,43.392857142857146,2.0535714285714284,1.2901785714285714,2.8839285714285716,1.4955357142857142,1.7053571428571428,1.3214285714285714,100
1043315.3214285715,2005.799107142857,43.392857142857146,2.0535714285714284,1.2901785714285714,2.8839285714285716,1.4955357142857142,1.7053571428571428,1.3214285714285714,88
1043315.3214285715,2005.799107142857,43.392857142857146,2.0535714285714284,1.2901785714285714,2.8839285714285716,1.4955357142857142,1.7053571428571428,1.3214285714285714,95
1043315.3214285715,2005.799107142857,43.392857142857146,2.0535714285714284,1.2901785714285714,2.8839285714285716,1.4955357142857142,1.7053571428571428,1.3214285714285714,146
1043315.3214285715,2005.799107142857,43.392857142857146,2.0535714285714284,1.2901785714285714,2.8839285714285716,1.4955357142857142,1.7053571428571428,1.3214285714285714,119
1043315.3214285715,2005.799107142857,43.392857142857146,2.0535714285714284,1.2901785714285714,2.8839285714285716,1.4955357142857142,1.7053571428571428,1.3214285714285714,136
1043315.3214285715,2005.799107142857,43.392857142857146,2.0535714285714284,1.2901785714285714,2.8839285714285716,1.4955357142857142,1.7053571428571428,1.3214285714285714,117
1043315.3214285715,2005.799107142857,43.392857142857146,2.0535714285714284,1.2901785714285714,2.8839285714285716,1.4955357142857142,1.7053571428571428,1.3214285714285714,105
1043315.3214285715,2005.799107142857,43.392857142857146,2.0535714285714284,1.2901785714285714,2.8839285714285716,1.4955357142857142,1.7053571428571428,1.3214285714285714,94
1043315.3214285715,2005.799107142857,43.392857142857146,2.0535714285714284,1.2901785714285714,2.8839285714285716,1.4955357142857142,1.7053571428571428,1.3214285714285714,81
1043315.3214285715,2005.799107142857,43.392857142857146,2.0535714285714284,1.2901785714285714,2.8839285714285716,1.4955357142857142,1.7053571428571428,1.3214285714285714,115
1043315.3214285715,2005.799107142857,43.392857142857146,2.0535714285714284,1.2901785714285714,2.8839285714285716,1.4955357142857142,1.7053571428571428,1.3214285714285714,114
1043315.3214285715,2005.799107142857,43.392857142857146,2.0535714285714284,1.2901785714285714,2.8839285714285716,1.4955357142857142,1.7053571428571428,1.3214285714285714,116
1043315.3214285715,2005.799107142857,43.392857142857146,2.0535714285714284,1.2901785714285714,2.8839285714285716,1.4955357142857142,1.7053571428571428,1.3214285714285714,135
1043315.3214285715,2005.799107142857,43.392857142857146,2.0535714285714284,1.2901785714285714,2.8839285714285716,1.4955357142857142,1.7053571428571428,1.3214285714285714,132
1043315.3214285715,2005.799107142857,43.392857142857146,2.0535714285714284,1.2901785714285714,2.8839285714285716,1.4955357142857142,1.7053571428571428,1.3214285714285714,100
1043315.3214285715,2005.799107142857,43.392857142857146,2.0535714285714284,1.2901785714285714,2.8839285714285716,1.4955357142857142,1.7053571428571428,1.3214285714285714,142
1043315.3214285715,2005.799107142857,43.392857142857146,2.0535714285714284,1.2901785714285714,2.8839285714285716,1.4955357142857142,1.7053571428571428,1.3214285714285714,47
1043315.3214285715,2005.799107142857,43.392857142857146,2.0535714285714284,1.2901785714285714,2.8839285714285716,1.4955357142857142,1.7053571428571428,1.3214285714285714,88
1043315.3214285715,2005.799107142857,43.392857142857146,2.0535714285714284,1.2901785714285714,2.8839285714285716,1.4955357142857142,1.7053571428571428,1.3214285714285714,93
1043315.3214285715,2005.799107142857,43.392857142857146,2.0535714285714284,1.2901785714285714,2.8839285714285716,1.4955357142857142,1.7053571428571428,1.3214285714285714,87
1043315.3214285715,2005.799107142857,43.392857142857146,2.0535714285714284,1.2901785714285714,2.8839285714285716,1.4955357142857142,1.7053571428571428,1.3214285714285714,74
1043315.3214285715,2005.799107142857,43.392857142857146,2.0535714285714284,1.2901785714285714,2.8839285714285716,1.4955357142857142,1.7053571428571428,1.3214285714285714,100
1043315.3214285715,2005.799107142857,43.392857142857146,2.0535714285714284,1.2901785714285714,2.8839285714285716,1.4955357142857142,1.7053571428571428,1.3214285714285714,104
1043315.3214285715,2005.799107142857,43.392857142857146,2.0535714285714284,1.2901785714285714,2.8839285714285716,1.4955357142857142,1.7053571428571428,1.3214285714285714,108
1043315.3214285715,2005.799107142857,43.392857142857146,2.0535714285714284,1.2901785714285714,2.8839285714285716,1.4955357142857142,1.7053571428571428,1.3214285714285714,35
1043315.3214285715,2005.799107142857,43.392857142857146,2.0535714285714284,1.2901785714285714,2.8839285714285716,1.4955357142857142,1.7053571428571428,1.3214285714285714,123
1043315.3214285715,2005.799107142857,43.392857142857146,2.0535714285714284,1.2901785714285714,2.8839285714285716,1.4955357142857142,1.7053571428571428,1.3214285714285714,129
1043315.3214285715,2005.799107142857,43.392857142857146,2.0535714285714284,1.2901785714285714,2.8839285714285716,1.4955357142857142,1.7053571428571428,1.3214285714285714,155
1043315.3214285715,2005.799107142857,43.392857142857146,2.0535714285714284,1.2901785714285714,2.8839285714285716,1.4955357142857142,1.7053571428571428,1.3214285714285714,94
1043315.3214285715,2005.799107142857,43.392857142857146,2.0535714285714284,1.2901785714285714,2.8839285714285716,1.4955357142857142,1.7053571428571428,1.3214285714285714,70
1043315.3214285715,2005.799107142857,43.392857142857146,2.0535714285714284,1.2901785714285714,2.8839285714285716,1.4955357142857142,1.7053571428571428,1.3214285714285714,115
1043315.3214285715,2005.799107142857,43.392857142857146,2.0535714285714284,1.2901785714285714,2.8839285714285716,1.4955357142857142,1.7053571428571428,1.3214285714285714,177
1043315.3214285715,2005.799107142857,43.392857142857146,2.0535714285714284,1.2901785714285714,2.8839285714285716,1.4955357142857142,1.7053571428571428,1.3214285714285714,161
1043315.3214285715,2005.799107142857,43.392857142857146,2.0535714285714284,1.2901785714285714,2.8839285714285716,1.4955357142857142,1.7053571428571428,1.3214285714285714,110
1043315.3214285715,2005.799107142857,43.392857142857146,2.0535714285714284,1.2901785714285714,2.8839285714285716,1.4955357142857142,1.7053571428571428,1.3214285714285714,117
1043315.3214285715,2005.799107142857,43.392857142857146,2.0535714285714284,1.2901785714285714,2.8839285714285716,1.4955357142857142,1.7053571428571428,1.3214285714285714,103
1043315.3214285715,2005.799107142857,43.392857142857146,2.0535714285714284,1.2901785714285714,2.8839285714285716,1.4955357142857142,1.7053571428571428,1.3214285714285714,96
1043315.3214285715,2005.799107142857,43.392857142857146,2.0535714285714284,1.2901785714285714,2.8839285714285716,1.4955357142857142,1.7053571428571428,1.3214285714285714,114
1043315.3214285715,2005.799107142857,43.392857142857146,2.0535714285714284,1.2901785714285714,2.8839285714285716,1.4955357142857142,1.7053571428571428,1.3214285714285714,50
1043315.3214285715,2005.799107142857,43.392857142857146,2.0535714285714284,1.2901785714285714,2.8839285714285716,1.4955357142857142,1.7053571428571428,1.3214285714285714,81
1043315.3214285715,2005.799107142857,43.392857142857146,2.0535714285714284,1.2901785714285714,2.8839285714285716,1.4955357142857142,1.7053571428571428,1.3214285714285714,127
1043315.3214285715,2005.799107142857,43.392857142857146,2.0535714285714284,1.2901785714285714,2.8839285714285716,1.4955357142857142,1.7053571428571428,1.3214285714285714,119
1043315.3214285715,2005.799107142857,43.392857142857146,2.0535714285714284,1.2901785714285714,2.8839285714285716,1.4955357142857142,1.7053571428571428,1.3214285714285714,135
1043315.3214285715,2005.799107142857,43.392857142857146,2.0535714285714284,1.2901785714285714,2.8839285714285716,1.4955357142857142,1.7053571428571428,1.3214285714285714,196
1043315.3214285715,2005.799107142857,43.392857142857146,2.0535714285714284,1.2901785714285714,2.8839285714285716,1.4955357142857142,1.7053571428571428,1.3214285714285714,71
1043315.3214285715,2005.799107142857,43.392857142857146,2.0535714285714284,1.2901785714285714,2.8839285714285716,1.4955357142857142,1.7053571428571428,1.3214285714285714,129
1043315.3214285715,2005.799107142857,43.392857142857146,2.0535714285714284,1.2901785714285714,2.8839285714285716,1.4955357142857142,1.7053571428571428,1.3214285714285714,131
1043315.3214285715,2005.799107142857,43.392857142857146,2.0535714285714284,1.2901785714285714,2.8839285714285716,1.4955357142857142,1.7053571428571428,1.3214285714285714,110
1043315.3214285715,2005.799107142857,43.392857142857146,2.0535714285714284,1.2901785714285714,2.8839285714285716,1.4955357142857142,1.7053571428571428,1.3214285714285714,177
1043315.3214285715,2005.799107142857,43.392857142857146,2.0535714285714284,1.2901785714285714,2.8839285714285716,1.4955357142857142,1.7053571428571428,1.3214285714285714,152
1043315.3214285715,2005.799107142857,43.392857142857146,2.0535714285714284,1.2901785714285714,2.8839285714285716,1.4955357142857142,1.7053571428571428,1.3214285714285714,77
1043315.3214285715,2005.799107142857,43.392857142857146,2.0535714285714284,1.2901785714285714,2.8839285714285716,1.4955357142857142,1.7053571428571428,1.3214285714285714,282
1043315.3214285715,2005.799107142857,43.392857142857146,2.0535714285714284,1.2901785714285714,2.8839285714285716,1.4955357142857142,1.7053571428571428,1.3214285714285714,70
1043315.3214285715,2005.799107142857,43.392857142857146,2.0535714285714284,1.2901785714285714,2.8839285714285716,1.4955357142857142,1.7053571428571428,1.3214285714285714,52
1043315.3214285715,2005.799107142857,43.392857142857146,2.0535714285714284,1.2901785714285714,2.8839285714285716,1.4955357142857142,1.7053571428571428,1.3214285714285714,114
1043315.3214285715,2005.799107142857,43.392857142857146,2.0535714285714284,1.2901785714285714,2.8839285714285716,1.4955357142857142,1.7053571428571428,1.3214285714285714,93
1043315.3214285715,2005.799107142857,43.392857142857146,2.0535714285714284,1.2901785714285714,2.8839285714285716,1.4955357142857142,1.7053571428571428,1.3214285714285714,142
1043315.3214285715,2005.799107142857,43.392857142857146,2.0535714285714284,1.2901785714285714,2.8839285714285716,1.4955357142857142,1.7053571428571428,1.3214285714285714,105
1043315.3214285715,2005.799107142857,43.392857142857146,2.0535714285714284,1.2901785714285714,2.8839285714285716,1.4955357142857142,1.7053571428571428,1.3214285714285714,57
1043315.3214285715,2005.799107142857,43.392857142857146,2.0535714285714284,1.2901785714285714,2.8839285714285716,1.4955357142857142,1.7053571428571428,1.3214285714285714,121
1043315.3214285715,2005.799107142857,43.392857142857146,2.0535714285714284,1.2901785714285714,2.8839285714285716,1.4955357142857142,1.7053571428571428,1.3214285714285714,153
1043315.3214285715,2005.799107142857,43.392857142857146,2.0535714285714284,1.2901785714285714,2.8839285714285716,1.4955357142857142,1.7053571428571428,1.3214285714285714,145
1043315.3214285715,2005.799107142857,43.392857142857146,2.0535714285714284,1.2901785714285714,2.8839285714285716,1.4955357142857142,1.7053571428571428,1.3214285714285714,119
1043315.3214285715,2005.799107142857,43.392857142857146,2.0535714285714284,1.2901785714285714,2.8839285714285716,1.4955357142857142,1.7053571428571428,1.3214285714285714,127
1043315.3214285715,2005.799107142857,43.392857142857146,2.0535714285714284,1.2901785714285714,2.8839285714285716,1.4955357142857142,1.7053571428571428,1.3214285714285714,84
1043315.3214285715,2005.799107142857,43.392857142857146,2.0535714285714284,1.2901785714285714,2.8839285714285716,1.4955357142857142,1.7053571428571428,1.3214285714285714,100
1043315.3214285715,2005.799107142857,43.392857142857146,2.0535714285714284,1.2901785714285714,2.8839285714285716,1.4955357142857142,1.7053571428571428,1.3214285714285714,81
1043315.3214285715,2005.799107142857,43.392857142857146,2.0535714285714284,1.2901785714285714,2.8839285714285716,1.4955357142857142,1.7053571428571428,1.3214285714285714,94
1043315.3214285715,2005.799107142857,43.392857142857146,2.0535714285714284,1.2901785714285714,2.8839285714285716,1.4955357142857142,1.7053571428571428,1.3214285714285714,88
1043315.3214285715,2005.799107142857,43.392857142857146,2.0535714285714284,1.2901785714285714,2.8839285714285716,1.4955357142857142,1.7053571428571428,1.3214285714285714,123
1043315.3214285715,2005.799107142857,43.392857142857146,2.0535714285714284,1.2901785714285714,2.8839285714285716,1.4955357142857142,1.7053571428571428,1.3214285714285714,103
1043315.3214285715,2005.799107142857,43.392857142857146,2.0535714285714284,1.2901785714285714,2.8839285714285716,1.4955357142857142,1.7053571428571428,1.3214285714285714,155
1043315.3214285715,2005.799107142857,43.392857142857146,2.0535714285714284,1.2901785714285714,2.8839285714285716,1.4955357142857142,1.7053571428571428,1.3214285714285714,187
1043315.3214285715,2005.799107142857,43.392857142857146,2.0535714285714284,1.2901785714285714,2.8839285714285716,1.4955357142857142,1.7053571428571428,1.3214285714285714,92
1043315.3214285715,2005.799107142857,43.392857142857146,2.0535714285714284,1.2901785714285714,2.8839285714285716,1.4955357142857142,1.7053571428571428,1.3214285714285714,101
1043315.3214285715,2005.799107142857,43.392857142857146,2.0535714285714284,1.2901785714285714,2.8839285714285716,1.4955357142857142,1.7053571428571428,1.3214285714285714,109
1043315.3214285715,2005.799107142857,43.392857142857146,2.0535714285714284,1.2901785714285714,2.8839285714285716,1.4955357142857142,1.7053571428571428,1.3214285714285714,82
1043315.3214285715,2005.799107142857,43.392857142857146,2.0535714285714284,1.2901785714285714,2.8839285714285716,1.4955357142857142,1.7053571428571428,1.3214285714285714,161
1043315.3214285715,2005.799107142857,43.392857142857146,2.0535714285714284,1.2901785714285714,2.8839285714285716,1.4955357142857142,1.7053571428571428,1.3214285714285714,144
1043315.3214285715,2005.799107142857,43.392857142857146,2.0535714285714284,1.2901785714285714,2.8839285714285716,1.4955357142857142,1.7053571428571428,1.3214285714285714,192
1043315.3214285715,2005.799107142857,43.392857142857146,2.0535714285714284,1.2901785714285714,2.8839285714285716,1.4955357142857142,1.7053571428571428,1.3214285714285714,166
1043315.3214285715,2005.799107142857,43.392857142857146,2.0535714285714284,1.2901785714285714,2.8839285714285716,1.4955357142857142,1.7053571428571428,1.3214285714285714,133
1043315.3214285715,2005.799107142857,43.392857142857146,2.0535714285714284,1.2901785714285714,2.8839285714285716,1.4955357142857142,1.7053571428571428,1.3214285714285714,143
1043315.3214285715,2005.799107142857,43.392857142857146,2.0535714285714284,1.2901785714285714,2.8839285714285716,1.4955357142857142,1.7053571428571428,1.3214285714285714,74
1043315.3214285715,2005.799107142857,43.392857142857146,2.0535714285714284,1.2901785714285714,2.8839285714285716,1.4955357142857142,1.7053571428571428,1.3214285714285714,148
