1131506.2692307692,2005.6634615384614,41.99038461538461,2.0384615384615383,1.2307692307692308,3.0,1.4038461538461537,1.7403846153846154,1.2884615384615385,81
1131506.2692307692,2005.6634615384614,41.99038461538461,2.0384615384615383,1.2307692307692308,3.0,1.4038461538461537,1.7403846153846154,1.2884615384615385,69
1131506.2692307692,2005.6634615384614,41.99038461538461,2.0384615384615383,1.2307692307692308,3.0,1.4038461538461537,1.7403846153846154,1.2884615384615385,127
1131506.2692307692,2005.6634615384614,41.99038461538461,2.0384615384615383,1.2307692307692308,3.0,1.4038461538461537,1.7403846153846154,1.2884615384615385,88
1131506.2692307692,2005.6634615384614,41.99038461538461,2.0384615384615383,1.2307692307692308,3.0,1.4038461538461537,1.7403846153846154,1.2884615384615385,65
1131506.2692307692,2005.6634615384614,41.99038461538461,2.0384615384615383,1.2307692307692308,3.0,1.4038461538461537,1.7403846153846154,1.2884615384615385,137
1131506.2692307692,2005.6634615384614,41.99038461538461,2.0384615384615383,1.2307692307692308,3.0,1.4038461538461537,1.7403846153846154,1.2884615384615385,113
1131506.2692307692,2005.6634615384614,41.99038461538461,2.0384615384615383,1.2307692307692308,3.0,1.4038461538461537,1.7403846153846154,1.2884615384615385,121
1131506.2692307692,2005.6634615384614,41.99038461538461,2.0384615384615383,1.2307692307692308,3.0,1.4038461538461537,1.7403846153846154,1.2884615384615385,110
1131506.2692307692,2005.6634615384614,41.99038461538461,2.0384615384615383,1.2307692307692308,3.0,1.4038461538461537,1.7403846153846154,1.2884615384615385,66
1131506.2692307692,2005.6634615384614,41.99038461538461,2.0384615384615383,1.2307692307692308,3.0,1.4038461538461537,1.7403846153846154,1.2884615384615385,105
1131506.2692307692,2005.6634615384614,41.99038461538461,2.0384615384615383,1.2307692307692308,3.0,1.4038461538461537,1.7403846153846154,1.2884615384615385,84
1131506.2692307692,2005.6634615384614,41.99038461538461,2.0384615384615383,1.2307692307692308,3.0,1.4038461538461537,1.7403846153846154,1.2884615384615385,155
1131506.2692307692,2005.6634615384614,41.99038461538461,2.0384615384615383,1.2307692307692308,3.0,1.4038461538461537,1.7403846153846154,1.2884615384615385,110
1131506.2692307692,2005.6634615384614,41.99038461538461,2.0384615384615383,1.2307692307692308,3.0,1.4038461538461537,1.7403846153846154,1.2884615384615385,145
1131506.2692307692,2005.6634615384614,41.99038461538461,2.0384615384615383,1.2307692307692308,3.0,1.4038461538461537,1.7403846153846154,1.2884615384615385,129
1131506.2692307692,2005.6634615384614,41.99038461538461,2.0384615384615383,1.2307692307692308,3.0,1.4038461538461537,1.7403846153846154,1.2884615384615385,80
1131506.2692307692,2005.6634615384614,41.99038461538461,2.0384615384615383,1.2307692307692308,3.0,1.4038461538461537,1.7403846153846154,1.2884615384615385,117
1131506.2692307692,2005.6634615384614,41.99038461538461,2.0384615384615383,1.2307692307692308,3.0,1.4038461538461537,1.7403846153846154,1.2884615384615385,105
1131506.2692307692,2005.6634615384614,41.99038461538461,2.0384615384615383,1.2307692307692308,3.0,1.4038461538461537,1.7403846153846154,1.2884615384615385,90
1131506.2692307692,2005.6634615384614,41.99038461538461,2.0384615384615383,1.2307692307692308,3.0,1.4038461538461537,1.7403846153846154,1.2884615384615385,89
1131506.2692307692,2005.6634615384614,41.99038461538461,2.0384615384615383,1.2307692307692308,3.0,1.4038461538461537,1.7403846153846154,1.2884615384615385,94
1131506.2692307692,2005.6634615384614,41.99038461538461,2.0384615384615383,1.2307692307692308,3.0,1.4038461538461537,1.7403846153846154,1.2884615384615385,131
1131506.2692307692,2005.6634615384614,41.99038461538461,2.0384615384615383,1.2307692307692308,3.0,1.4038461538461537,1.7403846153846154,1.2884615384615385,72
1131506.2692307692,2005.6634615384614,41.99038461538461,2.0384615384615383,1.2307692307692308,3.0,1.4038461538461537,1.7403846153846154,1.2884615384615385,108
1131506.2692307692,2005.6634615384614,41.99038461538461,2.0384615384615383,1.2307692307692308,3.0,1.4038461538461537,1.7403846153846154,1.2884615384615385,111
1131506.2692307692,2005.6634615384614,41.99038461538461,2.0384615384615383,1.2307692307692308,3.0,1.4038461538461537,1.7403846153846154,1.2884615384615385,74
1131506.2692307692,2005.6634615384614,41.99038461538461,2.0384615384615383,1.2307692307692308,3.0,1.4038461538461537,1.7403846153846154,1.2884615384615385,116
1131506.2692307692,2005.6634615384614,41.99038461538461,2.0384615384615383,1.2307692307692308,3.0,1.4038461538461537,1.7403846153846154,1.2884615384615385,114
1131506.2692307692,2005.6634615384614,41.99038461538461,2.0384615384615383,1.2307692307692308,3.0,1.4038461538461537,1.7403846153846154,1.2884615384615385,164
1131506.2692307692,2005.6634615384614,41.99038461538461,2.0384615384615383,1.2307692307692308,3.0,1.4038461538461537,1.7403846153846154,1.2884615384615385,278
1131506.2692307692,2005.6634615384614,41.99038461538461,2.0384615384615383,1.2307692307692308,3.0,1.4038461538461537,1.7403846153846154,1.2884615384615385,177
1131506.2692307692,2005.6634615384614,41.99038461538461,2.0384615384615383,1.2307692307692308,3.0,1.4038461538461537,1.7403846153846154,1.2884615384615385,126
1131506.2692307692,2005.6634615384614,41.99038461538461,2.0384615384615383,1.2307692307692308,3.0,1.4038461538461537,1.7403846153846154,1.2884615384615385,81
1131506.2692307692,2005.6634615384614,41.99038461538461,2.0384615384615383,1.2307692307692308,3.0,1.4038461538461537,1.7403846153846154,1.2884615384615385,161
1131506.2692307692,2005.6634615384614,41.99038461538461,2.0384615384615383,1.2307692307692308,3.0,1.4038461538461537,1.7403846153846154,1.2884615384615385,100
1131506.2692307692,2005.6634615384614,41.99038461538461,2.0384615384615383,1.2307692307692308,3.0,1.4038461538461537,1.7403846153846154,1.2884615384615385,71
1131506.2692307692,2005.6634615384614,41.99038461538461,2.0384615384615383,1.2307692307692308,3.0,1.4038461538461537,1.7403846153846154,1.2884615384615385,81
1131506.2692307692,2005.6634615384614,41.99038461538461,2.0384615384615383,1.2307692307692308,3.0,1.4038461538461537,1.7403846153846154,1.2884615384615385,94
1131506.2692307692,2005.6634615384614,41.99038461538461,2.0384615384615383,1.2307692307692308,3.0,1.4038461538461537,1.7403846153846154,1.2884615384615385,85
1131506.2692307692,2005.6634615384614,41.99038461538461,2.0384615384615383,1.2307692307692308,3.0,1.4038461538461537,1.7403846153846154,1.2884615384615385,93
1131506.2692307692,2005.6634615384614,41.99038461538461,2.0384615384615383,1.2307692307692308,3.0,1.4038461538461537,1.7403846153846154,1.2884615384615385,114
1131506.2692307692,2005.6634615384614,41.99038461538461,2.0384615384615383,1.2307692307692308,3.0,1.4038461538461537,1.7403846153846154,1.2884615384615385,112
1131506.2692307692,2005.6634615384614,41.99038461538461,2.0384615384615383,1.2307692307692308,3.0,1.4038461538461537,1.7403846153846154,1.2884615384615385,95
1131506.2692307692,2005.6634615384614,41.99038461538461,2.0384615384615383,1.2307692307692308,3.0,1.4038461538461537,1.7403846153846154,1.2884615384615385,119
1131506.2692307692,2005.6634615384614,41.99038461538461,2.0384615384615383,1.2307692307692308,3.0,1.4038461538461537,1.7403846153846154,1.2884615384615385,110
1131506.2692307692,2005.6634615384614,41.99038461538461,2.0384615384615383,1.2307692307692308,3.0,1.4038461538461537,1.7403846153846154,1.2884615384615385,74
1131506.2692307692,2005.6634615384614,41.99038461538461,2.0384615384615383,1.2307692307692308,3.0,1.4038461538461537,1.7403846153846154,1.2884615384615385,131
1131506.2692307692,2005.6634615384614,41.99038461538461,2.0384615384615383,1.2307692307692308,3.0,1.4038461538461537,1.7403846153846154,1.2884615384615385,132
1131506.2692307692,2005.6634615384614,41.99038461538461,2.0384615384615383,1.2307692307692308,3.0,1.4038461538461537,1.7403846153846154,1.2884615384615385,50
1131506.2692307692,2005.6634615384614,41.99038461538461,2.0384615384615383,1.2307692307692308,3.0,1.4038461538461537,1.7403846153846154,1.2884615384615385,152
1131506.2692307692,2005.6634615384614,41.99038461538461,2.0384615384615383,1.2307692307692308,3.0,1.4038461538461537,1.7403846153846154,1.2884615384615385,59
1131506.2692307692,2005.6634615384614,41.99038461538461,2.0384615384615383,1.2307692307692308,3.0,1.4038461538461537,1.7403846153846154,1.2884615384615385,114
1131506.2692307692,2005.6634615384614,41.99038461538461,2.0384615384615383,1.2307692307692308,3.0,1.4038461538461537,1.7403846153846154,1.2884615384615385,55
1131506.2692307692,2005.6634615384614,41.99038461538461,2.0384615384615383,1.2307692307692308,3.0,1.4038461538461537,1.7403846153846154,1.2884615384615385,88
1131506.2692307692,2005.6634615384614,41.99038461538461,2.0384615384615383,1.2307692307692308,3.0,1.4038461538461537,1.7403846153846154,1.2884615384615385,94
1131506.2692307692,2005.6634615384614,41.99038461538461,2.0384615384615383,1.2307692307692308,3.0,1.4038461538461537,1.7403846153846154,1.2884615384615385,104
1131506.2692307692,2005.6634615384614,41.99038461538461,2.0384615384615383,1.2307692307692308,3.0,1.4038461538461537,1.7403846153846154,1.2884615384615385,119
1131506.2692307692,2005.6634615384614,41.99038461538461,2.0384615384615383,1.2307692307692308,3.0,1.4038461538461537,1.7403846153846154,1.2884615384615385,74
1131506.2692307692,2005.6634615384614,41.99038461538461,2.0384615384615383,1.2307692307692308,3.0,1.4038461538461537,1.7403846153846154,1.2884615384615385,148
1131506.2692307692,2005.6634615384614,41.99038461538461,2.0384615384615383,1.2307692307692308,3.0,1.4038461538461537,1.7403846153846154,1.2884615384615385,75
1131506.2692307692,2005.6634615384614,41.99038461538461,2.0384615384615383,1.2307692307692308,3.0,1.4038461538461537,1.7403846153846154,1.2884615384615385,100
1131506.2692307692,2005.6634615384614,41.99038461538461,2.0384615384615383,1.2307692307692308,3.0,1.4038461538461537,1.7403846153846154,1.2884615384615385,87
1131506.2692307692,2005.6634615384614,41.99038461538461,2.0384615384615383,1.2307692307692308,3.0,1.4038461538461537,1.7403846153846154,1.2884615384615385,102
1131506.2692307692,2005.6634615384614,41.99038461538461,2.0384615384615383,1.2307692307692308,3.0,1.4038461538461537,1.7403846153846154,1.2884615384615385,144
1131506.2692307692,2005.6634615384614,41.99038461538461,2.0384615384615383,1.2307692307692308,3.0,1.4038461538461537,1.7403846153846154,1.2884615384615385,83
1131506.2692307692,2005.6634615384614,41.99038461538461,2.0384615384615383,1.2307692307692308,3.0,1.4038461538461537,1.7403846153846154,1.2884615384615385,268
1131506.2692307692,2005.6634615384614,41.99038461538461,2.0384615384615383,1.2307692307692308,3.0,1.4038461538461537,1.7403846153846154,1.2884615384615385,106
1131506.2692307692,2005.6634615384614,41.99038461538461,2.0384615384615383,1.2307692307692308,3.0,1.4038461538461537,1.7403846153846154,1.2884615384615385,201
1131506.2692307692,2005.6634615384614,41.99038461538461,2.0384615384615383,1.2307692307692308,3.0,1.4038461538461537,1.7403846153846154,1.2884615384615385,70
1131506.2692307692,2005.6634615384614,41.99038461538461,2.0384615384615383,1.2307692307692308,3.0,1.4038461538461537,1.7403846153846154,1.2884615384615385,92
1131506.2692307692,2005.6634615384614,41.99038461538461,2.0384615384615383,1.2307692307692308,3.0,1.4038461538461537,1.7403846153846154,1.2884615384615385,78
1131506.2692307692,2005.6634615384614,41.99038461538461,2.0384615384615383,1.2307692307692308,3.0,1.4038461538461537,1.7403846153846154,1.2884615384615385,139
1131506.2692307692,2005.6634615384614,41.99038461538461,2.0384615384615383,1.2307692307692308,3.0,1.4038461538461537,1.7403846153846154,1.2884615384615385,97
1131506.2692307692,2005.6634615384614,41.99038461538461,2.0384615384615383,1.2307692307692308,3.0,1.4038461538461537,1.7403846153846154,1.2884615384615385,123
1131506.2692307692,2005.6634615384614,41.99038461538461,2.0384615384615383,1.2307692307692308,3.0,1.4038461538461537,1.7403846153846154,1.2884615384615385,61
1131506.2692307692,2005.6634615384614,41.99038461538461,2.0384615384615383,1.2307692307692308,3.0,1.4038461538461537,1.7403846153846154,1.2884615384615385,107
1131506.2692307692,2005.6634615384614,41.99038461538461,2.0384615384615383,1.2307692307692308,3.0,1.4038461538461537,1.7403846153846154,1.2884615384615385,142
1131506.2692307692,2005.6634615384614,41.99038461538461,2.0384615384615383,1.2307692307692308,3.0,1.4038461538461537,1.7403846153846154,1.2884615384615385,166
1131506.2692307692,2005.6634615384614,41.99038461538461,2.0384615384615383,1.2307692307692308,3.0,1.4038461538461537,1.7403846153846154,1.2884615384615385,135
1131506.2692307692,2005.6634615384614,41.99038461538461,2.0384615384615383,1.2307692307692308,3.0,1.4038461538461537,1.7403846153846154,1.2884615384615385,96
1131506.2692307692,2005.6634615384614,41.99038461538461,2.0384615384615383,1.2307692307692308,3.0,1.4038461538461537,1.7403846153846154,1.2884615384615385,88
1131506.2692307692,2005.6634615384614,41.99038461538461,2.0384615384615383,1.2307692307692308,3.0,1.4038461538461537,1.7403846153846154,1.2884615384615385,100
1131506.2692307692,2005.6634615384614,41.99038461538461,2.0384615384615383,1.2307692307692308,3.0,1.4038461538461537,1.7403846153846154,1.2884615384615385,119
1131506.2692307692,2005.6634615384614,41.99038461538461,2.0384615384615383,1.2307692307692308,3.0,1.4038461538461537,1.7403846153846154,1.2884615384615385,148
1131506.2692307692,2005.6634615384614,41.99038461538461,2.0384615384615383,1.2307692307692308,3.0,1.4038461538461537,1.7403846153846154,1.2884615384615385,100
1131506.2692307692,2005.6634615384614,41.99038461538461,2.0384615384615383,1.2307692307692308,3.0,1.4038461538461537,1.7403846153846154,1.2884615384615385,65
1131506.2692307692,2005.6634615384614,41.99038461538461,2.0384615384615383,1.2307692307692308,3.0,1.4038461538461537,1.7403846153846154,1.2884615384615385,109
1131506.2692307692,2005.6634615384614,41.99038461538461,2.0384615384615383,1.2307692307692308,3.0,1.4038461538461537,1.7403846153846154,1.2884615384615385,99
1131506.2692307692,2005.6634615384614,41.99038461538461,2.0384615384615383,1.2307692307692308,3.0,1.4038461538461537,1.7403846153846154,1.2884615384615385,127
1131506.2692307692,2005.6634615384614,41.99038461538461,2.0384615384615383,1.2307692307692308,3.0,1.4038461538461537,1.7403846153846154,1.2884615384615385,88
1131506.2692307692,2005.6634615384614,41.99038461538461,2.0384615384615383,1.2307692307692308,3.0,1.4038461538461537,1.7403846153846154,1.2884615384615385,115
1131506.2692307692,2005.6634615384614,41.99038461538461,2.0384615384615383,1.2307692307692308,3.0,1.4038461538461537,1.7403846153846154,1.2884615384615385,101
1131506.2692307692,2005.6634615384614,41.99038461538461,2.0384615384615383,1.2307692307692308,3.0,1.4038461538461537,1.7403846153846154,1.2884615384615385,119
1131506.2692307692,2005.6634615384614,41.99038461538461,2.0384615384615383,1.2307692307692308,3.0,1.4038461538461537,1.7403846153846154,1.2884615384615385,67
1131506.2692307692,2005.6634615384614,41.99038461538461,2.0384615384615383,1.2307692307692308,3.0,1.4038461538461537,1.7403846153846154,1.2884615384615385,77
1131506.2692307692,2005.6634615384614,41.99038461538461,2.0384615384615383,1.2307692307692308,3.0,1.4038461538461537,1.7403846153846154,1.2884615384615385,133
1131506.2692307692,2005.6634615384614,41.99038461538461,2.0384615384615383,1.2307692307692308,3.0,1.4038461538461537,1.7403846153846154,1.2884615384615385,63
1131506.2692307692,2005.6634615384614,41.99038461538461,2.0384615384615383,1.2307692307692308,3.0,1.4038461538461537,1.7403846153846154,1.2884615384615385,138
1131506.2692307692,2005.6634615384614,41.99038461538461,2.0384615384615383,1.2307692307692308,3.0,1.4038461538461537,1.7403846153846154,1.2884615384615385,135
1131506.2692307692,2005.6634615384614,41.99038461538461,2.0384615384615383,1.2307692307692308,3.0,1.4038461538461537,1.7403846153846154,1.2884615384615385,272
1131506.2692307692,2005.6634615384614,41.99038461538461,2.0384615384615383,1.2307692307692308,3.0,1.4038461538461537,1.7403846153846154,1.2884615384615385,140
1131506.2692307692,2005.6634615384614,41.99038461538461,2.0384615384615383,1.2307692307692308,3.0,1.4038461538461537,1.7403846153846154,1.2884615384615385,148
1131506.2692307692,2005.6634615384614,41.99038461538461,2.0384615384615383,1.2307692307692308,3.0,1.4038461538461537,1.7403846153846154,1.2884615384615385,103
1004032.6058091286,2005.759336099585,42.211618257261414,1.946058091286307,1.2406639004149378,3.029045643153527,1.4937759336099585,1.7053941908713692,1.3070539419087137,155
1004032.6058091286,2005.759336099585,42.211618257261414,1.946058091286307,1.2406639004149378,3.029045643153527,1.4937759336099585,1.7053941908713692,1.3070539419087137,70
1004032.6058091286,2005.759336099585,42.211618257261414,1.946058091286307,1.2406639004149378,3.029045643153527,1.4937759336099585,1.7053941908713692,1.3070539419087137,83
1004032.6058091286,2005.759336099585,42.211618257261414,1.946058091286307,1.2406639004149378,3.029045643153527,1.4937759336099585,1.7053941908713692,1.3070539419087137,117
1004032.6058091286,2005.759336099585,42.211618257261414,1.946058091286307,1.2406639004149378,3.029045643153527,1.4937759336099585,1.7053941908713692,1.3070539419087137,125
1004032.6058091286,2005.759336099585,42.211618257261414,1.946058091286307,1.2406639004149378,3.029045643153527,1.4937759336099585,1.7053941908713692,1.3070539419087137,90
1004032.6058091286,2005.759336099585,42.211618257261414,1.946058091286307,1.2406639004149378,3.029045643153527,1.4937759336099585,1.7053941908713692,1.3070539419087137,119
1004032.6058091286,2005.759336099585,42.211618257261414,1.946058091286307,1.2406639004149378,3.029045643153527,1.4937759336099585,1.7053941908713692,1.3070539419087137,96
1004032.6058091286,2005.759336099585,42.211618257261414,1.946058091286307,1.2406639004149378,3.029045643153527,1.4937759336099585,1.7053941908713692,1.3070539419087137,75
1004032.6058091286,2005.759336099585,42.211618257261414,1.946058091286307,1.2406639004149378,3.029045643153527,1.4937759336099585,1.7053941908713692,1.3070539419087137,94
1004032.6058091286,2005.759336099585,42.211618257261414,1.946058091286307,1.2406639004149378,3.029045643153527,1.4937759336099585,1.7053941908713692,1.3070539419087137,131
1004032.6058091286,2005.759336099585,42.211618257261414,1.946058091286307,1.2406639004149378,3.029045643153527,1.4937759336099585,1.7053941908713692,1.3070539419087137,115
1004032.6058091286,2005.759336099585,42.211618257261414,1.946058091286307,1.2406639004149378,3.029045643153527,1.4937759336099585,1.7053941908713692,1.3070539419087137,278
1004032.6058091286,2005.759336099585,42.211618257261414,1.946058091286307,1.2406639004149378,3.029045643153527,1.4937759336099585,1.7053941908713692,1.3070539419087137,63
1004032.6058091286,2005.759336099585,42.211618257261414,1.946058091286307,1.2406639004149378,3.029045643153527,1.4937759336099585,1.7053941908713692,1.3070539419087137,129
1004032.6058091286,2005.759336099585,42.211618257261414,1.946058091286307,1.2406639004149378,3.029045643153527,1.4937759336099585,1.7053941908713692,1.3070539419087137,59
1004032.6058091286,2005.759336099585,42.211618257261414,1.946058091286307,1.2406639004149378,3.029045643153527,1.4937759336099585,1.7053941908713692,1.3070539419087137,65
1004032.6058091286,2005.759336099585,42.211618257261414,1.946058091286307,1.2406639004149378,3.029045643153527,1.4937759336099585,1.7053941908713692,1.3070539419087137,81
1004032.6058091286,2005.759336099585,42.211618257261414,1.946058091286307,1.2406639004149378,3.029045643153527,1.4937759336099585,1.7053941908713692,1.3070539419087137,114
1004032.6058091286,2005.759336099585,42.211618257261414,1.946058091286307,1.2406639004149378,3.029045643153527,1.4937759336099585,1.7053941908713692,1.3070539419087137,110
1004032.6058091286,2005.759336099585,42.211618257261414,1.946058091286307,1.2406639004149378,3.029045643153527,1.4937759336099585,1.7053941908713692,1.3070539419087137,123
1004032.6058091286,2005.759336099585,42.211618257261414,1.946058091286307,1.2406639004149378,3.029045643153527,1.4937759336099585,1.7053941908713692,1.3070539419087137,88
1004032.6058091286,2005.759336099585,42.211618257261414,1.946058091286307,1.2406639004149378,3.029045643153527,1.4937759336099585,1.7053941908713692,1.3070539419087137,135
1004032.6058091286,2005.759336099585,42.211618257261414,1.946058091286307,1.2406639004149378,3.029045643153527,1.4937759336099585,1.7053941908713692,1.3070539419087137,272
1004032.6058091286,2005.759336099585,42.211618257261414,1.946058091286307,1.2406639004149378,3.029045643153527,1.4937759336099585,1.7053941908713692,1.3070539419087137,147
1004032.6058091286,2005.759336099585,42.211618257261414,1.946058091286307,1.2406639004149378,3.029045643153527,1.4937759336099585,1.7053941908713692,1.3070539419087137,148
1004032.6058091286,2005.759336099585,42.211618257261414,1.946058091286307,1.2406639004149378,3.029045643153527,1.4937759336099585,1.7053941908713692,1.3070539419087137,127
1004032.6058091286,2005.759336099585,42.211618257261414,1.946058091286307,1.2406639004149378,3.029045643153527,1.4937759336099585,1.7053941908713692,1.3070539419087137,79
1004032.6058091286,2005.759336099585,42.211618257261414,1.946058091286307,1.2406639004149378,3.029045643153527,1.4937759336099585,1.7053941908713692,1.3070539419087137,80
1004032.6058091286,2005.759336099585,42.211618257261414,1.946058091286307,1.2406639004149378,3.029045643153527,1.4937759336099585,1.7053941908713692,1.3070539419087137,66
1004032.6058091286,2005.759336099585,42.211618257261414,1.946058091286307,1.2406639004149378,3.029045643153527,1.4937759336099585,1.7053941908713692,1.3070539419087137,126
1004032.6058091286,2005.759336099585,42.211618257261414,1.946058091286307,1.2406639004149378,3.029045643153527,1.4937759336099585,1.7053941908713692,1.3070539419087137,177
1004032.6058091286,2005.759336099585,42.211618257261414,1.946058091286307,1.2406639004149378,3.029045643153527,1.4937759336099585,1.7053941908713692,1.3070539419087137,100
1004032.6058091286,2005.759336099585,42.211618257261414,1.946058091286307,1.2406639004149378,3.029045643153527,1.4937759336099585,1.7053941908713692,1.3070539419087137,62
1004032.6058091286,2005.759336099585,42.211618257261414,1.946058091286307,1.2406639004149378,3.029045643153527,1.4937759336099585,1.7053941908713692,1.3070539419087137,157
1004032.6058091286,2005.759336099585,42.211618257261414,1.946058091286307,1.2406639004149378,3.029045643153527,1.4937759336099585,1.7053941908713692,1.3070539419087137,161
1004032.6058091286,2005.759336099585,42.211618257261414,1.946058091286307,1.2406639004149378,3.029045643153527,1.4937759336099585,1.7053941908713692,1.3070539419087137,95
1004032.6058091286,2005.759336099585,42.211618257261414,1.946058091286307,1.2406639004149378,3.029045643153527,1.4937759336099585,1.7053941908713692,1.3070539419087137,48
1004032.6058091286,2005.759336099585,42.211618257261414,1.946058091286307,1.2406639004149378,3.029045643153527,1.4937759336099585,1.7053941908713692,1.3070539419087137,74
1004032.6058091286,2005.759336099585,42.211618257261414,1.946058091286307,1.2406639004149378,3.029045643153527,1.4937759336099585,1.7053941908713692,1.3070539419087137,100
1004032.6058091286,2005.759336099585,42.211618257261414,1.946058091286307,1.2406639004149378,3.029045643153527,1.4937759336099585,1.7053941908713692,1.3070539419087137,108
1004032.6058091286,2005.759336099585,42.211618257261414,1.946058091286307,1.2406639004149378,3.029045643153527,1.4937759336099585,1.7053941908713692,1.3070539419087137,103
1004032.6058091286,2005.759336099585,42.211618257261414,1.946058091286307,1.2406639004149378,3.029045643153527,1.4937759336099585,1.7053941908713692,1.3070539419087137,89
1004032.6058091286,2005.759336099585,42.211618257261414,1.946058091286307,1.2406639004149378,3.029045643153527,1.4937759336099585,1.7053941908713692,1.3070539419087137,170
1004032.6058091286,2005.759336099585,42.211618257261414,1.946058091286307,1.2406639004149378,3.029045643153527,1.4937759336099585,1.7053941908713692,1.3070539419087137,93
1004032.6058091286,2005.759336099585,42.211618257261414,1.946058091286307,1.2406639004149378,3.029045643153527,1.4937759336099585,1.7053941908713692,1.3070539419087137,102
1004032.6058091286,2005.759336099585,42.211618257261414,1.946058091286307,1.2406639004149378,3.029045643153527,1.4937759336099585,1.7053941908713692,1.3070539419087137,122
1004032.6058091286,2005.759336099585,42.211618257261414,1.946058091286307,1.2406639004149378,3.029045643153527,1.4937759336099585,1.7053941908713692,1.3070539419087137,137
1004032.6058091286,2005.759336099585,42.211618257261414,1.946058091286307,1.2406639004149378,3.029045643153527,1.4937759336099585,1.7053941908713692,1.3070539419087137,135
1004032.6058091286,2005.759336099585,42.211618257261414,1.946058091286307,1.2406639004149378,3.029045643153527,1.4937759336099585,1.7053941908713692,1.3070539419087137,94
1004032.6058091286,2005.759336099585,42.211618257261414,1.946058091286307,1.2406639004149378,3.029045643153527,1.4937759336099585,1.7053941908713692,1.3070539419087137,93
1004032.6058091286,2005.759336099585,42.211618257261414,1.946058091286307,1.2406639004149378,3.029045643153527,1.4937759336099585,1.7053941908713692,1.3070539419087137,113
1004032.6058091286,2005.759336099585,42.211618257261414,1.946058091286307,1.2406639004149378,3.029045643153527,1.4937759336099585,1.7053941908713692,1.3070539419087137,119
1004032.6058091286,2005.759336099585,42.211618257261414,1.946058091286307,1.2406639004149378,3.029045643153527,1.4937759336099585,1.7053941908713692,1.3070539419087137,180
1004032.6058091286,2005.759336099585,42.211618257261414,1.946058091286307,1.2406639004149378,3.029045643153527,1.4937759336099585,1.7053941908713692,1.3070539419087137,65
1004032.6058091286,2005.759336099585,42.211618257261414,1.946058091286307,1.2406639004149378,3.029045643153527,1.4937759336099585,1.7053941908713692,1.3070539419087137,32
1004032.6058091286,2005.759336099585,42.211618257261414,1.946058091286307,1.2406639004149378,3.029045643153527,1.4937759336099585,1.7053941908713692,1.3070539419087137,145
1004032.6058091286,2005.759336099585,42.211618257261414,1.946058091286307,1.2406639004149378,3.029045643153527,1.4937759336099585,1.7053941908713692,1.3070539419087137,92
1004032.6058091286,2005.759336099585,42.211618257261414,1.946058091286307,1.2406639004149378,3.029045643153527,1.4937759336099585,1.7053941908713692,1.3070539419087137,105
1004032.6058091286,2005.759336099585,42.211618257261414,1.946058091286307,1.2406639004149378,3.029045643153527,1.4937759336099585,1.7053941908713692,1.3070539419087137,90
1004032.6058091286,2005.759336099585,42.211618257261414,1.946058091286307,1.2406639004149378,3.029045643153527,1.4937759336099585,1.7053941908713692,1.3070539419087137,80
1004032.6058091286,2005.759336099585,42.211618257261414,1.946058091286307,1.2406639004149378,3.029045643153527,1.4937759336099585,1.7053941908713692,1.3070539419087137,127
1004032.6058091286,2005.759336099585,42.211618257261414,1.946058091286307,1.2406639004149378,3.029045643153527,1.4937759336099585,1.7053941908713692,1.3070539419087137,172
1004032.6058091286,2005.759336099585,42.211618257261414,1.946058091286307,1.2406639004149378,3.029045643153527,1.4937759336099585,1.7053941908713692,1.3070539419087137,95
1004032.6058091286,2005.759336099585,42.211618257261414,1.946058091286307,1.2406639004149378,3.029045643153527,1.4937759336099585,1.7053941908713692,1.3070539419087137,111
1004032.6058091286,2005.759336099585,42.211618257261414,1.946058091286307,1.2406639004149378,3.029045643153527,1.4937759336099585,1.7053941908713692,1.3070539419087137,88
1004032.6058091286,2005.759336099585,42.211618257261414,1.946058091286307,1.2406639004149378,3.029045643153527,1.4937759336099585,1.7053941908713692,1.3070539419087137,81
1004032.6058091286,2005.759336099585,42.211618257261414,1.946058091286307,1.2406639004149378,3.029045643153527,1.4937759336099585,1.7053941908713692,1.3070539419087137,110
1004032.6058091286,2005.759336099585,42.211618257261414,1.946058091286307,1.2406639004149378,3.029045643153527,1.4937759336099585,1.7053941908713692,1.3070539419087137,97
1004032.6058091286,2005.759336099585,42.211618257261414,1.946058091286307,1.2406639004149378,3.029045643153527,1.4937759336099585,1.7053941908713692,1.3070539419087137,136
1004032.6058091286,2005.759336099585,42.211618257261414,1.946058091286307,1.2406639004149378,3.029045643153527,1.4937759336099585,1.7053941908713692,1.3070539419087137,148
1004032.6058091286,2005.759336099585,42.211618257261414,1.946058091286307,1.2406639004149378,3.029045643153527,1.4937759336099585,1.7053941908713692,1.3070539419087137,146
1004032.6058091286,2005.759336099585,42.211618257261414,1.946058091286307,1.2406639004149378,3.029045643153527,1.4937759336099585,1.7053941908713692,1.3070539419087137,120
1004032.6058091286,2005.759336099585,42.211618257261414,1.946058091286307,1.2406639004149378,3.029045643153527,1.4937759336099585,1.7053941908713692,1.3070539419087137,164
1004032.6058091286,2005.759336099585,42.211618257261414,1.946058091286307,1.2406639004149378,3.029045643153527,1.4937759336099585,1.7053941908713692,1.3070539419087137,70
1004032.6058091286,2005.759336099585,42.211618257261414,1.946058091286307,1.2406639004149378,3.029045643153527,1.4937759336099585,1.7053941908713692,1.3070539419087137,131
1004032.6058091286,2005.759336099585,42.211618257261414,1.946058091286307,1.2406639004149378,3.029045643153527,1.4937759336099585,1.7053941908713692,1.3070539419087137,77
1004032.6058091286,2005.759336099585,42.211618257261414,1.946058091286307,1.2406639004149378,3.029045643153527,1.4937759336099585,1.7053941908713692,1.3070539419087137,103
1004032.6058091286,2005.759336099585,42.211618257261414,1.946058091286307,1.2406639004149378,3.029045643153527,1.4937759336099585,1.7053941908713692,1.3070539419087137,128
1004032.6058091286,2005.759336099585,42.211618257261414,1.946058091286307,1.2406639004149378,3.029045643153527,1.4937759336099585,1.7053941908713692,1.3070539419087137,75
1004032.6058091286,2005.759336099585,42.211618257261414,1.946058091286307,1.2406639004149378,3.029045643153527,1.4937759336099585,1.7053941908713692,1.3070539419087137,102
1004032.6058091286,2005.759336099585,42.211618257261414,1.946058091286307,1.2406639004149378,3.029045643153527,1.4937759336099585,1.7053941908713692,1.3070539419087137,155
1004032.6058091286,2005.759336099585,42.211618257261414,1.946058091286307,1.2406639004149378,3.029045643153527,1.4937759336099585,1.7053941908713692,1.3070539419087137,74
1004032.6058091286,2005.759336099585,42.211618257261414,1.946058091286307,1.2406639004149378,3.029045643153527,1.4937759336099585,1.7053941908713692,1.3070539419087137,114
1004032.6058091286,2005.759336099585,42.211618257261414,1.946058091286307,1.2406639004149378,3.029045643153527,1.4937759336099585,1.7053941908713692,1.3070539419087137,100
1004032.6058091286,2005.759336099585,42.211618257261414,1.946058091286307,1.2406639004149378,3.029045643153527,1.4937759336099585,1.7053941908713692,1.3070539419087137,121
1004032.6058091286,2005.759336099585,42.211618257261414,1.946058091286307,1.2406639004149378,3.029045643153527,1.4937759336099585,1.7053941908713692,1.3070539419087137,85
1004032.6058091286,2005.759336099585,42.211618257261414,1.946058091286307,1.2406639004149378,3.029045643153527,1.4937759336099585,1.7053941908713692,1.3070539419087137,83
1004032.6058091286,2005.759336099585,42.211618257261414,1.946058091286307,1.2406639004149378,3.029045643153527,1.4937759336099585,1.7053941908713692,1.3070539419087137,116
1004032.6058091286,2005.759336099585,42.211618257261414,1.946058091286307,1.2406639004149378,3.029045643153527,1.4937759336099585,1.7053941908713692,1.3070539419087137,84
1004032.6058091286,2005.759336099585,42.211618257261414,1.946058091286307,1.2406639004149378,3.029045643153527,1.4937759336099585,1.7053941908713692,1.3070539419087137,148
1004032.6058091286,2005.759336099585,42.211618257261414,1.946058091286307,1.2406639004149378,3.029045643153527,1.4937759336099585,1.7053941908713692,1.3070539419087137,132
1004032.6058091286,2005.759336099585,42.211618257261414,1.946058091286307,1.2406639004149378,3.029045643153527,1.4937759336099585,1.7053941908713692,1.3070539419087137,77
1004032.6058091286,2005.759336099585,42.211618257261414,1.946058091286307,1.2406639004149378,3.029045643153527,1.4937759336099585,1.7053941908713692,1.3070539419087137,65
1004032.6058091286,2005.759336099585,42.211618257261414,1.946058091286307,1.2406639004149378,3.029045643153527,1.4937759336099585,1.7053941908713692,1.3070539419087137,201
1004032.6058091286,2005.759336099585,42.211618257261414,1.946058091286307,1.2406639004149378,3.029045643153527,1.4937759336099585,1.7053941908713692,1.3070539419087137,102
1004032.6058091286,2005.759336099585,42.211618257261414,1.946058091286307,1.2406639004149378,3.029045643153527,1.4937759336099585,1.7053941908713692,1.3070539419087137,81
1004032.6058091286,2005.759336099585,42.211618257261414,1.946058091286307,1.2406639004149378,3.029045643153527,1.4937759336099585,1.7053941908713692,1.3070539419087137,110
1004032.6058091286,2005.759336099585,42.211618257261414,1.946058091286307,1.2406639004149378,3.029045643153527,1.4937759336099585,1.7053941908713692,1.3070539419087137,95
1004032.6058091286,2005.759336099585,42.211618257261414,1.946058091286307,1.2406639004149378,3.029045643153527,1.4937759336099585,1.7053941908713692,1.3070539419087137,94
1004032.6058091286,2005.759336099585,42.211618257261414,1.946058091286307,1.2406639004149378,3.029045643153527,1.4937759336099585,1.7053941908713692,1.3070539419087137,145
1004032.6058091286,2005.759336099585,42.211618257261414,1.946058091286307,1.2406639004149378,3.029045643153527,1.4937759336099585,1.7053941908713692,1.3070539419087137,119
1004032.6058091286,2005.759336099585,42.211618257261414,1.946058091286307,1.2406639004149378,3.029045643153527,1.4937759336099585,1.7053941908713692,1.3070539419087137,83
1004032.6058091286,2005.759336099585,42.211618257261414,1.946058091286307,1.2406639004149378,3.029045643153527,1.4937759336099585,1.7053941908713692,1.3070539419087137,97
1004032.6058091286,2005.759336099585,42.211618257261414,1.946058091286307,1.2406639004149378,3.029045643153527,1.4937759336099585,1.7053941908713692,1.3070539419087137,130
1004032.6058091286,2005.759336099585,42.211618257261414,1.946058091286307,1.2406639004149378,3.029045643153527,1.4937759336099585,1.7053941908713692,1.3070539419087137,75
1004032.6058091286,2005.759336099585,42.211618257261414,1.946058091286307,1.2406639004149378,3.029045643153527,1.4937759336099585,1.7053941908713692,1.3070539419087137,84
1004032.6058091286,2005.759336099585,42.211618257261414,1.946058091286307,1.2406639004149378,3.029045643153527,1.4937759336099585,1.7053941908713692,1.3070539419087137,87
1004032.6058091286,2005.759336099585,42.211618257261414,1.946058091286307,1.2406639004149378,3.029045643153527,1.4937759336099585,1.7053941908713692,1.3070539419087137,105
1004032.6058091286,2005.759336099585,42.211618257261414,1.946058091286307,1.2406639004149378,3.029045643153527,1.4937759336099585,1.7053941908713692,1.3070539419087137,104
1004032.6058091286,2005.759336099585,42.211618257261414,1.946058091286307,1.2406639004149378,3.029045643153527,1.4937759336099585,1.7053941908713692,1.3070539419087137,85
1004032.6058091286,2005.759336099585,42.211618257261414,1.946058091286307,1.2406639004149378,3.029045643153527,1.4937759336099585,1.7053941908713692,1.3070539419087137,47
1004032.6058091286,2005.759336099585,42.211618257261414,1.946058091286307,1.2406639004149378,3.029045643153527,1.4937759336099585,1.7053941908713692,1.3070539419087137,121
1004032.6058091286,2005.759336099585,42.211618257261414,1.946058091286307,1.2406639004149378,3.029045643153527,1.4937759336099585,1.7053941908713692,1.3070539419087137,196
1004032.6058091286,2005.759336099585,42.211618257261414,1.946058091286307,1.2406639004149378,3.029045643153527,1.4937759336099585,1.7053941908713692,1.3070539419087137,127
1004032.6058091286,2005.759336099585,42.211618257261414,1.946058091286307,1.2406639004149378,3.029045643153527,1.4937759336099585,1.7053941908713692,1.3070539419087137,88
1004032.6058091286,2005.759336099585,42.211618257261414,1.946058091286307,1.2406639004149378,3.029045643153527,1.4937759336099585,1.7053941908713692,1.3070539419087137,100
1004032.6058091286,2005.759336099585,42.211618257261414,1.946058091286307,1.2406639004149378,3.029045643153527,1.4937759336099585,1.7053941908713692,1.3070539419087137,92
1004032.6058091286,2005.759336099585,42.211618257261414,1.946058091286307,1.2406639004149378,3.029045643153527,1.4937759336099585,1.7053941908713692,1.3070539419087137,50
1004032.6058091286,2005.759336099585,42.211618257261414,1.946058091286307,1.2406639004149378,3.029045643153527,1.4937759336099585,1.7053941908713692,1.3070539419087137,72
1004032.6058091286,2005.759336099585,42.211618257261414,1.946058091286307,1.2406639004149378,3.029045643153527,1.4937759336099585,1.7053941908713692,1.3070539419087137,35
1004032.6058091286,2005.759336099585,42.211618257261414,1.946058091286307,1.2406639004149378,3.029045643153527,1.4937759336099585,1.7053941908713692,1.3070539419087137,71
1004032.6058091286,2005.759336099585,42.211618257261414,1.946058091286307,1.2406639004149378,3.029045643153527,1.4937759336099585,1.7053941908713692,1.3070539419087137,149
1004032.6058091286,2005.759336099585,42.211618257261414,1.946058091286307,1.2406639004149378,3.029045643153527,1.4937759336099585,1.7053941908713692,1.3070539419087137,187
1004032.6058091286,2005.759336099585,42.211618257261414,1.946058091286307,1.2406639004149378,3.029045643153527,1.4937759336099585,1.7053941908713692,1.3070539419087137,268
1004032.6058091286,2005.759336099585,42.211618257261414,1.946058091286307,1.2406639004149378,3.029045643153527,1.4937759336099585,1.7053941908713692,1.3070539419087137,105
1004032.6058091286,2005.759336099585,42.211618257261414,1.946058091286307,1.2406639004149378,3.029045643153527,1.4937759336099585,1.7053941908713692,1.3070539419087137,78
1004032.6058091286,2005.759336099585,42.211618257261414,1.946058091286307,1.2406639004149378,3.029045643153527,1.4937759336099585,1.7053941908713692,1.3070539419087137,192
1004032.6058091286,2005.759336099585,42.211618257261414,1.946058091286307,1.2406639004149378,3.029045643153527,1.4937759336099585,1.7053941908713692,1.3070539419087137,133
1004032.6058091286,2005.759336099585,42.211618257261414,1.946058091286307,1.2406639004149378,3.029045643153527,1.4937759336099585,1.7053941908713692,1.3070539419087137,97
1004032.6058091286,2005.759336099585,42.211618257261414,1.946058091286307,1.2406639004149378,3.029045643153527,1.4937759336099585,1.7053941908713692,1.3070539419087137,152
1004032.6058091286,2005.759336099585,42.211618257261414,1.946058091286307,1.2406639004149378,3.029045643153527,1.4937759336099585,1.7053941908713692,1.3070539419087137,74
1004032.6058091286,2005.759336099585,42.211618257261414,1.946058091286307,1.2406639004149378,3.029045643153527,1.4937759336099585,1.7053941908713692,1.3070539419087137,52
1004032.6058091286,2005.759336099585,42.211618257261414,1.946058091286307,1.2406639004149378,3.029045643153527,1.4937759336099585,1.7053941908713692,1.3070539419087137,72
1004032.6058091286,2005.759336099585,42.211618257261414,1.946058091286307,1.2406639004149378,3.029045643153527,1.4937759336099585,1.7053941908713692,1.3070539419087137,85
1004032.6058091286,2005.759336099585,42.211618257261414,1.946058091286307,1.2406639004149378,3.029045643153527,1.4937759336099585,1.7053941908713692,1.3070539419087137,54
1004032.6058091286,2005.759336099585,42.211618257261414,1.946058091286307,1.2406639004149378,3.029045643153527,1.4937759336099585,1.7053941908713692,1.3070539419087137,94
1004032.6058091286,2005.759336099585,42.211618257261414,1.946058091286307,1.2406639004149378,3.029045643153527,1.4937759336099585,1.7053941908713692,1.3070539419087137,110
1004032.6058091286,2005.759336099585,42.211618257261414,1.946058091286307,1.2406639004149378,3.029045643153527,1.4937759336099585,1.7053941908713692,1.3070539419087137,57
1004032.6058091286,2005.759336099585,42.211618257261414,1.946058091286307,1.2406639004149378,3.029045643153527,1.4937759336099585,1.7053941908713692,1.3070539419087137,114
1004032.6058091286,2005.759336099585,42.211618257261414,1.946058091286307,1.2406639004149378,3.029045643153527,1.4937759336099585,1.7053941908713692,1.3070539419087137,282
1004032.6058091286,2005.759336099585,42.211618257261414,1.946058091286307,1.2406639004149378,3.029045643153527,1.4937759336099585,1.7053941908713692,1.3070539419087137,127
1004032.6058091286,2005.759336099585,42.211618257261414,1.946058091286307,1.2406639004149378,3.029045643153527,1.4937759336099585,1.7053941908713692,1.3070539419087137,119
1004032.6058091286,2005.759336099585,42.211618257261414,1.946058091286307,1.2406639004149378,3.029045643153527,1.4937759336099585,1.7053941908713692,1.3070539419087137,142
1004032.6058091286,2005.759336099585,42.211618257261414,1.946058091286307,1.2406639004149378,3.029045643153527,1.4937759336099585,1.7053941908713692,1.3070539419087137,91
1004032.6058091286,2005.759336099585,42.211618257261414,1.946058091286307,1.2406639004149378,3.029045643153527,1.4937759336099585,1.7053941908713692,1.3070539419087137,148
1004032.6058091286,2005.759336099585,42.211618257261414,1.946058091286307,1.2406639004149378,3.029045643153527,1.4937759336099585,1.7053941908713692,1.3070539419087137,119
1004032.6058091286,2005.759336099585,42.211618257261414,1.946058091286307,1.2406639004149378,3.029045643153527,1.4937759336099585,1.7053941908713692,1.3070539419087137,109
1004032.6058091286,2005.759336099585,42.211618257261414,1.946058091286307,1.2406639004149378,3.029045643153527,1.4937759336099585,1.7053941908713692,1.3070539419087137,100
1004032.6058091286,2005.759336099585,42.211618257261414,1.946058091286307,1.2406639004149378,3.029045643153527,1.4937759336099585,1.7053941908713692,1.3070539419087137,153
1004032.6058091286,2005.759336099585,42.211618257261414,1.946058091286307,1.2406639004149378,3.029045643153527,1.4937759336099585,1.7053941908713692,1.3070539419087137,144
1004032.6058091286,2005.759336099585,42.211618257261414,1.946058091286307,1.2406639004149378,3.029045643153527,1.4937759336099585,1.7053941908713692,1.3070539419087137,37
1004032.6058091286,2005.759336099585,42.211618257261414,1.946058091286307,1.2406639004149378,3.029045643153527,1.4937759336099585,1.7053941908713692,1.3070539419087137,166
1004032.6058091286,2005.759336099585,42.211618257261414,1.946058091286307,1.2406639004149378,3.029045643153527,1.4937759336099585,1.7053941908713692,1.3070539419087137,81
1004032.6058091286,2005.759336099585,42.211618257261414,1.946058091286307,1.2406639004149378,3.029045643153527,1.4937759336099585,1.7053941908713692,1.3070539419087137,82
1004032.6058091286,2005.759336099585,42.211618257261414,1.946058091286307,1.2406639004149378,3.029045643153527,1.4937759336099585,1.7053941908713692,1.3070539419087137,143
1004032.6058091286,2005.759336099585,42.211618257261414,1.946058091286307,1.2406639004149378,3.029045643153527,1.4937759336099585,1.7053941908713692,1.3070539419087137,88
1004032.6058091286,2005.759336099585,42.211618257261414,1.946058091286307,1.2406639004149378,3.029045643153527,1.4937759336099585,1.7053941908713692,1.3070539419087137,105
1004032.6058091286,2005.759336099585,42.211618257261414,1.946058091286307,1.2406639004149378,3.029045643153527,1.4937759336099585,1.7053941908713692,1.3070539419087137,119
1004032.6058091286,2005.759336099585,42.211618257261414,1.946058091286307,1.2406639004149378,3.029045643153527,1.4937759336099585,1.7053941908713692,1.3070539419087137,40
1004032.6058091286,2005.759336099585,42.211618257261414,1.946058091286307,1.2406639004149378,3.029045643153527,1.4937759336099585,1.7053941908713692,1.3070539419087137,76
1004032.6058091286,2005.759336099585,42.211618257261414,1.946058091286307,1.2406639004149378,3.029045643153527,1.4937759336099585,1.7053941908713692,1.3070539419087137,81
1004032.6058091286,2005.759336099585,42.211618257261414,1.946058091286307,1.2406639004149378,3.029045643153527,1.4937759336099585,1.7053941908713692,1.3070539419087137,123
1004032.6058091286,2005.759336099585,42.211618257261414,1.946058091286307,1.2406639004149378,3.029045643153527,1.4937759336099585,1.7053941908713692,1.3070539419087137,268
1004032.6058091286,2005.759336099585,42.211618257261414,1.946058091286307,1.2406639004149378,3.029045643153527,1.4937759336099585,1.7053941908713692,1.3070539419087137,68
1004032.6058091286,2005.759336099585,42.211618257261414,1.946058091286307,1.2406639004149378,3.029045643153527,1.4937759336099585,1.7053941908713692,1.3070539419087137,138
1004032.6058091286,2005.759336099585,42.211618257261414,1.946058091286307,1.2406639004149378,3.029045643153527,1.4937759336099585,1.7053941908713692,1.3070539419087137,94
1004032.6058091286,2005.759336099585,42.211618257261414,1.946058091286307,1.2406639004149378,3.029045643153527,1.4937759336099585,1.7053941908713692,1.3070539419087137,88
1004032.6058091286,2005.759336099585,42.211618257261414,1.946058091286307,1.2406639004149378,3.029045643153527,1.4937759336099585,1.7053941908713692,1.3070539419087137,78
1004032.6058091286,2005.759336099585,42.211618257261414,1.946058091286307,1.2406639004149378,3.029045643153527,1.4937759336099585,1.7053941908713692,1.3070539419087137,74
1004032.6058091286,2005.759336099585,42.211618257261414,1.946058091286307,1.2406639004149378,3.029045643153527,1.4937759336099585,1.7053941908713692,1.3070539419087137,119
1004032.6058091286,2005.759336099585,42.211618257261414,1.946058091286307,1.2406639004149378,3.029045643153527,1.4937759336099585,1.7053941908713692,1.3070539419087137,64
1004032.6058091286,2005.759336099585,42.211618257261414,1.946058091286307,1.2406639004149378,3.029045643153527,1.4937759336099585,1.7053941908713692,1.3070539419087137,277
1004032.6058091286,2005.759336099585,42.211618257261414,1.946058091286307,1.2406639004149378,3.029045643153527,1.4937759336099585,1.7053941908713692,1.3070539419087137,118
1004032.6058091286,2005.759336099585,42.211618257261414,1.946058091286307,1.2406639004149378,3.029045643153527,1.4937759336099585,1.7053941908713692,1.3070539419087137,177
1004032.6058091286,2005.759336099585,42.211618257261414,1.946058091286307,1.2406639004149378,3.029045643153527,1.4937759336099585,1.7053941908713692,1.3070539419087137,114
1004032.6058091286,2005.759336099585,42.211618257261414,1.946058091286307,1.2406639004149378,3.029045643153527,1.4937759336099585,1.7053941908713692,1.3070539419087137,55
1004032.6058091286,2005.759336099585,42.211618257261414,1.946058091286307,1.2406639004149378,3.029045643153527,1.4937759336099585,1.7053941908713692,1.3070539419087137,100
1004032.6058091286,2005.759336099585,42.211618257261414,1.946058091286307,1.2406639004149378,3.029045643153527,1.4937759336099585,1.7053941908713692,1.3070539419087137,189
1004032.6058091286,2005.759336099585,42.211618257261414,1.946058091286307,1.2406639004149378,3.029045643153527,1.4937759336099585,1.7053941908713692,1.3070539419087137,106
1004032.6058091286,2005.759336099585,42.211618257261414,1.946058091286307,1.2406639004149378,3.029045643153527,1.4937759336099585,1.7053941908713692,1.3070539419087137,142
1004032.6058091286,2005.759336099585,42.211618257261414,1.946058091286307,1.2406639004149378,3.029045643153527,1.4937759336099585,1.7053941908713692,1.3070539419087137,44
1004032.6058091286,2005.759336099585,42.211618257261414,1.946058091286307,1.2406639004149378,3.029045643153527,1.4937759336099585,1.7053941908713692,1.3070539419087137,110
1004032.6058091286,2005.759336099585,42.211618257261414,1.946058091286307,1.2406639004149378,3.029045643153527,1.4937759336099585,1.7053941908713692,1.3070539419087137,86
1004032.6058091286,2005.759336099585,42.211618257261414,1.946058091286307,1.2406639004149378,3.029045643153527,1.4937759336099585,1.7053941908713692,1.3070539419087137,101
1004032.6058091286,2005.759336099585,42.211618257261414,1.946058091286307,1.2406639004149378,3.029045643153527,1.4937759336099585,1.7053941908713692,1.3070539419087137,112
1004032.6058091286,2005.759336099585,42.211618257261414,1.946058091286307,1.2406639004149378,3.029045643153527,1.4937759336099585,1.7053941908713692,1.3070539419087137,60
1004032.6058091286,2005.759336099585,42.211618257261414,1.946058091286307,1.2406639004149378,3.029045643153527,1.4937759336099585,1.7053941908713692,1.3070539419087137,107
1004032.6058091286,2005.759336099585,42.211618257261414,1.946058091286307,1.2406639004149378,3.029045643153527,1.4937759336099585,1.7053941908713692,1.3070539419087137,129
1004032.6058091286,2005.759336099585,42.211618257261414,1.946058091286307,1.2406639004149378,3.029045643153527,1.4937759336099585,1.7053941908713692,1.3070539419087137,69
1004032.6058091286,2005.759336099585,42.211618257261414,1.946058091286307,1.2406639004149378,3.029045643153527,1.4937759336099585,1.7053941908713692,1.3070539419087137,148
1004032.6058091286,2005.759336099585,42.211618257261414,1.946058091286307,1.2406639004149378,3.029045643153527,1.4937759336099585,1.7053941908713692,1.3070539419087137,124
1004032.6058091286,2005.759336099585,42.211618257261414,1.946058091286307,1.2406639004149378,3.029045643153527,1.4937759336099585,1.7053941908713692,1.3070539419087137,182
1004032.6058091286,2005.759336099585,42.211618257261414,1.946058091286307,1.2406639004149378,3.029045643153527,1.4937759336099585,1.7053941908713692,1.3070539419087137,161
1004032.6058091286,2005.759336099585,42.211618257261414,1.946058091286307,1.2406639004149378,3.029045643153527,1.4937759336099585,1.7053941908713692,1.3070539419087137,80
1004032.6058091286,2005.759336099585,42.211618257261414,1.946058091286307,1.2406639004149378,3.029045643153527,1.4937759336099585,1.7053941908713692,1.3070539419087137,119
1004032.6058091286,2005.759336099585,42.211618257261414,1.946058091286307,1.2406639004149378,3.029045643153527,1.4937759336099585,1.7053941908713692,1.3070539419087137,108
1004032.6058091286,2005.759336099585,42.211618257261414,1.946058091286307,1.2406639004149378,3.029045643153527,1.4937759336099585,1.7053941908713692,1.3070539419087137,138
1004032.6058091286,2005.759336099585,42.211618257261414,1.946058091286307,1.2406639004149378,3.029045643153527,1.4937759336099585,1.7053941908713692,1.3070539419087137,179
1004032.6058091286,2005.759336099585,42.211618257261414,1.946058091286307,1.2406639004149378,3.029045643153527,1.4937759336099585,1.7053941908713692,1.3070539419087137,55
1004032.6058091286,2005.759336099585,42.211618257261414,1.946058091286307,1.2406639004149378,3.029045643153527,1.4937759336099585,1.7053941908713692,1.3070539419087137,140
1004032.6058091286,2005.759336099585,42.211618257261414,1.946058091286307,1.2406639004149378,3.029045643153527,1.4937759336099585,1.7053941908713692,1.3070539419087137,100
1004032.6058091286,2005.759336099585,42.211618257261414,1.946058091286307,1.2406639004149378,3.029045643153527,1.4937759336099585,1.7053941908713692,1.3070539419087137,106
1004032.6058091286,2005.759336099585,42.211618257261414,1.946058091286307,1.2406639004149378,3.029045643153527,1.4937759336099585,1.7053941908713692,1.3070539419087137,198
1004032.6058091286,2005.759336099585,42.211618257261414,1.946058091286307,1.2406639004149378,3.029045643153527,1.4937759336099585,1.7053941908713692,1.3070539419087137,73
1004032.6058091286,2005.759336099585,42.211618257261414,1.946058091286307,1.2406639004149378,3.029045643153527,1.4937759336099585,1.7053941908713692,1.3070539419087137,129
1004032.6058091286,2005.759336099585,42.211618257261414,1.946058091286307,1.2406639004149378,3.029045643153527,1.4937759336099585,1.7053941908713692,1.3070539419087137,148
1004032.6058091286,2005.759336099585,42.211618257261414,1.946058091286307,1.2406639004149378,3.029045643153527,1.4937759336099585,1.7053941908713692,1.3070539419087137,27
1004032.6058091286,2005.759336099585,42.211618257261414,1.946058091286307,1.2406639004149378,3.029045643153527,1.4937759336099585,1.7053941908713692,1.3070539419087137,139
1004032.6058091286,2005.759336099585,42.211618257261414,1.946058091286307,1.2406639004149378,3.029045643153527,1.4937759336099585,1.7053941908713692,1.3070539419087137,96
1004032.6058091286,2005.759336099585,42.211618257261414,1.946058091286307,1.2406639004149378,3.029045643153527,1.4937759336099585,1.7053941908713692,1.3070539419087137,158
1004032.6058091286,2005.759336099585,42.211618257261414,1.946058091286307,1.2406639004149378,3.029045643153527,1.4937759336099585,1.7053941908713692,1.3070539419087137,177
1004032.6058091286,2005.759336099585,42.211618257261414,1.946058091286307,1.2406639004149378,3.029045643153527,1.4937759336099585,1.7053941908713692,1.3070539419087137,131
1004032.6058091286,2005.759336099585,42.211618257261414,1.946058091286307,1.2406639004149378,3.029045643153527,1.4937759336099585,1.7053941908713692,1.3070539419087137,107
1004032.6058091286,2005.759336099585,42.211618257261414,1.946058091286307,1.2406639004149378,3.029045643153527,1.4937759336099585,1.7053941908713692,1.3070539419087137,134
1004032.6058091286,2005.759336099585,42.211618257261414,1.946058091286307,1.2406639004149378,3.029045643153527,1.4937759336099585,1.7053941908713692,1.3070539419087137,161
1004032.6058091286,2005.759336099585,42.211618257261414,1.946058091286307,1.2406639004149378,3.029045643153527,1.4937759336099585,1.7053941908713692,1.3070539419087137,90
1004032.6058091286,2005.759336099585,42.211618257261414,1.946058091286307,1.2406639004149378,3.029045643153527,1.4937759336099585,1.7053941908713692,1.3070539419087137,114
1004032.6058091286,2005.759336099585,42.211618257261414,1.946058091286307,1.2406639004149378,3.029045643153527,1.4937759336099585,1.7053941908713692,1.3070539419087137,74
1004032.6058091286,2005.759336099585,42.211618257261414,1.946058091286307,1.2406639004149378,3.029045643153527,1.4937759336099585,1.7053941908713692,1.3070539419087137,123
1004032.6058091286,2005.759336099585,42.211618257261414,1.946058091286307,1.2406639004149378,3.029045643153527,1.4937759336099585,1.7053941908713692,1.3070539419087137,110
1004032.6058091286,2005.759336099585,42.211618257261414,1.946058091286307,1.2406639004149378,3.029045643153527,1.4937759336099585,1.7053941908713692,1.3070539419087137,67
1004032.6058091286,2005.759336099585,42.211618257261414,1.946058091286307,1.2406639004149378,3.029045643153527,1.4937759336099585,1.7053941908713692,1.3070539419087137,135
1004032.6058091286,2005.759336099585,42.211618257261414,1.946058091286307,1.2406639004149378,3.029045643153527,1.4937759336099585,1.7053941908713692,1.3070539419087137,81
1004032.6058091286,2005.759336099585,42.211618257261414,1.946058091286307,1.2406639004149378,3.029045643153527,1.4937759336099585,1.7053941908713692,1.3070539419087137,105
1004032.6058091286,2005.759336099585,42.211618257261414,1.946058091286307,1.2406639004149378,3.029045643153527,1.4937759336099585,1.7053941908713692,1.3070539419087137,100
1004032.6058091286,2005.759336099585,42.211618257261414,1.946058091286307,1.2406639004149378,3.029045643153527,1.4937759336099585,1.7053941908713692,1.3070539419087137,89
1004032.6058091286,2005.759336099585,42.211618257261414,1.946058091286307,1.2406639004149378,3.029045643153527,1.4937759336099585,1.7053941908713692,1.3070539419087137,110
1004032.6058091286,2005.759336099585,42.211618257261414,1.946058091286307,1.2406639004149378,3.029045643153527,1.4937759336099585,1.7053941908713692,1.3070539419087137,112
1004032.6058091286,2005.759336099585,42.211618257261414,1.946058091286307,1.2406639004149378,3.029045643153527,1.4937759336099585,1.7053941908713692,1.3070539419087137,88
1004032.6058091286,2005.759336099585,42.211618257261414,1.946058091286307,1.2406639004149378,3.029045643153527,1.4937759336099585,1.7053941908713692,1.3070539419087137,61
1004032.6058091286,2005.759336099585,42.211618257261414,1.946058091286307,1.2406639004149378,3.029045643153527,1.4937759336099585,1.7053941908713692,1.3070539419087137,117
1004032.6058091286,2005.759336099585,42.211618257261414,1.946058091286307,1.2406639004149378,3.029045643153527,1.4937759336099585,1.7053941908713692,1.3070539419087137,115
1004032.6058091286,2005.759336099585,42.211618257261414,1.946058091286307,1.2406639004149378,3.029045643153527,1.4937759336099585,1.7053941908713692,1.3070539419087137,169
1004032.6058091286,2005.759336099585,42.211618257261414,1.946058091286307,1.2406639004149378,3.029045643153527,1.4937759336099585,1.7053941908713692,1.3070539419087137,94
1004032.6058091286,2005.759336099585,42.211618257261414,1.946058091286307,1.2406639004149378,3.029045643153527,1.4937759336099585,1.7053941908713692,1.3070539419087137,99
1004032.6058091286,2005.759336099585,42.211618257261414,1.946058091286307,1.2406639004149378,3.029045643153527,1.4937759336099585,1.7053941908713692,1.3070539419087137,56
1004032.6058091286,2005.759336099585,42.211618257261414,1.946058091286307,1.2406639004149378,3.029045643153527,1.4937759336099585,1.7053941908713692,1.3070539419087137,142
1004032.6058091286,2005.759336099585,42.211618257261414,1.946058091286307,1.2406639004149378,3.029045643153527,1.4937759336099585,1.7053941908713692,1.3070539419087137,165
1004032.6058091286,2005.759336099585,42.211618257261414,1.946058091286307,1.2406639004149378,3.029045643153527,1.4937759336099585,1.7053941908713692,1.3070539419087137,88
1004032.6058091286,2005.759336099585,42.211618257261414,1.946058091286307,1.2406639004149378,3.029045643153527,1.4937759336099585,1.7053941908713692,1.3070539419087137,150
978029.6744186047,2005.7519379844962,42.457364341085274,1.9224806201550388,1.2403100775193798,2.9844961240310077,1.4883720930232558,1.744186046511628,1.248062015503876,110
978029.6744186047,2005.7519379844962,42.457364341085274,1.9224806201550388,1.2403100775193798,2.9844961240310077,1.4883720930232558,1.744186046511628,1.248062015503876,115
978029.6744186047,2005.7519379844962,42.457364341085274,1.9224806201550388,1.2403100775193798,2.9844961240310077,1.4883720930232558,1.744186046511628,1.248062015503876,109
978029.6744186047,2005.7519379844962,42.457364341085274,1.9224806201550388,1.2403100775193798,2.9844961240310077,1.4883720930232558,1.744186046511628,1.248062015503876,97
978029.6744186047,2005.7519379844962,42.457364341085274,1.9224806201550388,1.2403100775193798,2.9844961240310077,1.4883720930232558,1.744186046511628,1.248062015503876,93
978029.6744186047,2005.7519379844962,42.457364341085274,1.9224806201550388,1.2403100775193798,2.9844961240310077,1.4883720930232558,1.744186046511628,1.248062015503876,148
978029.6744186047,2005.7519379844962,42.457364341085274,1.9224806201550388,1.2403100775193798,2.9844961240310077,1.4883720930232558,1.744186046511628,1.248062015503876,75
978029.6744186047,2005.7519379844962,42.457364341085274,1.9224806201550388,1.2403100775193798,2.9844961240310077,1.4883720930232558,1.744186046511628,1.248062015503876,127
978029.6744186047,2005.7519379844962,42.457364341085274,1.9224806201550388,1.2403100775193798,2.9844961240310077,1.4883720930232558,1.744186046511628,1.248062015503876,166
978029.6744186047,2005.7519379844962,42.457364341085274,1.9224806201550388,1.2403100775193798,2.9844961240310077,1.4883720930232558,1.744186046511628,1.248062015503876,105
978029.6744186047,2005.7519379844962,42.457364341085274,1.9224806201550388,1.2403100775193798,2.9844961240310077,1.4883720930232558,1.744186046511628,1.248062015503876,114
978029.6744186047,2005.7519379844962,42.457364341085274,1.9224806201550388,1.2403100775193798,2.9844961240310077,1.4883720930232558,1.744186046511628,1.248062015503876,88
978029.6744186047,2005.7519379844962,42.457364341085274,1.9224806201550388,1.2403100775193798,2.9844961240310077,1.4883720930232558,1.744186046511628,1.248062015503876,133
978029.6744186047,2005.7519379844962,42.457364341085274,1.9224806201550388,1.2403100775193798,2.9844961240310077,1.4883720930232558,1.744186046511628,1.248062015503876,81
978029.6744186047,2005.7519379844962,42.457364341085274,1.9224806201550388,1.2403100775193798,2.9844961240310077,1.4883720930232558,1.744186046511628,1.248062015503876,100
978029.6744186047,2005.7519379844962,42.457364341085274,1.9224806201550388,1.2403100775193798,2.9844961240310077,1.4883720930232558,1.744186046511628,1.248062015503876,94
978029.6744186047,2005.7519379844962,42.457364341085274,1.9224806201550388,1.2403100775193798,2.9844961240310077,1.4883720930232558,1.744186046511628,1.248062015503876,142
978029.6744186047,2005.7519379844962,42.457364341085274,1.9224806201550388,1.2403100775193798,2.9844961240310077,1.4883720930232558,1.744186046511628,1.248062015503876,74
978029.6744186047,2005.7519379844962,42.457364341085274,1.9224806201550388,1.2403100775193798,2.9844961240310077,1.4883720930232558,1.744186046511628,1.248062015503876,119
978029.6744186047,2005.7519379844962,42.457364341085274,1.9224806201550388,1.2403100775193798,2.9844961240310077,1.4883720930232558,1.744186046511628,1.248062015503876,103
978029.6744186047,2005.7519379844962,42.457364341085274,1.9224806201550388,1.2403100775193798,2.9844961240310077,1.4883720930232558,1.744186046511628,1.248062015503876,70
978029.6744186047,2005.7519379844962,42.457364341085274,1.9224806201550388,1.2403100775193798,2.9844961240310077,1.4883720930232558,1.744186046511628,1.248062015503876,135
978029.6744186047,2005.7519379844962,42.457364341085274,1.9224806201550388,1.2403100775193798,2.9844961240310077,1.4883720930232558,1.744186046511628,1.248062015503876,101
978029.6744186047,2005.7519379844962,42.457364341085274,1.9224806201550388,1.2403100775193798,2.9844961240310077,1.4883720930232558,1.744186046511628,1.248062015503876,84
978029.6744186047,2005.7519379844962,42.457364341085274,1.9224806201550388,1.2403100775193798,2.9844961240310077,1.4883720930232558,1.744186046511628,1.248062015503876,135
978029.6744186047,2005.7519379844962,42.457364341085274,1.9224806201550388,1.2403100775193798,2.9844961240310077,1.4883720930232558,1.744186046511628,1.248062015503876,155
978029.6744186047,2005.7519379844962,42.457364341085274,1.9224806201550388,1.2403100775193798,2.9844961240310077,1.4883720930232558,1.744186046511628,1.248062015503876,100
978029.6744186047,2005.7519379844962,42.457364341085274,1.9224806201550388,1.2403100775193798,2.9844961240310077,1.4883720930232558,1.744186046511628,1.248062015503876,92
978029.6744186047,2005.7519379844962,42.457364341085274,1.9224806201550388,1.2403100775193798,2.9844961240310077,1.4883720930232558,1.744186046511628,1.248062015503876,77
978029.6744186047,2005.7519379844962,42.457364341085274,1.9224806201550388,1.2403100775193798,2.9844961240310077,1.4883720930232558,1.744186046511628,1.248062015503876,121
978029.6744186047,2005.7519379844962,42.457364341085274,1.9224806201550388,1.2403100775193798,2.9844961240310077,1.4883720930232558,1.744186046511628,1.248062015503876,129
978029.6744186047,2005.7519379844962,42.457364341085274,1.9224806201550388,1.2403100775193798,2.9844961240310077,1.4883720930232558,1.744186046511628,1.248062015503876,148
978029.6744186047,2005.7519379844962,42.457364341085274,1.9224806201550388,1.2403100775193798,2.9844961240310077,1.4883720930232558,1.744186046511628,1.248062015503876,114
978029.6744186047,2005.7519379844962,42.457364341085274,1.9224806201550388,1.2403100775193798,2.9844961240310077,1.4883720930232558,1.744186046511628,1.248062015503876,119
978029.6744186047,2005.7519379844962,42.457364341085274,1.9224806201550388,1.2403100775193798,2.9844961240310077,1.4883720930232558,1.744186046511628,1.248062015503876,97
978029.6744186047,2005.7519379844962,42.457364341085274,1.9224806201550388,1.2403100775193798,2.9844961240310077,1.4883720930232558,1.744186046511628,1.248062015503876,69
978029.6744186047,2005.7519379844962,42.457364341085274,1.9224806201550388,1.2403100775193798,2.9844961240310077,1.4883720930232558,1.744186046511628,1.248062015503876,74
978029.6744186047,2005.7519379844962,42.457364341085274,1.9224806201550388,1.2403100775193798,2.9844961240310077,1.4883720930232558,1.744186046511628,1.248062015503876,105
978029.6744186047,2005.7519379844962,42.457364341085274,1.9224806201550388,1.2403100775193798,2.9844961240310077,1.4883720930232558,1.744186046511628,1.248062015503876,70
978029.6744186047,2005.7519379844962,42.457364341085274,1.9224806201550388,1.2403100775193798,2.9844961240310077,1.4883720930232558,1.744186046511628,1.248062015503876,123
978029.6744186047,2005.7519379844962,42.457364341085274,1.9224806201550388,1.2403100775193798,2.9844961240310077,1.4883720930232558,1.744186046511628,1.248062015503876,127
978029.6744186047,2005.7519379844962,42.457364341085274,1.9224806201550388,1.2403100775193798,2.9844961240310077,1.4883720930232558,1.744186046511628,1.248062015503876,88
978029.6744186047,2005.7519379844962,42.457364341085274,1.9224806201550388,1.2403100775193798,2.9844961240310077,1.4883720930232558,1.744186046511628,1.248062015503876,142
978029.6744186047,2005.7519379844962,42.457364341085274,1.9224806201550388,1.2403100775193798,2.9844961240310077,1.4883720930232558,1.744186046511628,1.248062015503876,110
978029.6744186047,2005.7519379844962,42.457364341085274,1.9224806201550388,1.2403100775193798,2.9844961240310077,1.4883720930232558,1.744186046511628,1.248062015503876,81
978029.6744186047,2005.7519379844962,42.457364341085274,1.9224806201550388,1.2403100775193798,2.9844961240310077,1.4883720930232558,1.744186046511628,1.248062015503876,123
978029.6744186047,2005.7519379844962,42.457364341085274,1.9224806201550388,1.2403100775193798,2.9844961240310077,1.4883720930232558,1.744186046511628,1.248062015503876,131
978029.6744186047,2005.7519379844962,42.457364341085274,1.9224806201550388,1.2403100775193798,2.9844961240310077,1.4883720930232558,1.744186046511628,1.248062015503876,81
978029.6744186047,2005.7519379844962,42.457364341085274,1.9224806201550388,1.2403100775193798,2.9844961240310077,1.4883720930232558,1.744186046511628,1.248062015503876,77
978029.6744186047,2005.7519379844962,42.457364341085274,1.9224806201550388,1.2403100775193798,2.9844961240310077,1.4883720930232558,1.744186046511628,1.248062015503876,110
978029.6744186047,2005.7519379844962,42.457364341085274,1.9224806201550388,1.2403100775193798,2.9844961240310077,1.4883720930232558,1.744186046511628,1.248062015503876,148
978029.6744186047,2005.7519379844962,42.457364341085274,1.9224806201550388,1.2403100775193798,2.9844961240310077,1.4883720930232558,1.744186046511628,1.248062015503876,126
978029.6744186047,2005.7519379844962,42.457364341085274,1.9224806201550388,1.2403100775193798,2.9844961240310077,1.4883720930232558,1.744186046511628,1.248062015503876,119
978029.6744186047,2005.7519379844962,42.457364341085274,1.9224806201550388,1.2403100775193798,2.9844961240310077,1.4883720930232558,1.744186046511628,1.248062015503876,127
978029.6744186047,2005.7519379844962,42.457364341085274,1.9224806201550388,1.2403100775193798,2.9844961240310077,1.4883720930232558,1.744186046511628,1.248062015503876,100
978029.6744186047,2005.7519379844962,42.457364341085274,1.9224806201550388,1.2403100775193798,2.9844961240310077,1.4883720930232558,1.744186046511628,1.248062015503876,114
978029.6744186047,2005.7519379844962,42.457364341085274,1.9224806201550388,1.2403100775193798,2.9844961240310077,1.4883720930232558,1.744186046511628,1.248062015503876,145
978029.6744186047,2005.7519379844962,42.457364341085274,1.9224806201550388,1.2403100775193798,2.9844961240310077,1.4883720930232558,1.744186046511628,1.248062015503876,94
978029.6744186047,2005.7519379844962,42.457364341085274,1.9224806201550388,1.2403100775193798,2.9844961240310077,1.4883720930232558,1.744186046511628,1.248062015503876,88
978029.6744186047,2005.7519379844962,42.457364341085274,1.9224806201550388,1.2403100775193798,2.9844961240310077,1.4883720930232558,1.744186046511628,1.248062015503876,74
978029.6744186047,2005.7519379844962,42.457364341085274,1.9224806201550388,1.2403100775193798,2.9844961240310077,1.4883720930232558,1.744186046511628,1.248062015503876,129
978029.6744186047,2005.7519379844962,42.457364341085274,1.9224806201550388,1.2403100775193798,2.9844961240310077,1.4883720930232558,1.744186046511628,1.248062015503876,72
978029.6744186047,2005.7519379844962,42.457364341085274,1.9224806201550388,1.2403100775193798,2.9844961240310077,1.4883720930232558,1.744186046511628,1.248062015503876,88
978029.6744186047,2005.7519379844962,42.457364341085274,1.9224806201550388,1.2403100775193798,2.9844961240310077,1.4883720930232558,1.744186046511628,1.248062015503876,110
978029.6744186047,2005.7519379844962,42.457364341085274,1.9224806201550388,1.2403100775193798,2.9844961240310077,1.4883720930232558,1.744186046511628,1.248062015503876,177
978029.6744186047,2005.7519379844962,42.457364341085274,1.9224806201550388,1.2403100775193798,2.9844961240310077,1.4883720930232558,1.744186046511628,1.248062015503876,119
978029.6744186047,2005.7519379844962,42.457364341085274,1.9224806201550388,1.2403100775193798,2.9844961240310077,1.4883720930232558,1.744186046511628,1.248062015503876,90
978029.6744186047,2005.7519379844962,42.457364341085274,1.9224806201550388,1.2403100775193798,2.9844961240310077,1.4883720930232558,1.744186046511628,1.248062015503876,114
978029.6744186047,2005.7519379844962,42.457364341085274,1.9224806201550388,1.2403100775193798,2.9844961240310077,1.4883720930232558,1.744186046511628,1.248062015503876,83
978029.6744186047,2005.7519379844962,42.457364341085274,1.9224806201550388,1.2403100775193798,2.9844961240310077,1.4883720930232558,1.744186046511628,1.248062015503876,74
978029.6744186047,2005.7519379844962,42.457364341085274,1.9224806201550388,1.2403100775193798,2.9844961240310077,1.4883720930232558,1.744186046511628,1.248062015503876,89
978029.6744186047,2005.7519379844962,42.457364341085274,1.9224806201550388,1.2403100775193798,2.9844961240310077,1.4883720930232558,1.744186046511628,1.248062015503876,131
978029.6744186047,2005.7519379844962,42.457364341085274,1.9224806201550388,1.2403100775193798,2.9844961240310077,1.4883720930232558,1.744186046511628,1.248062015503876,65
978029.6744186047,2005.7519379844962,42.457364341085274,1.9224806201550388,1.2403100775193798,2.9844961240310077,1.4883720930232558,1.744186046511628,1.248062015503876,278
978029.6744186047,2005.7519379844962,42.457364341085274,1.9224806201550388,1.2403100775193798,2.9844961240310077,1.4883720930232558,1.744186046511628,1.248062015503876,88
978029.6744186047,2005.7519379844962,42.457364341085274,1.9224806201550388,1.2403100775193798,2.9844961240310077,1.4883720930232558,1.744186046511628,1.248062015503876,94
978029.6744186047,2005.7519379844962,42.457364341085274,1.9224806201550388,1.2403100775193798,2.9844961240310077,1.4883720930232558,1.744186046511628,1.248062015503876,80
978029.6744186047,2005.7519379844962,42.457364341085274,1.9224806201550388,1.2403100775193798,2.9844961240310077,1.4883720930232558,1.744186046511628,1.248062015503876,102
978029.6744186047,2005.7519379844962,42.457364341085274,1.9224806201550388,1.2403100775193798,2.9844961240310077,1.4883720930232558,1.744186046511628,1.248062015503876,161
978029.6744186047,2005.7519379844962,42.457364341085274,1.9224806201550388,1.2403100775193798,2.9844961240310077,1.4883720930232558,1.744186046511628,1.248062015503876,81
978029.6744186047,2005.7519379844962,42.457364341085274,1.9224806201550388,1.2403100775193798,2.9844961240310077,1.4883720930232558,1.744186046511628,1.248062015503876,100
978029.6744186047,2005.7519379844962,42.457364341085274,1.9224806201550388,1.2403100775193798,2.9844961240310077,1.4883720930232558,1.744186046511628,1.248062015503876,119
978029.6744186047,2005.7519379844962,42.457364341085274,1.9224806201550388,1.2403100775193798,2.9844961240310077,1.4883720930232558,1.744186046511628,1.248062015503876,59
978029.6744186047,2005.7519379844962,42.457364341085274,1.9224806201550388,1.2403100775193798,2.9844961240310077,1.4883720930232558,1.744186046511628,1.248062015503876,55
978029.6744186047,2005.7519379844962,42.457364341085274,1.9224806201550388,1.2403100775193798,2.9844961240310077,1.4883720930232558,1.744186046511628,1.248062015503876,148
978029.6744186047,2005.7519379844962,42.457364341085274,1.9224806201550388,1.2403100775193798,2.9844961240310077,1.4883720930232558,1.744186046511628,1.248062015503876,81
978029.6744186047,2005.7519379844962,42.457364341085274,1.9224806201550388,1.2403100775193798,2.9844961240310077,1.4883720930232558,1.744186046511628,1.248062015503876,89
978029.6744186047,2005.7519379844962,42.457364341085274,1.9224806201550388,1.2403100775193798,2.9844961240310077,1.4883720930232558,1.744186046511628,1.248062015503876,119
978029.6744186047,2005.7519379844962,42.457364341085274,1.9224806201550388,1.2403100775193798,2.9844961240310077,1.4883720930232558,1.744186046511628,1.248062015503876,268
978029.6744186047,2005.7519379844962,42.457364341085274,1.9224806201550388,1.2403100775193798,2.9844961240310077,1.4883720930232558,1.744186046511628,1.248062015503876,161
978029.6744186047,2005.7519379844962,42.457364341085274,1.9224806201550388,1.2403100775193798,2.9844961240310077,1.4883720930232558,1.744186046511628,1.248062015503876,110
978029.6744186047,2005.7519379844962,42.457364341085274,1.9224806201550388,1.2403100775193798,2.9844961240310077,1.4883720930232558,1.744186046511628,1.248062015503876,131
978029.6744186047,2005.7519379844962,42.457364341085274,1.9224806201550388,1.2403100775193798,2.9844961240310077,1.4883720930232558,1.744186046511628,1.248062015503876,88
978029.6744186047,2005.7519379844962,42.457364341085274,1.9224806201550388,1.2403100775193798,2.9844961240310077,1.4883720930232558,1.744186046511628,1.248062015503876,138
978029.6744186047,2005.7519379844962,42.457364341085274,1.9224806201550388,1.2403100775193798,2.9844961240310077,1.4883720930232558,1.744186046511628,1.248062015503876,65
978029.6744186047,2005.7519379844962,42.457364341085274,1.9224806201550388,1.2403100775193798,2.9844961240310077,1.4883720930232558,1.744186046511628,1.248062015503876,85
978029.6744186047,2005.7519379844962,42.457364341085274,1.9224806201550388,1.2403100775193798,2.9844961240310077,1.4883720930232558,1.744186046511628,1.248062015503876,95
978029.6744186047,2005.7519379844962,42.457364341085274,1.9224806201550388,1.2403100775193798,2.9844961240310077,1.4883720930232558,1.744186046511628,1.248062015503876,105
978029.6744186047,2005.7519379844962,42.457364341085274,1.9224806201550388,1.2403100775193798,2.9844961240310077,1.4883720930232558,1.744186046511628,1.248062015503876,177
978029.6744186047,2005.7519379844962,42.457364341085274,1.9224806201550388,1.2403100775193798,2.9844961240310077,1.4883720930232558,1.744186046511628,1.248062015503876,80
978029.6744186047,2005.7519379844962,42.457364341085274,1.9224806201550388,1.2403100775193798,2.9844961240310077,1.4883720930232558,1.744186046511628,1.248062015503876,94
978029.6744186047,2005.7519379844962,42.457364341085274,1.9224806201550388,1.2403100775193798,2.9844961240310077,1.4883720930232558,1.744186046511628,1.248062015503876,102
978029.6744186047,2005.7519379844962,42.457364341085274,1.9224806201550388,1.2403100775193798,2.9844961240310077,1.4883720930232558,1.744186046511628,1.248062015503876,78
978029.6744186047,2005.7519379844962,42.457364341085274,1.9224806201550388,1.2403100775193798,2.9844961240310077,1.4883720930232558,1.744186046511628,1.248062015503876,201
978029.6744186047,2005.7519379844962,42.457364341085274,1.9224806201550388,1.2403100775193798,2.9844961240310077,1.4883720930232558,1.744186046511628,1.248062015503876,100
978029.6744186047,2005.7519379844962,42.457364341085274,1.9224806201550388,1.2403100775193798,2.9844961240310077,1.4883720930232558,1.744186046511628,1.248062015503876,112
978029.6744186047,2005.7519379844962,42.457364341085274,1.9224806201550388,1.2403100775193798,2.9844961240310077,1.4883720930232558,1.744186046511628,1.248062015503876,106
978029.6744186047,2005.7519379844962,42.457364341085274,1.9224806201550388,1.2403100775193798,2.9844961240310077,1.4883720930232558,1.744186046511628,1.248062015503876,90
978029.6744186047,2005.7519379844962,42.457364341085274,1.9224806201550388,1.2403100775193798,2.9844961240310077,1.4883720930232558,1.744186046511628,1.248062015503876,83
978029.6744186047,2005.7519379844962,42.457364341085274,1.9224806201550388,1.2403100775193798,2.9844961240310077,1.4883720930232558,1.744186046511628,1.248062015503876,75
978029.6744186047,2005.7519379844962,42.457364341085274,1.9224806201550388,1.2403100775193798,2.9844961240310077,1.4883720930232558,1.744186046511628,1.248062015503876,105
978029.6744186047,2005.7519379844962,42.457364341085274,1.9224806201550388,1.2403100775193798,2.9844961240310077,1.4883720930232558,1.744186046511628,1.248062015503876,95
978029.6744186047,2005.7519379844962,42.457364341085274,1.9224806201550388,1.2403100775193798,2.9844961240310077,1.4883720930232558,1.744186046511628,1.248062015503876,104
978029.6744186047,2005.7519379844962,42.457364341085274,1.9224806201550388,1.2403100775193798,2.9844961240310077,1.4883720930232558,1.744186046511628,1.248062015503876,94
978029.6744186047,2005.7519379844962,42.457364341085274,1.9224806201550388,1.2403100775193798,2.9844961240310077,1.4883720930232558,1.744186046511628,1.248062015503876,112
978029.6744186047,2005.7519379844962,42.457364341085274,1.9224806201550388,1.2403100775193798,2.9844961240310077,1.4883720930232558,1.744186046511628,1.248062015503876,117
978029.6744186047,2005.7519379844962,42.457364341085274,1.9224806201550388,1.2403100775193798,2.9844961240310077,1.4883720930232558,1.744186046511628,1.248062015503876,87
978029.6744186047,2005.7519379844962,42.457364341085274,1.9224806201550388,1.2403100775193798,2.9844961240310077,1.4883720930232558,1.744186046511628,1.248062015503876,119
978029.6744186047,2005.7519379844962,42.457364341085274,1.9224806201550388,1.2403100775193798,2.9844961240310077,1.4883720930232558,1.744186046511628,1.248062015503876,108
978029.6744186047,2005.7519379844962,42.457364341085274,1.9224806201550388,1.2403100775193798,2.9844961240310077,1.4883720930232558,1.744186046511628,1.248062015503876,135
978029.6744186047,2005.7519379844962,42.457364341085274,1.9224806201550388,1.2403100775193798,2.9844961240310077,1.4883720930232558,1.744186046511628,1.248062015503876,107
978029.6744186047,2005.7519379844962,42.457364341085274,1.9224806201550388,1.2403100775193798,2.9844961240310077,1.4883720930232558,1.744186046511628,1.248062015503876,100
978029.6744186047,2005.7519379844962,42.457364341085274,1.9224806201550388,1.2403100775193798,2.9844961240310077,1.4883720930232558,1.744186046511628,1.248062015503876,148
978029.6744186047,2005.7519379844962,42.457364341085274,1.9224806201550388,1.2403100775193798,2.9844961240310077,1.4883720930232558,1.744186046511628,1.248062015503876,96
978029.6744186047,2005.7519379844962,42.457364341085274,1.9224806201550388,1.2403100775193798,2.9844961240310077,1.4883720930232558,1.744186046511628,1.248062015503876,88
978029.6744186047,2005.7519379844962,42.457364341085274,1.9224806201550388,1.2403100775193798,2.9844961240310077,1.4883720930232558,1.744186046511628,1.248062015503876,81
978029.6744186047,2005.7519379844962,42.457364341085274,1.9224806201550388,1.2403100775193798,2.9844961240310077,1.4883720930232558,1.744186046511628,1.248062015503876,110
978029.6744186047,2005.7519379844962,42.457364341085274,1.9224806201550388,1.2403100775193798,2.9844961240310077,1.4883720930232558,1.744186046511628,1.248062015503876,85
978029.6744186047,2005.7519379844962,42.457364341085274,1.9224806201550388,1.2403100775193798,2.9844961240310077,1.4883720930232558,1.744186046511628,1.248062015503876,100
1198280.0925925926,2005.7037037037037,41.666666666666664,1.9444444444444444,1.462962962962963,3.1666666666666665,1.537037037037037,1.8333333333333333,1.3148148148148149,119
1198280.0925925926,2005.7037037037037,41.666666666666664,1.9444444444444444,1.462962962962963,3.1666666666666665,1.537037037037037,1.8333333333333333,1.3148148148148149,135
1198280.0925925926,2005.7037037037037,41.666666666666664,1.9444444444444444,1.462962962962963,3.1666666666666665,1.537037037037037,1.8333333333333333,1.3148148148148149,100
1198280.0925925926,2005.7037037037037,41.666666666666664,1.9444444444444444,1.462962962962963,3.1666666666666665,1.537037037037037,1.8333333333333333,1.3148148148148149,81
1198280.0925925926,2005.7037037037037,41.666666666666664,1.9444444444444444,1.462962962962963,3.1666666666666665,1.537037037037037,1.8333333333333333,1.3148148148148149,108
1198280.0925925926,2005.7037037037037,41.666666666666664,1.9444444444444444,1.462962962962963,3.1666666666666665,1.537037037037037,1.8333333333333333,1.3148148148148149,117
1198280.0925925926,2005.7037037037037,41.666666666666664,1.9444444444444444,1.462962962962963,3.1666666666666665,1.537037037037037,1.8333333333333333,1.3148148148148149,110
1198280.0925925926,2005.7037037037037,41.666666666666664,1.9444444444444444,1.462962962962963,3.1666666666666665,1.537037037037037,1.8333333333333333,1.3148148148148149,93
1198280.0925925926,2005.7037037037037,41.666666666666664,1.9444444444444444,1.462962962962963,3.1666666666666665,1.537037037037037,1.8333333333333333,1.3148148148148149,94
1198280.0925925926,2005.7037037037037,41.666666666666664,1.9444444444444444,1.462962962962963,3.1666666666666665,1.537037037037037,1.8333333333333333,1.3148148148148149,114
1198280.0925925926,2005.7037037037037,41.666666666666664,1.9444444444444444,1.462962962962963,3.1666666666666665,1.537037037037037,1.8333333333333333,1.3148148148148149,100
1198280.0925925926,2005.7037037037037,41.666666666666664,1.9444444444444444,1.462962962962963,3.1666666666666665,1.537037037037037,1.8333333333333333,1.3148148148148149,65
1198280.0925925926,2005.7037037037037,41.666666666666664,1.9444444444444444,1.462962962962963,3.1666666666666665,1.537037037037037,1.8333333333333333,1.3148148148148149,89
1198280.0925925926,2005.7037037037037,41.666666666666664,1.9444444444444444,1.462962962962963,3.1666666666666665,1.537037037037037,1.8333333333333333,1.3148148148148149,90
1198280.0925925926,2005.7037037037037,41.666666666666664,1.9444444444444444,1.462962962962963,3.1666666666666665,1.537037037037037,1.8333333333333333,1.3148148148148149,80
1198280.0925925926,2005.7037037037037,41.666666666666664,1.9444444444444444,1.462962962962963,3.1666666666666665,1.537037037037037,1.8333333333333333,1.3148148148148149,81
1198280.0925925926,2005.7037037037037,41.666666666666664,1.9444444444444444,1.462962962962963,3.1666666666666665,1.537037037037037,1.8333333333333333,1.3148148148148149,161
1198280.0925925926,2005.7037037037037,41.666666666666664,1.9444444444444444,1.462962962962963,3.1666666666666665,1.537037037037037,1.8333333333333333,1.3148148148148149,177
1198280.0925925926,2005.7037037037037,41.666666666666664,1.9444444444444444,1.462962962962963,3.1666666666666665,1.537037037037037,1.8333333333333333,1.3148148148148149,110
1198280.0925925926,2005.7037037037037,41.666666666666664,1.9444444444444444,1.462962962962963,3.1666666666666665,1.537037037037037,1.8333333333333333,1.3148148148148149,129
1198280.0925925926,2005.7037037037037,41.666666666666664,1.9444444444444444,1.462962962962963,3.1666666666666665,1.537037037037037,1.8333333333333333,1.3148148148148149,119
1198280.0925925926,2005.7037037037037,41.666666666666664,1.9444444444444444,1.462962962962963,3.1666666666666665,1.537037037037037,1.8333333333333333,1.3148148148148149,88
1198280.0925925926,2005.7037037037037,41.666666666666664,1.9444444444444444,1.462962962962963,3.1666666666666665,1.537037037037037,1.8333333333333333,1.3148148148148149,74
1198280.0925925926,2005.7037037037037,41.666666666666664,1.9444444444444444,1.462962962962963,3.1666666666666665,1.537037037037037,1.8333333333333333,1.3148148148148149,88
1198280.0925925926,2005.7037037037037,41.666666666666664,1.9444444444444444,1.462962962962963,3.1666666666666665,1.537037037037037,1.8333333333333333,1.3148148148148149,74
1198280.0925925926,2005.7037037037037,41.666666666666664,1.9444444444444444,1.462962962962963,3.1666666666666665,1.537037037037037,1.8333333333333333,1.3148148148148149,92
1198280.0925925926,2005.7037037037037,41.666666666666664,1.9444444444444444,1.462962962962963,3.1666666666666665,1.537037037037037,1.8333333333333333,1.3148148148148149,100
1198280.0925925926,2005.7037037037037,41.666666666666664,1.9444444444444444,1.462962962962963,3.1666666666666665,1.537037037037037,1.8333333333333333,1.3148148148148149,105
1198280.0925925926,2005.7037037037037,41.666666666666664,1.9444444444444444,1.462962962962963,3.1666666666666665,1.537037037037037,1.8333333333333333,1.3148148148148149,110
1198280.0925925926,2005.7037037037037,41.666666666666664,1.9444444444444444,1.462962962962963,3.1666666666666665,1.537037037037037,1.8333333333333333,1.3148148148148149,112
1198280.0925925926,2005.7037037037037,41.666666666666664,1.9444444444444444,1.462962962962963,3.1666666666666665,1.537037037037037,1.8333333333333333,1.3148148148148149,70
1198280.0925925926,2005.7037037037037,41.666666666666664,1.9444444444444444,1.462962962962963,3.1666666666666665,1.537037037037037,1.8333333333333333,1.3148148148148149,85
1198280.0925925926,2005.7037037037037,41.666666666666664,1.9444444444444444,1.462962962962963,3.1666666666666665,1.537037037037037,1.8333333333333333,1.3148148148148149,94
1198280.0925925926,2005.7037037037037,41.666666666666664,1.9444444444444444,1.462962962962963,3.1666666666666665,1.537037037037037,1.8333333333333333,1.3148148148148149,95
1198280.0925925926,2005.7037037037037,41.666666666666664,1.9444444444444444,1.462962962962963,3.1666666666666665,1.537037037037037,1.8333333333333333,1.3148148148148149,114
1198280.0925925926,2005.7037037037037,41.666666666666664,1.9444444444444444,1.462962962962963,3.1666666666666665,1.537037037037037,1.8333333333333333,1.3148148148148149,81
1198280.0925925926,2005.7037037037037,41.666666666666664,1.9444444444444444,1.462962962962963,3.1666666666666665,1.537037037037037,1.8333333333333333,1.3148148148148149,131
1198280.0925925926,2005.7037037037037,41.666666666666664,1.9444444444444444,1.462962962962963,3.1666666666666665,1.537037037037037,1.8333333333333333,1.3148148148148149,127
1198280.0925925926,2005.7037037037037,41.666666666666664,1.9444444444444444,1.462962962962963,3.1666666666666665,1.537037037037037,1.8333333333333333,1.3148148148148149,100
1198280.0925925926,2005.7037037037037,41.666666666666664,1.9444444444444444,1.462962962962963,3.1666666666666665,1.537037037037037,1.8333333333333333,1.3148148148148149,75
1198280.0925925926,2005.7037037037037,41.666666666666664,1.9444444444444444,1.462962962962963,3.1666666666666665,1.537037037037037,1.8333333333333333,1.3148148148148149,105
1198280.0925925926,2005.7037037037037,41.666666666666664,1.9444444444444444,1.462962962962963,3.1666666666666665,1.537037037037037,1.8333333333333333,1.3148148148148149,88
1198280.0925925926,2005.7037037037037,41.666666666666664,1.9444444444444444,1.462962962962963,3.1666666666666665,1.537037037037037,1.8333333333333333,1.3148148148148149,148
1198280.0925925926,2005.7037037037037,41.666666666666664,1.9444444444444444,1.462962962962963,3.1666666666666665,1.537037037037037,1.8333333333333333,1.3148148148148149,83
1198280.0925925926,2005.7037037037037,41.666666666666664,1.9444444444444444,1.462962962962963,3.1666666666666665,1.537037037037037,1.8333333333333333,1.3148148148148149,102
1198280.0925925926,2005.7037037037037,41.666666666666664,1.9444444444444444,1.462962962962963,3.1666666666666665,1.537037037037037,1.8333333333333333,1.3148148148148149,127
1198280.0925925926,2005.7037037037037,41.666666666666664,1.9444444444444444,1.462962962962963,3.1666666666666665,1.537037037037037,1.8333333333333333,1.3148148148148149,148
1198280.0925925926,2005.7037037037037,41.666666666666664,1.9444444444444444,1.462962962962963,3.1666666666666665,1.537037037037037,1.8333333333333333,1.3148148148148149,119
1198280.0925925926,2005.7037037037037,41.666666666666664,1.9444444444444444,1.462962962962963,3.1666666666666665,1.537037037037037,1.8333333333333333,1.3148148148148149,142
1198280.0925925926,2005.7037037037037,41.666666666666664,1.9444444444444444,1.462962962962963,3.1666666666666665,1.537037037037037,1.8333333333333333,1.3148148148148149,97
1198280.0925925926,2005.7037037037037,41.666666666666664,1.9444444444444444,1.462962962962963,3.1666666666666665,1.537037037037037,1.8333333333333333,1.3148148148148149,123
1198280.0925925926,2005.7037037037037,41.666666666666664,1.9444444444444444,1.462962962962963,3.1666666666666665,1.537037037037037,1.8333333333333333,1.3148148148148149,138
1198280.0925925926,2005.7037037037037,41.666666666666664,1.9444444444444444,1.462962962962963,3.1666666666666665,1.537037037037037,1.8333333333333333,1.3148148148148149,119
1198280.0925925926,2005.7037037037037,41.666666666666664,1.9444444444444444,1.462962962962963,3.1666666666666665,1.537037037037037,1.8333333333333333,1.3148148148148149,77
