1046048.8851851852,2005.9888888888888,42.6,2.0703703703703704,1.2333333333333334,3.085185185185185,1.511111111111111,1.7222222222222223,1.3,73
1046048.8851851852,2005.9888888888888,42.6,2.0703703703703704,1.2333333333333334,3.085185185185185,1.511111111111111,1.7222222222222223,1.3,78
1046048.8851851852,2005.9888888888888,42.6,2.0703703703703704,1.2333333333333334,3.085185185185185,1.511111111111111,1.7222222222222223,1.3,100
1046048.8851851852,2005.9888888888888,42.6,2.0703703703703704,1.2333333333333334,3.085185185185185,1.511111111111111,1.7222222222222223,1.3,135
1046048.8851851852,2005.9888888888888,42.6,2.0703703703703704,1.2333333333333334,3.085185185185185,1.511111111111111,1.7222222222222223,1.3,31
1046048.8851851852,2005.9888888888888,42.6,2.0703703703703704,1.2333333333333334,3.085185185185185,1.511111111111111,1.7222222222222223,1.3,74
1046048.8851851852,2005.9888888888888,42.6,2.0703703703703704,1.2333333333333334,3.085185185185185,1.511111111111111,1.7222222222222223,1.3,119
1046048.8851851852,2005.9888888888888,42.6,2.0703703703703704,1.2333333333333334,3.085185185185185,1.511111111111111,1.7222222222222223,1.3,169
1046048.8851851852,2005.9888888888888,42.6,2.0703703703703704,1.2333333333333334,3.085185185185185,1.511111111111111,1.7222222222222223,1.3,148
1046048.8851851852,2005.9888888888888,42.6,2.0703703703703704,1.2333333333333334,3.085185185185185,1.511111111111111,1.7222222222222223,1.3,138
1046048.8851851852,2005.9888888888888,42.6,2.0703703703703704,1.2333333333333334,3.085185185185185,1.511111111111111,1.7222222222222223,1.3,67
1046048.8851851852,2005.9888888888888,42.6,2.0703703703703704,1.2333333333333334,3.085185185185185,1.511111111111111,1.7222222222222223,1.3,127
1046048.8851851852,2005.9888888888888,42.6,2.0703703703703704,1.2333333333333334,3.085185185185185,1.511111111111111,1.7222222222222223,1.3,150
1046048.8851851852,2005.9888888888888,42.6,2.0703703703703704,1.2333333333333334,3.085185185185185,1.511111111111111,1.7222222222222223,1.3,55
1046048.8851851852,2005.9888888888888,42.6,2.0703703703703704,1.2333333333333334,3.085185185185185,1.511111111111111,1.7222222222222223,1.3,165
1046048.8851851852,2005.9888888888888,42.6,2.0703703703703704,1.2333333333333334,3.085185185185185,1.511111111111111,1.7222222222222223,1.3,201
1046048.8851851852,2005.9888888888888,42.6,2.0703703703703704,1.2333333333333334,3.085185185185185,1.511111111111111,1.7222222222222223,1.3,140
1046048.8851851852,2005.9888888888888,42.6,2.0703703703703704,1.2333333333333334,3.085185185185185,1.511111111111111,1.7222222222222223,1.3,61
1046048.8851851852,2005.9888888888888,42.6,2.0703703703703704,1.2333333333333334,3.085185185185185,1.511111111111111,1.7222222222222223,1.3,110
1046048.8851851852,2005.9888888888888,42.6,2.0703703703703704,1.2333333333333334,3.085185185185185,1.511111111111111,1.7222222222222223,1.3,88
1046048.8851851852,2005.9888888888888,42.6,2.0703703703703704,1.2333333333333334,3.085185185185185,1.511111111111111,1.7222222222222223,1.3,179
1046048.8851851852,2005.9888888888888,42.6,2.0703703703703704,1.2333333333333334,3.085185185185185,1.511111111111111,1.7222222222222223,1.3,89
1046048.8851851852,2005.9888888888888,42.6,2.0703703703703704,1.2333333333333334,3.085185185185185,1.511111111111111,1.7222222222222223,1.3,268
1046048.8851851852,2005.9888888888888,42.6,2.0703703703703704,1.2333333333333334,3.085185185185185,1.511111111111111,1.7222222222222223,1.3,97
1046048.8851851852,2005.9888888888888,42.6,2.0703703703703704,1.2333333333333334,3.085185185185185,1.511111111111111,1.7222222222222223,1.3,85
1046048.8851851852,2005.9888888888888,42.6,2.0703703703703704,1.2333333333333334,3.085185185185185,1.511111111111111,1.7222222222222223,1.3,99
1046048.8851851852,2005.9888888888888,42.6,2.0703703703703704,1.2333333333333334,3.085185185185185,1.511111111111111,1.7222222222222223,1.3,142
1046048.8851851852,2005.9888888888888,42.6,2.0703703703703704,1.2333333333333334,3.085185185185185,1.511111111111111,1.7222222222222223,1.3,81
1046048.8851851852,2005.9888888888888,42.6,2.0703703703703704,1.2333333333333334,3.085185185185185,1.511111111111111,1.7222222222222223,1.3,279
1046048.8851851852,2005.9888888888888,42.6,2.0703703703703704,1.2333333333333334,3.085185185185185,1.511111111111111,1.7222222222222223,1.3,112
1046048.8851851852,2005.9888888888888,42.6,2.0703703703703704,1.2333333333333334,3.085185185185185,1.511111111111111,1.7222222222222223,1.3,134
1046048.8851851852,2005.9888888888888,42.6,2.0703703703703704,1.2333333333333334,3.085185185185185,1.511111111111111,1.7222222222222223,1.3,56
1046048.8851851852,2005.9888888888888,42.6,2.0703703703703704,1.2333333333333334,3.085185185185185,1.511111111111111,1.7222222222222223,1.3,139
1046048.8851851852,2005.9888888888888,42.6,2.0703703703703704,1.2333333333333334,3.085185185185185,1.511111111111111,1.7222222222222223,1.3,94
1046048.8851851852,2005.9888888888888,42.6,2.0703703703703704,1.2333333333333334,3.085185185185185,1.511111111111111,1.7222222222222223,1.3,198
1046048.8851851852,2005.9888888888888,42.6,2.0703703703703704,1.2333333333333334,3.085185185185185,1.511111111111111,1.7222222222222223,1.3,158
1046048.8851851852,2005.9888888888888,42.6,2.0703703703703704,1.2333333333333334,3.085185185185185,1.511111111111111,1.7222222222222223,1.3,27
1046048.8851851852,2005.9888888888888,42.6,2.0703703703703704,1.2333333333333334,3.085185185185185,1.511111111111111,1.7222222222222223,1.3,105
1046048.8851851852,2005.9888888888888,42.6,2.0703703703703704,1.2333333333333334,3.085185185185185,1.511111111111111,1.7222222222222223,1.3,114
1046048.8851851852,2005.9888888888888,42.6,2.0703703703703704,1.2333333333333334,3.085185185185185,1.511111111111111,1.7222222222222223,1.3,110
1046048.8851851852,2005.9888888888888,42.6,2.0703703703703704,1.2333333333333334,3.085185185185185,1.511111111111111,1.7222222222222223,1.3,174
1046048.8851851852,2005.9888888888888,42.6,2.0703703703703704,1.2333333333333334,3.085185185185185,1.511111111111111,1.7222222222222223,1.3,107
1046048.8851851852,2005.9888888888888,42.6,2.0703703703703704,1.2333333333333334,3.085185185185185,1.511111111111111,1.7222222222222223,1.3,88
1046048.8851851852,2005.9888888888888,42.6,2.0703703703703704,1.2333333333333334,3.085185185185185,1.511111111111111,1.7222222222222223,1.3,106
1046048.8851851852,2005.9888888888888,42.6,2.0703703703703704,1.2333333333333334,3.085185185185185,1.511111111111111,1.7222222222222223,1.3,119
1046048.8851851852,2005.9888888888888,42.6,2.0703703703703704,1.2333333333333334,3.085185185185185,1.511111111111111,1.7222222222222223,1.3,100
1046048.8851851852,2005.9888888888888,42.6,2.0703703703703704,1.2333333333333334,3.085185185185185,1.511111111111111,1.7222222222222223,1.3,66
1046048.8851851852,2005.9888888888888,42.6,2.0703703703703704,1.2333333333333334,3.085185185185185,1.511111111111111,1.7222222222222223,1.3,168
1046048.8851851852,2005.9888888888888,42.6,2.0703703703703704,1.2333333333333334,3.085185185185185,1.511111111111111,1.7222222222222223,1.3,59
1046048.8851851852,2005.9888888888888,42.6,2.0703703703703704,1.2333333333333334,3.085185185185185,1.511111111111111,1.7222222222222223,1.3,112
1046048.8851851852,2005.9888888888888,42.6,2.0703703703703704,1.2333333333333334,3.085185185185185,1.511111111111111,1.7222222222222223,1.3,125
1046048.8851851852,2005.9888888888888,42.6,2.0703703703703704,1.2333333333333334,3.085185185185185,1.511111111111111,1.7222222222222223,1.3,106
1046048.8851851852,2005.9888888888888,42.6,2.0703703703703704,1.2333333333333334,3.085185185185185,1.511111111111111,1.7222222222222223,1.3,105
1046048.8851851852,2005.9888888888888,42.6,2.0703703703703704,1.2333333333333334,3.085185185185185,1.511111111111111,1.7222222222222223,1.3,55
1046048.8851851852,2005.9888888888888,42.6,2.0703703703703704,1.2333333333333334,3.085185185185185,1.511111111111111,1.7222222222222223,1.3,176
1046048.8851851852,2005.9888888888888,42.6,2.0703703703703704,1.2333333333333334,3.085185185185185,1.511111111111111,1.7222222222222223,1.3,89
1046048.8851851852,2005.9888888888888,42.6,2.0703703703703704,1.2333333333333334,3.085185185185185,1.511111111111111,1.7222222222222223,1.3,79
1046048.8851851852,2005.9888888888888,42.6,2.0703703703703704,1.2333333333333334,3.085185185185185,1.511111111111111,1.7222222222222223,1.3,100
1046048.8851851852,2005.9888888888888,42.6,2.0703703703703704,1.2333333333333334,3.085185185185185,1.511111111111111,1.7222222222222223,1.3,101
1046048.8851851852,2005.9888888888888,42.6,2.0703703703703704,1.2333333333333334,3.085185185185185,1.511111111111111,1.7222222222222223,1.3,177
1046048.8851851852,2005.9888888888888,42.6,2.0703703703703704,1.2333333333333334,3.085185185185185,1.511111111111111,1.7222222222222223,1.3,170
1046048.8851851852,2005.9888888888888,42.6,2.0703703703703704,1.2333333333333334,3.085185185185185,1.511111111111111,1.7222222222222223,1.3,129
1046048.8851851852,2005.9888888888888,42.6,2.0703703703703704,1.2333333333333334,3.085185185185185,1.511111111111111,1.7222222222222223,1.3,171
1046048.8851851852,2005.9888888888888,42.6,2.0703703703703704,1.2333333333333334,3.085185185185185,1.511111111111111,1.7222222222222223,1.3,107
1046048.8851851852,2005.9888888888888,42.6,2.0703703703703704,1.2333333333333334,3.085185185185185,1.511111111111111,1.7222222222222223,1.3,272
1046048.8851851852,2005.9888888888888,42.6,2.0703703703703704,1.2333333333333334,3.085185185185185,1.511111111111111,1.7222222222222223,1.3,48
1046048.8851851852,2005.9888888888888,42.6,2.0703703703703704,1.2333333333333334,3.085185185185185,1.511111111111111,1.7222222222222223,1.3,157
1046048.8851851852,2005.9888888888888,42.6,2.0703703703703704,1.2333333333333334,3.085185185185185,1.511111111111111,1.7222222222222223,1.3,62
1046048.8851851852,2005.9888888888888,42.6,2.0703703703703704,1.2333333333333334,3.085185185185185,1.511111111111111,1.7222222222222223,1.3,161
1046048.8851851852,2005.9888888888888,42.6,2.0703703703703704,1.2333333333333334,3.085185185185185,1.511111111111111,1.7222222222222223,1.3,147
1046048.8851851852,2005.9888888888888,42.6,2.0703703703703704,1.2333333333333334,3.085185185185185,1.511111111111111,1.7222222222222223,1.3,135
1046048.8851851852,2005.9888888888888,42.6,2.0703703703703704,1.2333333333333334,3.085185185185185,1.511111111111111,1.7222222222222223,1.3,94
1046048.8851851852,2005.9888888888888,42.6,2.0703703703703704,1.2333333333333334,3.085185185185185,1.511111111111111,1.7222222222222223,1.3,278
1046048.8851851852,2005.9888888888888,42.6,2.0703703703703704,1.2333333333333334,3.085185185185185,1.511111111111111,1.7222222222222223,1.3,63
1046048.8851851852,2005.9888888888888,42.6,2.0703703703703704,1.2333333333333334,3.085185185185185,1.511111111111111,1.7222222222222223,1.3,138
1046048.8851851852,2005.9888888888888,42.6,2.0703703703703704,1.2333333333333334,3.085185185185185,1.511111111111111,1.7222222222222223,1.3,142
1046048.8851851852,2005.9888888888888,42.6,2.0703703703703704,1.2333333333333334,3.085185185185185,1.511111111111111,1.7222222222222223,1.3,123
1046048.8851851852,2005.9888888888888,42.6,2.0703703703703704,1.2333333333333334,3.085185185185185,1.511111111111111,1.7222222222222223,1.3,88
1046048.8851851852,2005.9888888888888,42.6,2.0703703703703704,1.2333333333333334,3.085185185185185,1.511111111111111,1.7222222222222223,1.3,110
1046048.8851851852,2005.9888888888888,42.6,2.0703703703703704,1.2333333333333334,3.085185185185185,1.511111111111111,1.7222222222222223,1.3,81
1046048.8851851852,2005.9888888888888,42.6,2.0703703703703704,1.2333333333333334,3.085185185185185,1.511111111111111,1.7222222222222223,1.3,108
1046048.8851851852,2005.9888888888888,42.6,2.0703703703703704,1.2333333333333334,3.085185185185185,1.511111111111111,1.7222222222222223,1.3,122
1046048.8851851852,2005.9888888888888,42.6,2.0703703703703704,1.2333333333333334,3.085185185185185,1.511111111111111,1.7222222222222223,1.3,148
1046048.8851851852,2005.9888888888888,42.6,2.0703703703703704,1.2333333333333334,3.085185185185185,1.511111111111111,1.7222222222222223,1.3,117
1046048.8851851852,2005.9888888888888,42.6,2.0703703703703704,1.2333333333333334,3.085185185185185,1.511111111111111,1.7222222222222223,1.3,181
1046048.8851851852,2005.9888888888888,42.6,2.0703703703703704,1.2333333333333334,3.085185185185185,1.511111111111111,1.7222222222222223,1.3,115
1046048.8851851852,2005.9888888888888,42.6,2.0703703703703704,1.2333333333333334,3.085185185185185,1.511111111111111,1.7222222222222223,1.3,96
1046048.8851851852,2005.9888888888888,42.6,2.0703703703703704,1.2333333333333334,3.085185185185185,1.511111111111111,1.7222222222222223,1.3,119
1046048.8851851852,2005.9888888888888,42.6,2.0703703703703704,1.2333333333333334,3.085185185185185,1.511111111111111,1.7222222222222223,1.3,127
1046048.8851851852,2005.9888888888888,42.6,2.0703703703703704,1.2333333333333334,3.085185185185185,1.511111111111111,1.7222222222222223,1.3,24
1046048.8851851852,2005.9888888888888,42.6,2.0703703703703704,1.2333333333333334,3.085185185185185,1.511111111111111,1.7222222222222223,1.3,148
1046048.8851851852,2005.9888888888888,42.6,2.0703703703703704,1.2333333333333334,3.085185185185185,1.511111111111111,1.7222222222222223,1.3,114
1046048.8851851852,2005.9888888888888,42.6,2.0703703703703704,1.2333333333333334,3.085185185185185,1.511111111111111,1.7222222222222223,1.3,94
1046048.8851851852,2005.9888888888888,42.6,2.0703703703703704,1.2333333333333334,3.085185185185185,1.511111111111111,1.7222222222222223,1.3,146
1046048.8851851852,2005.9888888888888,42.6,2.0703703703703704,1.2333333333333334,3.085185185185185,1.511111111111111,1.7222222222222223,1.3,177
1046048.8851851852,2005.9888888888888,42.6,2.0703703703703704,1.2333333333333334,3.085185185185185,1.511111111111111,1.7222222222222223,1.3,131
1046048.8851851852,2005.9888888888888,42.6,2.0703703703703704,1.2333333333333334,3.085185185185185,1.511111111111111,1.7222222222222223,1.3,161
1046048.8851851852,2005.9888888888888,42.6,2.0703703703703704,1.2333333333333334,3.085185185185185,1.511111111111111,1.7222222222222223,1.3,180
1046048.8851851852,2005.9888888888888,42.6,2.0703703703703704,1.2333333333333334,3.085185185185185,1.511111111111111,1.7222222222222223,1.3,93
1046048.8851851852,2005.9888888888888,42.6,2.0703703703703704,1.2333333333333334,3.085185185185185,1.511111111111111,1.7222222222222223,1.3,80
1046048.8851851852,2005.9888888888888,42.6,2.0703703703703704,1.2333333333333334,3.085185185185185,1.511111111111111,1.7222222222222223,1.3,105
1046048.8851851852,2005.9888888888888,42.6,2.0703703703703704,1.2333333333333334,3.085185185185185,1.511111111111111,1.7222222222222223,1.3,96
1046048.8851851852,2005.9888888888888,42.6,2.0703703703703704,1.2333333333333334,3.085185185185185,1.511111111111111,1.7222222222222223,1.3,100
1046048.8851851852,2005.9888888888888,42.6,2.0703703703703704,1.2333333333333334,3.085185185185185,1.511111111111111,1.7222222222222223,1.3,119
1046048.8851851852,2005.9888888888888,42.6,2.0703703703703704,1.2333333333333334,3.085185185185185,1.511111111111111,1.7222222222222223,1.3,32
1046048.8851851852,2005.9888888888888,42.6,2.0703703703703704,1.2333333333333334,3.085185185185185,1.511111111111111,1.7222222222222223,1.3,136
1046048.8851851852,2005.9888888888888,42.6,2.0703703703703704,1.2333333333333334,3.085185185185185,1.511111111111111,1.7222222222222223,1.3,155
1046048.8851851852,2005.9888888888888,42.6,2.0703703703703704,1.2333333333333334,3.085185185185185,1.511111111111111,1.7222222222222223,1.3,110
1046048.8851851852,2005.9888888888888,42.6,2.0703703703703704,1.2333333333333334,3.085185185185185,1.511111111111111,1.7222222222222223,1.3,164
1046048.8851851852,2005.9888888888888,42.6,2.0703703703703704,1.2333333333333334,3.085185185185185,1.511111111111111,1.7222222222222223,1.3,101
1046048.8851851852,2005.9888888888888,42.6,2.0703703703703704,1.2333333333333334,3.085185185185185,1.511111111111111,1.7222222222222223,1.3,108
1046048.8851851852,2005.9888888888888,42.6,2.0703703703703704,1.2333333333333334,3.085185185185185,1.511111111111111,1.7222222222222223,1.3,128
1046048.8851851852,2005.9888888888888,42.6,2.0703703703703704,1.2333333333333334,3.085185185185185,1.511111111111111,1.7222222222222223,1.3,100
1046048.8851851852,2005.9888888888888,42.6,2.0703703703703704,1.2333333333333334,3.085185185185185,1.511111111111111,1.7222222222222223,1.3,123
1046048.8851851852,2005.9888888888888,42.6,2.0703703703703704,1.2333333333333334,3.085185185185185,1.511111111111111,1.7222222222222223,1.3,318
1046048.8851851852,2005.9888888888888,42.6,2.0703703703703704,1.2333333333333334,3.085185185185185,1.511111111111111,1.7222222222222223,1.3,111
1046048.8851851852,2005.9888888888888,42.6,2.0703703703703704,1.2333333333333334,3.085185185185185,1.511111111111111,1.7222222222222223,1.3,41
1046048.8851851852,2005.9888888888888,42.6,2.0703703703703704,1.2333333333333334,3.085185185185185,1.511111111111111,1.7222222222222223,1.3,81
1046048.8851851852,2005.9888888888888,42.6,2.0703703703703704,1.2333333333333334,3.085185185185185,1.511111111111111,1.7222222222222223,1.3,172
1046048.8851851852,2005.9888888888888,42.6,2.0703703703703704,1.2333333333333334,3.085185185185185,1.511111111111111,1.7222222222222223,1.3,90
1046048.8851851852,2005.9888888888888,42.6,2.0703703703703704,1.2333333333333334,3.085185185185185,1.511111111111111,1.7222222222222223,1.3,256
1046048.8851851852,2005.9888888888888,42.6,2.0703703703703704,1.2333333333333334,3.085185185185185,1.511111111111111,1.7222222222222223,1.3,120
1046048.8851851852,2005.9888888888888,42.6,2.0703703703703704,1.2333333333333334,3.085185185185185,1.511111111111111,1.7222222222222223,1.3,70
1046048.8851851852,2005.9888888888888,42.6,2.0703703703703704,1.2333333333333334,3.085185185185185,1.511111111111111,1.7222222222222223,1.3,115
1046048.8851851852,2005.9888888888888,42.6,2.0703703703703704,1.2333333333333334,3.085185185185185,1.511111111111111,1.7222222222222223,1.3,103
1046048.8851851852,2005.9888888888888,42.6,2.0703703703703704,1.2333333333333334,3.085185185185185,1.511111111111111,1.7222222222222223,1.3,116
1046048.8851851852,2005.9888888888888,42.6,2.0703703703703704,1.2333333333333334,3.085185185185185,1.511111111111111,1.7222222222222223,1.3,117
1046048.8851851852,2005.9888888888888,42.6,2.0703703703703704,1.2333333333333334,3.085185185185185,1.511111111111111,1.7222222222222223,1.3,98
1046048.8851851852,2005.9888888888888,42.6,2.0703703703703704,1.2333333333333334,3.085185185185185,1.511111111111111,1.7222222222222223,1.3,129
1046048.8851851852,2005.9888888888888,42.6,2.0703703703703704,1.2333333333333334,3.085185185185185,1.511111111111111,1.7222222222222223,1.3,88
1046048.8851851852,2005.9888888888888,42.6,2.0703703703703704,1.2333333333333334,3.085185185185185,1.511111111111111,1.7222222222222223,1.3,74
1046048.8851851852,2005.9888888888888,42.6,2.0703703703703704,1.2333333333333334,3.085185185185185,1.511111111111111,1.7222222222222223,1.3,193
1046048.8851851852,2005.9888888888888,42.6,2.0703703703703704,1.2333333333333334,3.085185185185185,1.511111111111111,1.7222222222222223,1.3,113
1046048.8851851852,2005.9888888888888,42.6,2.0703703703703704,1.2333333333333334,3.085185185185185,1.511111111111111,1.7222222222222223,1.3,142
1046048.8851851852,2005.9888888888888,42.6,2.0703703703703704,1.2333333333333334,3.085185185185185,1.511111111111111,1.7222222222222223,1.3,89
1046048.8851851852,2005.9888888888888,42.6,2.0703703703703704,1.2333333333333334,3.085185185185185,1.511111111111111,1.7222222222222223,1.3,137
1046048.8851851852,2005.9888888888888,42.6,2.0703703703703704,1.2333333333333334,3.085185185185185,1.511111111111111,1.7222222222222223,1.3,148
1046048.8851851852,2005.9888888888888,42.6,2.0703703703703704,1.2333333333333334,3.085185185185185,1.511111111111111,1.7222222222222223,1.3,90
1046048.8851851852,2005.9888888888888,42.6,2.0703703703703704,1.2333333333333334,3.085185185185185,1.511111111111111,1.7222222222222223,1.3,126
1046048.8851851852,2005.9888888888888,42.6,2.0703703703703704,1.2333333333333334,3.085185185185185,1.511111111111111,1.7222222222222223,1.3,131
1046048.8851851852,2005.9888888888888,42.6,2.0703703703703704,1.2333333333333334,3.085185185185185,1.511111111111111,1.7222222222222223,1.3,102
1046048.8851851852,2005.9888888888888,42.6,2.0703703703703704,1.2333333333333334,3.085185185185185,1.511111111111111,1.7222222222222223,1.3,132
1046048.8851851852,2005.9888888888888,42.6,2.0703703703703704,1.2333333333333334,3.085185185185185,1.511111111111111,1.7222222222222223,1.3,104
1046048.8851851852,2005.9888888888888,42.6,2.0703703703703704,1.2333333333333334,3.085185185185185,1.511111111111111,1.7222222222222223,1.3,87
1046048.8851851852,2005.9888888888888,42.6,2.0703703703703704,1.2333333333333334,3.085185185185185,1.511111111111111,1.7222222222222223,1.3,154
1046048.8851851852,2005.9888888888888,42.6,2.0703703703703704,1.2333333333333334,3.085185185185185,1.511111111111111,1.7222222222222223,1.3,114
1046048.8851851852,2005.9888888888888,42.6,2.0703703703703704,1.2333333333333334,3.085185185185185,1.511111111111111,1.7222222222222223,1.3,161
1046048.8851851852,2005.9888888888888,42.6,2.0703703703703704,1.2333333333333334,3.085185185185185,1.511111111111111,1.7222222222222223,1.3,121
1046048.8851851852,2005.9888888888888,42.6,2.0703703703703704,1.2333333333333334,3.085185185185185,1.511111111111111,1.7222222222222223,1.3,103
1046048.8851851852,2005.9888888888888,42.6,2.0703703703703704,1.2333333333333334,3.085185185185185,1.511111111111111,1.7222222222222223,1.3,105
1046048.8851851852,2005.9888888888888,42.6,2.0703703703703704,1.2333333333333334,3.085185185185185,1.511111111111111,1.7222222222222223,1.3,177
1046048.8851851852,2005.9888888888888,42.6,2.0703703703703704,1.2333333333333334,3.085185185185185,1.511111111111111,1.7222222222222223,1.3,155
1046048.8851851852,2005.9888888888888,42.6,2.0703703703703704,1.2333333333333334,3.085185185185185,1.511111111111111,1.7222222222222223,1.3,83
1046048.8851851852,2005.9888888888888,42.6,2.0703703703703704,1.2333333333333334,3.085185185185185,1.511111111111111,1.7222222222222223,1.3,119
1046048.8851851852,2005.9888888888888,42.6,2.0703703703703704,1.2333333333333334,3.085185185185185,1.511111111111111,1.7222222222222223,1.3,110
1046048.8851851852,2005.9888888888888,42.6,2.0703703703703704,1.2333333333333334,3.085185185185185,1.511111111111111,1.7222222222222223,1.3,47
1046048.8851851852,2005.9888888888888,42.6,2.0703703703703704,1.2333333333333334,3.085185185185185,1.511111111111111,1.7222222222222223,1.3,58
1046048.8851851852,2005.9888888888888,42.6,2.0703703703703704,1.2333333333333334,3.085185185185185,1.511111111111111,1.7222222222222223,1.3,35
1046048.8851851852,2005.9888888888888,42.6,2.0703703703703704,1.2333333333333334,3.085185185185185,1.511111111111111,1.7222222222222223,1.3,129
1046048.8851851852,2005.9888888888888,42.6,2.0703703703703704,1.2333333333333334,3.085185185185185,1.511111111111111,1.7222222222222223,1.3,75
1046048.8851851852,2005.9888888888888,42.6,2.0703703703703704,1.2333333333333334,3.085185185185185,1.511111111111111,1.7222222222222223,1.3,151
1046048.8851851852,2005.9888888888888,42.6,2.0703703703703704,1.2333333333333334,3.085185185185185,1.511111111111111,1.7222222222222223,1.3,88
1046048.8851851852,2005.9888888888888,42.6,2.0703703703703704,1.2333333333333334,3.085185185185185,1.511111111111111,1.7222222222222223,1.3,196
1046048.8851851852,2005.9888888888888,42.6,2.0703703703703704,1.2333333333333334,3.085185185185185,1.511111111111111,1.7222222222222223,1.3,95
1046048.8851851852,2005.9888888888888,42.6,2.0703703703703704,1.2333333333333334,3.085185185185185,1.511111111111111,1.7222222222222223,1.3,50
1046048.8851851852,2005.9888888888888,42.6,2.0703703703703704,1.2333333333333334,3.085185185185185,1.511111111111111,1.7222222222222223,1.3,310
1046048.8851851852,2005.9888888888888,42.6,2.0703703703703704,1.2333333333333334,3.085185185185185,1.511111111111111,1.7222222222222223,1.3,92
1046048.8851851852,2005.9888888888888,42.6,2.0703703703703704,1.2333333333333334,3.085185185185185,1.511111111111111,1.7222222222222223,1.3,77
1046048.8851851852,2005.9888888888888,42.6,2.0703703703703704,1.2333333333333334,3.085185185185185,1.511111111111111,1.7222222222222223,1.3,70
1046048.8851851852,2005.9888888888888,42.6,2.0703703703703704,1.2333333333333334,3.085185185185185,1.511111111111111,1.7222222222222223,1.3,93
1046048.8851851852,2005.9888888888888,42.6,2.0703703703703704,1.2333333333333334,3.085185185185185,1.511111111111111,1.7222222222222223,1.3,65
1046048.8851851852,2005.9888888888888,42.6,2.0703703703703704,1.2333333333333334,3.085185185185185,1.511111111111111,1.7222222222222223,1.3,184
1046048.8851851852,2005.9888888888888,42.6,2.0703703703703704,1.2333333333333334,3.085185185185185,1.511111111111111,1.7222222222222223,1.3,74
1046048.8851851852,2005.9888888888888,42.6,2.0703703703703704,1.2333333333333334,3.085185185185185,1.511111111111111,1.7222222222222223,1.3,84
1046048.8851851852,2005.9888888888888,42.6,2.0703703703703704,1.2333333333333334,3.085185185185185,1.511111111111111,1.7222222222222223,1.3,81
1046048.8851851852,2005.9888888888888,42.6,2.0703703703703704,1.2333333333333334,3.085185185185185,1.511111111111111,1.7222222222222223,1.3,149
1046048.8851851852,2005.9888888888888,42.6,2.0703703703703704,1.2333333333333334,3.085185185185185,1.511111111111111,1.7222222222222223,1.3,145
1046048.8851851852,2005.9888888888888,42.6,2.0703703703703704,1.2333333333333334,3.085185185185185,1.511111111111111,1.7222222222222223,1.3,130
1046048.8851851852,2005.9888888888888,42.6,2.0703703703703704,1.2333333333333334,3.085185185185185,1.511111111111111,1.7222222222222223,1.3,94
1046048.8851851852,2005.9888888888888,42.6,2.0703703703703704,1.2333333333333334,3.085185185185185,1.511111111111111,1.7222222222222223,1.3,80
1046048.8851851852,2005.9888888888888,42.6,2.0703703703703704,1.2333333333333334,3.085185185185185,1.511111111111111,1.7222222222222223,1.3,71
1046048.8851851852,2005.9888888888888,42.6,2.0703703703703704,1.2333333333333334,3.085185185185185,1.511111111111111,1.7222222222222223,1.3,100
1046048.8851851852,2005.9888888888888,42.6,2.0703703703703704,1.2333333333333334,3.085185185185185,1.511111111111111,1.7222222222222223,1.3,123
1046048.8851851852,2005.9888888888888,42.6,2.0703703703703704,1.2333333333333334,3.085185185185185,1.511111111111111,1.7222222222222223,1.3,77
1046048.8851851852,2005.9888888888888,42.6,2.0703703703703704,1.2333333333333334,3.085185185185185,1.511111111111111,1.7222222222222223,1.3,90
1046048.8851851852,2005.9888888888888,42.6,2.0703703703703704,1.2333333333333334,3.085185185185185,1.511111111111111,1.7222222222222223,1.3,74
1046048.8851851852,2005.9888888888888,42.6,2.0703703703703704,1.2333333333333334,3.085185185185185,1.511111111111111,1.7222222222222223,1.3,45
1046048.8851851852,2005.9888888888888,42.6,2.0703703703703704,1.2333333333333334,3.085185185185185,1.511111111111111,1.7222222222222223,1.3,110
1046048.8851851852,2005.9888888888888,42.6,2.0703703703703704,1.2333333333333334,3.085185185185185,1.511111111111111,1.7222222222222223,1.3,127
1046048.8851851852,2005.9888888888888,42.6,2.0703703703703704,1.2333333333333334,3.085185185185185,1.511111111111111,1.7222222222222223,1.3,100
1046048.8851851852,2005.9888888888888,42.6,2.0703703703703704,1.2333333333333334,3.085185185185185,1.511111111111111,1.7222222222222223,1.3,166
1046048.8851851852,2005.9888888888888,42.6,2.0703703703703704,1.2333333333333334,3.085185185185185,1.511111111111111,1.7222222222222223,1.3,109
1046048.8851851852,2005.9888888888888,42.6,2.0703703703703704,1.2333333333333334,3.085185185185185,1.511111111111111,1.7222222222222223,1.3,95
1046048.8851851852,2005.9888888888888,42.6,2.0703703703703704,1.2333333333333334,3.085185185185185,1.511111111111111,1.7222222222222223,1.3,133
1046048.8851851852,2005.9888888888888,42.6,2.0703703703703704,1.2333333333333334,3.085185185185185,1.511111111111111,1.7222222222222223,1.3,105
1046048.8851851852,2005.9888888888888,42.6,2.0703703703703704,1.2333333333333334,3.085185185185185,1.511111111111111,1.7222222222222223,1.3,65
1046048.8851851852,2005.9888888888888,42.6,2.0703703703703704,1.2333333333333334,3.085185185185185,1.511111111111111,1.7222222222222223,1.3,126
1046048.8851851852,2005.9888888888888,42.6,2.0703703703703704,1.2333333333333334,3.085185185185185,1.511111111111111,1.7222222222222223,1.3,83
1046048.8851851852,2005.9888888888888,42.6,2.0703703703703704,1.2333333333333334,3.085185185185185,1.511111111111111,1.7222222222222223,1.3,94
1046048.8851851852,2005.9888888888888,42.6,2.0703703703703704,1.2333333333333334,3.085185185185185,1.511111111111111,1.7222222222222223,1.3,187
1046048.8851851852,2005.9888888888888,42.6,2.0703703703703704,1.2333333333333334,3.085185185185185,1.511111111111111,1.7222222222222223,1.3,153
1046048.8851851852,2005.9888888888888,42.6,2.0703703703703704,1.2333333333333334,3.085185185185185,1.511111111111111,1.7222222222222223,1.3,88
1046048.8851851852,2005.9888888888888,42.6,2.0703703703703704,1.2333333333333334,3.085185185185185,1.511111111111111,1.7222222222222223,1.3,84
1046048.8851851852,2005.9888888888888,42.6,2.0703703703703704,1.2333333333333334,3.085185185185185,1.511111111111111,1.7222222222222223,1.3,131
1046048.8851851852,2005.9888888888888,42.6,2.0703703703703704,1.2333333333333334,3.085185185185185,1.511111111111111,1.7222222222222223,1.3,145
1046048.8851851852,2005.9888888888888,42.6,2.0703703703703704,1.2333333333333334,3.085185185185185,1.511111111111111,1.7222222222222223,1.3,52
1046048.8851851852,2005.9888888888888,42.6,2.0703703703703704,1.2333333333333334,3.085185185185185,1.511111111111111,1.7222222222222223,1.3,37
1046048.8851851852,2005.9888888888888,42.6,2.0703703703703704,1.2333333333333334,3.085185185185185,1.511111111111111,1.7222222222222223,1.3,114
1046048.8851851852,2005.9888888888888,42.6,2.0703703703703704,1.2333333333333334,3.085185185185185,1.511111111111111,1.7222222222222223,1.3,75
1046048.8851851852,2005.9888888888888,42.6,2.0703703703703704,1.2333333333333334,3.085185185185185,1.511111111111111,1.7222222222222223,1.3,80
1046048.8851851852,2005.9888888888888,42.6,2.0703703703703704,1.2333333333333334,3.085185185185185,1.511111111111111,1.7222222222222223,1.3,81
1046048.8851851852,2005.9888888888888,42.6,2.0703703703703704,1.2333333333333334,3.085185185185185,1.511111111111111,1.7222222222222223,1.3,57
1046048.8851851852,2005.9888888888888,42.6,2.0703703703703704,1.2333333333333334,3.085185185185185,1.511111111111111,1.7222222222222223,1.3,282
1046048.8851851852,2005.9888888888888,42.6,2.0703703703703704,1.2333333333333334,3.085185185185185,1.511111111111111,1.7222222222222223,1.3,102
1046048.8851851852,2005.9888888888888,42.6,2.0703703703703704,1.2333333333333334,3.085185185185185,1.511111111111111,1.7222222222222223,1.3,72
1046048.8851851852,2005.9888888888888,42.6,2.0703703703703704,1.2333333333333334,3.085185185185185,1.511111111111111,1.7222222222222223,1.3,135
1046048.8851851852,2005.9888888888888,42.6,2.0703703703703704,1.2333333333333334,3.085185185185185,1.511111111111111,1.7222222222222223,1.3,192
1046048.8851851852,2005.9888888888888,42.6,2.0703703703703704,1.2333333333333334,3.085185185185185,1.511111111111111,1.7222222222222223,1.3,144
1046048.8851851852,2005.9888888888888,42.6,2.0703703703703704,1.2333333333333334,3.085185185185185,1.511111111111111,1.7222222222222223,1.3,152
1046048.8851851852,2005.9888888888888,42.6,2.0703703703703704,1.2333333333333334,3.085185185185185,1.511111111111111,1.7222222222222223,1.3,97
1046048.8851851852,2005.9888888888888,42.6,2.0703703703703704,1.2333333333333334,3.085185185185185,1.511111111111111,1.7222222222222223,1.3,54
1046048.8851851852,2005.9888888888888,42.6,2.0703703703703704,1.2333333333333334,3.085185185185185,1.511111111111111,1.7222222222222223,1.3,23
1046048.8851851852,2005.9888888888888,42.6,2.0703703703703704,1.2333333333333334,3.085185185185185,1.511111111111111,1.7222222222222223,1.3,92
1046048.8851851852,2005.9888888888888,42.6,2.0703703703703704,1.2333333333333334,3.085185185185185,1.511111111111111,1.7222222222222223,1.3,91
1046048.8851851852,2005.9888888888888,42.6,2.0703703703703704,1.2333333333333334,3.085185185185185,1.511111111111111,1.7222222222222223,1.3,119
1046048.8851851852,2005.9888888888888,42.6,2.0703703703703704,1.2333333333333334,3.085185185185185,1.511111111111111,1.7222222222222223,1.3,148
1046048.8851851852,2005.9888888888888,42.6,2.0703703703703704,1.2333333333333334,3.085185185185185,1.511111111111111,1.7222222222222223,1.3,121
1046048.8851851852,2005.9888888888888,42.6,2.0703703703703704,1.2333333333333334,3.085185185185185,1.511111111111111,1.7222222222222223,1.3,82
1046048.8851851852,2005.9888888888888,42.6,2.0703703703703704,1.2333333333333334,3.085185185185185,1.511111111111111,1.7222222222222223,1.3,143
1046048.8851851852,2005.9888888888888,42.6,2.0703703703703704,1.2333333333333334,3.085185185185185,1.511111111111111,1.7222222222222223,1.3,85
1046048.8851851852,2005.9888888888888,42.6,2.0703703703703704,1.2333333333333334,3.085185185185185,1.511111111111111,1.7222222222222223,1.3,189
1046048.8851851852,2005.9888888888888,42.6,2.0703703703703704,1.2333333333333334,3.085185185185185,1.511111111111111,1.7222222222222223,1.3,60
1046048.8851851852,2005.9888888888888,42.6,2.0703703703703704,1.2333333333333334,3.085185185185185,1.511111111111111,1.7222222222222223,1.3,277
1046048.8851851852,2005.9888888888888,42.6,2.0703703703703704,1.2333333333333334,3.085185185185185,1.511111111111111,1.7222222222222223,1.3,201
1046048.8851851852,2005.9888888888888,42.6,2.0703703703703704,1.2333333333333334,3.085185185185185,1.511111111111111,1.7222222222222223,1.3,114
1046048.8851851852,2005.9888888888888,42.6,2.0703703703703704,1.2333333333333334,3.085185185185185,1.511111111111111,1.7222222222222223,1.3,72
1046048.8851851852,2005.9888888888888,42.6,2.0703703703703704,1.2333333333333334,3.085185185185185,1.511111111111111,1.7222222222222223,1.3,100
1046048.8851851852,2005.9888888888888,42.6,2.0703703703703704,1.2333333333333334,3.085185185185185,1.511111111111111,1.7222222222222223,1.3,64
1046048.8851851852,2005.9888888888888,42.6,2.0703703703703704,1.2333333333333334,3.085185185185185,1.511111111111111,1.7222222222222223,1.3,69
1046048.8851851852,2005.9888888888888,42.6,2.0703703703703704,1.2333333333333334,3.085185185185185,1.511111111111111,1.7222222222222223,1.3,135
1046048.8851851852,2005.9888888888888,42.6,2.0703703703703704,1.2333333333333334,3.085185185185185,1.511111111111111,1.7222222222222223,1.3,118
1046048.8851851852,2005.9888888888888,42.6,2.0703703703703704,1.2333333333333334,3.085185185185185,1.511111111111111,1.7222222222222223,1.3,44
1046048.8851851852,2005.9888888888888,42.6,2.0703703703703704,1.2333333333333334,3.085185185185185,1.511111111111111,1.7222222222222223,1.3,88
1046048.8851851852,2005.9888888888888,42.6,2.0703703703703704,1.2333333333333334,3.085185185185185,1.511111111111111,1.7222222222222223,1.3,76
1046048.8851851852,2005.9888888888888,42.6,2.0703703703703704,1.2333333333333334,3.085185185185185,1.511111111111111,1.7222222222222223,1.3,182
1046048.8851851852,2005.9888888888888,42.6,2.0703703703703704,1.2333333333333334,3.085185185185185,1.511111111111111,1.7222222222222223,1.3,119
1046048.8851851852,2005.9888888888888,42.6,2.0703703703703704,1.2333333333333334,3.085185185185185,1.511111111111111,1.7222222222222223,1.3,97
1046048.8851851852,2005.9888888888888,42.6,2.0703703703703704,1.2333333333333334,3.085185185185185,1.511111111111111,1.7222222222222223,1.3,68
1046048.8851851852,2005.9888888888888,42.6,2.0703703703703704,1.2333333333333334,3.085185185185185,1.511111111111111,1.7222222222222223,1.3,81
1046048.8851851852,2005.9888888888888,42.6,2.0703703703703704,1.2333333333333334,3.085185185185185,1.511111111111111,1.7222222222222223,1.3,110
1046048.8851851852,2005.9888888888888,42.6,2.0703703703703704,1.2333333333333334,3.085185185185185,1.511111111111111,1.7222222222222223,1.3,74
1046048.8851851852,2005.9888888888888,42.6,2.0703703703703704,1.2333333333333334,3.085185185185185,1.511111111111111,1.7222222222222223,1.3,94
1046048.8851851852,2005.9888888888888,42.6,2.0703703703703704,1.2333333333333334,3.085185185185185,1.511111111111111,1.7222222222222223,1.3,148
1046048.8851851852,2005.9888888888888,42.6,2.0703703703703704,1.2333333333333334,3.085185185185185,1.511111111111111,1.7222222222222223,1.3,40
1046048.8851851852,2005.9888888888888,42.6,2.0703703703703704,1.2333333333333334,3.085185185185185,1.511111111111111,1.7222222222222223,1.3,53
1046048.8851851852,2005.9888888888888,42.6,2.0703703703703704,1.2333333333333334,3.085185185185185,1.511111111111111,1.7222222222222223,1.3,156
1046048.8851851852,2005.9888888888888,42.6,2.0703703703703704,1.2333333333333334,3.085185185185185,1.511111111111111,1.7222222222222223,1.3,160
1046048.8851851852,2005.9888888888888,42.6,2.0703703703703704,1.2333333333333334,3.085185185185185,1.511111111111111,1.7222222222222223,1.3,127
1046048.8851851852,2005.9888888888888,42.6,2.0703703703703704,1.2333333333333334,3.085185185185185,1.511111111111111,1.7222222222222223,1.3,85
1046048.8851851852,2005.9888888888888,42.6,2.0703703703703704,1.2333333333333334,3.085185185185185,1.511111111111111,1.7222222222222223,1.3,65
1046048.8851851852,2005.9888888888888,42.6,2.0703703703703704,1.2333333333333334,3.085185185185185,1.511111111111111,1.7222222222222223,1.3,75
1046048.8851851852,2005.9888888888888,42.6,2.0703703703703704,1.2333333333333334,3.085185185185185,1.511111111111111,1.7222222222222223,1.3,86
1046048.8851851852,2005.9888888888888,42.6,2.0703703703703704,1.2333333333333334,3.085185185185185,1.511111111111111,1.7222222222222223,1.3,268
1046048.8851851852,2005.9888888888888,42.6,2.0703703703703704,1.2333333333333334,3.085185185185185,1.511111111111111,1.7222222222222223,1.3,83
1046048.8851851852,2005.9888888888888,42.6,2.0703703703703704,1.2333333333333334,3.085185185185185,1.511111111111111,1.7222222222222223,1.3,159
1046048.8851851852,2005.9888888888888,42.6,2.0703703703703704,1.2333333333333334,3.085185185185185,1.511111111111111,1.7222222222222223,1.3,78
1046048.8851851852,2005.9888888888888,42.6,2.0703703703703704,1.2333333333333334,3.085185185185185,1.511111111111111,1.7222222222222223,1.3,124
1046048.8851851852,2005.9888888888888,42.6,2.0703703703703704,1.2333333333333334,3.085185185185185,1.511111111111111,1.7222222222222223,1.3,102
1046048.8851851852,2005.9888888888888,42.6,2.0703703703703704,1.2333333333333334,3.085185185185185,1.511111111111111,1.7222222222222223,1.3,119
1046048.8851851852,2005.9888888888888,42.6,2.0703703703703704,1.2333333333333334,3.085185185185185,1.511111111111111,1.7222222222222223,1.3,95
1035423.0221238938,2005.703539823009,42.084070796460175,1.9115044247787611,1.2787610619469028,3.1814159292035398,1.5265486725663717,1.7123893805309736,1.3495575221238938,123
1035423.0221238938,2005.703539823009,42.084070796460175,1.9115044247787611,1.2787610619469028,3.1814159292035398,1.5265486725663717,1.7123893805309736,1.3495575221238938,59
1035423.0221238938,2005.703539823009,42.084070796460175,1.9115044247787611,1.2787610619469028,3.1814159292035398,1.5265486725663717,1.7123893805309736,1.3495575221238938,156
1035423.0221238938,2005.703539823009,42.084070796460175,1.9115044247787611,1.2787610619469028,3.1814159292035398,1.5265486725663717,1.7123893805309736,1.3495575221238938,159
1035423.0221238938,2005.703539823009,42.084070796460175,1.9115044247787611,1.2787610619469028,3.1814159292035398,1.5265486725663717,1.7123893805309736,1.3495575221238938,83
1035423.0221238938,2005.703539823009,42.084070796460175,1.9115044247787611,1.2787610619469028,3.1814159292035398,1.5265486725663717,1.7123893805309736,1.3495575221238938,141
1035423.0221238938,2005.703539823009,42.084070796460175,1.9115044247787611,1.2787610619469028,3.1814159292035398,1.5265486725663717,1.7123893805309736,1.3495575221238938,90
1035423.0221238938,2005.703539823009,42.084070796460175,1.9115044247787611,1.2787610619469028,3.1814159292035398,1.5265486725663717,1.7123893805309736,1.3495575221238938,52
1035423.0221238938,2005.703539823009,42.084070796460175,1.9115044247787611,1.2787610619469028,3.1814159292035398,1.5265486725663717,1.7123893805309736,1.3495575221238938,95
1035423.0221238938,2005.703539823009,42.084070796460175,1.9115044247787611,1.2787610619469028,3.1814159292035398,1.5265486725663717,1.7123893805309736,1.3495575221238938,112
1035423.0221238938,2005.703539823009,42.084070796460175,1.9115044247787611,1.2787610619469028,3.1814159292035398,1.5265486725663717,1.7123893805309736,1.3495575221238938,38
1035423.0221238938,2005.703539823009,42.084070796460175,1.9115044247787611,1.2787610619469028,3.1814159292035398,1.5265486725663717,1.7123893805309736,1.3495575221238938,71
1035423.0221238938,2005.703539823009,42.084070796460175,1.9115044247787611,1.2787610619469028,3.1814159292035398,1.5265486725663717,1.7123893805309736,1.3495575221238938,132
1035423.0221238938,2005.703539823009,42.084070796460175,1.9115044247787611,1.2787610619469028,3.1814159292035398,1.5265486725663717,1.7123893805309736,1.3495575221238938,282
1035423.0221238938,2005.703539823009,42.084070796460175,1.9115044247787611,1.2787610619469028,3.1814159292035398,1.5265486725663717,1.7123893805309736,1.3495575221238938,80
1035423.0221238938,2005.703539823009,42.084070796460175,1.9115044247787611,1.2787610619469028,3.1814159292035398,1.5265486725663717,1.7123893805309736,1.3495575221238938,187
1035423.0221238938,2005.703539823009,42.084070796460175,1.9115044247787611,1.2787610619469028,3.1814159292035398,1.5265486725663717,1.7123893805309736,1.3495575221238938,102
1035423.0221238938,2005.703539823009,42.084070796460175,1.9115044247787611,1.2787610619469028,3.1814159292035398,1.5265486725663717,1.7123893805309736,1.3495575221238938,89
1035423.0221238938,2005.703539823009,42.084070796460175,1.9115044247787611,1.2787610619469028,3.1814159292035398,1.5265486725663717,1.7123893805309736,1.3495575221238938,100
1035423.0221238938,2005.703539823009,42.084070796460175,1.9115044247787611,1.2787610619469028,3.1814159292035398,1.5265486725663717,1.7123893805309736,1.3495575221238938,177
1035423.0221238938,2005.703539823009,42.084070796460175,1.9115044247787611,1.2787610619469028,3.1814159292035398,1.5265486725663717,1.7123893805309736,1.3495575221238938,153
1035423.0221238938,2005.703539823009,42.084070796460175,1.9115044247787611,1.2787610619469028,3.1814159292035398,1.5265486725663717,1.7123893805309736,1.3495575221238938,161
1035423.0221238938,2005.703539823009,42.084070796460175,1.9115044247787611,1.2787610619469028,3.1814159292035398,1.5265486725663717,1.7123893805309736,1.3495575221238938,135
1035423.0221238938,2005.703539823009,42.084070796460175,1.9115044247787611,1.2787610619469028,3.1814159292035398,1.5265486725663717,1.7123893805309736,1.3495575221238938,82
1035423.0221238938,2005.703539823009,42.084070796460175,1.9115044247787611,1.2787610619469028,3.1814159292035398,1.5265486725663717,1.7123893805309736,1.3495575221238938,160
1035423.0221238938,2005.703539823009,42.084070796460175,1.9115044247787611,1.2787610619469028,3.1814159292035398,1.5265486725663717,1.7123893805309736,1.3495575221238938,86
1035423.0221238938,2005.703539823009,42.084070796460175,1.9115044247787611,1.2787610619469028,3.1814159292035398,1.5265486725663717,1.7123893805309736,1.3495575221238938,192
1035423.0221238938,2005.703539823009,42.084070796460175,1.9115044247787611,1.2787610619469028,3.1814159292035398,1.5265486725663717,1.7123893805309736,1.3495575221238938,105
1035423.0221238938,2005.703539823009,42.084070796460175,1.9115044247787611,1.2787610619469028,3.1814159292035398,1.5265486725663717,1.7123893805309736,1.3495575221238938,119
1035423.0221238938,2005.703539823009,42.084070796460175,1.9115044247787611,1.2787610619469028,3.1814159292035398,1.5265486725663717,1.7123893805309736,1.3495575221238938,299
1035423.0221238938,2005.703539823009,42.084070796460175,1.9115044247787611,1.2787610619469028,3.1814159292035398,1.5265486725663717,1.7123893805309736,1.3495575221238938,85
1035423.0221238938,2005.703539823009,42.084070796460175,1.9115044247787611,1.2787610619469028,3.1814159292035398,1.5265486725663717,1.7123893805309736,1.3495575221238938,50
1035423.0221238938,2005.703539823009,42.084070796460175,1.9115044247787611,1.2787610619469028,3.1814159292035398,1.5265486725663717,1.7123893805309736,1.3495575221238938,53
1035423.0221238938,2005.703539823009,42.084070796460175,1.9115044247787611,1.2787610619469028,3.1814159292035398,1.5265486725663717,1.7123893805309736,1.3495575221238938,105
1035423.0221238938,2005.703539823009,42.084070796460175,1.9115044247787611,1.2787610619469028,3.1814159292035398,1.5265486725663717,1.7123893805309736,1.3495575221238938,74
1035423.0221238938,2005.703539823009,42.084070796460175,1.9115044247787611,1.2787610619469028,3.1814159292035398,1.5265486725663717,1.7123893805309736,1.3495575221238938,179
1035423.0221238938,2005.703539823009,42.084070796460175,1.9115044247787611,1.2787610619469028,3.1814159292035398,1.5265486725663717,1.7123893805309736,1.3495575221238938,135
1035423.0221238938,2005.703539823009,42.084070796460175,1.9115044247787611,1.2787610619469028,3.1814159292035398,1.5265486725663717,1.7123893805309736,1.3495575221238938,114
1035423.0221238938,2005.703539823009,42.084070796460175,1.9115044247787611,1.2787610619469028,3.1814159292035398,1.5265486725663717,1.7123893805309736,1.3495575221238938,198
1035423.0221238938,2005.703539823009,42.084070796460175,1.9115044247787611,1.2787610619469028,3.1814159292035398,1.5265486725663717,1.7123893805309736,1.3495575221238938,51
1035423.0221238938,2005.703539823009,42.084070796460175,1.9115044247787611,1.2787610619469028,3.1814159292035398,1.5265486725663717,1.7123893805309736,1.3495575221238938,88
1035423.0221238938,2005.703539823009,42.084070796460175,1.9115044247787611,1.2787610619469028,3.1814159292035398,1.5265486725663717,1.7123893805309736,1.3495575221238938,68
1035423.0221238938,2005.703539823009,42.084070796460175,1.9115044247787611,1.2787610619469028,3.1814159292035398,1.5265486725663717,1.7123893805309736,1.3495575221238938,268
1035423.0221238938,2005.703539823009,42.084070796460175,1.9115044247787611,1.2787610619469028,3.1814159292035398,1.5265486725663717,1.7123893805309736,1.3495575221238938,175
1035423.0221238938,2005.703539823009,42.084070796460175,1.9115044247787611,1.2787610619469028,3.1814159292035398,1.5265486725663717,1.7123893805309736,1.3495575221238938,143
1035423.0221238938,2005.703539823009,42.084070796460175,1.9115044247787611,1.2787610619469028,3.1814159292035398,1.5265486725663717,1.7123893805309736,1.3495575221238938,65
1035423.0221238938,2005.703539823009,42.084070796460175,1.9115044247787611,1.2787610619469028,3.1814159292035398,1.5265486725663717,1.7123893805309736,1.3495575221238938,124
1035423.0221238938,2005.703539823009,42.084070796460175,1.9115044247787611,1.2787610619469028,3.1814159292035398,1.5265486725663717,1.7123893805309736,1.3495575221238938,144
1035423.0221238938,2005.703539823009,42.084070796460175,1.9115044247787611,1.2787610619469028,3.1814159292035398,1.5265486725663717,1.7123893805309736,1.3495575221238938,152
1035423.0221238938,2005.703539823009,42.084070796460175,1.9115044247787611,1.2787610619469028,3.1814159292035398,1.5265486725663717,1.7123893805309736,1.3495575221238938,87
1035423.0221238938,2005.703539823009,42.084070796460175,1.9115044247787611,1.2787610619469028,3.1814159292035398,1.5265486725663717,1.7123893805309736,1.3495575221238938,31
1035423.0221238938,2005.703539823009,42.084070796460175,1.9115044247787611,1.2787610619469028,3.1814159292035398,1.5265486725663717,1.7123893805309736,1.3495575221238938,112
1035423.0221238938,2005.703539823009,42.084070796460175,1.9115044247787611,1.2787610619469028,3.1814159292035398,1.5265486725663717,1.7123893805309736,1.3495575221238938,85
1035423.0221238938,2005.703539823009,42.084070796460175,1.9115044247787611,1.2787610619469028,3.1814159292035398,1.5265486725663717,1.7123893805309736,1.3495575221238938,201
1035423.0221238938,2005.703539823009,42.084070796460175,1.9115044247787611,1.2787610619469028,3.1814159292035398,1.5265486725663717,1.7123893805309736,1.3495575221238938,64
1035423.0221238938,2005.703539823009,42.084070796460175,1.9115044247787611,1.2787610619469028,3.1814159292035398,1.5265486725663717,1.7123893805309736,1.3495575221238938,55
1035423.0221238938,2005.703539823009,42.084070796460175,1.9115044247787611,1.2787610619469028,3.1814159292035398,1.5265486725663717,1.7123893805309736,1.3495575221238938,60
1035423.0221238938,2005.703539823009,42.084070796460175,1.9115044247787611,1.2787610619469028,3.1814159292035398,1.5265486725663717,1.7123893805309736,1.3495575221238938,106
1035423.0221238938,2005.703539823009,42.084070796460175,1.9115044247787611,1.2787610619469028,3.1814159292035398,1.5265486725663717,1.7123893805309736,1.3495575221238938,174
1035423.0221238938,2005.703539823009,42.084070796460175,1.9115044247787611,1.2787610619469028,3.1814159292035398,1.5265486725663717,1.7123893805309736,1.3495575221238938,78
1035423.0221238938,2005.703539823009,42.084070796460175,1.9115044247787611,1.2787610619469028,3.1814159292035398,1.5265486725663717,1.7123893805309736,1.3495575221238938,75
1035423.0221238938,2005.703539823009,42.084070796460175,1.9115044247787611,1.2787610619469028,3.1814159292035398,1.5265486725663717,1.7123893805309736,1.3495575221238938,40
1035423.0221238938,2005.703539823009,42.084070796460175,1.9115044247787611,1.2787610619469028,3.1814159292035398,1.5265486725663717,1.7123893805309736,1.3495575221238938,104
1035423.0221238938,2005.703539823009,42.084070796460175,1.9115044247787611,1.2787610619469028,3.1814159292035398,1.5265486725663717,1.7123893805309736,1.3495575221238938,95
1035423.0221238938,2005.703539823009,42.084070796460175,1.9115044247787611,1.2787610619469028,3.1814159292035398,1.5265486725663717,1.7123893805309736,1.3495575221238938,44
1035423.0221238938,2005.703539823009,42.084070796460175,1.9115044247787611,1.2787610619469028,3.1814159292035398,1.5265486725663717,1.7123893805309736,1.3495575221238938,279
1035423.0221238938,2005.703539823009,42.084070796460175,1.9115044247787611,1.2787610619469028,3.1814159292035398,1.5265486725663717,1.7123893805309736,1.3495575221238938,119
1035423.0221238938,2005.703539823009,42.084070796460175,1.9115044247787611,1.2787610619469028,3.1814159292035398,1.5265486725663717,1.7123893805309736,1.3495575221238938,57
1035423.0221238938,2005.703539823009,42.084070796460175,1.9115044247787611,1.2787610619469028,3.1814159292035398,1.5265486725663717,1.7123893805309736,1.3495575221238938,165
1035423.0221238938,2005.703539823009,42.084070796460175,1.9115044247787611,1.2787610619469028,3.1814159292035398,1.5265486725663717,1.7123893805309736,1.3495575221238938,189
1035423.0221238938,2005.703539823009,42.084070796460175,1.9115044247787611,1.2787610619469028,3.1814159292035398,1.5265486725663717,1.7123893805309736,1.3495575221238938,169
1035423.0221238938,2005.703539823009,42.084070796460175,1.9115044247787611,1.2787610619469028,3.1814159292035398,1.5265486725663717,1.7123893805309736,1.3495575221238938,94
1035423.0221238938,2005.703539823009,42.084070796460175,1.9115044247787611,1.2787610619469028,3.1814159292035398,1.5265486725663717,1.7123893805309736,1.3495575221238938,100
1035423.0221238938,2005.703539823009,42.084070796460175,1.9115044247787611,1.2787610619469028,3.1814159292035398,1.5265486725663717,1.7123893805309736,1.3495575221238938,20
1035423.0221238938,2005.703539823009,42.084070796460175,1.9115044247787611,1.2787610619469028,3.1814159292035398,1.5265486725663717,1.7123893805309736,1.3495575221238938,142
1035423.0221238938,2005.703539823009,42.084070796460175,1.9115044247787611,1.2787610619469028,3.1814159292035398,1.5265486725663717,1.7123893805309736,1.3495575221238938,94
1035423.0221238938,2005.703539823009,42.084070796460175,1.9115044247787611,1.2787610619469028,3.1814159292035398,1.5265486725663717,1.7123893805309736,1.3495575221238938,157
1035423.0221238938,2005.703539823009,42.084070796460175,1.9115044247787611,1.2787610619469028,3.1814159292035398,1.5265486725663717,1.7123893805309736,1.3495575221238938,100
1035423.0221238938,2005.703539823009,42.084070796460175,1.9115044247787611,1.2787610619469028,3.1814159292035398,1.5265486725663717,1.7123893805309736,1.3495575221238938,138
1035423.0221238938,2005.703539823009,42.084070796460175,1.9115044247787611,1.2787610619469028,3.1814159292035398,1.5265486725663717,1.7123893805309736,1.3495575221238938,176
1035423.0221238938,2005.703539823009,42.084070796460175,1.9115044247787611,1.2787610619469028,3.1814159292035398,1.5265486725663717,1.7123893805309736,1.3495575221238938,76
1035423.0221238938,2005.703539823009,42.084070796460175,1.9115044247787611,1.2787610619469028,3.1814159292035398,1.5265486725663717,1.7123893805309736,1.3495575221238938,65
1035423.0221238938,2005.703539823009,42.084070796460175,1.9115044247787611,1.2787610619469028,3.1814159292035398,1.5265486725663717,1.7123893805309736,1.3495575221238938,134
1035423.0221238938,2005.703539823009,42.084070796460175,1.9115044247787611,1.2787610619469028,3.1814159292035398,1.5265486725663717,1.7123893805309736,1.3495575221238938,213
1035423.0221238938,2005.703539823009,42.084070796460175,1.9115044247787611,1.2787610619469028,3.1814159292035398,1.5265486725663717,1.7123893805309736,1.3495575221238938,88
1035423.0221238938,2005.703539823009,42.084070796460175,1.9115044247787611,1.2787610619469028,3.1814159292035398,1.5265486725663717,1.7123893805309736,1.3495575221238938,181
1035423.0221238938,2005.703539823009,42.084070796460175,1.9115044247787611,1.2787610619469028,3.1814159292035398,1.5265486725663717,1.7123893805309736,1.3495575221238938,81
1035423.0221238938,2005.703539823009,42.084070796460175,1.9115044247787611,1.2787610619469028,3.1814159292035398,1.5265486725663717,1.7123893805309736,1.3495575221238938,118
1035423.0221238938,2005.703539823009,42.084070796460175,1.9115044247787611,1.2787610619469028,3.1814159292035398,1.5265486725663717,1.7123893805309736,1.3495575221238938,167
1035423.0221238938,2005.703539823009,42.084070796460175,1.9115044247787611,1.2787610619469028,3.1814159292035398,1.5265486725663717,1.7123893805309736,1.3495575221238938,75
1035423.0221238938,2005.703539823009,42.084070796460175,1.9115044247787611,1.2787610619469028,3.1814159292035398,1.5265486725663717,1.7123893805309736,1.3495575221238938,27
1035423.0221238938,2005.703539823009,42.084070796460175,1.9115044247787611,1.2787610619469028,3.1814159292035398,1.5265486725663717,1.7123893805309736,1.3495575221238938,107
1035423.0221238938,2005.703539823009,42.084070796460175,1.9115044247787611,1.2787610619469028,3.1814159292035398,1.5265486725663717,1.7123893805309736,1.3495575221238938,277
1035423.0221238938,2005.703539823009,42.084070796460175,1.9115044247787611,1.2787610619469028,3.1814159292035398,1.5265486725663717,1.7123893805309736,1.3495575221238938,96
1035423.0221238938,2005.703539823009,42.084070796460175,1.9115044247787611,1.2787610619469028,3.1814159292035398,1.5265486725663717,1.7123893805309736,1.3495575221238938,97
1035423.0221238938,2005.703539823009,42.084070796460175,1.9115044247787611,1.2787610619469028,3.1814159292035398,1.5265486725663717,1.7123893805309736,1.3495575221238938,191
1035423.0221238938,2005.703539823009,42.084070796460175,1.9115044247787611,1.2787610619469028,3.1814159292035398,1.5265486725663717,1.7123893805309736,1.3495575221238938,74
1035423.0221238938,2005.703539823009,42.084070796460175,1.9115044247787611,1.2787610619469028,3.1814159292035398,1.5265486725663717,1.7123893805309736,1.3495575221238938,73
1035423.0221238938,2005.703539823009,42.084070796460175,1.9115044247787611,1.2787610619469028,3.1814159292035398,1.5265486725663717,1.7123893805309736,1.3495575221238938,150
1035423.0221238938,2005.703539823009,42.084070796460175,1.9115044247787611,1.2787610619469028,3.1814159292035398,1.5265486725663717,1.7123893805309736,1.3495575221238938,114
1035423.0221238938,2005.703539823009,42.084070796460175,1.9115044247787611,1.2787610619469028,3.1814159292035398,1.5265486725663717,1.7123893805309736,1.3495575221238938,285
1035423.0221238938,2005.703539823009,42.084070796460175,1.9115044247787611,1.2787610619469028,3.1814159292035398,1.5265486725663717,1.7123893805309736,1.3495575221238938,24
1035423.0221238938,2005.703539823009,42.084070796460175,1.9115044247787611,1.2787610619469028,3.1814159292035398,1.5265486725663717,1.7123893805309736,1.3495575221238938,110
1035423.0221238938,2005.703539823009,42.084070796460175,1.9115044247787611,1.2787610619469028,3.1814159292035398,1.5265486725663717,1.7123893805309736,1.3495575221238938,56
1035423.0221238938,2005.703539823009,42.084070796460175,1.9115044247787611,1.2787610619469028,3.1814159292035398,1.5265486725663717,1.7123893805309736,1.3495575221238938,182
1035423.0221238938,2005.703539823009,42.084070796460175,1.9115044247787611,1.2787610619469028,3.1814159292035398,1.5265486725663717,1.7123893805309736,1.3495575221238938,171
1035423.0221238938,2005.703539823009,42.084070796460175,1.9115044247787611,1.2787610619469028,3.1814159292035398,1.5265486725663717,1.7123893805309736,1.3495575221238938,168
1035423.0221238938,2005.703539823009,42.084070796460175,1.9115044247787611,1.2787610619469028,3.1814159292035398,1.5265486725663717,1.7123893805309736,1.3495575221238938,166
1035423.0221238938,2005.703539823009,42.084070796460175,1.9115044247787611,1.2787610619469028,3.1814159292035398,1.5265486725663717,1.7123893805309736,1.3495575221238938,99
1035423.0221238938,2005.703539823009,42.084070796460175,1.9115044247787611,1.2787610619469028,3.1814159292035398,1.5265486725663717,1.7123893805309736,1.3495575221238938,122
1035423.0221238938,2005.703539823009,42.084070796460175,1.9115044247787611,1.2787610619469028,3.1814159292035398,1.5265486725663717,1.7123893805309736,1.3495575221238938,94
1035423.0221238938,2005.703539823009,42.084070796460175,1.9115044247787611,1.2787610619469028,3.1814159292035398,1.5265486725663717,1.7123893805309736,1.3495575221238938,25
1035423.0221238938,2005.703539823009,42.084070796460175,1.9115044247787611,1.2787610619469028,3.1814159292035398,1.5265486725663717,1.7123893805309736,1.3495575221238938,142
1035423.0221238938,2005.703539823009,42.084070796460175,1.9115044247787611,1.2787610619469028,3.1814159292035398,1.5265486725663717,1.7123893805309736,1.3495575221238938,101
1035423.0221238938,2005.703539823009,42.084070796460175,1.9115044247787611,1.2787610619469028,3.1814159292035398,1.5265486725663717,1.7123893805309736,1.3495575221238938,139
1035423.0221238938,2005.703539823009,42.084070796460175,1.9115044247787611,1.2787610619469028,3.1814159292035398,1.5265486725663717,1.7123893805309736,1.3495575221238938,61
1035423.0221238938,2005.703539823009,42.084070796460175,1.9115044247787611,1.2787610619469028,3.1814159292035398,1.5265486725663717,1.7123893805309736,1.3495575221238938,180
1035423.0221238938,2005.703539823009,42.084070796460175,1.9115044247787611,1.2787610619469028,3.1814159292035398,1.5265486725663717,1.7123893805309736,1.3495575221238938,147
1035423.0221238938,2005.703539823009,42.084070796460175,1.9115044247787611,1.2787610619469028,3.1814159292035398,1.5265486725663717,1.7123893805309736,1.3495575221238938,129
1035423.0221238938,2005.703539823009,42.084070796460175,1.9115044247787611,1.2787610619469028,3.1814159292035398,1.5265486725663717,1.7123893805309736,1.3495575221238938,170
1035423.0221238938,2005.703539823009,42.084070796460175,1.9115044247787611,1.2787610619469028,3.1814159292035398,1.5265486725663717,1.7123893805309736,1.3495575221238938,110
1035423.0221238938,2005.703539823009,42.084070796460175,1.9115044247787611,1.2787610619469028,3.1814159292035398,1.5265486725663717,1.7123893805309736,1.3495575221238938,109
1035423.0221238938,2005.703539823009,42.084070796460175,1.9115044247787611,1.2787610619469028,3.1814159292035398,1.5265486725663717,1.7123893805309736,1.3495575221238938,48
1035423.0221238938,2005.703539823009,42.084070796460175,1.9115044247787611,1.2787610619469028,3.1814159292035398,1.5265486725663717,1.7123893805309736,1.3495575221238938,103
1035423.0221238938,2005.703539823009,42.084070796460175,1.9115044247787611,1.2787610619469028,3.1814159292035398,1.5265486725663717,1.7123893805309736,1.3495575221238938,46
1035423.0221238938,2005.703539823009,42.084070796460175,1.9115044247787611,1.2787610619469028,3.1814159292035398,1.5265486725663717,1.7123893805309736,1.3495575221238938,21
1035423.0221238938,2005.703539823009,42.084070796460175,1.9115044247787611,1.2787610619469028,3.1814159292035398,1.5265486725663717,1.7123893805309736,1.3495575221238938,140
1035423.0221238938,2005.703539823009,42.084070796460175,1.9115044247787611,1.2787610619469028,3.1814159292035398,1.5265486725663717,1.7123893805309736,1.3495575221238938,81
1035423.0221238938,2005.703539823009,42.084070796460175,1.9115044247787611,1.2787610619469028,3.1814159292035398,1.5265486725663717,1.7123893805309736,1.3495575221238938,62
1035423.0221238938,2005.703539823009,42.084070796460175,1.9115044247787611,1.2787610619469028,3.1814159292035398,1.5265486725663717,1.7123893805309736,1.3495575221238938,100
1035423.0221238938,2005.703539823009,42.084070796460175,1.9115044247787611,1.2787610619469028,3.1814159292035398,1.5265486725663717,1.7123893805309736,1.3495575221238938,97
1035423.0221238938,2005.703539823009,42.084070796460175,1.9115044247787611,1.2787610619469028,3.1814159292035398,1.5265486725663717,1.7123893805309736,1.3495575221238938,193
1035423.0221238938,2005.703539823009,42.084070796460175,1.9115044247787611,1.2787610619469028,3.1814159292035398,1.5265486725663717,1.7123893805309736,1.3495575221238938,256
1035423.0221238938,2005.703539823009,42.084070796460175,1.9115044247787611,1.2787610619469028,3.1814159292035398,1.5265486725663717,1.7123893805309736,1.3495575221238938,148
1035423.0221238938,2005.703539823009,42.084070796460175,1.9115044247787611,1.2787610619469028,3.1814159292035398,1.5265486725663717,1.7123893805309736,1.3495575221238938,115
1035423.0221238938,2005.703539823009,42.084070796460175,1.9115044247787611,1.2787610619469028,3.1814159292035398,1.5265486725663717,1.7123893805309736,1.3495575221238938,98
1035423.0221238938,2005.703539823009,42.084070796460175,1.9115044247787611,1.2787610619469028,3.1814159292035398,1.5265486725663717,1.7123893805309736,1.3495575221238938,117
1035423.0221238938,2005.703539823009,42.084070796460175,1.9115044247787611,1.2787610619469028,3.1814159292035398,1.5265486725663717,1.7123893805309736,1.3495575221238938,77
1035423.0221238938,2005.703539823009,42.084070796460175,1.9115044247787611,1.2787610619469028,3.1814159292035398,1.5265486725663717,1.7123893805309736,1.3495575221238938,127
1035423.0221238938,2005.703539823009,42.084070796460175,1.9115044247787611,1.2787610619469028,3.1814159292035398,1.5265486725663717,1.7123893805309736,1.3495575221238938,67
1035423.0221238938,2005.703539823009,42.084070796460175,1.9115044247787611,1.2787610619469028,3.1814159292035398,1.5265486725663717,1.7123893805309736,1.3495575221238938,131
1035423.0221238938,2005.703539823009,42.084070796460175,1.9115044247787611,1.2787610619469028,3.1814159292035398,1.5265486725663717,1.7123893805309736,1.3495575221238938,114
1035423.0221238938,2005.703539823009,42.084070796460175,1.9115044247787611,1.2787610619469028,3.1814159292035398,1.5265486725663717,1.7123893805309736,1.3495575221238938,41
1035423.0221238938,2005.703539823009,42.084070796460175,1.9115044247787611,1.2787610619469028,3.1814159292035398,1.5265486725663717,1.7123893805309736,1.3495575221238938,108
1035423.0221238938,2005.703539823009,42.084070796460175,1.9115044247787611,1.2787610619469028,3.1814159292035398,1.5265486725663717,1.7123893805309736,1.3495575221238938,79
1035423.0221238938,2005.703539823009,42.084070796460175,1.9115044247787611,1.2787610619469028,3.1814159292035398,1.5265486725663717,1.7123893805309736,1.3495575221238938,133
1035423.0221238938,2005.703539823009,42.084070796460175,1.9115044247787611,1.2787610619469028,3.1814159292035398,1.5265486725663717,1.7123893805309736,1.3495575221238938,74
1035423.0221238938,2005.703539823009,42.084070796460175,1.9115044247787611,1.2787610619469028,3.1814159292035398,1.5265486725663717,1.7123893805309736,1.3495575221238938,88
1035423.0221238938,2005.703539823009,42.084070796460175,1.9115044247787611,1.2787610619469028,3.1814159292035398,1.5265486725663717,1.7123893805309736,1.3495575221238938,42
1035423.0221238938,2005.703539823009,42.084070796460175,1.9115044247787611,1.2787610619469028,3.1814159292035398,1.5265486725663717,1.7123893805309736,1.3495575221238938,318
1035423.0221238938,2005.703539823009,42.084070796460175,1.9115044247787611,1.2787610619469028,3.1814159292035398,1.5265486725663717,1.7123893805309736,1.3495575221238938,194
1035423.0221238938,2005.703539823009,42.084070796460175,1.9115044247787611,1.2787610619469028,3.1814159292035398,1.5265486725663717,1.7123893805309736,1.3495575221238938,158
1035423.0221238938,2005.703539823009,42.084070796460175,1.9115044247787611,1.2787610619469028,3.1814159292035398,1.5265486725663717,1.7123893805309736,1.3495575221238938,130
1035423.0221238938,2005.703539823009,42.084070796460175,1.9115044247787611,1.2787610619469028,3.1814159292035398,1.5265486725663717,1.7123893805309736,1.3495575221238938,151
1035423.0221238938,2005.703539823009,42.084070796460175,1.9115044247787611,1.2787610619469028,3.1814159292035398,1.5265486725663717,1.7123893805309736,1.3495575221238938,121
1035423.0221238938,2005.703539823009,42.084070796460175,1.9115044247787611,1.2787610619469028,3.1814159292035398,1.5265486725663717,1.7123893805309736,1.3495575221238938,77
1035423.0221238938,2005.703539823009,42.084070796460175,1.9115044247787611,1.2787610619469028,3.1814159292035398,1.5265486725663717,1.7123893805309736,1.3495575221238938,131
1035423.0221238938,2005.703539823009,42.084070796460175,1.9115044247787611,1.2787610619469028,3.1814159292035398,1.5265486725663717,1.7123893805309736,1.3495575221238938,227
1035423.0221238938,2005.703539823009,42.084070796460175,1.9115044247787611,1.2787610619469028,3.1814159292035398,1.5265486725663717,1.7123893805309736,1.3495575221238938,88
1035423.0221238938,2005.703539823009,42.084070796460175,1.9115044247787611,1.2787610619469028,3.1814159292035398,1.5265486725663717,1.7123893805309736,1.3495575221238938,310
1035423.0221238938,2005.703539823009,42.084070796460175,1.9115044247787611,1.2787610619469028,3.1814159292035398,1.5265486725663717,1.7123893805309736,1.3495575221238938,149
1035423.0221238938,2005.703539823009,42.084070796460175,1.9115044247787611,1.2787610619469028,3.1814159292035398,1.5265486725663717,1.7123893805309736,1.3495575221238938,58
1035423.0221238938,2005.703539823009,42.084070796460175,1.9115044247787611,1.2787610619469028,3.1814159292035398,1.5265486725663717,1.7123893805309736,1.3495575221238938,127
1035423.0221238938,2005.703539823009,42.084070796460175,1.9115044247787611,1.2787610619469028,3.1814159292035398,1.5265486725663717,1.7123893805309736,1.3495575221238938,148
1035423.0221238938,2005.703539823009,42.084070796460175,1.9115044247787611,1.2787610619469028,3.1814159292035398,1.5265486725663717,1.7123893805309736,1.3495575221238938,154
1035423.0221238938,2005.703539823009,42.084070796460175,1.9115044247787611,1.2787610619469028,3.1814159292035398,1.5265486725663717,1.7123893805309736,1.3495575221238938,110
1035423.0221238938,2005.703539823009,42.084070796460175,1.9115044247787611,1.2787610619469028,3.1814159292035398,1.5265486725663717,1.7123893805309736,1.3495575221238938,312
1035423.0221238938,2005.703539823009,42.084070796460175,1.9115044247787611,1.2787610619469028,3.1814159292035398,1.5265486725663717,1.7123893805309736,1.3495575221238938,129
1035423.0221238938,2005.703539823009,42.084070796460175,1.9115044247787611,1.2787610619469028,3.1814159292035398,1.5265486725663717,1.7123893805309736,1.3495575221238938,185
1035423.0221238938,2005.703539823009,42.084070796460175,1.9115044247787611,1.2787610619469028,3.1814159292035398,1.5265486725663717,1.7123893805309736,1.3495575221238938,155
1035423.0221238938,2005.703539823009,42.084070796460175,1.9115044247787611,1.2787610619469028,3.1814159292035398,1.5265486725663717,1.7123893805309736,1.3495575221238938,125
1035423.0221238938,2005.703539823009,42.084070796460175,1.9115044247787611,1.2787610619469028,3.1814159292035398,1.5265486725663717,1.7123893805309736,1.3495575221238938,32
1035423.0221238938,2005.703539823009,42.084070796460175,1.9115044247787611,1.2787610619469028,3.1814159292035398,1.5265486725663717,1.7123893805309736,1.3495575221238938,184
1035423.0221238938,2005.703539823009,42.084070796460175,1.9115044247787611,1.2787610619469028,3.1814159292035398,1.5265486725663717,1.7123893805309736,1.3495575221238938,314
1035423.0221238938,2005.703539823009,42.084070796460175,1.9115044247787611,1.2787610619469028,3.1814159292035398,1.5265486725663717,1.7123893805309736,1.3495575221238938,272
1035423.0221238938,2005.703539823009,42.084070796460175,1.9115044247787611,1.2787610619469028,3.1814159292035398,1.5265486725663717,1.7123893805309736,1.3495575221238938,136
1035423.0221238938,2005.703539823009,42.084070796460175,1.9115044247787611,1.2787610619469028,3.1814159292035398,1.5265486725663717,1.7123893805309736,1.3495575221238938,162
1035423.0221238938,2005.703539823009,42.084070796460175,1.9115044247787611,1.2787610619469028,3.1814159292035398,1.5265486725663717,1.7123893805309736,1.3495575221238938,84
1035423.0221238938,2005.703539823009,42.084070796460175,1.9115044247787611,1.2787610619469028,3.1814159292035398,1.5265486725663717,1.7123893805309736,1.3495575221238938,81
1035423.0221238938,2005.703539823009,42.084070796460175,1.9115044247787611,1.2787610619469028,3.1814159292035398,1.5265486725663717,1.7123893805309736,1.3495575221238938,280
1035423.0221238938,2005.703539823009,42.084070796460175,1.9115044247787611,1.2787610619469028,3.1814159292035398,1.5265486725663717,1.7123893805309736,1.3495575221238938,120
1035423.0221238938,2005.703539823009,42.084070796460175,1.9115044247787611,1.2787610619469028,3.1814159292035398,1.5265486725663717,1.7123893805309736,1.3495575221238938,66
1035423.0221238938,2005.703539823009,42.084070796460175,1.9115044247787611,1.2787610619469028,3.1814159292035398,1.5265486725663717,1.7123893805309736,1.3495575221238938,93
1035423.0221238938,2005.703539823009,42.084070796460175,1.9115044247787611,1.2787610619469028,3.1814159292035398,1.5265486725663717,1.7123893805309736,1.3495575221238938,63
1035423.0221238938,2005.703539823009,42.084070796460175,1.9115044247787611,1.2787610619469028,3.1814159292035398,1.5265486725663717,1.7123893805309736,1.3495575221238938,119
1035423.0221238938,2005.703539823009,42.084070796460175,1.9115044247787611,1.2787610619469028,3.1814159292035398,1.5265486725663717,1.7123893805309736,1.3495575221238938,69
1035423.0221238938,2005.703539823009,42.084070796460175,1.9115044247787611,1.2787610619469028,3.1814159292035398,1.5265486725663717,1.7123893805309736,1.3495575221238938,146
1035423.0221238938,2005.703539823009,42.084070796460175,1.9115044247787611,1.2787610619469028,3.1814159292035398,1.5265486725663717,1.7123893805309736,1.3495575221238938,161
1035423.0221238938,2005.703539823009,42.084070796460175,1.9115044247787611,1.2787610619469028,3.1814159292035398,1.5265486725663717,1.7123893805309736,1.3495575221238938,296
1035423.0221238938,2005.703539823009,42.084070796460175,1.9115044247787611,1.2787610619469028,3.1814159292035398,1.5265486725663717,1.7123893805309736,1.3495575221238938,23
1035423.0221238938,2005.703539823009,42.084070796460175,1.9115044247787611,1.2787610619469028,3.1814159292035398,1.5265486725663717,1.7123893805309736,1.3495575221238938,29
1035423.0221238938,2005.703539823009,42.084070796460175,1.9115044247787611,1.2787610619469028,3.1814159292035398,1.5265486725663717,1.7123893805309736,1.3495575221238938,111
1035423.0221238938,2005.703539823009,42.084070796460175,1.9115044247787611,1.2787610619469028,3.1814159292035398,1.5265486725663717,1.7123893805309736,1.3495575221238938,128
1035423.0221238938,2005.703539823009,42.084070796460175,1.9115044247787611,1.2787610619469028,3.1814159292035398,1.5265486725663717,1.7123893805309736,1.3495575221238938,172
1035423.0221238938,2005.703539823009,42.084070796460175,1.9115044247787611,1.2787610619469028,3.1814159292035398,1.5265486725663717,1.7123893805309736,1.3495575221238938,278
1035423.0221238938,2005.703539823009,42.084070796460175,1.9115044247787611,1.2787610619469028,3.1814159292035398,1.5265486725663717,1.7123893805309736,1.3495575221238938,163
1035423.0221238938,2005.703539823009,42.084070796460175,1.9115044247787611,1.2787610619469028,3.1814159292035398,1.5265486725663717,1.7123893805309736,1.3495575221238938,126
1035423.0221238938,2005.703539823009,42.084070796460175,1.9115044247787611,1.2787610619469028,3.1814159292035398,1.5265486725663717,1.7123893805309736,1.3495575221238938,186
1035423.0221238938,2005.703539823009,42.084070796460175,1.9115044247787611,1.2787610619469028,3.1814159292035398,1.5265486725663717,1.7123893805309736,1.3495575221238938,81
1035423.0221238938,2005.703539823009,42.084070796460175,1.9115044247787611,1.2787610619469028,3.1814159292035398,1.5265486725663717,1.7123893805309736,1.3495575221238938,164
1035423.0221238938,2005.703539823009,42.084070796460175,1.9115044247787611,1.2787610619469028,3.1814159292035398,1.5265486725663717,1.7123893805309736,1.3495575221238938,105
1035423.0221238938,2005.703539823009,42.084070796460175,1.9115044247787611,1.2787610619469028,3.1814159292035398,1.5265486725663717,1.7123893805309736,1.3495575221238938,72
1035423.0221238938,2005.703539823009,42.084070796460175,1.9115044247787611,1.2787610619469028,3.1814159292035398,1.5265486725663717,1.7123893805309736,1.3495575221238938,45
1035423.0221238938,2005.703539823009,42.084070796460175,1.9115044247787611,1.2787610619469028,3.1814159292035398,1.5265486725663717,1.7123893805309736,1.3495575221238938,39
1035423.0221238938,2005.703539823009,42.084070796460175,1.9115044247787611,1.2787610619469028,3.1814159292035398,1.5265486725663717,1.7123893805309736,1.3495575221238938,137
1035423.0221238938,2005.703539823009,42.084070796460175,1.9115044247787611,1.2787610619469028,3.1814159292035398,1.5265486725663717,1.7123893805309736,1.3495575221238938,90
1035423.0221238938,2005.703539823009,42.084070796460175,1.9115044247787611,1.2787610619469028,3.1814159292035398,1.5265486725663717,1.7123893805309736,1.3495575221238938,148
1035423.0221238938,2005.703539823009,42.084070796460175,1.9115044247787611,1.2787610619469028,3.1814159292035398,1.5265486725663717,1.7123893805309736,1.3495575221238938,54
1035423.0221238938,2005.703539823009,42.084070796460175,1.9115044247787611,1.2787610619469028,3.1814159292035398,1.5265486725663717,1.7123893805309736,1.3495575221238938,177
1035423.0221238938,2005.703539823009,42.084070796460175,1.9115044247787611,1.2787610619469028,3.1814159292035398,1.5265486725663717,1.7123893805309736,1.3495575221238938,91
1035423.0221238938,2005.703539823009,42.084070796460175,1.9115044247787611,1.2787610619469028,3.1814159292035398,1.5265486725663717,1.7123893805309736,1.3495575221238938,89
1035423.0221238938,2005.703539823009,42.084070796460175,1.9115044247787611,1.2787610619469028,3.1814159292035398,1.5265486725663717,1.7123893805309736,1.3495575221238938,116
1035423.0221238938,2005.703539823009,42.084070796460175,1.9115044247787611,1.2787610619469028,3.1814159292035398,1.5265486725663717,1.7123893805309736,1.3495575221238938,145
1035423.0221238938,2005.703539823009,42.084070796460175,1.9115044247787611,1.2787610619469028,3.1814159292035398,1.5265486725663717,1.7123893805309736,1.3495575221238938,102
1035423.0221238938,2005.703539823009,42.084070796460175,1.9115044247787611,1.2787610619469028,3.1814159292035398,1.5265486725663717,1.7123893805309736,1.3495575221238938,119
1035423.0221238938,2005.703539823009,42.084070796460175,1.9115044247787611,1.2787610619469028,3.1814159292035398,1.5265486725663717,1.7123893805309736,1.3495575221238938,113
1035423.0221238938,2005.703539823009,42.084070796460175,1.9115044247787611,1.2787610619469028,3.1814159292035398,1.5265486725663717,1.7123893805309736,1.3495575221238938,80
1035423.0221238938,2005.703539823009,42.084070796460175,1.9115044247787611,1.2787610619469028,3.1814159292035398,1.5265486725663717,1.7123893805309736,1.3495575221238938,196
1035423.0221238938,2005.703539823009,42.084070796460175,1.9115044247787611,1.2787610619469028,3.1814159292035398,1.5265486725663717,1.7123893805309736,1.3495575221238938,47
1035423.0221238938,2005.703539823009,42.084070796460175,1.9115044247787611,1.2787610619469028,3.1814159292035398,1.5265486725663717,1.7123893805309736,1.3495575221238938,37
1035423.0221238938,2005.703539823009,42.084070796460175,1.9115044247787611,1.2787610619469028,3.1814159292035398,1.5265486725663717,1.7123893805309736,1.3495575221238938,83
1035423.0221238938,2005.703539823009,42.084070796460175,1.9115044247787611,1.2787610619469028,3.1814159292035398,1.5265486725663717,1.7123893805309736,1.3495575221238938,35
1035423.0221238938,2005.703539823009,42.084070796460175,1.9115044247787611,1.2787610619469028,3.1814159292035398,1.5265486725663717,1.7123893805309736,1.3495575221238938,123
1035423.0221238938,2005.703539823009,42.084070796460175,1.9115044247787611,1.2787610619469028,3.1814159292035398,1.5265486725663717,1.7123893805309736,1.3495575221238938,92
1035423.0221238938,2005.703539823009,42.084070796460175,1.9115044247787611,1.2787610619469028,3.1814159292035398,1.5265486725663717,1.7123893805309736,1.3495575221238938,110
1035423.0221238938,2005.703539823009,42.084070796460175,1.9115044247787611,1.2787610619469028,3.1814159292035398,1.5265486725663717,1.7123893805309736,1.3495575221238938,70
