1159666.8461538462,2005.673076923077,43.17307692307692,1.9423076923076923,1.2115384615384615,2.9423076923076925,1.4230769230769231,1.7307692307692308,1.2884615384615385,102
1159666.8461538462,2005.673076923077,43.17307692307692,1.9423076923076923,1.2115384615384615,2.9423076923076925,1.4230769230769231,1.7307692307692308,1.2884615384615385,127
1159666.8461538462,2005.673076923077,43.17307692307692,1.9423076923076923,1.2115384615384615,2.9423076923076925,1.4230769230769231,1.7307692307692308,1.2884615384615385,148
1159666.8461538462,2005.673076923077,43.17307692307692,1.9423076923076923,1.2115384615384615,2.9423076923076925,1.4230769230769231,1.7307692307692308,1.2884615384615385,70
1159666.8461538462,2005.673076923077,43.17307692307692,1.9423076923076923,1.2115384615384615,2.9423076923076925,1.4230769230769231,1.7307692307692308,1.2884615384615385,105
1159666.8461538462,2005.673076923077,43.17307692307692,1.9423076923076923,1.2115384615384615,2.9423076923076925,1.4230769230769231,1.7307692307692308,1.2884615384615385,75
1159666.8461538462,2005.673076923077,43.17307692307692,1.9423076923076923,1.2115384615384615,2.9423076923076925,1.4230769230769231,1.7307692307692308,1.2884615384615385,74
1159666.8461538462,2005.673076923077,43.17307692307692,1.9423076923076923,1.2115384615384615,2.9423076923076925,1.4230769230769231,1.7307692307692308,1.2884615384615385,83
1159666.8461538462,2005.673076923077,43.17307692307692,1.9423076923076923,1.2115384615384615,2.9423076923076925,1.4230769230769231,1.7307692307692308,1.2884615384615385,114
1159666.8461538462,2005.673076923077,43.17307692307692,1.9423076923076923,1.2115384615384615,2.9423076923076925,1.4230769230769231,1.7307692307692308,1.2884615384615385,92
1159666.8461538462,2005.673076923077,43.17307692307692,1.9423076923076923,1.2115384615384615,2.9423076923076925,1.4230769230769231,1.7307692307692308,1.2884615384615385,123
1159666.8461538462,2005.673076923077,43.17307692307692,1.9423076923076923,1.2115384615384615,2.9423076923076925,1.4230769230769231,1.7307692307692308,1.2884615384615385,88
1159666.8461538462,2005.673076923077,43.17307692307692,1.9423076923076923,1.2115384615384615,2.9423076923076925,1.4230769230769231,1.7307692307692308,1.2884615384615385,142
1159666.8461538462,2005.673076923077,43.17307692307692,1.9423076923076923,1.2115384615384615,2.9423076923076925,1.4230769230769231,1.7307692307692308,1.2884615384615385,135
1159666.8461538462,2005.673076923077,43.17307692307692,1.9423076923076923,1.2115384615384615,2.9423076923076925,1.4230769230769231,1.7307692307692308,1.2884615384615385,105
1159666.8461538462,2005.673076923077,43.17307692307692,1.9423076923076923,1.2115384615384615,2.9423076923076925,1.4230769230769231,1.7307692307692308,1.2884615384615385,97
1159666.8461538462,2005.673076923077,43.17307692307692,1.9423076923076923,1.2115384615384615,2.9423076923076925,1.4230769230769231,1.7307692307692308,1.2884615384615385,119
1159666.8461538462,2005.673076923077,43.17307692307692,1.9423076923076923,1.2115384615384615,2.9423076923076925,1.4230769230769231,1.7307692307692308,1.2884615384615385,88
1159666.8461538462,2005.673076923077,43.17307692307692,1.9423076923076923,1.2115384615384615,2.9423076923076925,1.4230769230769231,1.7307692307692308,1.2884615384615385,77
1159666.8461538462,2005.673076923077,43.17307692307692,1.9423076923076923,1.2115384615384615,2.9423076923076925,1.4230769230769231,1.7307692307692308,1.2884615384615385,100
1159666.8461538462,2005.673076923077,43.17307692307692,1.9423076923076923,1.2115384615384615,2.9423076923076925,1.4230769230769231,1.7307692307692308,1.2884615384615385,94
1159666.8461538462,2005.673076923077,43.17307692307692,1.9423076923076923,1.2115384615384615,2.9423076923076925,1.4230769230769231,1.7307692307692308,1.2884615384615385,100
1159666.8461538462,2005.673076923077,43.17307692307692,1.9423076923076923,1.2115384615384615,2.9423076923076925,1.4230769230769231,1.7307692307692308,1.2884615384615385,65
1159666.8461538462,2005.673076923077,43.17307692307692,1.9423076923076923,1.2115384615384615,2.9423076923076925,1.4230769230769231,1.7307692307692308,1.2884615384615385,88
1159666.8461538462,2005.673076923077,43.17307692307692,1.9423076923076923,1.2115384615384615,2.9423076923076925,1.4230769230769231,1.7307692307692308,1.2884615384615385,81
1159666.8461538462,2005.673076923077,43.17307692307692,1.9423076923076923,1.2115384615384615,2.9423076923076925,1.4230769230769231,1.7307692307692308,1.2884615384615385,110
1159666.8461538462,2005.673076923077,43.17307692307692,1.9423076923076923,1.2115384615384615,2.9423076923076925,1.4230769230769231,1.7307692307692308,1.2884615384615385,119
1159666.8461538462,2005.673076923077,43.17307692307692,1.9423076923076923,1.2115384615384615,2.9423076923076925,1.4230769230769231,1.7307692307692308,1.2884615384615385,100
1159666.8461538462,2005.673076923077,43.17307692307692,1.9423076923076923,1.2115384615384615,2.9423076923076925,1.4230769230769231,1.7307692307692308,1.2884615384615385,119
1159666.8461538462,2005.673076923077,43.17307692307692,1.9423076923076923,1.2115384615384615,2.9423076923076925,1.4230769230769231,1.7307692307692308,1.2884615384615385,80
1159666.8461538462,2005.673076923077,43.17307692307692,1.9423076923076923,1.2115384615384615,2.9423076923076925,1.4230769230769231,1.7307692307692308,1.2884615384615385,81
1159666.8461538462,2005.673076923077,43.17307692307692,1.9423076923076923,1.2115384615384615,2.9423076923076925,1.4230769230769231,1.7307692307692308,1.2884615384615385,131
1159666.8461538462,2005.673076923077,43.17307692307692,1.9423076923076923,1.2115384615384615,2.9423076923076925,1.4230769230769231,1.7307692307692308,1.2884615384615385,117
1159666.8461538462,2005.673076923077,43.17307692307692,1.9423076923076923,1.2115384615384615,2.9423076923076925,1.4230769230769231,1.7307692307692308,1.2884615384615385,177
1159666.8461538462,2005.673076923077,43.17307692307692,1.9423076923076923,1.2115384615384615,2.9423076923076925,1.4230769230769231,1.7307692307692308,1.2884615384615385,110
1159666.8461538462,2005.673076923077,43.17307692307692,1.9423076923076923,1.2115384615384615,2.9423076923076925,1.4230769230769231,1.7307692307692308,1.2884615384615385,89
1159666.8461538462,2005.673076923077,43.17307692307692,1.9423076923076923,1.2115384615384615,2.9423076923076925,1.4230769230769231,1.7307692307692308,1.2884615384615385,108
1159666.8461538462,2005.673076923077,43.17307692307692,1.9423076923076923,1.2115384615384615,2.9423076923076925,1.4230769230769231,1.7307692307692308,1.2884615384615385,161
1159666.8461538462,2005.673076923077,43.17307692307692,1.9423076923076923,1.2115384615384615,2.9423076923076925,1.4230769230769231,1.7307692307692308,1.2884615384615385,94
1159666.8461538462,2005.673076923077,43.17307692307692,1.9423076923076923,1.2115384615384615,2.9423076923076925,1.4230769230769231,1.7307692307692308,1.2884615384615385,90
1159666.8461538462,2005.673076923077,43.17307692307692,1.9423076923076923,1.2115384615384615,2.9423076923076925,1.4230769230769231,1.7307692307692308,1.2884615384615385,129
1159666.8461538462,2005.673076923077,43.17307692307692,1.9423076923076923,1.2115384615384615,2.9423076923076925,1.4230769230769231,1.7307692307692308,1.2884615384615385,127
1159666.8461538462,2005.673076923077,43.17307692307692,1.9423076923076923,1.2115384615384615,2.9423076923076925,1.4230769230769231,1.7307692307692308,1.2884615384615385,110
1159666.8461538462,2005.673076923077,43.17307692307692,1.9423076923076923,1.2115384615384615,2.9423076923076925,1.4230769230769231,1.7307692307692308,1.2884615384615385,85
1159666.8461538462,2005.673076923077,43.17307692307692,1.9423076923076923,1.2115384615384615,2.9423076923076925,1.4230769230769231,1.7307692307692308,1.2884615384615385,93
1159666.8461538462,2005.673076923077,43.17307692307692,1.9423076923076923,1.2115384615384615,2.9423076923076925,1.4230769230769231,1.7307692307692308,1.2884615384615385,119
1159666.8461538462,2005.673076923077,43.17307692307692,1.9423076923076923,1.2115384615384615,2.9423076923076925,1.4230769230769231,1.7307692307692308,1.2884615384615385,148
1159666.8461538462,2005.673076923077,43.17307692307692,1.9423076923076923,1.2115384615384615,2.9423076923076925,1.4230769230769231,1.7307692307692308,1.2884615384615385,74
1159666.8461538462,2005.673076923077,43.17307692307692,1.9423076923076923,1.2115384615384615,2.9423076923076925,1.4230769230769231,1.7307692307692308,1.2884615384615385,114
1159666.8461538462,2005.673076923077,43.17307692307692,1.9423076923076923,1.2115384615384615,2.9423076923076925,1.4230769230769231,1.7307692307692308,1.2884615384615385,95
1159666.8461538462,2005.673076923077,43.17307692307692,1.9423076923076923,1.2115384615384615,2.9423076923076925,1.4230769230769231,1.7307692307692308,1.2884615384615385,81
1159666.8461538462,2005.673076923077,43.17307692307692,1.9423076923076923,1.2115384615384615,2.9423076923076925,1.4230769230769231,1.7307692307692308,1.2884615384615385,112
1080595.3018867925,2006.0943396226414,41.37735849056604,2.0943396226415096,1.509433962264151,2.6792452830188678,1.4150943396226414,1.6603773584905661,1.3396226415094339,89
1080595.3018867925,2006.0943396226414,41.37735849056604,2.0943396226415096,1.509433962264151,2.6792452830188678,1.4150943396226414,1.6603773584905661,1.3396226415094339,129
1080595.3018867925,2006.0943396226414,41.37735849056604,2.0943396226415096,1.509433962264151,2.6792452830188678,1.4150943396226414,1.6603773584905661,1.3396226415094339,100
1080595.3018867925,2006.0943396226414,41.37735849056604,2.0943396226415096,1.509433962264151,2.6792452830188678,1.4150943396226414,1.6603773584905661,1.3396226415094339,119
1080595.3018867925,2006.0943396226414,41.37735849056604,2.0943396226415096,1.509433962264151,2.6792452830188678,1.4150943396226414,1.6603773584905661,1.3396226415094339,161
1080595.3018867925,2006.0943396226414,41.37735849056604,2.0943396226415096,1.509433962264151,2.6792452830188678,1.4150943396226414,1.6603773584905661,1.3396226415094339,108
1080595.3018867925,2006.0943396226414,41.37735849056604,2.0943396226415096,1.509433962264151,2.6792452830188678,1.4150943396226414,1.6603773584905661,1.3396226415094339,90
1080595.3018867925,2006.0943396226414,41.37735849056604,2.0943396226415096,1.509433962264151,2.6792452830188678,1.4150943396226414,1.6603773584905661,1.3396226415094339,80
1080595.3018867925,2006.0943396226414,41.37735849056604,2.0943396226415096,1.509433962264151,2.6792452830188678,1.4150943396226414,1.6603773584905661,1.3396226415094339,117
1080595.3018867925,2006.0943396226414,41.37735849056604,2.0943396226415096,1.509433962264151,2.6792452830188678,1.4150943396226414,1.6603773584905661,1.3396226415094339,94
1080595.3018867925,2006.0943396226414,41.37735849056604,2.0943396226415096,1.509433962264151,2.6792452830188678,1.4150943396226414,1.6603773584905661,1.3396226415094339,177
1080595.3018867925,2006.0943396226414,41.37735849056604,2.0943396226415096,1.509433962264151,2.6792452830188678,1.4150943396226414,1.6603773584905661,1.3396226415094339,88
1080595.3018867925,2006.0943396226414,41.37735849056604,2.0943396226415096,1.509433962264151,2.6792452830188678,1.4150943396226414,1.6603773584905661,1.3396226415094339,112
1080595.3018867925,2006.0943396226414,41.37735849056604,2.0943396226415096,1.509433962264151,2.6792452830188678,1.4150943396226414,1.6603773584905661,1.3396226415094339,148
1080595.3018867925,2006.0943396226414,41.37735849056604,2.0943396226415096,1.509433962264151,2.6792452830188678,1.4150943396226414,1.6603773584905661,1.3396226415094339,95
1080595.3018867925,2006.0943396226414,41.37735849056604,2.0943396226415096,1.509433962264151,2.6792452830188678,1.4150943396226414,1.6603773584905661,1.3396226415094339,114
1080595.3018867925,2006.0943396226414,41.37735849056604,2.0943396226415096,1.509433962264151,2.6792452830188678,1.4150943396226414,1.6603773584905661,1.3396226415094339,74
1080595.3018867925,2006.0943396226414,41.37735849056604,2.0943396226415096,1.509433962264151,2.6792452830188678,1.4150943396226414,1.6603773584905661,1.3396226415094339,93
1080595.3018867925,2006.0943396226414,41.37735849056604,2.0943396226415096,1.509433962264151,2.6792452830188678,1.4150943396226414,1.6603773584905661,1.3396226415094339,100
1080595.3018867925,2006.0943396226414,41.37735849056604,2.0943396226415096,1.509433962264151,2.6792452830188678,1.4150943396226414,1.6603773584905661,1.3396226415094339,119
1080595.3018867925,2006.0943396226414,41.37735849056604,2.0943396226415096,1.509433962264151,2.6792452830188678,1.4150943396226414,1.6603773584905661,1.3396226415094339,85
1080595.3018867925,2006.0943396226414,41.37735849056604,2.0943396226415096,1.509433962264151,2.6792452830188678,1.4150943396226414,1.6603773584905661,1.3396226415094339,74
1080595.3018867925,2006.0943396226414,41.37735849056604,2.0943396226415096,1.509433962264151,2.6792452830188678,1.4150943396226414,1.6603773584905661,1.3396226415094339,114
1080595.3018867925,2006.0943396226414,41.37735849056604,2.0943396226415096,1.509433962264151,2.6792452830188678,1.4150943396226414,1.6603773584905661,1.3396226415094339,83
1080595.3018867925,2006.0943396226414,41.37735849056604,2.0943396226415096,1.509433962264151,2.6792452830188678,1.4150943396226414,1.6603773584905661,1.3396226415094339,75
1080595.3018867925,2006.0943396226414,41.37735849056604,2.0943396226415096,1.509433962264151,2.6792452830188678,1.4150943396226414,1.6603773584905661,1.3396226415094339,70
1080595.3018867925,2006.0943396226414,41.37735849056604,2.0943396226415096,1.509433962264151,2.6792452830188678,1.4150943396226414,1.6603773584905661,1.3396226415094339,148
1080595.3018867925,2006.0943396226414,41.37735849056604,2.0943396226415096,1.509433962264151,2.6792452830188678,1.4150943396226414,1.6603773584905661,1.3396226415094339,102
1080595.3018867925,2006.0943396226414,41.37735849056604,2.0943396226415096,1.509433962264151,2.6792452830188678,1.4150943396226414,1.6603773584905661,1.3396226415094339,92
1080595.3018867925,2006.0943396226414,41.37735849056604,2.0943396226415096,1.509433962264151,2.6792452830188678,1.4150943396226414,1.6603773584905661,1.3396226415094339,135
1080595.3018867925,2006.0943396226414,41.37735849056604,2.0943396226415096,1.509433962264151,2.6792452830188678,1.4150943396226414,1.6603773584905661,1.3396226415094339,97
1080595.3018867925,2006.0943396226414,41.37735849056604,2.0943396226415096,1.509433962264151,2.6792452830188678,1.4150943396226414,1.6603773584905661,1.3396226415094339,142
1080595.3018867925,2006.0943396226414,41.37735849056604,2.0943396226415096,1.509433962264151,2.6792452830188678,1.4150943396226414,1.6603773584905661,1.3396226415094339,127
1080595.3018867925,2006.0943396226414,41.37735849056604,2.0943396226415096,1.509433962264151,2.6792452830188678,1.4150943396226414,1.6603773584905661,1.3396226415094339,123
1080595.3018867925,2006.0943396226414,41.37735849056604,2.0943396226415096,1.509433962264151,2.6792452830188678,1.4150943396226414,1.6603773584905661,1.3396226415094339,81
1080595.3018867925,2006.0943396226414,41.37735849056604,2.0943396226415096,1.509433962264151,2.6792452830188678,1.4150943396226414,1.6603773584905661,1.3396226415094339,110
1080595.3018867925,2006.0943396226414,41.37735849056604,2.0943396226415096,1.509433962264151,2.6792452830188678,1.4150943396226414,1.6603773584905661,1.3396226415094339,77
1080595.3018867925,2006.0943396226414,41.37735849056604,2.0943396226415096,1.509433962264151,2.6792452830188678,1.4150943396226414,1.6603773584905661,1.3396226415094339,119
1080595.3018867925,2006.0943396226414,41.37735849056604,2.0943396226415096,1.509433962264151,2.6792452830188678,1.4150943396226414,1.6603773584905661,1.3396226415094339,110
1080595.3018867925,2006.0943396226414,41.37735849056604,2.0943396226415096,1.509433962264151,2.6792452830188678,1.4150943396226414,1.6603773584905661,1.3396226415094339,105
1080595.3018867925,2006.0943396226414,41.37735849056604,2.0943396226415096,1.509433962264151,2.6792452830188678,1.4150943396226414,1.6603773584905661,1.3396226415094339,65
1080595.3018867925,2006.0943396226414,41.37735849056604,2.0943396226415096,1.509433962264151,2.6792452830188678,1.4150943396226414,1.6603773584905661,1.3396226415094339,81
1080595.3018867925,2006.0943396226414,41.37735849056604,2.0943396226415096,1.509433962264151,2.6792452830188678,1.4150943396226414,1.6603773584905661,1.3396226415094339,88
1080595.3018867925,2006.0943396226414,41.37735849056604,2.0943396226415096,1.509433962264151,2.6792452830188678,1.4150943396226414,1.6603773584905661,1.3396226415094339,127
1080595.3018867925,2006.0943396226414,41.37735849056604,2.0943396226415096,1.509433962264151,2.6792452830188678,1.4150943396226414,1.6603773584905661,1.3396226415094339,138
1080595.3018867925,2006.0943396226414,41.37735849056604,2.0943396226415096,1.509433962264151,2.6792452830188678,1.4150943396226414,1.6603773584905661,1.3396226415094339,131
1080595.3018867925,2006.0943396226414,41.37735849056604,2.0943396226415096,1.509433962264151,2.6792452830188678,1.4150943396226414,1.6603773584905661,1.3396226415094339,105
1080595.3018867925,2006.0943396226414,41.37735849056604,2.0943396226415096,1.509433962264151,2.6792452830188678,1.4150943396226414,1.6603773584905661,1.3396226415094339,119
1080595.3018867925,2006.0943396226414,41.37735849056604,2.0943396226415096,1.509433962264151,2.6792452830188678,1.4150943396226414,1.6603773584905661,1.3396226415094339,81
1080595.3018867925,2006.0943396226414,41.37735849056604,2.0943396226415096,1.509433962264151,2.6792452830188678,1.4150943396226414,1.6603773584905661,1.3396226415094339,110
1080595.3018867925,2006.0943396226414,41.37735849056604,2.0943396226415096,1.509433962264151,2.6792452830188678,1.4150943396226414,1.6603773584905661,1.3396226415094339,100
1080595.3018867925,2006.0943396226414,41.37735849056604,2.0943396226415096,1.509433962264151,2.6792452830188678,1.4150943396226414,1.6603773584905661,1.3396226415094339,88
1080595.3018867925,2006.0943396226414,41.37735849056604,2.0943396226415096,1.509433962264151,2.6792452830188678,1.4150943396226414,1.6603773584905661,1.3396226415094339,94
961511.3092783506,2005.5979381443299,44.20618556701031,1.9793814432989691,1.2371134020618557,3.11340206185567,1.4639175257731958,1.690721649484536,1.3195876288659794,145
961511.3092783506,2005.5979381443299,44.20618556701031,1.9793814432989691,1.2371134020618557,3.11340206185567,1.4639175257731958,1.690721649484536,1.3195876288659794,85
961511.3092783506,2005.5979381443299,44.20618556701031,1.9793814432989691,1.2371134020618557,3.11340206185567,1.4639175257731958,1.690721649484536,1.3195876288659794,112
961511.3092783506,2005.5979381443299,44.20618556701031,1.9793814432989691,1.2371134020618557,3.11340206185567,1.4639175257731958,1.690721649484536,1.3195876288659794,88
961511.3092783506,2005.5979381443299,44.20618556701031,1.9793814432989691,1.2371134020618557,3.11340206185567,1.4639175257731958,1.690721649484536,1.3195876288659794,126
961511.3092783506,2005.5979381443299,44.20618556701031,1.9793814432989691,1.2371134020618557,3.11340206185567,1.4639175257731958,1.690721649484536,1.3195876288659794,148
961511.3092783506,2005.5979381443299,44.20618556701031,1.9793814432989691,1.2371134020618557,3.11340206185567,1.4639175257731958,1.690721649484536,1.3195876288659794,119
961511.3092783506,2005.5979381443299,44.20618556701031,1.9793814432989691,1.2371134020618557,3.11340206185567,1.4639175257731958,1.690721649484536,1.3195876288659794,164
961511.3092783506,2005.5979381443299,44.20618556701031,1.9793814432989691,1.2371134020618557,3.11340206185567,1.4639175257731958,1.690721649484536,1.3195876288659794,95
961511.3092783506,2005.5979381443299,44.20618556701031,1.9793814432989691,1.2371134020618557,3.11340206185567,1.4639175257731958,1.690721649484536,1.3195876288659794,278
961511.3092783506,2005.5979381443299,44.20618556701031,1.9793814432989691,1.2371134020618557,3.11340206185567,1.4639175257731958,1.690721649484536,1.3195876288659794,111
961511.3092783506,2005.5979381443299,44.20618556701031,1.9793814432989691,1.2371134020618557,3.11340206185567,1.4639175257731958,1.690721649484536,1.3195876288659794,100
961511.3092783506,2005.5979381443299,44.20618556701031,1.9793814432989691,1.2371134020618557,3.11340206185567,1.4639175257731958,1.690721649484536,1.3195876288659794,110
961511.3092783506,2005.5979381443299,44.20618556701031,1.9793814432989691,1.2371134020618557,3.11340206185567,1.4639175257731958,1.690721649484536,1.3195876288659794,74
961511.3092783506,2005.5979381443299,44.20618556701031,1.9793814432989691,1.2371134020618557,3.11340206185567,1.4639175257731958,1.690721649484536,1.3195876288659794,114
961511.3092783506,2005.5979381443299,44.20618556701031,1.9793814432989691,1.2371134020618557,3.11340206185567,1.4639175257731958,1.690721649484536,1.3195876288659794,131
961511.3092783506,2005.5979381443299,44.20618556701031,1.9793814432989691,1.2371134020618557,3.11340206185567,1.4639175257731958,1.690721649484536,1.3195876288659794,72
961511.3092783506,2005.5979381443299,44.20618556701031,1.9793814432989691,1.2371134020618557,3.11340206185567,1.4639175257731958,1.690721649484536,1.3195876288659794,94
961511.3092783506,2005.5979381443299,44.20618556701031,1.9793814432989691,1.2371134020618557,3.11340206185567,1.4639175257731958,1.690721649484536,1.3195876288659794,93
961511.3092783506,2005.5979381443299,44.20618556701031,1.9793814432989691,1.2371134020618557,3.11340206185567,1.4639175257731958,1.690721649484536,1.3195876288659794,81
961511.3092783506,2005.5979381443299,44.20618556701031,1.9793814432989691,1.2371134020618557,3.11340206185567,1.4639175257731958,1.690721649484536,1.3195876288659794,116
961511.3092783506,2005.5979381443299,44.20618556701031,1.9793814432989691,1.2371134020618557,3.11340206185567,1.4639175257731958,1.690721649484536,1.3195876288659794,83
961511.3092783506,2005.5979381443299,44.20618556701031,1.9793814432989691,1.2371134020618557,3.11340206185567,1.4639175257731958,1.690721649484536,1.3195876288659794,75
961511.3092783506,2005.5979381443299,44.20618556701031,1.9793814432989691,1.2371134020618557,3.11340206185567,1.4639175257731958,1.690721649484536,1.3195876288659794,88
961511.3092783506,2005.5979381443299,44.20618556701031,1.9793814432989691,1.2371134020618557,3.11340206185567,1.4639175257731958,1.690721649484536,1.3195876288659794,70
961511.3092783506,2005.5979381443299,44.20618556701031,1.9793814432989691,1.2371134020618557,3.11340206185567,1.4639175257731958,1.690721649484536,1.3195876288659794,50
961511.3092783506,2005.5979381443299,44.20618556701031,1.9793814432989691,1.2371134020618557,3.11340206185567,1.4639175257731958,1.690721649484536,1.3195876288659794,110
961511.3092783506,2005.5979381443299,44.20618556701031,1.9793814432989691,1.2371134020618557,3.11340206185567,1.4639175257731958,1.690721649484536,1.3195876288659794,100
961511.3092783506,2005.5979381443299,44.20618556701031,1.9793814432989691,1.2371134020618557,3.11340206185567,1.4639175257731958,1.690721649484536,1.3195876288659794,127
961511.3092783506,2005.5979381443299,44.20618556701031,1.9793814432989691,1.2371134020618557,3.11340206185567,1.4639175257731958,1.690721649484536,1.3195876288659794,81
961511.3092783506,2005.5979381443299,44.20618556701031,1.9793814432989691,1.2371134020618557,3.11340206185567,1.4639175257731958,1.690721649484536,1.3195876288659794,71
961511.3092783506,2005.5979381443299,44.20618556701031,1.9793814432989691,1.2371134020618557,3.11340206185567,1.4639175257731958,1.690721649484536,1.3195876288659794,92
961511.3092783506,2005.5979381443299,44.20618556701031,1.9793814432989691,1.2371134020618557,3.11340206185567,1.4639175257731958,1.690721649484536,1.3195876288659794,132
961511.3092783506,2005.5979381443299,44.20618556701031,1.9793814432989691,1.2371134020618557,3.11340206185567,1.4639175257731958,1.690721649484536,1.3195876288659794,148
961511.3092783506,2005.5979381443299,44.20618556701031,1.9793814432989691,1.2371134020618557,3.11340206185567,1.4639175257731958,1.690721649484536,1.3195876288659794,59
961511.3092783506,2005.5979381443299,44.20618556701031,1.9793814432989691,1.2371134020618557,3.11340206185567,1.4639175257731958,1.690721649484536,1.3195876288659794,102
961511.3092783506,2005.5979381443299,44.20618556701031,1.9793814432989691,1.2371134020618557,3.11340206185567,1.4639175257731958,1.690721649484536,1.3195876288659794,119
961511.3092783506,2005.5979381443299,44.20618556701031,1.9793814432989691,1.2371134020618557,3.11340206185567,1.4639175257731958,1.690721649484536,1.3195876288659794,119
961511.3092783506,2005.5979381443299,44.20618556701031,1.9793814432989691,1.2371134020618557,3.11340206185567,1.4639175257731958,1.690721649484536,1.3195876288659794,127
961511.3092783506,2005.5979381443299,44.20618556701031,1.9793814432989691,1.2371134020618557,3.11340206185567,1.4639175257731958,1.690721649484536,1.3195876288659794,81
961511.3092783506,2005.5979381443299,44.20618556701031,1.9793814432989691,1.2371134020618557,3.11340206185567,1.4639175257731958,1.690721649484536,1.3195876288659794,135
961511.3092783506,2005.5979381443299,44.20618556701031,1.9793814432989691,1.2371134020618557,3.11340206185567,1.4639175257731958,1.690721649484536,1.3195876288659794,87
961511.3092783506,2005.5979381443299,44.20618556701031,1.9793814432989691,1.2371134020618557,3.11340206185567,1.4639175257731958,1.690721649484536,1.3195876288659794,148
961511.3092783506,2005.5979381443299,44.20618556701031,1.9793814432989691,1.2371134020618557,3.11340206185567,1.4639175257731958,1.690721649484536,1.3195876288659794,123
961511.3092783506,2005.5979381443299,44.20618556701031,1.9793814432989691,1.2371134020618557,3.11340206185567,1.4639175257731958,1.690721649484536,1.3195876288659794,55
961511.3092783506,2005.5979381443299,44.20618556701031,1.9793814432989691,1.2371134020618557,3.11340206185567,1.4639175257731958,1.690721649484536,1.3195876288659794,144
961511.3092783506,2005.5979381443299,44.20618556701031,1.9793814432989691,1.2371134020618557,3.11340206185567,1.4639175257731958,1.690721649484536,1.3195876288659794,97
961511.3092783506,2005.5979381443299,44.20618556701031,1.9793814432989691,1.2371134020618557,3.11340206185567,1.4639175257731958,1.690721649484536,1.3195876288659794,78
961511.3092783506,2005.5979381443299,44.20618556701031,1.9793814432989691,1.2371134020618557,3.11340206185567,1.4639175257731958,1.690721649484536,1.3195876288659794,106
961511.3092783506,2005.5979381443299,44.20618556701031,1.9793814432989691,1.2371134020618557,3.11340206185567,1.4639175257731958,1.690721649484536,1.3195876288659794,110
961511.3092783506,2005.5979381443299,44.20618556701031,1.9793814432989691,1.2371134020618557,3.11340206185567,1.4639175257731958,1.690721649484536,1.3195876288659794,142
961511.3092783506,2005.5979381443299,44.20618556701031,1.9793814432989691,1.2371134020618557,3.11340206185567,1.4639175257731958,1.690721649484536,1.3195876288659794,268
961511.3092783506,2005.5979381443299,44.20618556701031,1.9793814432989691,1.2371134020618557,3.11340206185567,1.4639175257731958,1.690721649484536,1.3195876288659794,201
961511.3092783506,2005.5979381443299,44.20618556701031,1.9793814432989691,1.2371134020618557,3.11340206185567,1.4639175257731958,1.690721649484536,1.3195876288659794,88
961511.3092783506,2005.5979381443299,44.20618556701031,1.9793814432989691,1.2371134020618557,3.11340206185567,1.4639175257731958,1.690721649484536,1.3195876288659794,104
961511.3092783506,2005.5979381443299,44.20618556701031,1.9793814432989691,1.2371134020618557,3.11340206185567,1.4639175257731958,1.690721649484536,1.3195876288659794,105
961511.3092783506,2005.5979381443299,44.20618556701031,1.9793814432989691,1.2371134020618557,3.11340206185567,1.4639175257731958,1.690721649484536,1.3195876288659794,96
961511.3092783506,2005.5979381443299,44.20618556701031,1.9793814432989691,1.2371134020618557,3.11340206185567,1.4639175257731958,1.690721649484536,1.3195876288659794,77
961511.3092783506,2005.5979381443299,44.20618556701031,1.9793814432989691,1.2371134020618557,3.11340206185567,1.4639175257731958,1.690721649484536,1.3195876288659794,65
961511.3092783506,2005.5979381443299,44.20618556701031,1.9793814432989691,1.2371134020618557,3.11340206185567,1.4639175257731958,1.690721649484536,1.3195876288659794,119
961511.3092783506,2005.5979381443299,44.20618556701031,1.9793814432989691,1.2371134020618557,3.11340206185567,1.4639175257731958,1.690721649484536,1.3195876288659794,107
961511.3092783506,2005.5979381443299,44.20618556701031,1.9793814432989691,1.2371134020618557,3.11340206185567,1.4639175257731958,1.690721649484536,1.3195876288659794,138
961511.3092783506,2005.5979381443299,44.20618556701031,1.9793814432989691,1.2371134020618557,3.11340206185567,1.4639175257731958,1.690721649484536,1.3195876288659794,105
961511.3092783506,2005.5979381443299,44.20618556701031,1.9793814432989691,1.2371134020618557,3.11340206185567,1.4639175257731958,1.690721649484536,1.3195876288659794,166
961511.3092783506,2005.5979381443299,44.20618556701031,1.9793814432989691,1.2371134020618557,3.11340206185567,1.4639175257731958,1.690721649484536,1.3195876288659794,135
961511.3092783506,2005.5979381443299,44.20618556701031,1.9793814432989691,1.2371134020618557,3.11340206185567,1.4639175257731958,1.690721649484536,1.3195876288659794,114
961511.3092783506,2005.5979381443299,44.20618556701031,1.9793814432989691,1.2371134020618557,3.11340206185567,1.4639175257731958,1.690721649484536,1.3195876288659794,99
961511.3092783506,2005.5979381443299,44.20618556701031,1.9793814432989691,1.2371134020618557,3.11340206185567,1.4639175257731958,1.690721649484536,1.3195876288659794,67
961511.3092783506,2005.5979381443299,44.20618556701031,1.9793814432989691,1.2371134020618557,3.11340206185567,1.4639175257731958,1.690721649484536,1.3195876288659794,94
961511.3092783506,2005.5979381443299,44.20618556701031,1.9793814432989691,1.2371134020618557,3.11340206185567,1.4639175257731958,1.690721649484536,1.3195876288659794,133
961511.3092783506,2005.5979381443299,44.20618556701031,1.9793814432989691,1.2371134020618557,3.11340206185567,1.4639175257731958,1.690721649484536,1.3195876288659794,100
961511.3092783506,2005.5979381443299,44.20618556701031,1.9793814432989691,1.2371134020618557,3.11340206185567,1.4639175257731958,1.690721649484536,1.3195876288659794,103
961511.3092783506,2005.5979381443299,44.20618556701031,1.9793814432989691,1.2371134020618557,3.11340206185567,1.4639175257731958,1.690721649484536,1.3195876288659794,140
961511.3092783506,2005.5979381443299,44.20618556701031,1.9793814432989691,1.2371134020618557,3.11340206185567,1.4639175257731958,1.690721649484536,1.3195876288659794,109
961511.3092783506,2005.5979381443299,44.20618556701031,1.9793814432989691,1.2371134020618557,3.11340206185567,1.4639175257731958,1.690721649484536,1.3195876288659794,101
961511.3092783506,2005.5979381443299,44.20618556701031,1.9793814432989691,1.2371134020618557,3.11340206185567,1.4639175257731958,1.690721649484536,1.3195876288659794,115
961511.3092783506,2005.5979381443299,44.20618556701031,1.9793814432989691,1.2371134020618557,3.11340206185567,1.4639175257731958,1.690721649484536,1.3195876288659794,74
961511.3092783506,2005.5979381443299,44.20618556701031,1.9793814432989691,1.2371134020618557,3.11340206185567,1.4639175257731958,1.690721649484536,1.3195876288659794,65
961511.3092783506,2005.5979381443299,44.20618556701031,1.9793814432989691,1.2371134020618557,3.11340206185567,1.4639175257731958,1.690721649484536,1.3195876288659794,88
961511.3092783506,2005.5979381443299,44.20618556701031,1.9793814432989691,1.2371134020618557,3.11340206185567,1.4639175257731958,1.690721649484536,1.3195876288659794,108
961511.3092783506,2005.5979381443299,44.20618556701031,1.9793814432989691,1.2371134020618557,3.11340206185567,1.4639175257731958,1.690721649484536,1.3195876288659794,177
961511.3092783506,2005.5979381443299,44.20618556701031,1.9793814432989691,1.2371134020618557,3.11340206185567,1.4639175257731958,1.690721649484536,1.3195876288659794,89
961511.3092783506,2005.5979381443299,44.20618556701031,1.9793814432989691,1.2371134020618557,3.11340206185567,1.4639175257731958,1.690721649484536,1.3195876288659794,90
961511.3092783506,2005.5979381443299,44.20618556701031,1.9793814432989691,1.2371134020618557,3.11340206185567,1.4639175257731958,1.690721649484536,1.3195876288659794,155
961511.3092783506,2005.5979381443299,44.20618556701031,1.9793814432989691,1.2371134020618557,3.11340206185567,1.4639175257731958,1.690721649484536,1.3195876288659794,161
961511.3092783506,2005.5979381443299,44.20618556701031,1.9793814432989691,1.2371134020618557,3.11340206185567,1.4639175257731958,1.690721649484536,1.3195876288659794,84
961511.3092783506,2005.5979381443299,44.20618556701031,1.9793814432989691,1.2371134020618557,3.11340206185567,1.4639175257731958,1.690721649484536,1.3195876288659794,129
961511.3092783506,2005.5979381443299,44.20618556701031,1.9793814432989691,1.2371134020618557,3.11340206185567,1.4639175257731958,1.690721649484536,1.3195876288659794,100
961511.3092783506,2005.5979381443299,44.20618556701031,1.9793814432989691,1.2371134020618557,3.11340206185567,1.4639175257731958,1.690721649484536,1.3195876288659794,117
961511.3092783506,2005.5979381443299,44.20618556701031,1.9793814432989691,1.2371134020618557,3.11340206185567,1.4639175257731958,1.690721649484536,1.3195876288659794,80
961511.3092783506,2005.5979381443299,44.20618556701031,1.9793814432989691,1.2371134020618557,3.11340206185567,1.4639175257731958,1.690721649484536,1.3195876288659794,94
961511.3092783506,2005.5979381443299,44.20618556701031,1.9793814432989691,1.2371134020618557,3.11340206185567,1.4639175257731958,1.690721649484536,1.3195876288659794,74
961511.3092783506,2005.5979381443299,44.20618556701031,1.9793814432989691,1.2371134020618557,3.11340206185567,1.4639175257731958,1.690721649484536,1.3195876288659794,69
961511.3092783506,2005.5979381443299,44.20618556701031,1.9793814432989691,1.2371134020618557,3.11340206185567,1.4639175257731958,1.690721649484536,1.3195876288659794,114
961511.3092783506,2005.5979381443299,44.20618556701031,1.9793814432989691,1.2371134020618557,3.11340206185567,1.4639175257731958,1.690721649484536,1.3195876288659794,121
961511.3092783506,2005.5979381443299,44.20618556701031,1.9793814432989691,1.2371134020618557,3.11340206185567,1.4639175257731958,1.690721649484536,1.3195876288659794,131
961511.3092783506,2005.5979381443299,44.20618556701031,1.9793814432989691,1.2371134020618557,3.11340206185567,1.4639175257731958,1.690721649484536,1.3195876288659794,66
1002212.8545454545,2005.9636363636364,41.945454545454545,1.8636363636363635,1.2545454545454546,3.0636363636363635,1.4454545454545455,1.690909090909091,1.290909090909091,109
1002212.8545454545,2005.9636363636364,41.945454545454545,1.8636363636363635,1.2545454545454546,3.0636363636363635,1.4454545454545455,1.690909090909091,1.290909090909091,148
1002212.8545454545,2005.9636363636364,41.945454545454545,1.8636363636363635,1.2545454545454546,3.0636363636363635,1.4454545454545455,1.690909090909091,1.290909090909091,133
1002212.8545454545,2005.9636363636364,41.945454545454545,1.8636363636363635,1.2545454545454546,3.0636363636363635,1.4454545454545455,1.690909090909091,1.290909090909091,101
1002212.8545454545,2005.9636363636364,41.945454545454545,1.8636363636363635,1.2545454545454546,3.0636363636363635,1.4454545454545455,1.690909090909091,1.290909090909091,74
1002212.8545454545,2005.9636363636364,41.945454545454545,1.8636363636363635,1.2545454545454546,3.0636363636363635,1.4454545454545455,1.690909090909091,1.290909090909091,103
1002212.8545454545,2005.9636363636364,41.945454545454545,1.8636363636363635,1.2545454545454546,3.0636363636363635,1.4454545454545455,1.690909090909091,1.290909090909091,63
1002212.8545454545,2005.9636363636364,41.945454545454545,1.8636363636363635,1.2545454545454546,3.0636363636363635,1.4454545454545455,1.690909090909091,1.290909090909091,99
1002212.8545454545,2005.9636363636364,41.945454545454545,1.8636363636363635,1.2545454545454546,3.0636363636363635,1.4454545454545455,1.690909090909091,1.290909090909091,97
1002212.8545454545,2005.9636363636364,41.945454545454545,1.8636363636363635,1.2545454545454546,3.0636363636363635,1.4454545454545455,1.690909090909091,1.290909090909091,81
1002212.8545454545,2005.9636363636364,41.945454545454545,1.8636363636363635,1.2545454545454546,3.0636363636363635,1.4454545454545455,1.690909090909091,1.290909090909091,140
1002212.8545454545,2005.9636363636364,41.945454545454545,1.8636363636363635,1.2545454545454546,3.0636363636363635,1.4454545454545455,1.690909090909091,1.290909090909091,114
1002212.8545454545,2005.9636363636364,41.945454545454545,1.8636363636363635,1.2545454545454546,3.0636363636363635,1.4454545454545455,1.690909090909091,1.290909090909091,272
1002212.8545454545,2005.9636363636364,41.945454545454545,1.8636363636363635,1.2545454545454546,3.0636363636363635,1.4454545454545455,1.690909090909091,1.290909090909091,67
1002212.8545454545,2005.9636363636364,41.945454545454545,1.8636363636363635,1.2545454545454546,3.0636363636363635,1.4454545454545455,1.690909090909091,1.290909090909091,119
1002212.8545454545,2005.9636363636364,41.945454545454545,1.8636363636363635,1.2545454545454546,3.0636363636363635,1.4454545454545455,1.690909090909091,1.290909090909091,135
1002212.8545454545,2005.9636363636364,41.945454545454545,1.8636363636363635,1.2545454545454546,3.0636363636363635,1.4454545454545455,1.690909090909091,1.290909090909091,110
1002212.8545454545,2005.9636363636364,41.945454545454545,1.8636363636363635,1.2545454545454546,3.0636363636363635,1.4454545454545455,1.690909090909091,1.290909090909091,100
1002212.8545454545,2005.9636363636364,41.945454545454545,1.8636363636363635,1.2545454545454546,3.0636363636363635,1.4454545454545455,1.690909090909091,1.290909090909091,142
1002212.8545454545,2005.9636363636364,41.945454545454545,1.8636363636363635,1.2545454545454546,3.0636363636363635,1.4454545454545455,1.690909090909091,1.290909090909091,94
1002212.8545454545,2005.9636363636364,41.945454545454545,1.8636363636363635,1.2545454545454546,3.0636363636363635,1.4454545454545455,1.690909090909091,1.290909090909091,115
1002212.8545454545,2005.9636363636364,41.945454545454545,1.8636363636363635,1.2545454545454546,3.0636363636363635,1.4454545454545455,1.690909090909091,1.290909090909091,121
1002212.8545454545,2005.9636363636364,41.945454545454545,1.8636363636363635,1.2545454545454546,3.0636363636363635,1.4454545454545455,1.690909090909091,1.290909090909091,119
1002212.8545454545,2005.9636363636364,41.945454545454545,1.8636363636363635,1.2545454545454546,3.0636363636363635,1.4454545454545455,1.690909090909091,1.290909090909091,135
1002212.8545454545,2005.9636363636364,41.945454545454545,1.8636363636363635,1.2545454545454546,3.0636363636363635,1.4454545454545455,1.690909090909091,1.290909090909091,148
1002212.8545454545,2005.9636363636364,41.945454545454545,1.8636363636363635,1.2545454545454546,3.0636363636363635,1.4454545454545455,1.690909090909091,1.290909090909091,137
1002212.8545454545,2005.9636363636364,41.945454545454545,1.8636363636363635,1.2545454545454546,3.0636363636363635,1.4454545454545455,1.690909090909091,1.290909090909091,66
1002212.8545454545,2005.9636363636364,41.945454545454545,1.8636363636363635,1.2545454545454546,3.0636363636363635,1.4454545454545455,1.690909090909091,1.290909090909091,155
1002212.8545454545,2005.9636363636364,41.945454545454545,1.8636363636363635,1.2545454545454546,3.0636363636363635,1.4454545454545455,1.690909090909091,1.290909090909091,81
1002212.8545454545,2005.9636363636364,41.945454545454545,1.8636363636363635,1.2545454545454546,3.0636363636363635,1.4454545454545455,1.690909090909091,1.290909090909091,77
1002212.8545454545,2005.9636363636364,41.945454545454545,1.8636363636363635,1.2545454545454546,3.0636363636363635,1.4454545454545455,1.690909090909091,1.290909090909091,100
1002212.8545454545,2005.9636363636364,41.945454545454545,1.8636363636363635,1.2545454545454546,3.0636363636363635,1.4454545454545455,1.690909090909091,1.290909090909091,113
1002212.8545454545,2005.9636363636364,41.945454545454545,1.8636363636363635,1.2545454545454546,3.0636363636363635,1.4454545454545455,1.690909090909091,1.290909090909091,138
1002212.8545454545,2005.9636363636364,41.945454545454545,1.8636363636363635,1.2545454545454546,3.0636363636363635,1.4454545454545455,1.690909090909091,1.290909090909091,69
1002212.8545454545,2005.9636363636364,41.945454545454545,1.8636363636363635,1.2545454545454546,3.0636363636363635,1.4454545454545455,1.690909090909091,1.290909090909091,88
1002212.8545454545,2005.9636363636364,41.945454545454545,1.8636363636363635,1.2545454545454546,3.0636363636363635,1.4454545454545455,1.690909090909091,1.290909090909091,123
1002212.8545454545,2005.9636363636364,41.945454545454545,1.8636363636363635,1.2545454545454546,3.0636363636363635,1.4454545454545455,1.690909090909091,1.290909090909091,65
1002212.8545454545,2005.9636363636364,41.945454545454545,1.8636363636363635,1.2545454545454546,3.0636363636363635,1.4454545454545455,1.690909090909091,1.290909090909091,110
1002212.8545454545,2005.9636363636364,41.945454545454545,1.8636363636363635,1.2545454545454546,3.0636363636363635,1.4454545454545455,1.690909090909091,1.290909090909091,84
1002212.8545454545,2005.9636363636364,41.945454545454545,1.8636363636363635,1.2545454545454546,3.0636363636363635,1.4454545454545455,1.690909090909091,1.290909090909091,126
1002212.8545454545,2005.9636363636364,41.945454545454545,1.8636363636363635,1.2545454545454546,3.0636363636363635,1.4454545454545455,1.690909090909091,1.290909090909091,110
1002212.8545454545,2005.9636363636364,41.945454545454545,1.8636363636363635,1.2545454545454546,3.0636363636363635,1.4454545454545455,1.690909090909091,1.290909090909091,164
1002212.8545454545,2005.9636363636364,41.945454545454545,1.8636363636363635,1.2545454545454546,3.0636363636363635,1.4454545454545455,1.690909090909091,1.290909090909091,81
1002212.8545454545,2005.9636363636364,41.945454545454545,1.8636363636363635,1.2545454545454546,3.0636363636363635,1.4454545454545455,1.690909090909091,1.290909090909091,123
1002212.8545454545,2005.9636363636364,41.945454545454545,1.8636363636363635,1.2545454545454546,3.0636363636363635,1.4454545454545455,1.690909090909091,1.290909090909091,145
1002212.8545454545,2005.9636363636364,41.945454545454545,1.8636363636363635,1.2545454545454546,3.0636363636363635,1.4454545454545455,1.690909090909091,1.290909090909091,65
1002212.8545454545,2005.9636363636364,41.945454545454545,1.8636363636363635,1.2545454545454546,3.0636363636363635,1.4454545454545455,1.690909090909091,1.290909090909091,278
1002212.8545454545,2005.9636363636364,41.945454545454545,1.8636363636363635,1.2545454545454546,3.0636363636363635,1.4454545454545455,1.690909090909091,1.290909090909091,116
1002212.8545454545,2005.9636363636364,41.945454545454545,1.8636363636363635,1.2545454545454546,3.0636363636363635,1.4454545454545455,1.690909090909091,1.290909090909091,111
1002212.8545454545,2005.9636363636364,41.945454545454545,1.8636363636363635,1.2545454545454546,3.0636363636363635,1.4454545454545455,1.690909090909091,1.290909090909091,148
1002212.8545454545,2005.9636363636364,41.945454545454545,1.8636363636363635,1.2545454545454546,3.0636363636363635,1.4454545454545455,1.690909090909091,1.290909090909091,143
1002212.8545454545,2005.9636363636364,41.945454545454545,1.8636363636363635,1.2545454545454546,3.0636363636363635,1.4454545454545455,1.690909090909091,1.290909090909091,105
1002212.8545454545,2005.9636363636364,41.945454545454545,1.8636363636363635,1.2545454545454546,3.0636363636363635,1.4454545454545455,1.690909090909091,1.290909090909091,88
1002212.8545454545,2005.9636363636364,41.945454545454545,1.8636363636363635,1.2545454545454546,3.0636363636363635,1.4454545454545455,1.690909090909091,1.290909090909091,72
1002212.8545454545,2005.9636363636364,41.945454545454545,1.8636363636363635,1.2545454545454546,3.0636363636363635,1.4454545454545455,1.690909090909091,1.290909090909091,131
1002212.8545454545,2005.9636363636364,41.945454545454545,1.8636363636363635,1.2545454545454546,3.0636363636363635,1.4454545454545455,1.690909090909091,1.290909090909091,152
1002212.8545454545,2005.9636363636364,41.945454545454545,1.8636363636363635,1.2545454545454546,3.0636363636363635,1.4454545454545455,1.690909090909091,1.290909090909091,108
1002212.8545454545,2005.9636363636364,41.945454545454545,1.8636363636363635,1.2545454545454546,3.0636363636363635,1.4454545454545455,1.690909090909091,1.290909090909091,90
1002212.8545454545,2005.9636363636364,41.945454545454545,1.8636363636363635,1.2545454545454546,3.0636363636363635,1.4454545454545455,1.690909090909091,1.290909090909091,80
1002212.8545454545,2005.9636363636364,41.945454545454545,1.8636363636363635,1.2545454545454546,3.0636363636363635,1.4454545454545455,1.690909090909091,1.290909090909091,182
1002212.8545454545,2005.9636363636364,41.945454545454545,1.8636363636363635,1.2545454545454546,3.0636363636363635,1.4454545454545455,1.690909090909091,1.290909090909091,50
1002212.8545454545,2005.9636363636364,41.945454545454545,1.8636363636363635,1.2545454545454546,3.0636363636363635,1.4454545454545455,1.690909090909091,1.290909090909091,177
1002212.8545454545,2005.9636363636364,41.945454545454545,1.8636363636363635,1.2545454545454546,3.0636363636363635,1.4454545454545455,1.690909090909091,1.290909090909091,117
1002212.8545454545,2005.9636363636364,41.945454545454545,1.8636363636363635,1.2545454545454546,3.0636363636363635,1.4454545454545455,1.690909090909091,1.290909090909091,59
1002212.8545454545,2005.9636363636364,41.945454545454545,1.8636363636363635,1.2545454545454546,3.0636363636363635,1.4454545454545455,1.690909090909091,1.290909090909091,129
1002212.8545454545,2005.9636363636364,41.945454545454545,1.8636363636363635,1.2545454545454546,3.0636363636363635,1.4454545454545455,1.690909090909091,1.290909090909091,277
1002212.8545454545,2005.9636363636364,41.945454545454545,1.8636363636363635,1.2545454545454546,3.0636363636363635,1.4454545454545455,1.690909090909091,1.290909090909091,161
1002212.8545454545,2005.9636363636364,41.945454545454545,1.8636363636363635,1.2545454545454546,3.0636363636363635,1.4454545454545455,1.690909090909091,1.290909090909091,105
1002212.8545454545,2005.9636363636364,41.945454545454545,1.8636363636363635,1.2545454545454546,3.0636363636363635,1.4454545454545455,1.690909090909091,1.290909090909091,132
1002212.8545454545,2005.9636363636364,41.945454545454545,1.8636363636363635,1.2545454545454546,3.0636363636363635,1.4454545454545455,1.690909090909091,1.290909090909091,89
1002212.8545454545,2005.9636363636364,41.945454545454545,1.8636363636363635,1.2545454545454546,3.0636363636363635,1.4454545454545455,1.690909090909091,1.290909090909091,88
1002212.8545454545,2005.9636363636364,41.945454545454545,1.8636363636363635,1.2545454545454546,3.0636363636363635,1.4454545454545455,1.690909090909091,1.290909090909091,71
1002212.8545454545,2005.9636363636364,41.945454545454545,1.8636363636363635,1.2545454545454546,3.0636363636363635,1.4454545454545455,1.690909090909091,1.290909090909091,127
1002212.8545454545,2005.9636363636364,41.945454545454545,1.8636363636363635,1.2545454545454546,3.0636363636363635,1.4454545454545455,1.690909090909091,1.290909090909091,104
1002212.8545454545,2005.9636363636364,41.945454545454545,1.8636363636363635,1.2545454545454546,3.0636363636363635,1.4454545454545455,1.690909090909091,1.290909090909091,119
1002212.8545454545,2005.9636363636364,41.945454545454545,1.8636363636363635,1.2545454545454546,3.0636363636363635,1.4454545454545455,1.690909090909091,1.290909090909091,100
1002212.8545454545,2005.9636363636364,41.945454545454545,1.8636363636363635,1.2545454545454546,3.0636363636363635,1.4454545454545455,1.690909090909091,1.290909090909091,55
1002212.8545454545,2005.9636363636364,41.945454545454545,1.8636363636363635,1.2545454545454546,3.0636363636363635,1.4454545454545455,1.690909090909091,1.290909090909091,74
1002212.8545454545,2005.9636363636364,41.945454545454545,1.8636363636363635,1.2545454545454546,3.0636363636363635,1.4454545454545455,1.690909090909091,1.290909090909091,201
1002212.8545454545,2005.9636363636364,41.945454545454545,1.8636363636363635,1.2545454545454546,3.0636363636363635,1.4454545454545455,1.690909090909091,1.290909090909091,127
1002212.8545454545,2005.9636363636364,41.945454545454545,1.8636363636363635,1.2545454545454546,3.0636363636363635,1.4454545454545455,1.690909090909091,1.290909090909091,93
1002212.8545454545,2005.9636363636364,41.945454545454545,1.8636363636363635,1.2545454545454546,3.0636363636363635,1.4454545454545455,1.690909090909091,1.290909090909091,106
1002212.8545454545,2005.9636363636364,41.945454545454545,1.8636363636363635,1.2545454545454546,3.0636363636363635,1.4454545454545455,1.690909090909091,1.290909090909091,78
1002212.8545454545,2005.9636363636364,41.945454545454545,1.8636363636363635,1.2545454545454546,3.0636363636363635,1.4454545454545455,1.690909090909091,1.290909090909091,85
1002212.8545454545,2005.9636363636364,41.945454545454545,1.8636363636363635,1.2545454545454546,3.0636363636363635,1.4454545454545455,1.690909090909091,1.290909090909091,94
1002212.8545454545,2005.9636363636364,41.945454545454545,1.8636363636363635,1.2545454545454546,3.0636363636363635,1.4454545454545455,1.690909090909091,1.290909090909091,87
1002212.8545454545,2005.9636363636364,41.945454545454545,1.8636363636363635,1.2545454545454546,3.0636363636363635,1.4454545454545455,1.690909090909091,1.290909090909091,88
1002212.8545454545,2005.9636363636364,41.945454545454545,1.8636363636363635,1.2545454545454546,3.0636363636363635,1.4454545454545455,1.690909090909091,1.290909090909091,105
1002212.8545454545,2005.9636363636364,41.945454545454545,1.8636363636363635,1.2545454545454546,3.0636363636363635,1.4454545454545455,1.690909090909091,1.290909090909091,114
1002212.8545454545,2005.9636363636364,41.945454545454545,1.8636363636363635,1.2545454545454546,3.0636363636363635,1.4454545454545455,1.690909090909091,1.290909090909091,144
1002212.8545454545,2005.9636363636364,41.945454545454545,1.8636363636363635,1.2545454545454546,3.0636363636363635,1.4454545454545455,1.690909090909091,1.290909090909091,112
1002212.8545454545,2005.9636363636364,41.945454545454545,1.8636363636363635,1.2545454545454546,3.0636363636363635,1.4454545454545455,1.690909090909091,1.290909090909091,131
1002212.8545454545,2005.9636363636364,41.945454545454545,1.8636363636363635,1.2545454545454546,3.0636363636363635,1.4454545454545455,1.690909090909091,1.290909090909091,268
1002212.8545454545,2005.9636363636364,41.945454545454545,1.8636363636363635,1.2545454545454546,3.0636363636363635,1.4454545454545455,1.690909090909091,1.290909090909091,95
1002212.8545454545,2005.9636363636364,41.945454545454545,1.8636363636363635,1.2545454545454546,3.0636363636363635,1.4454545454545455,1.690909090909091,1.290909090909091,125
1002212.8545454545,2005.9636363636364,41.945454545454545,1.8636363636363635,1.2545454545454546,3.0636363636363635,1.4454545454545455,1.690909090909091,1.290909090909091,94
1002212.8545454545,2005.9636363636364,41.945454545454545,1.8636363636363635,1.2545454545454546,3.0636363636363635,1.4454545454545455,1.690909090909091,1.290909090909091,70
1002212.8545454545,2005.9636363636364,41.945454545454545,1.8636363636363635,1.2545454545454546,3.0636363636363635,1.4454545454545455,1.690909090909091,1.290909090909091,61
1002212.8545454545,2005.9636363636364,41.945454545454545,1.8636363636363635,1.2545454545454546,3.0636363636363635,1.4454545454545455,1.690909090909091,1.290909090909091,107
1002212.8545454545,2005.9636363636364,41.945454545454545,1.8636363636363635,1.2545454545454546,3.0636363636363635,1.4454545454545455,1.690909090909091,1.290909090909091,96
1002212.8545454545,2005.9636363636364,41.945454545454545,1.8636363636363635,1.2545454545454546,3.0636363636363635,1.4454545454545455,1.690909090909091,1.290909090909091,166
1002212.8545454545,2005.9636363636364,41.945454545454545,1.8636363636363635,1.2545454545454546,3.0636363636363635,1.4454545454545455,1.690909090909091,1.290909090909091,92
1002212.8545454545,2005.9636363636364,41.945454545454545,1.8636363636363635,1.2545454545454546,3.0636363636363635,1.4454545454545455,1.690909090909091,1.290909090909091,75
1002212.8545454545,2005.9636363636364,41.945454545454545,1.8636363636363635,1.2545454545454546,3.0636363636363635,1.4454545454545455,1.690909090909091,1.290909090909091,100
1002212.8545454545,2005.9636363636364,41.945454545454545,1.8636363636363635,1.2545454545454546,3.0636363636363635,1.4454545454545455,1.690909090909091,1.290909090909091,83
1002212.8545454545,2005.9636363636364,41.945454545454545,1.8636363636363635,1.2545454545454546,3.0636363636363635,1.4454545454545455,1.690909090909091,1.290909090909091,102
1002212.8545454545,2005.9636363636364,41.945454545454545,1.8636363636363635,1.2545454545454546,3.0636363636363635,1.4454545454545455,1.690909090909091,1.290909090909091,119
1002212.8545454545,2005.9636363636364,41.945454545454545,1.8636363636363635,1.2545454545454546,3.0636363636363635,1.4454545454545455,1.690909090909091,1.290909090909091,139
1002212.8545454545,2005.9636363636364,41.945454545454545,1.8636363636363635,1.2545454545454546,3.0636363636363635,1.4454545454545455,1.690909090909091,1.290909090909091,114
1002212.8545454545,2005.9636363636364,41.945454545454545,1.8636363636363635,1.2545454545454546,3.0636363636363635,1.4454545454545455,1.690909090909091,1.290909090909091,74
