1091706.353448276,2005.8189655172414,43.5,1.9913793103448276,1.2413793103448276,3.043103448275862,1.4310344827586208,1.7327586206896552,1.3189655172413792,152
1091706.353448276,2005.8189655172414,43.5,1.9913793103448276,1.2413793103448276,3.043103448275862,1.4310344827586208,1.7327586206896552,1.3189655172413792,77
1091706.353448276,2005.8189655172414,43.5,1.9913793103448276,1.2413793103448276,3.043103448275862,1.4310344827586208,1.7327586206896552,1.3189655172413792,88
1091706.353448276,2005.8189655172414,43.5,1.9913793103448276,1.2413793103448276,3.043103448275862,1.4310344827586208,1.7327586206896552,1.3189655172413792,100
1091706.353448276,2005.8189655172414,43.5,1.9913793103448276,1.2413793103448276,3.043103448275862,1.4310344827586208,1.7327586206896552,1.3189655172413792,143
1091706.353448276,2005.8189655172414,43.5,1.9913793103448276,1.2413793103448276,3.043103448275862,1.4310344827586208,1.7327586206896552,1.3189655172413792,65
1091706.353448276,2005.8189655172414,43.5,1.9913793103448276,1.2413793103448276,3.043103448275862,1.4310344827586208,1.7327586206896552,1.3189655172413792,114
1091706.353448276,2005.8189655172414,43.5,1.9913793103448276,1.2413793103448276,3.043103448275862,1.4310344827586208,1.7327586206896552,1.3189655172413792,127
1091706.353448276,2005.8189655172414,43.5,1.9913793103448276,1.2413793103448276,3.043103448275862,1.4310344827586208,1.7327586206896552,1.3189655172413792,104
1091706.353448276,2005.8189655172414,43.5,1.9913793103448276,1.2413793103448276,3.043103448275862,1.4310344827586208,1.7327586206896552,1.3189655172413792,96
1091706.353448276,2005.8189655172414,43.5,1.9913793103448276,1.2413793103448276,3.043103448275862,1.4310344827586208,1.7327586206896552,1.3189655172413792,57
1091706.353448276,2005.8189655172414,43.5,1.9913793103448276,1.2413793103448276,3.043103448275862,1.4310344827586208,1.7327586206896552,1.3189655172413792,87
1091706.353448276,2005.8189655172414,43.5,1.9913793103448276,1.2413793103448276,3.043103448275862,1.4310344827586208,1.7327586206896552,1.3189655172413792,74
1091706.353448276,2005.8189655172414,43.5,1.9913793103448276,1.2413793103448276,3.043103448275862,1.4310344827586208,1.7327586206896552,1.3189655172413792,131
1091706.353448276,2005.8189655172414,43.5,1.9913793103448276,1.2413793103448276,3.043103448275862,1.4310344827586208,1.7327586206896552,1.3189655172413792,138
1091706.353448276,2005.8189655172414,43.5,1.9913793103448276,1.2413793103448276,3.043103448275862,1.4310344827586208,1.7327586206896552,1.3189655172413792,144
1091706.353448276,2005.8189655172414,43.5,1.9913793103448276,1.2413793103448276,3.043103448275862,1.4310344827586208,1.7327586206896552,1.3189655172413792,107
1091706.353448276,2005.8189655172414,43.5,1.9913793103448276,1.2413793103448276,3.043103448275862,1.4310344827586208,1.7327586206896552,1.3189655172413792,94
1091706.353448276,2005.8189655172414,43.5,1.9913793103448276,1.2413793103448276,3.043103448275862,1.4310344827586208,1.7327586206896552,1.3189655172413792,109
1091706.353448276,2005.8189655172414,43.5,1.9913793103448276,1.2413793103448276,3.043103448275862,1.4310344827586208,1.7327586206896552,1.3189655172413792,100
1091706.353448276,2005.8189655172414,43.5,1.9913793103448276,1.2413793103448276,3.043103448275862,1.4310344827586208,1.7327586206896552,1.3189655172413792,118
1091706.353448276,2005.8189655172414,43.5,1.9913793103448276,1.2413793103448276,3.043103448275862,1.4310344827586208,1.7327586206896552,1.3189655172413792,101
1091706.353448276,2005.8189655172414,43.5,1.9913793103448276,1.2413793103448276,3.043103448275862,1.4310344827586208,1.7327586206896552,1.3189655172413792,277
1091706.353448276,2005.8189655172414,43.5,1.9913793103448276,1.2413793103448276,3.043103448275862,1.4310344827586208,1.7327586206896552,1.3189655172413792,108
1091706.353448276,2005.8189655172414,43.5,1.9913793103448276,1.2413793103448276,3.043103448275862,1.4310344827586208,1.7327586206896552,1.3189655172413792,166
1091706.353448276,2005.8189655172414,43.5,1.9913793103448276,1.2413793103448276,3.043103448275862,1.4310344827586208,1.7327586206896552,1.3189655172413792,115
1091706.353448276,2005.8189655172414,43.5,1.9913793103448276,1.2413793103448276,3.043103448275862,1.4310344827586208,1.7327586206896552,1.3189655172413792,182
1091706.353448276,2005.8189655172414,43.5,1.9913793103448276,1.2413793103448276,3.043103448275862,1.4310344827586208,1.7327586206896552,1.3189655172413792,117
1091706.353448276,2005.8189655172414,43.5,1.9913793103448276,1.2413793103448276,3.043103448275862,1.4310344827586208,1.7327586206896552,1.3189655172413792,103
1091706.353448276,2005.8189655172414,43.5,1.9913793103448276,1.2413793103448276,3.043103448275862,1.4310344827586208,1.7327586206896552,1.3189655172413792,76
1091706.353448276,2005.8189655172414,43.5,1.9913793103448276,1.2413793103448276,3.043103448275862,1.4310344827586208,1.7327586206896552,1.3189655172413792,133
1091706.353448276,2005.8189655172414,43.5,1.9913793103448276,1.2413793103448276,3.043103448275862,1.4310344827586208,1.7327586206896552,1.3189655172413792,158
1091706.353448276,2005.8189655172414,43.5,1.9913793103448276,1.2413793103448276,3.043103448275862,1.4310344827586208,1.7327586206896552,1.3189655172413792,80
1091706.353448276,2005.8189655172414,43.5,1.9913793103448276,1.2413793103448276,3.043103448275862,1.4310344827586208,1.7327586206896552,1.3189655172413792,69
1091706.353448276,2005.8189655172414,43.5,1.9913793103448276,1.2413793103448276,3.043103448275862,1.4310344827586208,1.7327586206896552,1.3189655172413792,67
1091706.353448276,2005.8189655172414,43.5,1.9913793103448276,1.2413793103448276,3.043103448275862,1.4310344827586208,1.7327586206896552,1.3189655172413792,89
1091706.353448276,2005.8189655172414,43.5,1.9913793103448276,1.2413793103448276,3.043103448275862,1.4310344827586208,1.7327586206896552,1.3189655172413792,105
1091706.353448276,2005.8189655172414,43.5,1.9913793103448276,1.2413793103448276,3.043103448275862,1.4310344827586208,1.7327586206896552,1.3189655172413792,99
1091706.353448276,2005.8189655172414,43.5,1.9913793103448276,1.2413793103448276,3.043103448275862,1.4310344827586208,1.7327586206896552,1.3189655172413792,84
1091706.353448276,2005.8189655172414,43.5,1.9913793103448276,1.2413793103448276,3.043103448275862,1.4310344827586208,1.7327586206896552,1.3189655172413792,135
1091706.353448276,2005.8189655172414,43.5,1.9913793103448276,1.2413793103448276,3.043103448275862,1.4310344827586208,1.7327586206896552,1.3189655172413792,177
1091706.353448276,2005.8189655172414,43.5,1.9913793103448276,1.2413793103448276,3.043103448275862,1.4310344827586208,1.7327586206896552,1.3189655172413792,129
1091706.353448276,2005.8189655172414,43.5,1.9913793103448276,1.2413793103448276,3.043103448275862,1.4310344827586208,1.7327586206896552,1.3189655172413792,140
1091706.353448276,2005.8189655172414,43.5,1.9913793103448276,1.2413793103448276,3.043103448275862,1.4310344827586208,1.7327586206896552,1.3189655172413792,119
1091706.353448276,2005.8189655172414,43.5,1.9913793103448276,1.2413793103448276,3.043103448275862,1.4310344827586208,1.7327586206896552,1.3189655172413792,161
1091706.353448276,2005.8189655172414,43.5,1.9913793103448276,1.2413793103448276,3.043103448275862,1.4310344827586208,1.7327586206896552,1.3189655172413792,155
1091706.353448276,2005.8189655172414,43.5,1.9913793103448276,1.2413793103448276,3.043103448275862,1.4310344827586208,1.7327586206896552,1.3189655172413792,61
1091706.353448276,2005.8189655172414,43.5,1.9913793103448276,1.2413793103448276,3.043103448275862,1.4310344827586208,1.7327586206896552,1.3189655172413792,121
1091706.353448276,2005.8189655172414,43.5,1.9913793103448276,1.2413793103448276,3.043103448275862,1.4310344827586208,1.7327586206896552,1.3189655172413792,139
1091706.353448276,2005.8189655172414,43.5,1.9913793103448276,1.2413793103448276,3.043103448275862,1.4310344827586208,1.7327586206896552,1.3189655172413792,93
1091706.353448276,2005.8189655172414,43.5,1.9913793103448276,1.2413793103448276,3.043103448275862,1.4310344827586208,1.7327586206896552,1.3189655172413792,94
1091706.353448276,2005.8189655172414,43.5,1.9913793103448276,1.2413793103448276,3.043103448275862,1.4310344827586208,1.7327586206896552,1.3189655172413792,90
1091706.353448276,2005.8189655172414,43.5,1.9913793103448276,1.2413793103448276,3.043103448275862,1.4310344827586208,1.7327586206896552,1.3189655172413792,70
1091706.353448276,2005.8189655172414,43.5,1.9913793103448276,1.2413793103448276,3.043103448275862,1.4310344827586208,1.7327586206896552,1.3189655172413792,123
1091706.353448276,2005.8189655172414,43.5,1.9913793103448276,1.2413793103448276,3.043103448275862,1.4310344827586208,1.7327586206896552,1.3189655172413792,85
1091706.353448276,2005.8189655172414,43.5,1.9913793103448276,1.2413793103448276,3.043103448275862,1.4310344827586208,1.7327586206896552,1.3189655172413792,126
1091706.353448276,2005.8189655172414,43.5,1.9913793103448276,1.2413793103448276,3.043103448275862,1.4310344827586208,1.7327586206896552,1.3189655172413792,112
1091706.353448276,2005.8189655172414,43.5,1.9913793103448276,1.2413793103448276,3.043103448275862,1.4310344827586208,1.7327586206896552,1.3189655172413792,72
1091706.353448276,2005.8189655172414,43.5,1.9913793103448276,1.2413793103448276,3.043103448275862,1.4310344827586208,1.7327586206896552,1.3189655172413792,88
1091706.353448276,2005.8189655172414,43.5,1.9913793103448276,1.2413793103448276,3.043103448275862,1.4310344827586208,1.7327586206896552,1.3189655172413792,63
1091706.353448276,2005.8189655172414,43.5,1.9913793103448276,1.2413793103448276,3.043103448275862,1.4310344827586208,1.7327586206896552,1.3189655172413792,105
1091706.353448276,2005.8189655172414,43.5,1.9913793103448276,1.2413793103448276,3.043103448275862,1.4310344827586208,1.7327586206896552,1.3189655172413792,119
1091706.353448276,2005.8189655172414,43.5,1.9913793103448276,1.2413793103448276,3.043103448275862,1.4310344827586208,1.7327586206896552,1.3189655172413792,135
1091706.353448276,2005.8189655172414,43.5,1.9913793103448276,1.2413793103448276,3.043103448275862,1.4310344827586208,1.7327586206896552,1.3189655172413792,148
1091706.353448276,2005.8189655172414,43.5,1.9913793103448276,1.2413793103448276,3.043103448275862,1.4310344827586208,1.7327586206896552,1.3189655172413792,81
1091706.353448276,2005.8189655172414,43.5,1.9913793103448276,1.2413793103448276,3.043103448275862,1.4310344827586208,1.7327586206896552,1.3189655172413792,94
1091706.353448276,2005.8189655172414,43.5,1.9913793103448276,1.2413793103448276,3.043103448275862,1.4310344827586208,1.7327586206896552,1.3189655172413792,66
1091706.353448276,2005.8189655172414,43.5,1.9913793103448276,1.2413793103448276,3.043103448275862,1.4310344827586208,1.7327586206896552,1.3189655172413792,110
1091706.353448276,2005.8189655172414,43.5,1.9913793103448276,1.2413793103448276,3.043103448275862,1.4310344827586208,1.7327586206896552,1.3189655172413792,125
1091706.353448276,2005.8189655172414,43.5,1.9913793103448276,1.2413793103448276,3.043103448275862,1.4310344827586208,1.7327586206896552,1.3189655172413792,145
1091706.353448276,2005.8189655172414,43.5,1.9913793103448276,1.2413793103448276,3.043103448275862,1.4310344827586208,1.7327586206896552,1.3189655172413792,272
1091706.353448276,2005.8189655172414,43.5,1.9913793103448276,1.2413793103448276,3.043103448275862,1.4310344827586208,1.7327586206896552,1.3189655172413792,92
1091706.353448276,2005.8189655172414,43.5,1.9913793103448276,1.2413793103448276,3.043103448275862,1.4310344827586208,1.7327586206896552,1.3189655172413792,95
1091706.353448276,2005.8189655172414,43.5,1.9913793103448276,1.2413793103448276,3.043103448275862,1.4310344827586208,1.7327586206896552,1.3189655172413792,137
1091706.353448276,2005.8189655172414,43.5,1.9913793103448276,1.2413793103448276,3.043103448275862,1.4310344827586208,1.7327586206896552,1.3189655172413792,102
1091706.353448276,2005.8189655172414,43.5,1.9913793103448276,1.2413793103448276,3.043103448275862,1.4310344827586208,1.7327586206896552,1.3189655172413792,105
1091706.353448276,2005.8189655172414,43.5,1.9913793103448276,1.2413793103448276,3.043103448275862,1.4310344827586208,1.7327586206896552,1.3189655172413792,100
1091706.353448276,2005.8189655172414,43.5,1.9913793103448276,1.2413793103448276,3.043103448275862,1.4310344827586208,1.7327586206896552,1.3189655172413792,116
1091706.353448276,2005.8189655172414,43.5,1.9913793103448276,1.2413793103448276,3.043103448275862,1.4310344827586208,1.7327586206896552,1.3189655172413792,114
1091706.353448276,2005.8189655172414,43.5,1.9913793103448276,1.2413793103448276,3.043103448275862,1.4310344827586208,1.7327586206896552,1.3189655172413792,172
1091706.353448276,2005.8189655172414,43.5,1.9913793103448276,1.2413793103448276,3.043103448275862,1.4310344827586208,1.7327586206896552,1.3189655172413792,59
1091706.353448276,2005.8189655172414,43.5,1.9913793103448276,1.2413793103448276,3.043103448275862,1.4310344827586208,1.7327586206896552,1.3189655172413792,113
1091706.353448276,2005.8189655172414,43.5,1.9913793103448276,1.2413793103448276,3.043103448275862,1.4310344827586208,1.7327586206896552,1.3189655172413792,148
1091706.353448276,2005.8189655172414,43.5,1.9913793103448276,1.2413793103448276,3.043103448275862,1.4310344827586208,1.7327586206896552,1.3189655172413792,119
1091706.353448276,2005.8189655172414,43.5,1.9913793103448276,1.2413793103448276,3.043103448275862,1.4310344827586208,1.7327586206896552,1.3189655172413792,88
1091706.353448276,2005.8189655172414,43.5,1.9913793103448276,1.2413793103448276,3.043103448275862,1.4310344827586208,1.7327586206896552,1.3189655172413792,128
1091706.353448276,2005.8189655172414,43.5,1.9913793103448276,1.2413793103448276,3.043103448275862,1.4310344827586208,1.7327586206896552,1.3189655172413792,81
1091706.353448276,2005.8189655172414,43.5,1.9913793103448276,1.2413793103448276,3.043103448275862,1.4310344827586208,1.7327586206896552,1.3189655172413792,123
1091706.353448276,2005.8189655172414,43.5,1.9913793103448276,1.2413793103448276,3.043103448275862,1.4310344827586208,1.7327586206896552,1.3189655172413792,74
1091706.353448276,2005.8189655172414,43.5,1.9913793103448276,1.2413793103448276,3.043103448275862,1.4310344827586208,1.7327586206896552,1.3189655172413792,111
1091706.353448276,2005.8189655172414,43.5,1.9913793103448276,1.2413793103448276,3.043103448275862,1.4310344827586208,1.7327586206896552,1.3189655172413792,278
1091706.353448276,2005.8189655172414,43.5,1.9913793103448276,1.2413793103448276,3.043103448275862,1.4310344827586208,1.7327586206896552,1.3189655172413792,83
1091706.353448276,2005.8189655172414,43.5,1.9913793103448276,1.2413793103448276,3.043103448275862,1.4310344827586208,1.7327586206896552,1.3189655172413792,75
1091706.353448276,2005.8189655172414,43.5,1.9913793103448276,1.2413793103448276,3.043103448275862,1.4310344827586208,1.7327586206896552,1.3189655172413792,110
1091706.353448276,2005.8189655172414,43.5,1.9913793103448276,1.2413793103448276,3.043103448275862,1.4310344827586208,1.7327586206896552,1.3189655172413792,164
1091706.353448276,2005.8189655172414,43.5,1.9913793103448276,1.2413793103448276,3.043103448275862,1.4310344827586208,1.7327586206896552,1.3189655172413792,65
1091706.353448276,2005.8189655172414,43.5,1.9913793103448276,1.2413793103448276,3.043103448275862,1.4310344827586208,1.7327586206896552,1.3189655172413792,50
1091706.353448276,2005.8189655172414,43.5,1.9913793103448276,1.2413793103448276,3.043103448275862,1.4310344827586208,1.7327586206896552,1.3189655172413792,97
1091706.353448276,2005.8189655172414,43.5,1.9913793103448276,1.2413793103448276,3.043103448275862,1.4310344827586208,1.7327586206896552,1.3189655172413792,268
1091706.353448276,2005.8189655172414,43.5,1.9913793103448276,1.2413793103448276,3.043103448275862,1.4310344827586208,1.7327586206896552,1.3189655172413792,114
1091706.353448276,2005.8189655172414,43.5,1.9913793103448276,1.2413793103448276,3.043103448275862,1.4310344827586208,1.7327586206896552,1.3189655172413792,100
1091706.353448276,2005.8189655172414,43.5,1.9913793103448276,1.2413793103448276,3.043103448275862,1.4310344827586208,1.7327586206896552,1.3189655172413792,131
1091706.353448276,2005.8189655172414,43.5,1.9913793103448276,1.2413793103448276,3.043103448275862,1.4310344827586208,1.7327586206896552,1.3189655172413792,110
1091706.353448276,2005.8189655172414,43.5,1.9913793103448276,1.2413793103448276,3.043103448275862,1.4310344827586208,1.7327586206896552,1.3189655172413792,142
1091706.353448276,2005.8189655172414,43.5,1.9913793103448276,1.2413793103448276,3.043103448275862,1.4310344827586208,1.7327586206896552,1.3189655172413792,201
1091706.353448276,2005.8189655172414,43.5,1.9913793103448276,1.2413793103448276,3.043103448275862,1.4310344827586208,1.7327586206896552,1.3189655172413792,119
1091706.353448276,2005.8189655172414,43.5,1.9913793103448276,1.2413793103448276,3.043103448275862,1.4310344827586208,1.7327586206896552,1.3189655172413792,71
1091706.353448276,2005.8189655172414,43.5,1.9913793103448276,1.2413793103448276,3.043103448275862,1.4310344827586208,1.7327586206896552,1.3189655172413792,88
1091706.353448276,2005.8189655172414,43.5,1.9913793103448276,1.2413793103448276,3.043103448275862,1.4310344827586208,1.7327586206896552,1.3189655172413792,81
1091706.353448276,2005.8189655172414,43.5,1.9913793103448276,1.2413793103448276,3.043103448275862,1.4310344827586208,1.7327586206896552,1.3189655172413792,148
1091706.353448276,2005.8189655172414,43.5,1.9913793103448276,1.2413793103448276,3.043103448275862,1.4310344827586208,1.7327586206896552,1.3189655172413792,55
1091706.353448276,2005.8189655172414,43.5,1.9913793103448276,1.2413793103448276,3.043103448275862,1.4310344827586208,1.7327586206896552,1.3189655172413792,127
1091706.353448276,2005.8189655172414,43.5,1.9913793103448276,1.2413793103448276,3.043103448275862,1.4310344827586208,1.7327586206896552,1.3189655172413792,106
1091706.353448276,2005.8189655172414,43.5,1.9913793103448276,1.2413793103448276,3.043103448275862,1.4310344827586208,1.7327586206896552,1.3189655172413792,74
1091706.353448276,2005.8189655172414,43.5,1.9913793103448276,1.2413793103448276,3.043103448275862,1.4310344827586208,1.7327586206896552,1.3189655172413792,132
1091706.353448276,2005.8189655172414,43.5,1.9913793103448276,1.2413793103448276,3.043103448275862,1.4310344827586208,1.7327586206896552,1.3189655172413792,78
1050732.1188118812,2005.7326732673268,42.54950495049505,2.094059405940594,1.2673267326732673,3.0297029702970297,1.495049504950495,1.6633663366336633,1.2623762376237624,81
1050732.1188118812,2005.7326732673268,42.54950495049505,2.094059405940594,1.2673267326732673,3.0297029702970297,1.495049504950495,1.6633663366336633,1.2623762376237624,111
1050732.1188118812,2005.7326732673268,42.54950495049505,2.094059405940594,1.2673267326732673,3.0297029702970297,1.495049504950495,1.6633663366336633,1.2623762376237624,116
1050732.1188118812,2005.7326732673268,42.54950495049505,2.094059405940594,1.2673267326732673,3.0297029702970297,1.495049504950495,1.6633663366336633,1.2623762376237624,146
1050732.1188118812,2005.7326732673268,42.54950495049505,2.094059405940594,1.2673267326732673,3.0297029702970297,1.495049504950495,1.6633663366336633,1.2623762376237624,90
1050732.1188118812,2005.7326732673268,42.54950495049505,2.094059405940594,1.2673267326732673,3.0297029702970297,1.495049504950495,1.6633663366336633,1.2623762376237624,155
1050732.1188118812,2005.7326732673268,42.54950495049505,2.094059405940594,1.2673267326732673,3.0297029702970297,1.495049504950495,1.6633663366336633,1.2623762376237624,80
1050732.1188118812,2005.7326732673268,42.54950495049505,2.094059405940594,1.2673267326732673,3.0297029702970297,1.495049504950495,1.6633663366336633,1.2623762376237624,164
1050732.1188118812,2005.7326732673268,42.54950495049505,2.094059405940594,1.2673267326732673,3.0297029702970297,1.495049504950495,1.6633663366336633,1.2623762376237624,85
1050732.1188118812,2005.7326732673268,42.54950495049505,2.094059405940594,1.2673267326732673,3.0297029702970297,1.495049504950495,1.6633663366336633,1.2623762376237624,148
1050732.1188118812,2005.7326732673268,42.54950495049505,2.094059405940594,1.2673267326732673,3.0297029702970297,1.495049504950495,1.6633663366336633,1.2623762376237624,94
1050732.1188118812,2005.7326732673268,42.54950495049505,2.094059405940594,1.2673267326732673,3.0297029702970297,1.495049504950495,1.6633663366336633,1.2623762376237624,172
1050732.1188118812,2005.7326732673268,42.54950495049505,2.094059405940594,1.2673267326732673,3.0297029702970297,1.495049504950495,1.6633663366336633,1.2623762376237624,136
1050732.1188118812,2005.7326732673268,42.54950495049505,2.094059405940594,1.2673267326732673,3.0297029702970297,1.495049504950495,1.6633663366336633,1.2623762376237624,74
1050732.1188118812,2005.7326732673268,42.54950495049505,2.094059405940594,1.2673267326732673,3.0297029702970297,1.495049504950495,1.6633663366336633,1.2623762376237624,137
1050732.1188118812,2005.7326732673268,42.54950495049505,2.094059405940594,1.2673267326732673,3.0297029702970297,1.495049504950495,1.6633663366336633,1.2623762376237624,95
1050732.1188118812,2005.7326732673268,42.54950495049505,2.094059405940594,1.2673267326732673,3.0297029702970297,1.495049504950495,1.6633663366336633,1.2623762376237624,84
1050732.1188118812,2005.7326732673268,42.54950495049505,2.094059405940594,1.2673267326732673,3.0297029702970297,1.495049504950495,1.6633663366336633,1.2623762376237624,92
1050732.1188118812,2005.7326732673268,42.54950495049505,2.094059405940594,1.2673267326732673,3.0297029702970297,1.495049504950495,1.6633663366336633,1.2623762376237624,100
1050732.1188118812,2005.7326732673268,42.54950495049505,2.094059405940594,1.2673267326732673,3.0297029702970297,1.495049504950495,1.6633663366336633,1.2623762376237624,119
1050732.1188118812,2005.7326732673268,42.54950495049505,2.094059405940594,1.2673267326732673,3.0297029702970297,1.495049504950495,1.6633663366336633,1.2623762376237624,128
1050732.1188118812,2005.7326732673268,42.54950495049505,2.094059405940594,1.2673267326732673,3.0297029702970297,1.495049504950495,1.6633663366336633,1.2623762376237624,142
1050732.1188118812,2005.7326732673268,42.54950495049505,2.094059405940594,1.2673267326732673,3.0297029702970297,1.495049504950495,1.6633663366336633,1.2623762376237624,77
1050732.1188118812,2005.7326732673268,42.54950495049505,2.094059405940594,1.2673267326732673,3.0297029702970297,1.495049504950495,1.6633663366336633,1.2623762376237624,114
1050732.1188118812,2005.7326732673268,42.54950495049505,2.094059405940594,1.2673267326732673,3.0297029702970297,1.495049504950495,1.6633663366336633,1.2623762376237624,121
1050732.1188118812,2005.7326732673268,42.54950495049505,2.094059405940594,1.2673267326732673,3.0297029702970297,1.495049504950495,1.6633663366336633,1.2623762376237624,110
1050732.1188118812,2005.7326732673268,42.54950495049505,2.094059405940594,1.2673267326732673,3.0297029702970297,1.495049504950495,1.6633663366336633,1.2623762376237624,88
1050732.1188118812,2005.7326732673268,42.54950495049505,2.094059405940594,1.2673267326732673,3.0297029702970297,1.495049504950495,1.6633663366336633,1.2623762376237624,72
1050732.1188118812,2005.7326732673268,42.54950495049505,2.094059405940594,1.2673267326732673,3.0297029702970297,1.495049504950495,1.6633663366336633,1.2623762376237624,113
1050732.1188118812,2005.7326732673268,42.54950495049505,2.094059405940594,1.2673267326732673,3.0297029702970297,1.495049504950495,1.6633663366336633,1.2623762376237624,105
1050732.1188118812,2005.7326732673268,42.54950495049505,2.094059405940594,1.2673267326732673,3.0297029702970297,1.495049504950495,1.6633663366336633,1.2623762376237624,132
1050732.1188118812,2005.7326732673268,42.54950495049505,2.094059405940594,1.2673267326732673,3.0297029702970297,1.495049504950495,1.6633663366336633,1.2623762376237624,123
1050732.1188118812,2005.7326732673268,42.54950495049505,2.094059405940594,1.2673267326732673,3.0297029702970297,1.495049504950495,1.6633663366336633,1.2623762376237624,35
1050732.1188118812,2005.7326732673268,42.54950495049505,2.094059405940594,1.2673267326732673,3.0297029702970297,1.495049504950495,1.6633663366336633,1.2623762376237624,100
1050732.1188118812,2005.7326732673268,42.54950495049505,2.094059405940594,1.2673267326732673,3.0297029702970297,1.495049504950495,1.6633663366336633,1.2623762376237624,81
1050732.1188118812,2005.7326732673268,42.54950495049505,2.094059405940594,1.2673267326732673,3.0297029702970297,1.495049504950495,1.6633663366336633,1.2623762376237624,129
1050732.1188118812,2005.7326732673268,42.54950495049505,2.094059405940594,1.2673267326732673,3.0297029702970297,1.495049504950495,1.6633663366336633,1.2623762376237624,110
1050732.1188118812,2005.7326732673268,42.54950495049505,2.094059405940594,1.2673267326732673,3.0297029702970297,1.495049504950495,1.6633663366336633,1.2623762376237624,50
1050732.1188118812,2005.7326732673268,42.54950495049505,2.094059405940594,1.2673267326732673,3.0297029702970297,1.495049504950495,1.6633663366336633,1.2623762376237624,95
1050732.1188118812,2005.7326732673268,42.54950495049505,2.094059405940594,1.2673267326732673,3.0297029702970297,1.495049504950495,1.6633663366336633,1.2623762376237624,142
1050732.1188118812,2005.7326732673268,42.54950495049505,2.094059405940594,1.2673267326732673,3.0297029702970297,1.495049504950495,1.6633663366336633,1.2623762376237624,88
1050732.1188118812,2005.7326732673268,42.54950495049505,2.094059405940594,1.2673267326732673,3.0297029702970297,1.495049504950495,1.6633663366336633,1.2623762376237624,104
1050732.1188118812,2005.7326732673268,42.54950495049505,2.094059405940594,1.2673267326732673,3.0297029702970297,1.495049504950495,1.6633663366336633,1.2623762376237624,196
1050732.1188118812,2005.7326732673268,42.54950495049505,2.094059405940594,1.2673267326732673,3.0297029702970297,1.495049504950495,1.6633663366336633,1.2623762376237624,87
1050732.1188118812,2005.7326732673268,42.54950495049505,2.094059405940594,1.2673267326732673,3.0297029702970297,1.495049504950495,1.6633663366336633,1.2623762376237624,145
1050732.1188118812,2005.7326732673268,42.54950495049505,2.094059405940594,1.2673267326732673,3.0297029702970297,1.495049504950495,1.6633663366336633,1.2623762376237624,119
1050732.1188118812,2005.7326732673268,42.54950495049505,2.094059405940594,1.2673267326732673,3.0297029702970297,1.495049504950495,1.6633663366336633,1.2623762376237624,161
1050732.1188118812,2005.7326732673268,42.54950495049505,2.094059405940594,1.2673267326732673,3.0297029702970297,1.495049504950495,1.6633663366336633,1.2623762376237624,71
1050732.1188118812,2005.7326732673268,42.54950495049505,2.094059405940594,1.2673267326732673,3.0297029702970297,1.495049504950495,1.6633663366336633,1.2623762376237624,74
1050732.1188118812,2005.7326732673268,42.54950495049505,2.094059405940594,1.2673267326732673,3.0297029702970297,1.495049504950495,1.6633663366336633,1.2623762376237624,148
1050732.1188118812,2005.7326732673268,42.54950495049505,2.094059405940594,1.2673267326732673,3.0297029702970297,1.495049504950495,1.6633663366336633,1.2623762376237624,114
1050732.1188118812,2005.7326732673268,42.54950495049505,2.094059405940594,1.2673267326732673,3.0297029702970297,1.495049504950495,1.6633663366336633,1.2623762376237624,94
1050732.1188118812,2005.7326732673268,42.54950495049505,2.094059405940594,1.2673267326732673,3.0297029702970297,1.495049504950495,1.6633663366336633,1.2623762376237624,72
1050732.1188118812,2005.7326732673268,42.54950495049505,2.094059405940594,1.2673267326732673,3.0297029702970297,1.495049504950495,1.6633663366336633,1.2623762376237624,177
1050732.1188118812,2005.7326732673268,42.54950495049505,2.094059405940594,1.2673267326732673,3.0297029702970297,1.495049504950495,1.6633663366336633,1.2623762376237624,119
1050732.1188118812,2005.7326732673268,42.54950495049505,2.094059405940594,1.2673267326732673,3.0297029702970297,1.495049504950495,1.6633663366336633,1.2623762376237624,201
1050732.1188118812,2005.7326732673268,42.54950495049505,2.094059405940594,1.2673267326732673,3.0297029702970297,1.495049504950495,1.6633663366336633,1.2623762376237624,142
1050732.1188118812,2005.7326732673268,42.54950495049505,2.094059405940594,1.2673267326732673,3.0297029702970297,1.495049504950495,1.6633663366336633,1.2623762376237624,133
1050732.1188118812,2005.7326732673268,42.54950495049505,2.094059405940594,1.2673267326732673,3.0297029702970297,1.495049504950495,1.6633663366336633,1.2623762376237624,112
1050732.1188118812,2005.7326732673268,42.54950495049505,2.094059405940594,1.2673267326732673,3.0297029702970297,1.495049504950495,1.6633663366336633,1.2623762376237624,57
1050732.1188118812,2005.7326732673268,42.54950495049505,2.094059405940594,1.2673267326732673,3.0297029702970297,1.495049504950495,1.6633663366336633,1.2623762376237624,143
1050732.1188118812,2005.7326732673268,42.54950495049505,2.094059405940594,1.2673267326732673,3.0297029702970297,1.495049504950495,1.6633663366336633,1.2623762376237624,110
1050732.1188118812,2005.7326732673268,42.54950495049505,2.094059405940594,1.2673267326732673,3.0297029702970297,1.495049504950495,1.6633663366336633,1.2623762376237624,94
1050732.1188118812,2005.7326732673268,42.54950495049505,2.094059405940594,1.2673267326732673,3.0297029702970297,1.495049504950495,1.6633663366336633,1.2623762376237624,177
1050732.1188118812,2005.7326732673268,42.54950495049505,2.094059405940594,1.2673267326732673,3.0297029702970297,1.495049504950495,1.6633663366336633,1.2623762376237624,144
1050732.1188118812,2005.7326732673268,42.54950495049505,2.094059405940594,1.2673267326732673,3.0297029702970297,1.495049504950495,1.6633663366336633,1.2623762376237624,138
1050732.1188118812,2005.7326732673268,42.54950495049505,2.094059405940594,1.2673267326732673,3.0297029702970297,1.495049504950495,1.6633663366336633,1.2623762376237624,148
1050732.1188118812,2005.7326732673268,42.54950495049505,2.094059405940594,1.2673267326732673,3.0297029702970297,1.495049504950495,1.6633663366336633,1.2623762376237624,106
1050732.1188118812,2005.7326732673268,42.54950495049505,2.094059405940594,1.2673267326732673,3.0297029702970297,1.495049504950495,1.6633663366336633,1.2623762376237624,161
1050732.1188118812,2005.7326732673268,42.54950495049505,2.094059405940594,1.2673267326732673,3.0297029702970297,1.495049504950495,1.6633663366336633,1.2623762376237624,55
1050732.1188118812,2005.7326732673268,42.54950495049505,2.094059405940594,1.2673267326732673,3.0297029702970297,1.495049504950495,1.6633663366336633,1.2623762376237624,129
1050732.1188118812,2005.7326732673268,42.54950495049505,2.094059405940594,1.2673267326732673,3.0297029702970297,1.495049504950495,1.6633663366336633,1.2623762376237624,282
1050732.1188118812,2005.7326732673268,42.54950495049505,2.094059405940594,1.2673267326732673,3.0297029702970297,1.495049504950495,1.6633663366336633,1.2623762376237624,127
1050732.1188118812,2005.7326732673268,42.54950495049505,2.094059405940594,1.2673267326732673,3.0297029702970297,1.495049504950495,1.6633663366336633,1.2623762376237624,52
1050732.1188118812,2005.7326732673268,42.54950495049505,2.094059405940594,1.2673267326732673,3.0297029702970297,1.495049504950495,1.6633663366336633,1.2623762376237624,135
1050732.1188118812,2005.7326732673268,42.54950495049505,2.094059405940594,1.2673267326732673,3.0297029702970297,1.495049504950495,1.6633663366336633,1.2623762376237624,88
1050732.1188118812,2005.7326732673268,42.54950495049505,2.094059405940594,1.2673267326732673,3.0297029702970297,1.495049504950495,1.6633663366336633,1.2623762376237624,74
1050732.1188118812,2005.7326732673268,42.54950495049505,2.094059405940594,1.2673267326732673,3.0297029702970297,1.495049504950495,1.6633663366336633,1.2623762376237624,109
1050732.1188118812,2005.7326732673268,42.54950495049505,2.094059405940594,1.2673267326732673,3.0297029702970297,1.495049504950495,1.6633663366336633,1.2623762376237624,166
1050732.1188118812,2005.7326732673268,42.54950495049505,2.094059405940594,1.2673267326732673,3.0297029702970297,1.495049504950495,1.6633663366336633,1.2623762376237624,100
1050732.1188118812,2005.7326732673268,42.54950495049505,2.094059405940594,1.2673267326732673,3.0297029702970297,1.495049504950495,1.6633663366336633,1.2623762376237624,119
1050732.1188118812,2005.7326732673268,42.54950495049505,2.094059405940594,1.2673267326732673,3.0297029702970297,1.495049504950495,1.6633663366336633,1.2623762376237624,153
1050732.1188118812,2005.7326732673268,42.54950495049505,2.094059405940594,1.2673267326732673,3.0297029702970297,1.495049504950495,1.6633663366336633,1.2623762376237624,123
1050732.1188118812,2005.7326732673268,42.54950495049505,2.094059405940594,1.2673267326732673,3.0297029702970297,1.495049504950495,1.6633663366336633,1.2623762376237624,187
1050732.1188118812,2005.7326732673268,42.54950495049505,2.094059405940594,1.2673267326732673,3.0297029702970297,1.495049504950495,1.6633663366336633,1.2623762376237624,105
1050732.1188118812,2005.7326732673268,42.54950495049505,2.094059405940594,1.2673267326732673,3.0297029702970297,1.495049504950495,1.6633663366336633,1.2623762376237624,152
1050732.1188118812,2005.7326732673268,42.54950495049505,2.094059405940594,1.2673267326732673,3.0297029702970297,1.495049504950495,1.6633663366336633,1.2623762376237624,81
1050732.1188118812,2005.7326732673268,42.54950495049505,2.094059405940594,1.2673267326732673,3.0297029702970297,1.495049504950495,1.6633663366336633,1.2623762376237624,119
1050732.1188118812,2005.7326732673268,42.54950495049505,2.094059405940594,1.2673267326732673,3.0297029702970297,1.495049504950495,1.6633663366336633,1.2623762376237624,131
1050732.1188118812,2005.7326732673268,42.54950495049505,2.094059405940594,1.2673267326732673,3.0297029702970297,1.495049504950495,1.6633663366336633,1.2623762376237624,114
1050732.1188118812,2005.7326732673268,42.54950495049505,2.094059405940594,1.2673267326732673,3.0297029702970297,1.495049504950495,1.6633663366336633,1.2623762376237624,182
1050732.1188118812,2005.7326732673268,42.54950495049505,2.094059405940594,1.2673267326732673,3.0297029702970297,1.495049504950495,1.6633663366336633,1.2623762376237624,127
1050732.1188118812,2005.7326732673268,42.54950495049505,2.094059405940594,1.2673267326732673,3.0297029702970297,1.495049504950495,1.6633663366336633,1.2623762376237624,101
1050732.1188118812,2005.7326732673268,42.54950495049505,2.094059405940594,1.2673267326732673,3.0297029702970297,1.495049504950495,1.6633663366336633,1.2623762376237624,76
1050732.1188118812,2005.7326732673268,42.54950495049505,2.094059405940594,1.2673267326732673,3.0297029702970297,1.495049504950495,1.6633663366336633,1.2623762376237624,69
1050732.1188118812,2005.7326732673268,42.54950495049505,2.094059405940594,1.2673267326732673,3.0297029702970297,1.495049504950495,1.6633663366336633,1.2623762376237624,112
1050732.1188118812,2005.7326732673268,42.54950495049505,2.094059405940594,1.2673267326732673,3.0297029702970297,1.495049504950495,1.6633663366336633,1.2623762376237624,75
1050732.1188118812,2005.7326732673268,42.54950495049505,2.094059405940594,1.2673267326732673,3.0297029702970297,1.495049504950495,1.6633663366336633,1.2623762376237624,40
1050732.1188118812,2005.7326732673268,42.54950495049505,2.094059405940594,1.2673267326732673,3.0297029702970297,1.495049504950495,1.6633663366336633,1.2623762376237624,110
1050732.1188118812,2005.7326732673268,42.54950495049505,2.094059405940594,1.2673267326732673,3.0297029702970297,1.495049504950495,1.6633663366336633,1.2623762376237624,78
1050732.1188118812,2005.7326732673268,42.54950495049505,2.094059405940594,1.2673267326732673,3.0297029702970297,1.495049504950495,1.6633663366336633,1.2623762376237624,94
1050732.1188118812,2005.7326732673268,42.54950495049505,2.094059405940594,1.2673267326732673,3.0297029702970297,1.495049504950495,1.6633663366336633,1.2623762376237624,89
1050732.1188118812,2005.7326732673268,42.54950495049505,2.094059405940594,1.2673267326732673,3.0297029702970297,1.495049504950495,1.6633663366336633,1.2623762376237624,96
1050732.1188118812,2005.7326732673268,42.54950495049505,2.094059405940594,1.2673267326732673,3.0297029702970297,1.495049504950495,1.6633663366336633,1.2623762376237624,119
1050732.1188118812,2005.7326732673268,42.54950495049505,2.094059405940594,1.2673267326732673,3.0297029702970297,1.495049504950495,1.6633663366336633,1.2623762376237624,135
1050732.1188118812,2005.7326732673268,42.54950495049505,2.094059405940594,1.2673267326732673,3.0297029702970297,1.495049504950495,1.6633663366336633,1.2623762376237624,81
1050732.1188118812,2005.7326732673268,42.54950495049505,2.094059405940594,1.2673267326732673,3.0297029702970297,1.495049504950495,1.6633663366336633,1.2623762376237624,124
1050732.1188118812,2005.7326732673268,42.54950495049505,2.094059405940594,1.2673267326732673,3.0297029702970297,1.495049504950495,1.6633663366336633,1.2623762376237624,138
1050732.1188118812,2005.7326732673268,42.54950495049505,2.094059405940594,1.2673267326732673,3.0297029702970297,1.495049504950495,1.6633663366336633,1.2623762376237624,277
1050732.1188118812,2005.7326732673268,42.54950495049505,2.094059405940594,1.2673267326732673,3.0297029702970297,1.495049504950495,1.6633663366336633,1.2623762376237624,88
1050732.1188118812,2005.7326732673268,42.54950495049505,2.094059405940594,1.2673267326732673,3.0297029702970297,1.495049504950495,1.6633663366336633,1.2623762376237624,129
1050732.1188118812,2005.7326732673268,42.54950495049505,2.094059405940594,1.2673267326732673,3.0297029702970297,1.495049504950495,1.6633663366336633,1.2623762376237624,123
1050732.1188118812,2005.7326732673268,42.54950495049505,2.094059405940594,1.2673267326732673,3.0297029702970297,1.495049504950495,1.6633663366336633,1.2623762376237624,100
1050732.1188118812,2005.7326732673268,42.54950495049505,2.094059405940594,1.2673267326732673,3.0297029702970297,1.495049504950495,1.6633663366336633,1.2623762376237624,44
1050732.1188118812,2005.7326732673268,42.54950495049505,2.094059405940594,1.2673267326732673,3.0297029702970297,1.495049504950495,1.6633663366336633,1.2623762376237624,68
1050732.1188118812,2005.7326732673268,42.54950495049505,2.094059405940594,1.2673267326732673,3.0297029702970297,1.495049504950495,1.6633663366336633,1.2623762376237624,64
1050732.1188118812,2005.7326732673268,42.54950495049505,2.094059405940594,1.2673267326732673,3.0297029702970297,1.495049504950495,1.6633663366336633,1.2623762376237624,268
1050732.1188118812,2005.7326732673268,42.54950495049505,2.094059405940594,1.2673267326732673,3.0297029702970297,1.495049504950495,1.6633663366336633,1.2623762376237624,117
1050732.1188118812,2005.7326732673268,42.54950495049505,2.094059405940594,1.2673267326732673,3.0297029702970297,1.495049504950495,1.6633663366336633,1.2623762376237624,60
1050732.1188118812,2005.7326732673268,42.54950495049505,2.094059405940594,1.2673267326732673,3.0297029702970297,1.495049504950495,1.6633663366336633,1.2623762376237624,65
1050732.1188118812,2005.7326732673268,42.54950495049505,2.094059405940594,1.2673267326732673,3.0297029702970297,1.495049504950495,1.6633663366336633,1.2623762376237624,108
1050732.1188118812,2005.7326732673268,42.54950495049505,2.094059405940594,1.2673267326732673,3.0297029702970297,1.495049504950495,1.6633663366336633,1.2623762376237624,83
1050732.1188118812,2005.7326732673268,42.54950495049505,2.094059405940594,1.2673267326732673,3.0297029702970297,1.495049504950495,1.6633663366336633,1.2623762376237624,102
1050732.1188118812,2005.7326732673268,42.54950495049505,2.094059405940594,1.2673267326732673,3.0297029702970297,1.495049504950495,1.6633663366336633,1.2623762376237624,148
1050732.1188118812,2005.7326732673268,42.54950495049505,2.094059405940594,1.2673267326732673,3.0297029702970297,1.495049504950495,1.6633663366336633,1.2623762376237624,105
1050732.1188118812,2005.7326732673268,42.54950495049505,2.094059405940594,1.2673267326732673,3.0297029702970297,1.495049504950495,1.6633663366336633,1.2623762376237624,106
1050732.1188118812,2005.7326732673268,42.54950495049505,2.094059405940594,1.2673267326732673,3.0297029702970297,1.495049504950495,1.6633663366336633,1.2623762376237624,118
1050732.1188118812,2005.7326732673268,42.54950495049505,2.094059405940594,1.2673267326732673,3.0297029702970297,1.495049504950495,1.6633663366336633,1.2623762376237624,131
1050732.1188118812,2005.7326732673268,42.54950495049505,2.094059405940594,1.2673267326732673,3.0297029702970297,1.495049504950495,1.6633663366336633,1.2623762376237624,55
1050732.1188118812,2005.7326732673268,42.54950495049505,2.094059405940594,1.2673267326732673,3.0297029702970297,1.495049504950495,1.6633663366336633,1.2623762376237624,100
1050732.1188118812,2005.7326732673268,42.54950495049505,2.094059405940594,1.2673267326732673,3.0297029702970297,1.495049504950495,1.6633663366336633,1.2623762376237624,56
1050732.1188118812,2005.7326732673268,42.54950495049505,2.094059405940594,1.2673267326732673,3.0297029702970297,1.495049504950495,1.6633663366336633,1.2623762376237624,65
1050732.1188118812,2005.7326732673268,42.54950495049505,2.094059405940594,1.2673267326732673,3.0297029702970297,1.495049504950495,1.6633663366336633,1.2623762376237624,107
1050732.1188118812,2005.7326732673268,42.54950495049505,2.094059405940594,1.2673267326732673,3.0297029702970297,1.495049504950495,1.6633663366336633,1.2623762376237624,94
1050732.1188118812,2005.7326732673268,42.54950495049505,2.094059405940594,1.2673267326732673,3.0297029702970297,1.495049504950495,1.6633663366336633,1.2623762376237624,89
1050732.1188118812,2005.7326732673268,42.54950495049505,2.094059405940594,1.2673267326732673,3.0297029702970297,1.495049504950495,1.6633663366336633,1.2623762376237624,88
1050732.1188118812,2005.7326732673268,42.54950495049505,2.094059405940594,1.2673267326732673,3.0297029702970297,1.495049504950495,1.6633663366336633,1.2623762376237624,100
1050732.1188118812,2005.7326732673268,42.54950495049505,2.094059405940594,1.2673267326732673,3.0297029702970297,1.495049504950495,1.6633663366336633,1.2623762376237624,108
1050732.1188118812,2005.7326732673268,42.54950495049505,2.094059405940594,1.2673267326732673,3.0297029702970297,1.495049504950495,1.6633663366336633,1.2623762376237624,131
1050732.1188118812,2005.7326732673268,42.54950495049505,2.094059405940594,1.2673267326732673,3.0297029702970297,1.495049504950495,1.6633663366336633,1.2623762376237624,158
1050732.1188118812,2005.7326732673268,42.54950495049505,2.094059405940594,1.2673267326732673,3.0297029702970297,1.495049504950495,1.6633663366336633,1.2623762376237624,88
1050732.1188118812,2005.7326732673268,42.54950495049505,2.094059405940594,1.2673267326732673,3.0297029702970297,1.495049504950495,1.6633663366336633,1.2623762376237624,114
1050732.1188118812,2005.7326732673268,42.54950495049505,2.094059405940594,1.2673267326732673,3.0297029702970297,1.495049504950495,1.6633663366336633,1.2623762376237624,81
1050732.1188118812,2005.7326732673268,42.54950495049505,2.094059405940594,1.2673267326732673,3.0297029702970297,1.495049504950495,1.6633663366336633,1.2623762376237624,110
1050732.1188118812,2005.7326732673268,42.54950495049505,2.094059405940594,1.2673267326732673,3.0297029702970297,1.495049504950495,1.6633663366336633,1.2623762376237624,99
1050732.1188118812,2005.7326732673268,42.54950495049505,2.094059405940594,1.2673267326732673,3.0297029702970297,1.495049504950495,1.6633663366336633,1.2623762376237624,105
1050732.1188118812,2005.7326732673268,42.54950495049505,2.094059405940594,1.2673267326732673,3.0297029702970297,1.495049504950495,1.6633663366336633,1.2623762376237624,75
1050732.1188118812,2005.7326732673268,42.54950495049505,2.094059405940594,1.2673267326732673,3.0297029702970297,1.495049504950495,1.6633663366336633,1.2623762376237624,135
1050732.1188118812,2005.7326732673268,42.54950495049505,2.094059405940594,1.2673267326732673,3.0297029702970297,1.495049504950495,1.6633663366336633,1.2623762376237624,140
1050732.1188118812,2005.7326732673268,42.54950495049505,2.094059405940594,1.2673267326732673,3.0297029702970297,1.495049504950495,1.6633663366336633,1.2623762376237624,67
1050732.1188118812,2005.7326732673268,42.54950495049505,2.094059405940594,1.2673267326732673,3.0297029702970297,1.495049504950495,1.6633663366336633,1.2623762376237624,100
1050732.1188118812,2005.7326732673268,42.54950495049505,2.094059405940594,1.2673267326732673,3.0297029702970297,1.495049504950495,1.6633663366336633,1.2623762376237624,85
1050732.1188118812,2005.7326732673268,42.54950495049505,2.094059405940594,1.2673267326732673,3.0297029702970297,1.495049504950495,1.6633663366336633,1.2623762376237624,102
1050732.1188118812,2005.7326732673268,42.54950495049505,2.094059405940594,1.2673267326732673,3.0297029702970297,1.495049504950495,1.6633663366336633,1.2623762376237624,127
1050732.1188118812,2005.7326732673268,42.54950495049505,2.094059405940594,1.2673267326732673,3.0297029702970297,1.495049504950495,1.6633663366336633,1.2623762376237624,103
1050732.1188118812,2005.7326732673268,42.54950495049505,2.094059405940594,1.2673267326732673,3.0297029702970297,1.495049504950495,1.6633663366336633,1.2623762376237624,119
1050732.1188118812,2005.7326732673268,42.54950495049505,2.094059405940594,1.2673267326732673,3.0297029702970297,1.495049504950495,1.6633663366336633,1.2623762376237624,97
1050732.1188118812,2005.7326732673268,42.54950495049505,2.094059405940594,1.2673267326732673,3.0297029702970297,1.495049504950495,1.6633663366336633,1.2623762376237624,83
1050732.1188118812,2005.7326732673268,42.54950495049505,2.094059405940594,1.2673267326732673,3.0297029702970297,1.495049504950495,1.6633663366336633,1.2623762376237624,110
1050732.1188118812,2005.7326732673268,42.54950495049505,2.094059405940594,1.2673267326732673,3.0297029702970297,1.495049504950495,1.6633663366336633,1.2623762376237624,117
1050732.1188118812,2005.7326732673268,42.54950495049505,2.094059405940594,1.2673267326732673,3.0297029702970297,1.495049504950495,1.6633663366336633,1.2623762376237624,74
1050732.1188118812,2005.7326732673268,42.54950495049505,2.094059405940594,1.2673267326732673,3.0297029702970297,1.495049504950495,1.6633663366336633,1.2623762376237624,139
1050732.1188118812,2005.7326732673268,42.54950495049505,2.094059405940594,1.2673267326732673,3.0297029702970297,1.495049504950495,1.6633663366336633,1.2623762376237624,150
1050732.1188118812,2005.7326732673268,42.54950495049505,2.094059405940594,1.2673267326732673,3.0297029702970297,1.495049504950495,1.6633663366336633,1.2623762376237624,148
1050732.1188118812,2005.7326732673268,42.54950495049505,2.094059405940594,1.2673267326732673,3.0297029702970297,1.495049504950495,1.6633663366336633,1.2623762376237624,70
1050732.1188118812,2005.7326732673268,42.54950495049505,2.094059405940594,1.2673267326732673,3.0297029702970297,1.495049504950495,1.6633663366336633,1.2623762376237624,61
1050732.1188118812,2005.7326732673268,42.54950495049505,2.094059405940594,1.2673267326732673,3.0297029702970297,1.495049504950495,1.6633663366336633,1.2623762376237624,93
1050732.1188118812,2005.7326732673268,42.54950495049505,2.094059405940594,1.2673267326732673,3.0297029702970297,1.495049504950495,1.6633663366336633,1.2623762376237624,92
1050732.1188118812,2005.7326732673268,42.54950495049505,2.094059405940594,1.2673267326732673,3.0297029702970297,1.495049504950495,1.6633663366336633,1.2623762376237624,103
1050732.1188118812,2005.7326732673268,42.54950495049505,2.094059405940594,1.2673267326732673,3.0297029702970297,1.495049504950495,1.6633663366336633,1.2623762376237624,66
1050732.1188118812,2005.7326732673268,42.54950495049505,2.094059405940594,1.2673267326732673,3.0297029702970297,1.495049504950495,1.6633663366336633,1.2623762376237624,147
1050732.1188118812,2005.7326732673268,42.54950495049505,2.094059405940594,1.2673267326732673,3.0297029702970297,1.495049504950495,1.6633663366336633,1.2623762376237624,121
1050732.1188118812,2005.7326732673268,42.54950495049505,2.094059405940594,1.2673267326732673,3.0297029702970297,1.495049504950495,1.6633663366336633,1.2623762376237624,77
1050732.1188118812,2005.7326732673268,42.54950495049505,2.094059405940594,1.2673267326732673,3.0297029702970297,1.495049504950495,1.6633663366336633,1.2623762376237624,80
1050732.1188118812,2005.7326732673268,42.54950495049505,2.094059405940594,1.2673267326732673,3.0297029702970297,1.495049504950495,1.6633663366336633,1.2623762376237624,94
1050732.1188118812,2005.7326732673268,42.54950495049505,2.094059405940594,1.2673267326732673,3.0297029702970297,1.495049504950495,1.6633663366336633,1.2623762376237624,83
1050732.1188118812,2005.7326732673268,42.54950495049505,2.094059405940594,1.2673267326732673,3.0297029702970297,1.495049504950495,1.6633663366336633,1.2623762376237624,70
1050732.1188118812,2005.7326732673268,42.54950495049505,2.094059405940594,1.2673267326732673,3.0297029702970297,1.495049504950495,1.6633663366336633,1.2623762376237624,62
1050732.1188118812,2005.7326732673268,42.54950495049505,2.094059405940594,1.2673267326732673,3.0297029702970297,1.495049504950495,1.6633663366336633,1.2623762376237624,65
1050732.1188118812,2005.7326732673268,42.54950495049505,2.094059405940594,1.2673267326732673,3.0297029702970297,1.495049504950495,1.6633663366336633,1.2623762376237624,100
1050732.1188118812,2005.7326732673268,42.54950495049505,2.094059405940594,1.2673267326732673,3.0297029702970297,1.495049504950495,1.6633663366336633,1.2623762376237624,119
1050732.1188118812,2005.7326732673268,42.54950495049505,2.094059405940594,1.2673267326732673,3.0297029702970297,1.495049504950495,1.6633663366336633,1.2623762376237624,74
1050732.1188118812,2005.7326732673268,42.54950495049505,2.094059405940594,1.2673267326732673,3.0297029702970297,1.495049504950495,1.6633663366336633,1.2623762376237624,278
1050732.1188118812,2005.7326732673268,42.54950495049505,2.094059405940594,1.2673267326732673,3.0297029702970297,1.495049504950495,1.6633663366336633,1.2623762376237624,97
1050732.1188118812,2005.7326732673268,42.54950495049505,2.094059405940594,1.2673267326732673,3.0297029702970297,1.495049504950495,1.6633663366336633,1.2623762376237624,105
1050732.1188118812,2005.7326732673268,42.54950495049505,2.094059405940594,1.2673267326732673,3.0297029702970297,1.495049504950495,1.6633663366336633,1.2623762376237624,126
1050732.1188118812,2005.7326732673268,42.54950495049505,2.094059405940594,1.2673267326732673,3.0297029702970297,1.495049504950495,1.6633663366336633,1.2623762376237624,85
1050732.1188118812,2005.7326732673268,42.54950495049505,2.094059405940594,1.2673267326732673,3.0297029702970297,1.495049504950495,1.6633663366336633,1.2623762376237624,48
1050732.1188118812,2005.7326732673268,42.54950495049505,2.094059405940594,1.2673267326732673,3.0297029702970297,1.495049504950495,1.6633663366336633,1.2623762376237624,84
1050732.1188118812,2005.7326732673268,42.54950495049505,2.094059405940594,1.2673267326732673,3.0297029702970297,1.495049504950495,1.6633663366336633,1.2623762376237624,114
1050732.1188118812,2005.7326732673268,42.54950495049505,2.094059405940594,1.2673267326732673,3.0297029702970297,1.495049504950495,1.6633663366336633,1.2623762376237624,90
1050732.1188118812,2005.7326732673268,42.54950495049505,2.094059405940594,1.2673267326732673,3.0297029702970297,1.495049504950495,1.6633663366336633,1.2623762376237624,115
1050732.1188118812,2005.7326732673268,42.54950495049505,2.094059405940594,1.2673267326732673,3.0297029702970297,1.495049504950495,1.6633663366336633,1.2623762376237624,272
1050732.1188118812,2005.7326732673268,42.54950495049505,2.094059405940594,1.2673267326732673,3.0297029702970297,1.495049504950495,1.6633663366336633,1.2623762376237624,63
1050732.1188118812,2005.7326732673268,42.54950495049505,2.094059405940594,1.2673267326732673,3.0297029702970297,1.495049504950495,1.6633663366336633,1.2623762376237624,59
1050732.1188118812,2005.7326732673268,42.54950495049505,2.094059405940594,1.2673267326732673,3.0297029702970297,1.495049504950495,1.6633663366336633,1.2623762376237624,93
1050732.1188118812,2005.7326732673268,42.54950495049505,2.094059405940594,1.2673267326732673,3.0297029702970297,1.495049504950495,1.6633663366336633,1.2623762376237624,102
1050732.1188118812,2005.7326732673268,42.54950495049505,2.094059405940594,1.2673267326732673,3.0297029702970297,1.495049504950495,1.6633663366336633,1.2623762376237624,88
1050732.1188118812,2005.7326732673268,42.54950495049505,2.094059405940594,1.2673267326732673,3.0297029702970297,1.495049504950495,1.6633663366336633,1.2623762376237624,110
1050732.1188118812,2005.7326732673268,42.54950495049505,2.094059405940594,1.2673267326732673,3.0297029702970297,1.495049504950495,1.6633663366336633,1.2623762376237624,125
1050732.1188118812,2005.7326732673268,42.54950495049505,2.094059405940594,1.2673267326732673,3.0297029702970297,1.495049504950495,1.6633663366336633,1.2623762376237624,81
1050732.1188118812,2005.7326732673268,42.54950495049505,2.094059405940594,1.2673267326732673,3.0297029702970297,1.495049504950495,1.6633663366336633,1.2623762376237624,127
1111124.696875,2005.8125,41.740625,1.95625,1.290625,2.934375,1.521875,1.709375,1.29375,119
1111124.696875,2005.8125,41.740625,1.95625,1.290625,2.934375,1.521875,1.709375,1.29375,88
1111124.696875,2005.8125,41.740625,1.95625,1.290625,2.934375,1.521875,1.709375,1.29375,108
1111124.696875,2005.8125,41.740625,1.95625,1.290625,2.934375,1.521875,1.709375,1.29375,132
1111124.696875,2005.8125,41.740625,1.95625,1.290625,2.934375,1.521875,1.709375,1.29375,129
1111124.696875,2005.8125,41.740625,1.95625,1.290625,2.934375,1.521875,1.709375,1.29375,55
1111124.696875,2005.8125,41.740625,1.95625,1.290625,2.934375,1.521875,1.709375,1.29375,105
1111124.696875,2005.8125,41.740625,1.95625,1.290625,2.934375,1.521875,1.709375,1.29375,88
1111124.696875,2005.8125,41.740625,1.95625,1.290625,2.934375,1.521875,1.709375,1.29375,100
1111124.696875,2005.8125,41.740625,1.95625,1.290625,2.934375,1.521875,1.709375,1.29375,117
1111124.696875,2005.8125,41.740625,1.95625,1.290625,2.934375,1.521875,1.709375,1.29375,109
1111124.696875,2005.8125,41.740625,1.95625,1.290625,2.934375,1.521875,1.709375,1.29375,133
1111124.696875,2005.8125,41.740625,1.95625,1.290625,2.934375,1.521875,1.709375,1.29375,70
1111124.696875,2005.8125,41.740625,1.95625,1.290625,2.934375,1.521875,1.709375,1.29375,83
1111124.696875,2005.8125,41.740625,1.95625,1.290625,2.934375,1.521875,1.709375,1.29375,94
1111124.696875,2005.8125,41.740625,1.95625,1.290625,2.934375,1.521875,1.709375,1.29375,100
1111124.696875,2005.8125,41.740625,1.95625,1.290625,2.934375,1.521875,1.709375,1.29375,101
1111124.696875,2005.8125,41.740625,1.95625,1.290625,2.934375,1.521875,1.709375,1.29375,123
1111124.696875,2005.8125,41.740625,1.95625,1.290625,2.934375,1.521875,1.709375,1.29375,177
1111124.696875,2005.8125,41.740625,1.95625,1.290625,2.934375,1.521875,1.709375,1.29375,127
1111124.696875,2005.8125,41.740625,1.95625,1.290625,2.934375,1.521875,1.709375,1.29375,119
1111124.696875,2005.8125,41.740625,1.95625,1.290625,2.934375,1.521875,1.709375,1.29375,148
1111124.696875,2005.8125,41.740625,1.95625,1.290625,2.934375,1.521875,1.709375,1.29375,110
1111124.696875,2005.8125,41.740625,1.95625,1.290625,2.934375,1.521875,1.709375,1.29375,81
1111124.696875,2005.8125,41.740625,1.95625,1.290625,2.934375,1.521875,1.709375,1.29375,112
1111124.696875,2005.8125,41.740625,1.95625,1.290625,2.934375,1.521875,1.709375,1.29375,87
1111124.696875,2005.8125,41.740625,1.95625,1.290625,2.934375,1.521875,1.709375,1.29375,97
1111124.696875,2005.8125,41.740625,1.95625,1.290625,2.934375,1.521875,1.709375,1.29375,71
1111124.696875,2005.8125,41.740625,1.95625,1.290625,2.934375,1.521875,1.709375,1.29375,65
1111124.696875,2005.8125,41.740625,1.95625,1.290625,2.934375,1.521875,1.709375,1.29375,110
1111124.696875,2005.8125,41.740625,1.95625,1.290625,2.934375,1.521875,1.709375,1.29375,131
1111124.696875,2005.8125,41.740625,1.95625,1.290625,2.934375,1.521875,1.709375,1.29375,74
1111124.696875,2005.8125,41.740625,1.95625,1.290625,2.934375,1.521875,1.709375,1.29375,81
1111124.696875,2005.8125,41.740625,1.95625,1.290625,2.934375,1.521875,1.709375,1.29375,105
1111124.696875,2005.8125,41.740625,1.95625,1.290625,2.934375,1.521875,1.709375,1.29375,104
1111124.696875,2005.8125,41.740625,1.95625,1.290625,2.934375,1.521875,1.709375,1.29375,138
1111124.696875,2005.8125,41.740625,1.95625,1.290625,2.934375,1.521875,1.709375,1.29375,102
1111124.696875,2005.8125,41.740625,1.95625,1.290625,2.934375,1.521875,1.709375,1.29375,161
1111124.696875,2005.8125,41.740625,1.95625,1.290625,2.934375,1.521875,1.709375,1.29375,119
1111124.696875,2005.8125,41.740625,1.95625,1.290625,2.934375,1.521875,1.709375,1.29375,145
1111124.696875,2005.8125,41.740625,1.95625,1.290625,2.934375,1.521875,1.709375,1.29375,50
1111124.696875,2005.8125,41.740625,1.95625,1.290625,2.934375,1.521875,1.709375,1.29375,94
1111124.696875,2005.8125,41.740625,1.95625,1.290625,2.934375,1.521875,1.709375,1.29375,100
1111124.696875,2005.8125,41.740625,1.95625,1.290625,2.934375,1.521875,1.709375,1.29375,106
1111124.696875,2005.8125,41.740625,1.95625,1.290625,2.934375,1.521875,1.709375,1.29375,127
1111124.696875,2005.8125,41.740625,1.95625,1.290625,2.934375,1.521875,1.709375,1.29375,114
1111124.696875,2005.8125,41.740625,1.95625,1.290625,2.934375,1.521875,1.709375,1.29375,166
1111124.696875,2005.8125,41.740625,1.95625,1.290625,2.934375,1.521875,1.709375,1.29375,85
1111124.696875,2005.8125,41.740625,1.95625,1.290625,2.934375,1.521875,1.709375,1.29375,135
1111124.696875,2005.8125,41.740625,1.95625,1.290625,2.934375,1.521875,1.709375,1.29375,80
1111124.696875,2005.8125,41.740625,1.95625,1.290625,2.934375,1.521875,1.709375,1.29375,103
1111124.696875,2005.8125,41.740625,1.95625,1.290625,2.934375,1.521875,1.709375,1.29375,100
1111124.696875,2005.8125,41.740625,1.95625,1.290625,2.934375,1.521875,1.709375,1.29375,81
1111124.696875,2005.8125,41.740625,1.95625,1.290625,2.934375,1.521875,1.709375,1.29375,144
1111124.696875,2005.8125,41.740625,1.95625,1.290625,2.934375,1.521875,1.709375,1.29375,93
1111124.696875,2005.8125,41.740625,1.95625,1.290625,2.934375,1.521875,1.709375,1.29375,105
1111124.696875,2005.8125,41.740625,1.95625,1.290625,2.934375,1.521875,1.709375,1.29375,143
1111124.696875,2005.8125,41.740625,1.95625,1.290625,2.934375,1.521875,1.709375,1.29375,127
1111124.696875,2005.8125,41.740625,1.95625,1.290625,2.934375,1.521875,1.709375,1.29375,119
1111124.696875,2005.8125,41.740625,1.95625,1.290625,2.934375,1.521875,1.709375,1.29375,100
1111124.696875,2005.8125,41.740625,1.95625,1.290625,2.934375,1.521875,1.709375,1.29375,77
1111124.696875,2005.8125,41.740625,1.95625,1.290625,2.934375,1.521875,1.709375,1.29375,268
1111124.696875,2005.8125,41.740625,1.95625,1.290625,2.934375,1.521875,1.709375,1.29375,109
1111124.696875,2005.8125,41.740625,1.95625,1.290625,2.934375,1.521875,1.709375,1.29375,74
1111124.696875,2005.8125,41.740625,1.95625,1.290625,2.934375,1.521875,1.709375,1.29375,105
1111124.696875,2005.8125,41.740625,1.95625,1.290625,2.934375,1.521875,1.709375,1.29375,85
1111124.696875,2005.8125,41.740625,1.95625,1.290625,2.934375,1.521875,1.709375,1.29375,114
1111124.696875,2005.8125,41.740625,1.95625,1.290625,2.934375,1.521875,1.709375,1.29375,282
1111124.696875,2005.8125,41.740625,1.95625,1.290625,2.934375,1.521875,1.709375,1.29375,152
1111124.696875,2005.8125,41.740625,1.95625,1.290625,2.934375,1.521875,1.709375,1.29375,106
1111124.696875,2005.8125,41.740625,1.95625,1.290625,2.934375,1.521875,1.709375,1.29375,119
1111124.696875,2005.8125,41.740625,1.95625,1.290625,2.934375,1.521875,1.709375,1.29375,114
1111124.696875,2005.8125,41.740625,1.95625,1.290625,2.934375,1.521875,1.709375,1.29375,90
1111124.696875,2005.8125,41.740625,1.95625,1.290625,2.934375,1.521875,1.709375,1.29375,126
1111124.696875,2005.8125,41.740625,1.95625,1.290625,2.934375,1.521875,1.709375,1.29375,135
1111124.696875,2005.8125,41.740625,1.95625,1.290625,2.934375,1.521875,1.709375,1.29375,100
1111124.696875,2005.8125,41.740625,1.95625,1.290625,2.934375,1.521875,1.709375,1.29375,69
1111124.696875,2005.8125,41.740625,1.95625,1.290625,2.934375,1.521875,1.709375,1.29375,166
1111124.696875,2005.8125,41.740625,1.95625,1.290625,2.934375,1.521875,1.709375,1.29375,74
1111124.696875,2005.8125,41.740625,1.95625,1.290625,2.934375,1.521875,1.709375,1.29375,133
1111124.696875,2005.8125,41.740625,1.95625,1.290625,2.934375,1.521875,1.709375,1.29375,88
1111124.696875,2005.8125,41.740625,1.95625,1.290625,2.934375,1.521875,1.709375,1.29375,177
1111124.696875,2005.8125,41.740625,1.95625,1.290625,2.934375,1.521875,1.709375,1.29375,117
1111124.696875,2005.8125,41.740625,1.95625,1.290625,2.934375,1.521875,1.709375,1.29375,57
1111124.696875,2005.8125,41.740625,1.95625,1.290625,2.934375,1.521875,1.709375,1.29375,127
1111124.696875,2005.8125,41.740625,1.95625,1.290625,2.934375,1.521875,1.709375,1.29375,83
1111124.696875,2005.8125,41.740625,1.95625,1.290625,2.934375,1.521875,1.709375,1.29375,110
1111124.696875,2005.8125,41.740625,1.95625,1.290625,2.934375,1.521875,1.709375,1.29375,131
1111124.696875,2005.8125,41.740625,1.95625,1.290625,2.934375,1.521875,1.709375,1.29375,65
1111124.696875,2005.8125,41.740625,1.95625,1.290625,2.934375,1.521875,1.709375,1.29375,70
1111124.696875,2005.8125,41.740625,1.95625,1.290625,2.934375,1.521875,1.709375,1.29375,94
1111124.696875,2005.8125,41.740625,1.95625,1.290625,2.934375,1.521875,1.709375,1.29375,78
1111124.696875,2005.8125,41.740625,1.95625,1.290625,2.934375,1.521875,1.709375,1.29375,88
1111124.696875,2005.8125,41.740625,1.95625,1.290625,2.934375,1.521875,1.709375,1.29375,161
1111124.696875,2005.8125,41.740625,1.95625,1.290625,2.934375,1.521875,1.709375,1.29375,55
1111124.696875,2005.8125,41.740625,1.95625,1.290625,2.934375,1.521875,1.709375,1.29375,108
1111124.696875,2005.8125,41.740625,1.95625,1.290625,2.934375,1.521875,1.709375,1.29375,110
1111124.696875,2005.8125,41.740625,1.95625,1.290625,2.934375,1.521875,1.709375,1.29375,102
1111124.696875,2005.8125,41.740625,1.95625,1.290625,2.934375,1.521875,1.709375,1.29375,138
1111124.696875,2005.8125,41.740625,1.95625,1.290625,2.934375,1.521875,1.709375,1.29375,112
1111124.696875,2005.8125,41.740625,1.95625,1.290625,2.934375,1.521875,1.709375,1.29375,148
1111124.696875,2005.8125,41.740625,1.95625,1.290625,2.934375,1.521875,1.709375,1.29375,153
1111124.696875,2005.8125,41.740625,1.95625,1.290625,2.934375,1.521875,1.709375,1.29375,81
1111124.696875,2005.8125,41.740625,1.95625,1.290625,2.934375,1.521875,1.709375,1.29375,94
1111124.696875,2005.8125,41.740625,1.95625,1.290625,2.934375,1.521875,1.709375,1.29375,94
1111124.696875,2005.8125,41.740625,1.95625,1.290625,2.934375,1.521875,1.709375,1.29375,118
1111124.696875,2005.8125,41.740625,1.95625,1.290625,2.934375,1.521875,1.709375,1.29375,268
1111124.696875,2005.8125,41.740625,1.95625,1.290625,2.934375,1.521875,1.709375,1.29375,277
1111124.696875,2005.8125,41.740625,1.95625,1.290625,2.934375,1.521875,1.709375,1.29375,123
1111124.696875,2005.8125,41.740625,1.95625,1.290625,2.934375,1.521875,1.709375,1.29375,177
1111124.696875,2005.8125,41.740625,1.95625,1.290625,2.934375,1.521875,1.709375,1.29375,100
1111124.696875,2005.8125,41.740625,1.95625,1.290625,2.934375,1.521875,1.709375,1.29375,81
1111124.696875,2005.8125,41.740625,1.95625,1.290625,2.934375,1.521875,1.709375,1.29375,161
1111124.696875,2005.8125,41.740625,1.95625,1.290625,2.934375,1.521875,1.709375,1.29375,135
1111124.696875,2005.8125,41.740625,1.95625,1.290625,2.934375,1.521875,1.709375,1.29375,90
1111124.696875,2005.8125,41.740625,1.95625,1.290625,2.934375,1.521875,1.709375,1.29375,85
1111124.696875,2005.8125,41.740625,1.95625,1.290625,2.934375,1.521875,1.709375,1.29375,127
1111124.696875,2005.8125,41.740625,1.95625,1.290625,2.934375,1.521875,1.709375,1.29375,142
1111124.696875,2005.8125,41.740625,1.95625,1.290625,2.934375,1.521875,1.709375,1.29375,100
1111124.696875,2005.8125,41.740625,1.95625,1.290625,2.934375,1.521875,1.709375,1.29375,75
1111124.696875,2005.8125,41.740625,1.95625,1.290625,2.934375,1.521875,1.709375,1.29375,77
1111124.696875,2005.8125,41.740625,1.95625,1.290625,2.934375,1.521875,1.709375,1.29375,119
1111124.696875,2005.8125,41.740625,1.95625,1.290625,2.934375,1.521875,1.709375,1.29375,76
1111124.696875,2005.8125,41.740625,1.95625,1.290625,2.934375,1.521875,1.709375,1.29375,83
1111124.696875,2005.8125,41.740625,1.95625,1.290625,2.934375,1.521875,1.709375,1.29375,80
1111124.696875,2005.8125,41.740625,1.95625,1.290625,2.934375,1.521875,1.709375,1.29375,114
1111124.696875,2005.8125,41.740625,1.95625,1.290625,2.934375,1.521875,1.709375,1.29375,99
1111124.696875,2005.8125,41.740625,1.95625,1.290625,2.934375,1.521875,1.709375,1.29375,103
1111124.696875,2005.8125,41.740625,1.95625,1.290625,2.934375,1.521875,1.709375,1.29375,88
1111124.696875,2005.8125,41.740625,1.95625,1.290625,2.934375,1.521875,1.709375,1.29375,114
1111124.696875,2005.8125,41.740625,1.95625,1.290625,2.934375,1.521875,1.709375,1.29375,110
1111124.696875,2005.8125,41.740625,1.95625,1.290625,2.934375,1.521875,1.709375,1.29375,95
1111124.696875,2005.8125,41.740625,1.95625,1.290625,2.934375,1.521875,1.709375,1.29375,182
1111124.696875,2005.8125,41.740625,1.95625,1.290625,2.934375,1.521875,1.709375,1.29375,110
1111124.696875,2005.8125,41.740625,1.95625,1.290625,2.934375,1.521875,1.709375,1.29375,107
1111124.696875,2005.8125,41.740625,1.95625,1.290625,2.934375,1.521875,1.709375,1.29375,89
1111124.696875,2005.8125,41.740625,1.95625,1.290625,2.934375,1.521875,1.709375,1.29375,129
1111124.696875,2005.8125,41.740625,1.95625,1.290625,2.934375,1.521875,1.709375,1.29375,126
1111124.696875,2005.8125,41.740625,1.95625,1.290625,2.934375,1.521875,1.709375,1.29375,105
1111124.696875,2005.8125,41.740625,1.95625,1.290625,2.934375,1.521875,1.709375,1.29375,44
1111124.696875,2005.8125,41.740625,1.95625,1.290625,2.934375,1.521875,1.709375,1.29375,108
1111124.696875,2005.8125,41.740625,1.95625,1.290625,2.934375,1.521875,1.709375,1.29375,92
1111124.696875,2005.8125,41.740625,1.95625,1.290625,2.934375,1.521875,1.709375,1.29375,131
1111124.696875,2005.8125,41.740625,1.95625,1.290625,2.934375,1.521875,1.709375,1.29375,117
1111124.696875,2005.8125,41.740625,1.95625,1.290625,2.934375,1.521875,1.709375,1.29375,102
1111124.696875,2005.8125,41.740625,1.95625,1.290625,2.934375,1.521875,1.709375,1.29375,84
1111124.696875,2005.8125,41.740625,1.95625,1.290625,2.934375,1.521875,1.709375,1.29375,88
1111124.696875,2005.8125,41.740625,1.95625,1.290625,2.934375,1.521875,1.709375,1.29375,81
1111124.696875,2005.8125,41.740625,1.95625,1.290625,2.934375,1.521875,1.709375,1.29375,69
1111124.696875,2005.8125,41.740625,1.95625,1.290625,2.934375,1.521875,1.709375,1.29375,148
1111124.696875,2005.8125,41.740625,1.95625,1.290625,2.934375,1.521875,1.709375,1.29375,124
1111124.696875,2005.8125,41.740625,1.95625,1.290625,2.934375,1.521875,1.709375,1.29375,100
1111124.696875,2005.8125,41.740625,1.95625,1.290625,2.934375,1.521875,1.709375,1.29375,88
1111124.696875,2005.8125,41.740625,1.95625,1.290625,2.934375,1.521875,1.709375,1.29375,70
1111124.696875,2005.8125,41.740625,1.95625,1.290625,2.934375,1.521875,1.709375,1.29375,121
1111124.696875,2005.8125,41.740625,1.95625,1.290625,2.934375,1.521875,1.709375,1.29375,65
1111124.696875,2005.8125,41.740625,1.95625,1.290625,2.934375,1.521875,1.709375,1.29375,78
1111124.696875,2005.8125,41.740625,1.95625,1.290625,2.934375,1.521875,1.709375,1.29375,68
1111124.696875,2005.8125,41.740625,1.95625,1.290625,2.934375,1.521875,1.709375,1.29375,119
1111124.696875,2005.8125,41.740625,1.95625,1.290625,2.934375,1.521875,1.709375,1.29375,74
1111124.696875,2005.8125,41.740625,1.95625,1.290625,2.934375,1.521875,1.709375,1.29375,74
1111124.696875,2005.8125,41.740625,1.95625,1.290625,2.934375,1.521875,1.709375,1.29375,148
1111124.696875,2005.8125,41.740625,1.95625,1.290625,2.934375,1.521875,1.709375,1.29375,93
1111124.696875,2005.8125,41.740625,1.95625,1.290625,2.934375,1.521875,1.709375,1.29375,84
1111124.696875,2005.8125,41.740625,1.95625,1.290625,2.934375,1.521875,1.709375,1.29375,142
1111124.696875,2005.8125,41.740625,1.95625,1.290625,2.934375,1.521875,1.709375,1.29375,123
1111124.696875,2005.8125,41.740625,1.95625,1.290625,2.934375,1.521875,1.709375,1.29375,88
1111124.696875,2005.8125,41.740625,1.95625,1.290625,2.934375,1.521875,1.709375,1.29375,110
1111124.696875,2005.8125,41.740625,1.95625,1.290625,2.934375,1.521875,1.709375,1.29375,121
1111124.696875,2005.8125,41.740625,1.95625,1.290625,2.934375,1.521875,1.709375,1.29375,90
1111124.696875,2005.8125,41.740625,1.95625,1.290625,2.934375,1.521875,1.709375,1.29375,100
1111124.696875,2005.8125,41.740625,1.95625,1.290625,2.934375,1.521875,1.709375,1.29375,81
1111124.696875,2005.8125,41.740625,1.95625,1.290625,2.934375,1.521875,1.709375,1.29375,88
1111124.696875,2005.8125,41.740625,1.95625,1.290625,2.934375,1.521875,1.709375,1.29375,61
1111124.696875,2005.8125,41.740625,1.95625,1.290625,2.934375,1.521875,1.709375,1.29375,139
1111124.696875,2005.8125,41.740625,1.95625,1.290625,2.934375,1.521875,1.709375,1.29375,148
1111124.696875,2005.8125,41.740625,1.95625,1.290625,2.934375,1.521875,1.709375,1.29375,119
1111124.696875,2005.8125,41.740625,1.95625,1.290625,2.934375,1.521875,1.709375,1.29375,99
1111124.696875,2005.8125,41.740625,1.95625,1.290625,2.934375,1.521875,1.709375,1.29375,177
1111124.696875,2005.8125,41.740625,1.95625,1.290625,2.934375,1.521875,1.709375,1.29375,158
1111124.696875,2005.8125,41.740625,1.95625,1.290625,2.934375,1.521875,1.709375,1.29375,119
1111124.696875,2005.8125,41.740625,1.95625,1.290625,2.934375,1.521875,1.709375,1.29375,95
1111124.696875,2005.8125,41.740625,1.95625,1.290625,2.934375,1.521875,1.709375,1.29375,88
1111124.696875,2005.8125,41.740625,1.95625,1.290625,2.934375,1.521875,1.709375,1.29375,103
1111124.696875,2005.8125,41.740625,1.95625,1.290625,2.934375,1.521875,1.709375,1.29375,148
1111124.696875,2005.8125,41.740625,1.95625,1.290625,2.934375,1.521875,1.709375,1.29375,59
1111124.696875,2005.8125,41.740625,1.95625,1.290625,2.934375,1.521875,1.709375,1.29375,80
1111124.696875,2005.8125,41.740625,1.95625,1.290625,2.934375,1.521875,1.709375,1.29375,115
1111124.696875,2005.8125,41.740625,1.95625,1.290625,2.934375,1.521875,1.709375,1.29375,74
1111124.696875,2005.8125,41.740625,1.95625,1.290625,2.934375,1.521875,1.709375,1.29375,131
1111124.696875,2005.8125,41.740625,1.95625,1.290625,2.934375,1.521875,1.709375,1.29375,96
1111124.696875,2005.8125,41.740625,1.95625,1.290625,2.934375,1.521875,1.709375,1.29375,135
1111124.696875,2005.8125,41.740625,1.95625,1.290625,2.934375,1.521875,1.709375,1.29375,114
1111124.696875,2005.8125,41.740625,1.95625,1.290625,2.934375,1.521875,1.709375,1.29375,97
1111124.696875,2005.8125,41.740625,1.95625,1.290625,2.934375,1.521875,1.709375,1.29375,105
1111124.696875,2005.8125,41.740625,1.95625,1.290625,2.934375,1.521875,1.709375,1.29375,110
1111124.696875,2005.8125,41.740625,1.95625,1.290625,2.934375,1.521875,1.709375,1.29375,92
1111124.696875,2005.8125,41.740625,1.95625,1.290625,2.934375,1.521875,1.709375,1.29375,127
1111124.696875,2005.8125,41.740625,1.95625,1.290625,2.934375,1.521875,1.709375,1.29375,114
1111124.696875,2005.8125,41.740625,1.95625,1.290625,2.934375,1.521875,1.709375,1.29375,66
1111124.696875,2005.8125,41.740625,1.95625,1.290625,2.934375,1.521875,1.709375,1.29375,70
1111124.696875,2005.8125,41.740625,1.95625,1.290625,2.934375,1.521875,1.709375,1.29375,161
1111124.696875,2005.8125,41.740625,1.95625,1.290625,2.934375,1.521875,1.709375,1.29375,67
1111124.696875,2005.8125,41.740625,1.95625,1.290625,2.934375,1.521875,1.709375,1.29375,94
1111124.696875,2005.8125,41.740625,1.95625,1.290625,2.934375,1.521875,1.709375,1.29375,107
1111124.696875,2005.8125,41.740625,1.95625,1.290625,2.934375,1.521875,1.709375,1.29375,77
1111124.696875,2005.8125,41.740625,1.95625,1.290625,2.934375,1.521875,1.709375,1.29375,119
1111124.696875,2005.8125,41.740625,1.95625,1.290625,2.934375,1.521875,1.709375,1.29375,75
1111124.696875,2005.8125,41.740625,1.95625,1.290625,2.934375,1.521875,1.709375,1.29375,201
1111124.696875,2005.8125,41.740625,1.95625,1.290625,2.934375,1.521875,1.709375,1.29375,85
1111124.696875,2005.8125,41.740625,1.95625,1.290625,2.934375,1.521875,1.709375,1.29375,74
1111124.696875,2005.8125,41.740625,1.95625,1.290625,2.934375,1.521875,1.709375,1.29375,81
1111124.696875,2005.8125,41.740625,1.95625,1.290625,2.934375,1.521875,1.709375,1.29375,140
1111124.696875,2005.8125,41.740625,1.95625,1.290625,2.934375,1.521875,1.709375,1.29375,89
1111124.696875,2005.8125,41.740625,1.95625,1.290625,2.934375,1.521875,1.709375,1.29375,94
1111124.696875,2005.8125,41.740625,1.95625,1.290625,2.934375,1.521875,1.709375,1.29375,278
1111124.696875,2005.8125,41.740625,1.95625,1.290625,2.934375,1.521875,1.709375,1.29375,129
1111124.696875,2005.8125,41.740625,1.95625,1.290625,2.934375,1.521875,1.709375,1.29375,93
1111124.696875,2005.8125,41.740625,1.95625,1.290625,2.934375,1.521875,1.709375,1.29375,100
1111124.696875,2005.8125,41.740625,1.95625,1.290625,2.934375,1.521875,1.709375,1.29375,119
1111124.696875,2005.8125,41.740625,1.95625,1.290625,2.934375,1.521875,1.709375,1.29375,112
1111124.696875,2005.8125,41.740625,1.95625,1.290625,2.934375,1.521875,1.709375,1.29375,135
1111124.696875,2005.8125,41.740625,1.95625,1.290625,2.934375,1.521875,1.709375,1.29375,81
1111124.696875,2005.8125,41.740625,1.95625,1.290625,2.934375,1.521875,1.709375,1.29375,96
1111124.696875,2005.8125,41.740625,1.95625,1.290625,2.934375,1.521875,1.709375,1.29375,88
1111124.696875,2005.8125,41.740625,1.95625,1.290625,2.934375,1.521875,1.709375,1.29375,148
1111124.696875,2005.8125,41.740625,1.95625,1.290625,2.934375,1.521875,1.709375,1.29375,125
1111124.696875,2005.8125,41.740625,1.95625,1.290625,2.934375,1.521875,1.709375,1.29375,110
1111124.696875,2005.8125,41.740625,1.95625,1.290625,2.934375,1.521875,1.709375,1.29375,201
1111124.696875,2005.8125,41.740625,1.95625,1.290625,2.934375,1.521875,1.709375,1.29375,63
1111124.696875,2005.8125,41.740625,1.95625,1.290625,2.934375,1.521875,1.709375,1.29375,142
1111124.696875,2005.8125,41.740625,1.95625,1.290625,2.934375,1.521875,1.709375,1.29375,278
1111124.696875,2005.8125,41.740625,1.95625,1.290625,2.934375,1.521875,1.709375,1.29375,155
1111124.696875,2005.8125,41.740625,1.95625,1.290625,2.934375,1.521875,1.709375,1.29375,72
1111124.696875,2005.8125,41.740625,1.95625,1.290625,2.934375,1.521875,1.709375,1.29375,59
1111124.696875,2005.8125,41.740625,1.95625,1.290625,2.934375,1.521875,1.709375,1.29375,83
1111124.696875,2005.8125,41.740625,1.95625,1.290625,2.934375,1.521875,1.709375,1.29375,123
1111124.696875,2005.8125,41.740625,1.95625,1.290625,2.934375,1.521875,1.709375,1.29375,114
1111124.696875,2005.8125,41.740625,1.95625,1.290625,2.934375,1.521875,1.709375,1.29375,94
1111124.696875,2005.8125,41.740625,1.95625,1.290625,2.934375,1.521875,1.709375,1.29375,105
1111124.696875,2005.8125,41.740625,1.95625,1.290625,2.934375,1.521875,1.709375,1.29375,75
1111124.696875,2005.8125,41.740625,1.95625,1.290625,2.934375,1.521875,1.709375,1.29375,97
1111124.696875,2005.8125,41.740625,1.95625,1.290625,2.934375,1.521875,1.709375,1.29375,121
1111124.696875,2005.8125,41.740625,1.95625,1.290625,2.934375,1.521875,1.709375,1.29375,62
1111124.696875,2005.8125,41.740625,1.95625,1.290625,2.934375,1.521875,1.709375,1.29375,84
1111124.696875,2005.8125,41.740625,1.95625,1.290625,2.934375,1.521875,1.709375,1.29375,148
1111124.696875,2005.8125,41.740625,1.95625,1.290625,2.934375,1.521875,1.709375,1.29375,100
1111124.696875,2005.8125,41.740625,1.95625,1.290625,2.934375,1.521875,1.709375,1.29375,94
1111124.696875,2005.8125,41.740625,1.95625,1.290625,2.934375,1.521875,1.709375,1.29375,74
1111124.696875,2005.8125,41.740625,1.95625,1.290625,2.934375,1.521875,1.709375,1.29375,110
1111124.696875,2005.8125,41.740625,1.95625,1.290625,2.934375,1.521875,1.709375,1.29375,88
1111124.696875,2005.8125,41.740625,1.95625,1.290625,2.934375,1.521875,1.709375,1.29375,127
1111124.696875,2005.8125,41.740625,1.95625,1.290625,2.934375,1.521875,1.709375,1.29375,119
1111124.696875,2005.8125,41.740625,1.95625,1.290625,2.934375,1.521875,1.709375,1.29375,272
1111124.696875,2005.8125,41.740625,1.95625,1.290625,2.934375,1.521875,1.709375,1.29375,90
1111124.696875,2005.8125,41.740625,1.95625,1.290625,2.934375,1.521875,1.709375,1.29375,129
1111124.696875,2005.8125,41.740625,1.95625,1.290625,2.934375,1.521875,1.709375,1.29375,81
1111124.696875,2005.8125,41.740625,1.95625,1.290625,2.934375,1.521875,1.709375,1.29375,119
1111124.696875,2005.8125,41.740625,1.95625,1.290625,2.934375,1.521875,1.709375,1.29375,131
1111124.696875,2005.8125,41.740625,1.95625,1.290625,2.934375,1.521875,1.709375,1.29375,77
1111124.696875,2005.8125,41.740625,1.95625,1.290625,2.934375,1.521875,1.709375,1.29375,100
1111124.696875,2005.8125,41.740625,1.95625,1.290625,2.934375,1.521875,1.709375,1.29375,80
1111124.696875,2005.8125,41.740625,1.95625,1.290625,2.934375,1.521875,1.709375,1.29375,115
1111124.696875,2005.8125,41.740625,1.95625,1.290625,2.934375,1.521875,1.709375,1.29375,92
1111124.696875,2005.8125,41.740625,1.95625,1.290625,2.934375,1.521875,1.709375,1.29375,102
1111124.696875,2005.8125,41.740625,1.95625,1.290625,2.934375,1.521875,1.709375,1.29375,89
1111124.696875,2005.8125,41.740625,1.95625,1.290625,2.934375,1.521875,1.709375,1.29375,66
1111124.696875,2005.8125,41.740625,1.95625,1.290625,2.934375,1.521875,1.709375,1.29375,95
1111124.696875,2005.8125,41.740625,1.95625,1.290625,2.934375,1.521875,1.709375,1.29375,65
1111124.696875,2005.8125,41.740625,1.95625,1.290625,2.934375,1.521875,1.709375,1.29375,119
1111124.696875,2005.8125,41.740625,1.95625,1.290625,2.934375,1.521875,1.709375,1.29375,89
1111124.696875,2005.8125,41.740625,1.95625,1.290625,2.934375,1.521875,1.709375,1.29375,113
1111124.696875,2005.8125,41.740625,1.95625,1.290625,2.934375,1.521875,1.709375,1.29375,148
1111124.696875,2005.8125,41.740625,1.95625,1.290625,2.934375,1.521875,1.709375,1.29375,112
1111124.696875,2005.8125,41.740625,1.95625,1.290625,2.934375,1.521875,1.709375,1.29375,94
1111124.696875,2005.8125,41.740625,1.95625,1.290625,2.934375,1.521875,1.709375,1.29375,137
1111124.696875,2005.8125,41.740625,1.95625,1.290625,2.934375,1.521875,1.709375,1.29375,110
1111124.696875,2005.8125,41.740625,1.95625,1.290625,2.934375,1.521875,1.709375,1.29375,131
1111124.696875,2005.8125,41.740625,1.95625,1.290625,2.934375,1.521875,1.709375,1.29375,65
1111124.696875,2005.8125,41.740625,1.95625,1.290625,2.934375,1.521875,1.709375,1.29375,104
1111124.696875,2005.8125,41.740625,1.95625,1.290625,2.934375,1.521875,1.709375,1.29375,129
1111124.696875,2005.8125,41.740625,1.95625,1.290625,2.934375,1.521875,1.709375,1.29375,95
1111124.696875,2005.8125,41.740625,1.95625,1.290625,2.934375,1.521875,1.709375,1.29375,132
1111124.696875,2005.8125,41.740625,1.95625,1.290625,2.934375,1.521875,1.709375,1.29375,55
1111124.696875,2005.8125,41.740625,1.95625,1.290625,2.934375,1.521875,1.709375,1.29375,142
1111124.696875,2005.8125,41.740625,1.95625,1.290625,2.934375,1.521875,1.709375,1.29375,88
1111124.696875,2005.8125,41.740625,1.95625,1.290625,2.934375,1.521875,1.709375,1.29375,138
1111124.696875,2005.8125,41.740625,1.95625,1.290625,2.934375,1.521875,1.709375,1.29375,145
1111124.696875,2005.8125,41.740625,1.95625,1.290625,2.934375,1.521875,1.709375,1.29375,75
1111124.696875,2005.8125,41.740625,1.95625,1.290625,2.934375,1.521875,1.709375,1.29375,123
1111124.696875,2005.8125,41.740625,1.95625,1.290625,2.934375,1.521875,1.709375,1.29375,155
1111124.696875,2005.8125,41.740625,1.95625,1.290625,2.934375,1.521875,1.709375,1.29375,111
1111124.696875,2005.8125,41.740625,1.95625,1.290625,2.934375,1.521875,1.709375,1.29375,105
1111124.696875,2005.8125,41.740625,1.95625,1.290625,2.934375,1.521875,1.709375,1.29375,100
1111124.696875,2005.8125,41.740625,1.95625,1.290625,2.934375,1.521875,1.709375,1.29375,94
1111124.696875,2005.8125,41.740625,1.95625,1.290625,2.934375,1.521875,1.709375,1.29375,105
1111124.696875,2005.8125,41.740625,1.95625,1.290625,2.934375,1.521875,1.709375,1.29375,114
1111124.696875,2005.8125,41.740625,1.95625,1.290625,2.934375,1.521875,1.709375,1.29375,116
1111124.696875,2005.8125,41.740625,1.95625,1.290625,2.934375,1.521875,1.709375,1.29375,102
1111124.696875,2005.8125,41.740625,1.95625,1.290625,2.934375,1.521875,1.709375,1.29375,72
1111124.696875,2005.8125,41.740625,1.95625,1.290625,2.934375,1.521875,1.709375,1.29375,148
1111124.696875,2005.8125,41.740625,1.95625,1.290625,2.934375,1.521875,1.709375,1.29375,88
1111124.696875,2005.8125,41.740625,1.95625,1.290625,2.934375,1.521875,1.709375,1.29375,106
1111124.696875,2005.8125,41.740625,1.95625,1.290625,2.934375,1.521875,1.709375,1.29375,119
1111124.696875,2005.8125,41.740625,1.95625,1.290625,2.934375,1.521875,1.709375,1.29375,119
1111124.696875,2005.8125,41.740625,1.95625,1.290625,2.934375,1.521875,1.709375,1.29375,136
1111124.696875,2005.8125,41.740625,1.95625,1.290625,2.934375,1.521875,1.709375,1.29375,81
1111124.696875,2005.8125,41.740625,1.95625,1.290625,2.934375,1.521875,1.709375,1.29375,81
1111124.696875,2005.8125,41.740625,1.95625,1.290625,2.934375,1.521875,1.709375,1.29375,164
1111124.696875,2005.8125,41.740625,1.95625,1.290625,2.934375,1.521875,1.709375,1.29375,127
1111124.696875,2005.8125,41.740625,1.95625,1.290625,2.934375,1.521875,1.709375,1.29375,172
1111124.696875,2005.8125,41.740625,1.95625,1.290625,2.934375,1.521875,1.709375,1.29375,128
1111124.696875,2005.8125,41.740625,1.95625,1.290625,2.934375,1.521875,1.709375,1.29375,74
1111124.696875,2005.8125,41.740625,1.95625,1.290625,2.934375,1.521875,1.709375,1.29375,87
1111124.696875,2005.8125,41.740625,1.95625,1.290625,2.934375,1.521875,1.709375,1.29375,135
1111124.696875,2005.8125,41.740625,1.95625,1.290625,2.934375,1.521875,1.709375,1.29375,100
1111124.696875,2005.8125,41.740625,1.95625,1.290625,2.934375,1.521875,1.709375,1.29375,97
1111124.696875,2005.8125,41.740625,1.95625,1.290625,2.934375,1.521875,1.709375,1.29375,110
1111124.696875,2005.8125,41.740625,1.95625,1.290625,2.934375,1.521875,1.709375,1.29375,101
1111124.696875,2005.8125,41.740625,1.95625,1.290625,2.934375,1.521875,1.709375,1.29375,83
