993872.829015544,2005.839378238342,42.917098445595855,2.0414507772020727,1.233160621761658,2.9559585492227978,1.4300518134715026,1.7227979274611398,1.310880829015544,119
993872.829015544,2005.839378238342,42.917098445595855,2.0414507772020727,1.233160621761658,2.9559585492227978,1.4300518134715026,1.7227979274611398,1.310880829015544,83
993872.829015544,2005.839378238342,42.917098445595855,2.0414507772020727,1.233160621761658,2.9559585492227978,1.4300518134715026,1.7227979274611398,1.310880829015544,119
993872.829015544,2005.839378238342,42.917098445595855,2.0414507772020727,1.233160621761658,2.9559585492227978,1.4300518134715026,1.7227979274611398,1.310880829015544,105
993872.829015544,2005.839378238342,42.917098445595855,2.0414507772020727,1.233160621761658,2.9559585492227978,1.4300518134715026,1.7227979274611398,1.310880829015544,114
993872.829015544,2005.839378238342,42.917098445595855,2.0414507772020727,1.233160621761658,2.9559585492227978,1.4300518134715026,1.7227979274611398,1.310880829015544,81
993872.829015544,2005.839378238342,42.917098445595855,2.0414507772020727,1.233160621761658,2.9559585492227978,1.4300518134715026,1.7227979274611398,1.310880829015544,78
993872.829015544,2005.839378238342,42.917098445595855,2.0414507772020727,1.233160621761658,2.9559585492227978,1.4300518134715026,1.7227979274611398,1.310880829015544,80
993872.829015544,2005.839378238342,42.917098445595855,2.0414507772020727,1.233160621761658,2.9559585492227978,1.4300518134715026,1.7227979274611398,1.310880829015544,119
993872.829015544,2005.839378238342,42.917098445595855,2.0414507772020727,1.233160621761658,2.9559585492227978,1.4300518134715026,1.7227979274611398,1.310880829015544,108
993872.829015544,2005.839378238342,42.917098445595855,2.0414507772020727,1.233160621761658,2.9559585492227978,1.4300518134715026,1.7227979274611398,1.310880829015544,121
993872.829015544,2005.839378238342,42.917098445595855,2.0414507772020727,1.233160621761658,2.9559585492227978,1.4300518134715026,1.7227979274611398,1.310880829015544,83
993872.829015544,2005.839378238342,42.917098445595855,2.0414507772020727,1.233160621761658,2.9559585492227978,1.4300518134715026,1.7227979274611398,1.310880829015544,81
993872.829015544,2005.839378238342,42.917098445595855,2.0414507772020727,1.233160621761658,2.9559585492227978,1.4300518134715026,1.7227979274611398,1.310880829015544,187
993872.829015544,2005.839378238342,42.917098445595855,2.0414507772020727,1.233160621761658,2.9559585492227978,1.4300518134715026,1.7227979274611398,1.310880829015544,123
993872.829015544,2005.839378238342,42.917098445595855,2.0414507772020727,1.233160621761658,2.9559585492227978,1.4300518134715026,1.7227979274611398,1.310880829015544,119
993872.829015544,2005.839378238342,42.917098445595855,2.0414507772020727,1.233160621761658,2.9559585492227978,1.4300518134715026,1.7227979274611398,1.310880829015544,74
993872.829015544,2005.839378238342,42.917098445595855,2.0414507772020727,1.233160621761658,2.9559585492227978,1.4300518134715026,1.7227979274611398,1.310880829015544,119
993872.829015544,2005.839378238342,42.917098445595855,2.0414507772020727,1.233160621761658,2.9559585492227978,1.4300518134715026,1.7227979274611398,1.310880829015544,119
993872.829015544,2005.839378238342,42.917098445595855,2.0414507772020727,1.233160621761658,2.9559585492227978,1.4300518134715026,1.7227979274611398,1.310880829015544,131
993872.829015544,2005.839378238342,42.917098445595855,2.0414507772020727,1.233160621761658,2.9559585492227978,1.4300518134715026,1.7227979274611398,1.310880829015544,114
993872.829015544,2005.839378238342,42.917098445595855,2.0414507772020727,1.233160621761658,2.9559585492227978,1.4300518134715026,1.7227979274611398,1.310880829015544,74
993872.829015544,2005.839378238342,42.917098445595855,2.0414507772020727,1.233160621761658,2.9559585492227978,1.4300518134715026,1.7227979274611398,1.310880829015544,119
993872.829015544,2005.839378238342,42.917098445595855,2.0414507772020727,1.233160621761658,2.9559585492227978,1.4300518134715026,1.7227979274611398,1.310880829015544,84
993872.829015544,2005.839378238342,42.917098445595855,2.0414507772020727,1.233160621761658,2.9559585492227978,1.4300518134715026,1.7227979274611398,1.310880829015544,89
993872.829015544,2005.839378238342,42.917098445595855,2.0414507772020727,1.233160621761658,2.9559585492227978,1.4300518134715026,1.7227979274611398,1.310880829015544,105
993872.829015544,2005.839378238342,42.917098445595855,2.0414507772020727,1.233160621761658,2.9559585492227978,1.4300518134715026,1.7227979274611398,1.310880829015544,135
993872.829015544,2005.839378238342,42.917098445595855,2.0414507772020727,1.233160621761658,2.9559585492227978,1.4300518134715026,1.7227979274611398,1.310880829015544,127
993872.829015544,2005.839378238342,42.917098445595855,2.0414507772020727,1.233160621761658,2.9559585492227978,1.4300518134715026,1.7227979274611398,1.310880829015544,123
993872.829015544,2005.839378238342,42.917098445595855,2.0414507772020727,1.233160621761658,2.9559585492227978,1.4300518134715026,1.7227979274611398,1.310880829015544,127
993872.829015544,2005.839378238342,42.917098445595855,2.0414507772020727,1.233160621761658,2.9559585492227978,1.4300518134715026,1.7227979274611398,1.310880829015544,103
993872.829015544,2005.839378238342,42.917098445595855,2.0414507772020727,1.233160621761658,2.9559585492227978,1.4300518134715026,1.7227979274611398,1.310880829015544,110
993872.829015544,2005.839378238342,42.917098445595855,2.0414507772020727,1.233160621761658,2.9559585492227978,1.4300518134715026,1.7227979274611398,1.310880829015544,114
993872.829015544,2005.839378238342,42.917098445595855,2.0414507772020727,1.233160621761658,2.9559585492227978,1.4300518134715026,1.7227979274611398,1.310880829015544,106
993872.829015544,2005.839378238342,42.917098445595855,2.0414507772020727,1.233160621761658,2.9559585492227978,1.4300518134715026,1.7227979274611398,1.310880829015544,110
993872.829015544,2005.839378238342,42.917098445595855,2.0414507772020727,1.233160621761658,2.9559585492227978,1.4300518134715026,1.7227979274611398,1.310880829015544,278
993872.829015544,2005.839378238342,42.917098445595855,2.0414507772020727,1.233160621761658,2.9559585492227978,1.4300518134715026,1.7227979274611398,1.310880829015544,75
993872.829015544,2005.839378238342,42.917098445595855,2.0414507772020727,1.233160621761658,2.9559585492227978,1.4300518134715026,1.7227979274611398,1.310880829015544,272
993872.829015544,2005.839378238342,42.917098445595855,2.0414507772020727,1.233160621761658,2.9559585492227978,1.4300518134715026,1.7227979274611398,1.310880829015544,83
993872.829015544,2005.839378238342,42.917098445595855,2.0414507772020727,1.233160621761658,2.9559585492227978,1.4300518134715026,1.7227979274611398,1.310880829015544,74
993872.829015544,2005.839378238342,42.917098445595855,2.0414507772020727,1.233160621761658,2.9559585492227978,1.4300518134715026,1.7227979274611398,1.310880829015544,201
993872.829015544,2005.839378238342,42.917098445595855,2.0414507772020727,1.233160621761658,2.9559585492227978,1.4300518134715026,1.7227979274611398,1.310880829015544,110
993872.829015544,2005.839378238342,42.917098445595855,2.0414507772020727,1.233160621761658,2.9559585492227978,1.4300518134715026,1.7227979274611398,1.310880829015544,110
993872.829015544,2005.839378238342,42.917098445595855,2.0414507772020727,1.233160621761658,2.9559585492227978,1.4300518134715026,1.7227979274611398,1.310880829015544,103
993872.829015544,2005.839378238342,42.917098445595855,2.0414507772020727,1.233160621761658,2.9559585492227978,1.4300518134715026,1.7227979274611398,1.310880829015544,97
993872.829015544,2005.839378238342,42.917098445595855,2.0414507772020727,1.233160621761658,2.9559585492227978,1.4300518134715026,1.7227979274611398,1.310880829015544,114
993872.829015544,2005.839378238342,42.917098445595855,2.0414507772020727,1.233160621761658,2.9559585492227978,1.4300518134715026,1.7227979274611398,1.310880829015544,94
993872.829015544,2005.839378238342,42.917098445595855,2.0414507772020727,1.233160621761658,2.9559585492227978,1.4300518134715026,1.7227979274611398,1.310880829015544,119
993872.829015544,2005.839378238342,42.917098445595855,2.0414507772020727,1.233160621761658,2.9559585492227978,1.4300518134715026,1.7227979274611398,1.310880829015544,83
993872.829015544,2005.839378238342,42.917098445595855,2.0414507772020727,1.233160621761658,2.9559585492227978,1.4300518134715026,1.7227979274611398,1.310880829015544,83
993872.829015544,2005.839378238342,42.917098445595855,2.0414507772020727,1.233160621761658,2.9559585492227978,1.4300518134715026,1.7227979274611398,1.310880829015544,83
993872.829015544,2005.839378238342,42.917098445595855,2.0414507772020727,1.233160621761658,2.9559585492227978,1.4300518134715026,1.7227979274611398,1.310880829015544,127
993872.829015544,2005.839378238342,42.917098445595855,2.0414507772020727,1.233160621761658,2.9559585492227978,1.4300518134715026,1.7227979274611398,1.310880829015544,100
993872.829015544,2005.839378238342,42.917098445595855,2.0414507772020727,1.233160621761658,2.9559585492227978,1.4300518134715026,1.7227979274611398,1.310880829015544,110
993872.829015544,2005.839378238342,42.917098445595855,2.0414507772020727,1.233160621761658,2.9559585492227978,1.4300518134715026,1.7227979274611398,1.310880829015544,83
993872.829015544,2005.839378238342,42.917098445595855,2.0414507772020727,1.233160621761658,2.9559585492227978,1.4300518134715026,1.7227979274611398,1.310880829015544,77
993872.829015544,2005.839378238342,42.917098445595855,2.0414507772020727,1.233160621761658,2.9559585492227978,1.4300518134715026,1.7227979274611398,1.310880829015544,96
993872.829015544,2005.839378238342,42.917098445595855,2.0414507772020727,1.233160621761658,2.9559585492227978,1.4300518134715026,1.7227979274611398,1.310880829015544,177
993872.829015544,2005.839378238342,42.917098445595855,2.0414507772020727,1.233160621761658,2.9559585492227978,1.4300518134715026,1.7227979274611398,1.310880829015544,110
993872.829015544,2005.839378238342,42.917098445595855,2.0414507772020727,1.233160621761658,2.9559585492227978,1.4300518134715026,1.7227979274611398,1.310880829015544,74
993872.829015544,2005.839378238342,42.917098445595855,2.0414507772020727,1.233160621761658,2.9559585492227978,1.4300518134715026,1.7227979274611398,1.310880829015544,272
993872.829015544,2005.839378238342,42.917098445595855,2.0414507772020727,1.233160621761658,2.9559585492227978,1.4300518134715026,1.7227979274611398,1.310880829015544,94
993872.829015544,2005.839378238342,42.917098445595855,2.0414507772020727,1.233160621761658,2.9559585492227978,1.4300518134715026,1.7227979274611398,1.310880829015544,74
993872.829015544,2005.839378238342,42.917098445595855,2.0414507772020727,1.233160621761658,2.9559585492227978,1.4300518134715026,1.7227979274611398,1.310880829015544,110
993872.829015544,2005.839378238342,42.917098445595855,2.0414507772020727,1.233160621761658,2.9559585492227978,1.4300518134715026,1.7227979274611398,1.310880829015544,177
993872.829015544,2005.839378238342,42.917098445595855,2.0414507772020727,1.233160621761658,2.9559585492227978,1.4300518134715026,1.7227979274611398,1.310880829015544,129
993872.829015544,2005.839378238342,42.917098445595855,2.0414507772020727,1.233160621761658,2.9559585492227978,1.4300518134715026,1.7227979274611398,1.310880829015544,106
993872.829015544,2005.839378238342,42.917098445595855,2.0414507772020727,1.233160621761658,2.9559585492227978,1.4300518134715026,1.7227979274611398,1.310880829015544,87
993872.829015544,2005.839378238342,42.917098445595855,2.0414507772020727,1.233160621761658,2.9559585492227978,1.4300518134715026,1.7227979274611398,1.310880829015544,123
993872.829015544,2005.839378238342,42.917098445595855,2.0414507772020727,1.233160621761658,2.9559585492227978,1.4300518134715026,1.7227979274611398,1.310880829015544,114
993872.829015544,2005.839378238342,42.917098445595855,2.0414507772020727,1.233160621761658,2.9559585492227978,1.4300518134715026,1.7227979274611398,1.310880829015544,83
993872.829015544,2005.839378238342,42.917098445595855,2.0414507772020727,1.233160621761658,2.9559585492227978,1.4300518134715026,1.7227979274611398,1.310880829015544,77
993872.829015544,2005.839378238342,42.917098445595855,2.0414507772020727,1.233160621761658,2.9559585492227978,1.4300518134715026,1.7227979274611398,1.310880829015544,103
993872.829015544,2005.839378238342,42.917098445595855,2.0414507772020727,1.233160621761658,2.9559585492227978,1.4300518134715026,1.7227979274611398,1.310880829015544,74
993872.829015544,2005.839378238342,42.917098445595855,2.0414507772020727,1.233160621761658,2.9559585492227978,1.4300518134715026,1.7227979274611398,1.310880829015544,87
993872.829015544,2005.839378238342,42.917098445595855,2.0414507772020727,1.233160621761658,2.9559585492227978,1.4300518134715026,1.7227979274611398,1.310880829015544,94
993872.829015544,2005.839378238342,42.917098445595855,2.0414507772020727,1.233160621761658,2.9559585492227978,1.4300518134715026,1.7227979274611398,1.310880829015544,127
993872.829015544,2005.839378238342,42.917098445595855,2.0414507772020727,1.233160621761658,2.9559585492227978,1.4300518134715026,1.7227979274611398,1.310880829015544,110
993872.829015544,2005.839378238342,42.917098445595855,2.0414507772020727,1.233160621761658,2.9559585492227978,1.4300518134715026,1.7227979274611398,1.310880829015544,119
993872.829015544,2005.839378238342,42.917098445595855,2.0414507772020727,1.233160621761658,2.9559585492227978,1.4300518134715026,1.7227979274611398,1.310880829015544,123
993872.829015544,2005.839378238342,42.917098445595855,2.0414507772020727,1.233160621761658,2.9559585492227978,1.4300518134715026,1.7227979274611398,1.310880829015544,272
993872.829015544,2005.839378238342,42.917098445595855,2.0414507772020727,1.233160621761658,2.9559585492227978,1.4300518134715026,1.7227979274611398,1.310880829015544,110
993872.829015544,2005.839378238342,42.917098445595855,2.0414507772020727,1.233160621761658,2.9559585492227978,1.4300518134715026,1.7227979274611398,1.310880829015544,213
993872.829015544,2005.839378238342,42.917098445595855,2.0414507772020727,1.233160621761658,2.9559585492227978,1.4300518134715026,1.7227979274611398,1.310880829015544,121
993872.829015544,2005.839378238342,42.917098445595855,2.0414507772020727,1.233160621761658,2.9559585492227978,1.4300518134715026,1.7227979274611398,1.310880829015544,47
993872.829015544,2005.839378238342,42.917098445595855,2.0414507772020727,1.233160621761658,2.9559585492227978,1.4300518134715026,1.7227979274611398,1.310880829015544,119
993872.829015544,2005.839378238342,42.917098445595855,2.0414507772020727,1.233160621761658,2.9559585492227978,1.4300518134715026,1.7227979274611398,1.310880829015544,110
993872.829015544,2005.839378238342,42.917098445595855,2.0414507772020727,1.233160621761658,2.9559585492227978,1.4300518134715026,1.7227979274611398,1.310880829015544,119
993872.829015544,2005.839378238342,42.917098445595855,2.0414507772020727,1.233160621761658,2.9559585492227978,1.4300518134715026,1.7227979274611398,1.310880829015544,57
993872.829015544,2005.839378238342,42.917098445595855,2.0414507772020727,1.233160621761658,2.9559585492227978,1.4300518134715026,1.7227979274611398,1.310880829015544,83
993872.829015544,2005.839378238342,42.917098445595855,2.0414507772020727,1.233160621761658,2.9559585492227978,1.4300518134715026,1.7227979274611398,1.310880829015544,103
993872.829015544,2005.839378238342,42.917098445595855,2.0414507772020727,1.233160621761658,2.9559585492227978,1.4300518134715026,1.7227979274611398,1.310880829015544,81
993872.829015544,2005.839378238342,42.917098445595855,2.0414507772020727,1.233160621761658,2.9559585492227978,1.4300518134715026,1.7227979274611398,1.310880829015544,278
993872.829015544,2005.839378238342,42.917098445595855,2.0414507772020727,1.233160621761658,2.9559585492227978,1.4300518134715026,1.7227979274611398,1.310880829015544,65
993872.829015544,2005.839378238342,42.917098445595855,2.0414507772020727,1.233160621761658,2.9559585492227978,1.4300518134715026,1.7227979274611398,1.310880829015544,77
993872.829015544,2005.839378238342,42.917098445595855,2.0414507772020727,1.233160621761658,2.9559585492227978,1.4300518134715026,1.7227979274611398,1.310880829015544,123
993872.829015544,2005.839378238342,42.917098445595855,2.0414507772020727,1.233160621761658,2.9559585492227978,1.4300518134715026,1.7227979274611398,1.310880829015544,110
993872.829015544,2005.839378238342,42.917098445595855,2.0414507772020727,1.233160621761658,2.9559585492227978,1.4300518134715026,1.7227979274611398,1.310880829015544,127
993872.829015544,2005.839378238342,42.917098445595855,2.0414507772020727,1.233160621761658,2.9559585492227978,1.4300518134715026,1.7227979274611398,1.310880829015544,74
993872.829015544,2005.839378238342,42.917098445595855,2.0414507772020727,1.233160621761658,2.9559585492227978,1.4300518134715026,1.7227979274611398,1.310880829015544,100
993872.829015544,2005.839378238342,42.917098445595855,2.0414507772020727,1.233160621761658,2.9559585492227978,1.4300518134715026,1.7227979274611398,1.310880829015544,135
993872.829015544,2005.839378238342,42.917098445595855,2.0414507772020727,1.233160621761658,2.9559585492227978,1.4300518134715026,1.7227979274611398,1.310880829015544,81
993872.829015544,2005.839378238342,42.917098445595855,2.0414507772020727,1.233160621761658,2.9559585492227978,1.4300518134715026,1.7227979274611398,1.310880829015544,123
993872.829015544,2005.839378238342,42.917098445595855,2.0414507772020727,1.233160621761658,2.9559585492227978,1.4300518134715026,1.7227979274611398,1.310880829015544,129
993872.829015544,2005.839378238342,42.917098445595855,2.0414507772020727,1.233160621761658,2.9559585492227978,1.4300518134715026,1.7227979274611398,1.310880829015544,94
993872.829015544,2005.839378238342,42.917098445595855,2.0414507772020727,1.233160621761658,2.9559585492227978,1.4300518134715026,1.7227979274611398,1.310880829015544,74
993872.829015544,2005.839378238342,42.917098445595855,2.0414507772020727,1.233160621761658,2.9559585492227978,1.4300518134715026,1.7227979274611398,1.310880829015544,187
993872.829015544,2005.839378238342,42.917098445595855,2.0414507772020727,1.233160621761658,2.9559585492227978,1.4300518134715026,1.7227979274611398,1.310880829015544,83
993872.829015544,2005.839378238342,42.917098445595855,2.0414507772020727,1.233160621761658,2.9559585492227978,1.4300518134715026,1.7227979274611398,1.310880829015544,97
993872.829015544,2005.839378238342,42.917098445595855,2.0414507772020727,1.233160621761658,2.9559585492227978,1.4300518134715026,1.7227979274611398,1.310880829015544,106
993872.829015544,2005.839378238342,42.917098445595855,2.0414507772020727,1.233160621761658,2.9559585492227978,1.4300518134715026,1.7227979274611398,1.310880829015544,83
993872.829015544,2005.839378238342,42.917098445595855,2.0414507772020727,1.233160621761658,2.9559585492227978,1.4300518134715026,1.7227979274611398,1.310880829015544,65
993872.829015544,2005.839378238342,42.917098445595855,2.0414507772020727,1.233160621761658,2.9559585492227978,1.4300518134715026,1.7227979274611398,1.310880829015544,78
993872.829015544,2005.839378238342,42.917098445595855,2.0414507772020727,1.233160621761658,2.9559585492227978,1.4300518134715026,1.7227979274611398,1.310880829015544,84
993872.829015544,2005.839378238342,42.917098445595855,2.0414507772020727,1.233160621761658,2.9559585492227978,1.4300518134715026,1.7227979274611398,1.310880829015544,83
993872.829015544,2005.839378238342,42.917098445595855,2.0414507772020727,1.233160621761658,2.9559585492227978,1.4300518134715026,1.7227979274611398,1.310880829015544,83
993872.829015544,2005.839378238342,42.917098445595855,2.0414507772020727,1.233160621761658,2.9559585492227978,1.4300518134715026,1.7227979274611398,1.310880829015544,133
993872.829015544,2005.839378238342,42.917098445595855,2.0414507772020727,1.233160621761658,2.9559585492227978,1.4300518134715026,1.7227979274611398,1.310880829015544,74
993872.829015544,2005.839378238342,42.917098445595855,2.0414507772020727,1.233160621761658,2.9559585492227978,1.4300518134715026,1.7227979274611398,1.310880829015544,114
993872.829015544,2005.839378238342,42.917098445595855,2.0414507772020727,1.233160621761658,2.9559585492227978,1.4300518134715026,1.7227979274611398,1.310880829015544,83
993872.829015544,2005.839378238342,42.917098445595855,2.0414507772020727,1.233160621761658,2.9559585492227978,1.4300518134715026,1.7227979274611398,1.310880829015544,110
993872.829015544,2005.839378238342,42.917098445595855,2.0414507772020727,1.233160621761658,2.9559585492227978,1.4300518134715026,1.7227979274611398,1.310880829015544,119
993872.829015544,2005.839378238342,42.917098445595855,2.0414507772020727,1.233160621761658,2.9559585492227978,1.4300518134715026,1.7227979274611398,1.310880829015544,110
993872.829015544,2005.839378238342,42.917098445595855,2.0414507772020727,1.233160621761658,2.9559585492227978,1.4300518134715026,1.7227979274611398,1.310880829015544,272
993872.829015544,2005.839378238342,42.917098445595855,2.0414507772020727,1.233160621761658,2.9559585492227978,1.4300518134715026,1.7227979274611398,1.310880829015544,89
993872.829015544,2005.839378238342,42.917098445595855,2.0414507772020727,1.233160621761658,2.9559585492227978,1.4300518134715026,1.7227979274611398,1.310880829015544,80
993872.829015544,2005.839378238342,42.917098445595855,2.0414507772020727,1.233160621761658,2.9559585492227978,1.4300518134715026,1.7227979274611398,1.310880829015544,201
993872.829015544,2005.839378238342,42.917098445595855,2.0414507772020727,1.233160621761658,2.9559585492227978,1.4300518134715026,1.7227979274611398,1.310880829015544,119
993872.829015544,2005.839378238342,42.917098445595855,2.0414507772020727,1.233160621761658,2.9559585492227978,1.4300518134715026,1.7227979274611398,1.310880829015544,177
993872.829015544,2005.839378238342,42.917098445595855,2.0414507772020727,1.233160621761658,2.9559585492227978,1.4300518134715026,1.7227979274611398,1.310880829015544,94
993872.829015544,2005.839378238342,42.917098445595855,2.0414507772020727,1.233160621761658,2.9559585492227978,1.4300518134715026,1.7227979274611398,1.310880829015544,123
993872.829015544,2005.839378238342,42.917098445595855,2.0414507772020727,1.233160621761658,2.9559585492227978,1.4300518134715026,1.7227979274611398,1.310880829015544,133
993872.829015544,2005.839378238342,42.917098445595855,2.0414507772020727,1.233160621761658,2.9559585492227978,1.4300518134715026,1.7227979274611398,1.310880829015544,114
993872.829015544,2005.839378238342,42.917098445595855,2.0414507772020727,1.233160621761658,2.9559585492227978,1.4300518134715026,1.7227979274611398,1.310880829015544,69
993872.829015544,2005.839378238342,42.917098445595855,2.0414507772020727,1.233160621761658,2.9559585492227978,1.4300518134715026,1.7227979274611398,1.310880829015544,59
993872.829015544,2005.839378238342,42.917098445595855,2.0414507772020727,1.233160621761658,2.9559585492227978,1.4300518134715026,1.7227979274611398,1.310880829015544,114
993872.829015544,2005.839378238342,42.917098445595855,2.0414507772020727,1.233160621761658,2.9559585492227978,1.4300518134715026,1.7227979274611398,1.310880829015544,74
993872.829015544,2005.839378238342,42.917098445595855,2.0414507772020727,1.233160621761658,2.9559585492227978,1.4300518134715026,1.7227979274611398,1.310880829015544,101
993872.829015544,2005.839378238342,42.917098445595855,2.0414507772020727,1.233160621761658,2.9559585492227978,1.4300518134715026,1.7227979274611398,1.310880829015544,83
993872.829015544,2005.839378238342,42.917098445595855,2.0414507772020727,1.233160621761658,2.9559585492227978,1.4300518134715026,1.7227979274611398,1.310880829015544,272
993872.829015544,2005.839378238342,42.917098445595855,2.0414507772020727,1.233160621761658,2.9559585492227978,1.4300518134715026,1.7227979274611398,1.310880829015544,89
993872.829015544,2005.839378238342,42.917098445595855,2.0414507772020727,1.233160621761658,2.9559585492227978,1.4300518134715026,1.7227979274611398,1.310880829015544,110
993872.829015544,2005.839378238342,42.917098445595855,2.0414507772020727,1.233160621761658,2.9559585492227978,1.4300518134715026,1.7227979274611398,1.310880829015544,80
993872.829015544,2005.839378238342,42.917098445595855,2.0414507772020727,1.233160621761658,2.9559585492227978,1.4300518134715026,1.7227979274611398,1.310880829015544,103
993872.829015544,2005.839378238342,42.917098445595855,2.0414507772020727,1.233160621761658,2.9559585492227978,1.4300518134715026,1.7227979274611398,1.310880829015544,114
993872.829015544,2005.839378238342,42.917098445595855,2.0414507772020727,1.233160621761658,2.9559585492227978,1.4300518134715026,1.7227979274611398,1.310880829015544,57
993872.829015544,2005.839378238342,42.917098445595855,2.0414507772020727,1.233160621761658,2.9559585492227978,1.4300518134715026,1.7227979274611398,1.310880829015544,119
993872.829015544,2005.839378238342,42.917098445595855,2.0414507772020727,1.233160621761658,2.9559585492227978,1.4300518134715026,1.7227979274611398,1.310880829015544,119
993872.829015544,2005.839378238342,42.917098445595855,2.0414507772020727,1.233160621761658,2.9559585492227978,1.4300518134715026,1.7227979274611398,1.310880829015544,110
993872.829015544,2005.839378238342,42.917098445595855,2.0414507772020727,1.233160621761658,2.9559585492227978,1.4300518134715026,1.7227979274611398,1.310880829015544,201
993872.829015544,2005.839378238342,42.917098445595855,2.0414507772020727,1.233160621761658,2.9559585492227978,1.4300518134715026,1.7227979274611398,1.310880829015544,123
993872.829015544,2005.839378238342,42.917098445595855,2.0414507772020727,1.233160621761658,2.9559585492227978,1.4300518134715026,1.7227979274611398,1.310880829015544,114
993872.829015544,2005.839378238342,42.917098445595855,2.0414507772020727,1.233160621761658,2.9559585492227978,1.4300518134715026,1.7227979274611398,1.310880829015544,94
993872.829015544,2005.839378238342,42.917098445595855,2.0414507772020727,1.233160621761658,2.9559585492227978,1.4300518134715026,1.7227979274611398,1.310880829015544,272
993872.829015544,2005.839378238342,42.917098445595855,2.0414507772020727,1.233160621761658,2.9559585492227978,1.4300518134715026,1.7227979274611398,1.310880829015544,110
993872.829015544,2005.839378238342,42.917098445595855,2.0414507772020727,1.233160621761658,2.9559585492227978,1.4300518134715026,1.7227979274611398,1.310880829015544,187
993872.829015544,2005.839378238342,42.917098445595855,2.0414507772020727,1.233160621761658,2.9559585492227978,1.4300518134715026,1.7227979274611398,1.310880829015544,83
993872.829015544,2005.839378238342,42.917098445595855,2.0414507772020727,1.233160621761658,2.9559585492227978,1.4300518134715026,1.7227979274611398,1.310880829015544,74
993872.829015544,2005.839378238342,42.917098445595855,2.0414507772020727,1.233160621761658,2.9559585492227978,1.4300518134715026,1.7227979274611398,1.310880829015544,97
993872.829015544,2005.839378238342,42.917098445595855,2.0414507772020727,1.233160621761658,2.9559585492227978,1.4300518134715026,1.7227979274611398,1.310880829015544,119
993872.829015544,2005.839378238342,42.917098445595855,2.0414507772020727,1.233160621761658,2.9559585492227978,1.4300518134715026,1.7227979274611398,1.310880829015544,84
993872.829015544,2005.839378238342,42.917098445595855,2.0414507772020727,1.233160621761658,2.9559585492227978,1.4300518134715026,1.7227979274611398,1.310880829015544,114
993872.829015544,2005.839378238342,42.917098445595855,2.0414507772020727,1.233160621761658,2.9559585492227978,1.4300518134715026,1.7227979274611398,1.310880829015544,103
993872.829015544,2005.839378238342,42.917098445595855,2.0414507772020727,1.233160621761658,2.9559585492227978,1.4300518134715026,1.7227979274611398,1.310880829015544,201
993872.829015544,2005.839378238342,42.917098445595855,2.0414507772020727,1.233160621761658,2.9559585492227978,1.4300518134715026,1.7227979274611398,1.310880829015544,83
993872.829015544,2005.839378238342,42.917098445595855,2.0414507772020727,1.233160621761658,2.9559585492227978,1.4300518134715026,1.7227979274611398,1.310880829015544,177
993872.829015544,2005.839378238342,42.917098445595855,2.0414507772020727,1.233160621761658,2.9559585492227978,1.4300518134715026,1.7227979274611398,1.310880829015544,110
993872.829015544,2005.839378238342,42.917098445595855,2.0414507772020727,1.233160621761658,2.9559585492227978,1.4300518134715026,1.7227979274611398,1.310880829015544,119
993872.829015544,2005.839378238342,42.917098445595855,2.0414507772020727,1.233160621761658,2.9559585492227978,1.4300518134715026,1.7227979274611398,1.310880829015544,47
993872.829015544,2005.839378238342,42.917098445595855,2.0414507772020727,1.233160621761658,2.9559585492227978,1.4300518134715026,1.7227979274611398,1.310880829015544,74
993872.829015544,2005.839378238342,42.917098445595855,2.0414507772020727,1.233160621761658,2.9559585492227978,1.4300518134715026,1.7227979274611398,1.310880829015544,77
993872.829015544,2005.839378238342,42.917098445595855,2.0414507772020727,1.233160621761658,2.9559585492227978,1.4300518134715026,1.7227979274611398,1.310880829015544,119
993872.829015544,2005.839378238342,42.917098445595855,2.0414507772020727,1.233160621761658,2.9559585492227978,1.4300518134715026,1.7227979274611398,1.310880829015544,100
993872.829015544,2005.839378238342,42.917098445595855,2.0414507772020727,1.233160621761658,2.9559585492227978,1.4300518134715026,1.7227979274611398,1.310880829015544,94
993872.829015544,2005.839378238342,42.917098445595855,2.0414507772020727,1.233160621761658,2.9559585492227978,1.4300518134715026,1.7227979274611398,1.310880829015544,110
993872.829015544,2005.839378238342,42.917098445595855,2.0414507772020727,1.233160621761658,2.9559585492227978,1.4300518134715026,1.7227979274611398,1.310880829015544,121
993872.829015544,2005.839378238342,42.917098445595855,2.0414507772020727,1.233160621761658,2.9559585492227978,1.4300518134715026,1.7227979274611398,1.310880829015544,110
993872.829015544,2005.839378238342,42.917098445595855,2.0414507772020727,1.233160621761658,2.9559585492227978,1.4300518134715026,1.7227979274611398,1.310880829015544,81
993872.829015544,2005.839378238342,42.917098445595855,2.0414507772020727,1.233160621761658,2.9559585492227978,1.4300518134715026,1.7227979274611398,1.310880829015544,119
993872.829015544,2005.839378238342,42.917098445595855,2.0414507772020727,1.233160621761658,2.9559585492227978,1.4300518134715026,1.7227979274611398,1.310880829015544,77
993872.829015544,2005.839378238342,42.917098445595855,2.0414507772020727,1.233160621761658,2.9559585492227978,1.4300518134715026,1.7227979274611398,1.310880829015544,83
993872.829015544,2005.839378238342,42.917098445595855,2.0414507772020727,1.233160621761658,2.9559585492227978,1.4300518134715026,1.7227979274611398,1.310880829015544,119
993872.829015544,2005.839378238342,42.917098445595855,2.0414507772020727,1.233160621761658,2.9559585492227978,1.4300518134715026,1.7227979274611398,1.310880829015544,135
993872.829015544,2005.839378238342,42.917098445595855,2.0414507772020727,1.233160621761658,2.9559585492227978,1.4300518134715026,1.7227979274611398,1.310880829015544,67
993872.829015544,2005.839378238342,42.917098445595855,2.0414507772020727,1.233160621761658,2.9559585492227978,1.4300518134715026,1.7227979274611398,1.310880829015544,106
993872.829015544,2005.839378238342,42.917098445595855,2.0414507772020727,1.233160621761658,2.9559585492227978,1.4300518134715026,1.7227979274611398,1.310880829015544,127
993872.829015544,2005.839378238342,42.917098445595855,2.0414507772020727,1.233160621761658,2.9559585492227978,1.4300518134715026,1.7227979274611398,1.310880829015544,81
993872.829015544,2005.839378238342,42.917098445595855,2.0414507772020727,1.233160621761658,2.9559585492227978,1.4300518134715026,1.7227979274611398,1.310880829015544,83
993872.829015544,2005.839378238342,42.917098445595855,2.0414507772020727,1.233160621761658,2.9559585492227978,1.4300518134715026,1.7227979274611398,1.310880829015544,55
993872.829015544,2005.839378238342,42.917098445595855,2.0414507772020727,1.233160621761658,2.9559585492227978,1.4300518134715026,1.7227979274611398,1.310880829015544,83
993872.829015544,2005.839378238342,42.917098445595855,2.0414507772020727,1.233160621761658,2.9559585492227978,1.4300518134715026,1.7227979274611398,1.310880829015544,110
993872.829015544,2005.839378238342,42.917098445595855,2.0414507772020727,1.233160621761658,2.9559585492227978,1.4300518134715026,1.7227979274611398,1.310880829015544,100
993872.829015544,2005.839378238342,42.917098445595855,2.0414507772020727,1.233160621761658,2.9559585492227978,1.4300518134715026,1.7227979274611398,1.310880829015544,123
993872.829015544,2005.839378238342,42.917098445595855,2.0414507772020727,1.233160621761658,2.9559585492227978,1.4300518134715026,1.7227979274611398,1.310880829015544,78
993872.829015544,2005.839378238342,42.917098445595855,2.0414507772020727,1.233160621761658,2.9559585492227978,1.4300518134715026,1.7227979274611398,1.310880829015544,127
993872.829015544,2005.839378238342,42.917098445595855,2.0414507772020727,1.233160621761658,2.9559585492227978,1.4300518134715026,1.7227979274611398,1.310880829015544,83
993872.829015544,2005.839378238342,42.917098445595855,2.0414507772020727,1.233160621761658,2.9559585492227978,1.4300518134715026,1.7227979274611398,1.310880829015544,129
993872.829015544,2005.839378238342,42.917098445595855,2.0414507772020727,1.233160621761658,2.9559585492227978,1.4300518134715026,1.7227979274611398,1.310880829015544,119
993872.829015544,2005.839378238342,42.917098445595855,2.0414507772020727,1.233160621761658,2.9559585492227978,1.4300518134715026,1.7227979274611398,1.310880829015544,74
993872.829015544,2005.839378238342,42.917098445595855,2.0414507772020727,1.233160621761658,2.9559585492227978,1.4300518134715026,1.7227979274611398,1.310880829015544,84
993872.829015544,2005.839378238342,42.917098445595855,2.0414507772020727,1.233160621761658,2.9559585492227978,1.4300518134715026,1.7227979274611398,1.310880829015544,198
993872.829015544,2005.839378238342,42.917098445595855,2.0414507772020727,1.233160621761658,2.9559585492227978,1.4300518134715026,1.7227979274611398,1.310880829015544,80
993872.829015544,2005.839378238342,42.917098445595855,2.0414507772020727,1.233160621761658,2.9559585492227978,1.4300518134715026,1.7227979274611398,1.310880829015544,177
993872.829015544,2005.839378238342,42.917098445595855,2.0414507772020727,1.233160621761658,2.9559585492227978,1.4300518134715026,1.7227979274611398,1.310880829015544,110
993872.829015544,2005.839378238342,42.917098445595855,2.0414507772020727,1.233160621761658,2.9559585492227978,1.4300518134715026,1.7227979274611398,1.310880829015544,95
993872.829015544,2005.839378238342,42.917098445595855,2.0414507772020727,1.233160621761658,2.9559585492227978,1.4300518134715026,1.7227979274611398,1.310880829015544,110
993872.829015544,2005.839378238342,42.917098445595855,2.0414507772020727,1.233160621761658,2.9559585492227978,1.4300518134715026,1.7227979274611398,1.310880829015544,121
993872.829015544,2005.839378238342,42.917098445595855,2.0414507772020727,1.233160621761658,2.9559585492227978,1.4300518134715026,1.7227979274611398,1.310880829015544,272
993872.829015544,2005.839378238342,42.917098445595855,2.0414507772020727,1.233160621761658,2.9559585492227978,1.4300518134715026,1.7227979274611398,1.310880829015544,83
993872.829015544,2005.839378238342,42.917098445595855,2.0414507772020727,1.233160621761658,2.9559585492227978,1.4300518134715026,1.7227979274611398,1.310880829015544,127
993872.829015544,2005.839378238342,42.917098445595855,2.0414507772020727,1.233160621761658,2.9559585492227978,1.4300518134715026,1.7227979274611398,1.310880829015544,114
993872.829015544,2005.839378238342,42.917098445595855,2.0414507772020727,1.233160621761658,2.9559585492227978,1.4300518134715026,1.7227979274611398,1.310880829015544,127
993872.829015544,2005.839378238342,42.917098445595855,2.0414507772020727,1.233160621761658,2.9559585492227978,1.4300518134715026,1.7227979274611398,1.310880829015544,83
993872.829015544,2005.839378238342,42.917098445595855,2.0414507772020727,1.233160621761658,2.9559585492227978,1.4300518134715026,1.7227979274611398,1.310880829015544,127
993872.829015544,2005.839378238342,42.917098445595855,2.0414507772020727,1.233160621761658,2.9559585492227978,1.4300518134715026,1.7227979274611398,1.310880829015544,123
993872.829015544,2005.839378238342,42.917098445595855,2.0414507772020727,1.233160621761658,2.9559585492227978,1.4300518134715026,1.7227979274611398,1.310880829015544,110
993872.829015544,2005.839378238342,42.917098445595855,2.0414507772020727,1.233160621761658,2.9559585492227978,1.4300518134715026,1.7227979274611398,1.310880829015544,77
993872.829015544,2005.839378238342,42.917098445595855,2.0414507772020727,1.233160621761658,2.9559585492227978,1.4300518134715026,1.7227979274611398,1.310880829015544,123
993872.829015544,2005.839378238342,42.917098445595855,2.0414507772020727,1.233160621761658,2.9559585492227978,1.4300518134715026,1.7227979274611398,1.310880829015544,110
993872.829015544,2005.839378238342,42.917098445595855,2.0414507772020727,1.233160621761658,2.9559585492227978,1.4300518134715026,1.7227979274611398,1.310880829015544,74
993872.829015544,2005.839378238342,42.917098445595855,2.0414507772020727,1.233160621761658,2.9559585492227978,1.4300518134715026,1.7227979274611398,1.310880829015544,201
993872.829015544,2005.839378238342,42.917098445595855,2.0414507772020727,1.233160621761658,2.9559585492227978,1.4300518134715026,1.7227979274611398,1.310880829015544,135
993872.829015544,2005.839378238342,42.917098445595855,2.0414507772020727,1.233160621761658,2.9559585492227978,1.4300518134715026,1.7227979274611398,1.310880829015544,74
993872.829015544,2005.839378238342,42.917098445595855,2.0414507772020727,1.233160621761658,2.9559585492227978,1.4300518134715026,1.7227979274611398,1.310880829015544,119
993872.829015544,2005.839378238342,42.917098445595855,2.0414507772020727,1.233160621761658,2.9559585492227978,1.4300518134715026,1.7227979274611398,1.310880829015544,59
993872.829015544,2005.839378238342,42.917098445595855,2.0414507772020727,1.233160621761658,2.9559585492227978,1.4300518134715026,1.7227979274611398,1.310880829015544,94
993872.829015544,2005.839378238342,42.917098445595855,2.0414507772020727,1.233160621761658,2.9559585492227978,1.4300518134715026,1.7227979274611398,1.310880829015544,119
993872.829015544,2005.839378238342,42.917098445595855,2.0414507772020727,1.233160621761658,2.9559585492227978,1.4300518134715026,1.7227979274611398,1.310880829015544,67
993872.829015544,2005.839378238342,42.917098445595855,2.0414507772020727,1.233160621761658,2.9559585492227978,1.4300518134715026,1.7227979274611398,1.310880829015544,119
993872.829015544,2005.839378238342,42.917098445595855,2.0414507772020727,1.233160621761658,2.9559585492227978,1.4300518134715026,1.7227979274611398,1.310880829015544,83
993872.829015544,2005.839378238342,42.917098445595855,2.0414507772020727,1.233160621761658,2.9559585492227978,1.4300518134715026,1.7227979274611398,1.310880829015544,106
993872.829015544,2005.839378238342,42.917098445595855,2.0414507772020727,1.233160621761658,2.9559585492227978,1.4300518134715026,1.7227979274611398,1.310880829015544,201
993872.829015544,2005.839378238342,42.917098445595855,2.0414507772020727,1.233160621761658,2.9559585492227978,1.4300518134715026,1.7227979274611398,1.310880829015544,83
993872.829015544,2005.839378238342,42.917098445595855,2.0414507772020727,1.233160621761658,2.9559585492227978,1.4300518134715026,1.7227979274611398,1.310880829015544,83
993872.829015544,2005.839378238342,42.917098445595855,2.0414507772020727,1.233160621761658,2.9559585492227978,1.4300518134715026,1.7227979274611398,1.310880829015544,110
993872.829015544,2005.839378238342,42.917098445595855,2.0414507772020727,1.233160621761658,2.9559585492227978,1.4300518134715026,1.7227979274611398,1.310880829015544,123
993872.829015544,2005.839378238342,42.917098445595855,2.0414507772020727,1.233160621761658,2.9559585492227978,1.4300518134715026,1.7227979274611398,1.310880829015544,100
993872.829015544,2005.839378238342,42.917098445595855,2.0414507772020727,1.233160621761658,2.9559585492227978,1.4300518134715026,1.7227979274611398,1.310880829015544,94
993872.829015544,2005.839378238342,42.917098445595855,2.0414507772020727,1.233160621761658,2.9559585492227978,1.4300518134715026,1.7227979274611398,1.310880829015544,119
993872.829015544,2005.839378238342,42.917098445595855,2.0414507772020727,1.233160621761658,2.9559585492227978,1.4300518134715026,1.7227979274611398,1.310880829015544,97
993872.829015544,2005.839378238342,42.917098445595855,2.0414507772020727,1.233160621761658,2.9559585492227978,1.4300518134715026,1.7227979274611398,1.310880829015544,135
993872.829015544,2005.839378238342,42.917098445595855,2.0414507772020727,1.233160621761658,2.9559585492227978,1.4300518134715026,1.7227979274611398,1.310880829015544,65
993872.829015544,2005.839378238342,42.917098445595855,2.0414507772020727,1.233160621761658,2.9559585492227978,1.4300518134715026,1.7227979274611398,1.310880829015544,74
993872.829015544,2005.839378238342,42.917098445595855,2.0414507772020727,1.233160621761658,2.9559585492227978,1.4300518134715026,1.7227979274611398,1.310880829015544,103
993872.829015544,2005.839378238342,42.917098445595855,2.0414507772020727,1.233160621761658,2.9559585492227978,1.4300518134715026,1.7227979274611398,1.310880829015544,69
993872.829015544,2005.839378238342,42.917098445595855,2.0414507772020727,1.233160621761658,2.9559585492227978,1.4300518134715026,1.7227979274611398,1.310880829015544,55
993872.829015544,2005.839378238342,42.917098445595855,2.0414507772020727,1.233160621761658,2.9559585492227978,1.4300518134715026,1.7227979274611398,1.310880829015544,83
993872.829015544,2005.839378238342,42.917098445595855,2.0414507772020727,1.233160621761658,2.9559585492227978,1.4300518134715026,1.7227979274611398,1.310880829015544,100
993872.829015544,2005.839378238342,42.917098445595855,2.0414507772020727,1.233160621761658,2.9559585492227978,1.4300518134715026,1.7227979274611398,1.310880829015544,84
993872.829015544,2005.839378238342,42.917098445595855,2.0414507772020727,1.233160621761658,2.9559585492227978,1.4300518134715026,1.7227979274611398,1.310880829015544,100
993872.829015544,2005.839378238342,42.917098445595855,2.0414507772020727,1.233160621761658,2.9559585492227978,1.4300518134715026,1.7227979274611398,1.310880829015544,89
993872.829015544,2005.839378238342,42.917098445595855,2.0414507772020727,1.233160621761658,2.9559585492227978,1.4300518134715026,1.7227979274611398,1.310880829015544,110
993872.829015544,2005.839378238342,42.917098445595855,2.0414507772020727,1.233160621761658,2.9559585492227978,1.4300518134715026,1.7227979274611398,1.310880829015544,272
993872.829015544,2005.839378238342,42.917098445595855,2.0414507772020727,1.233160621761658,2.9559585492227978,1.4300518134715026,1.7227979274611398,1.310880829015544,114
993872.829015544,2005.839378238342,42.917098445595855,2.0414507772020727,1.233160621761658,2.9559585492227978,1.4300518134715026,1.7227979274611398,1.310880829015544,81
993872.829015544,2005.839378238342,42.917098445595855,2.0414507772020727,1.233160621761658,2.9559585492227978,1.4300518134715026,1.7227979274611398,1.310880829015544,114
993872.829015544,2005.839378238342,42.917098445595855,2.0414507772020727,1.233160621761658,2.9559585492227978,1.4300518134715026,1.7227979274611398,1.310880829015544,110
993872.829015544,2005.839378238342,42.917098445595855,2.0414507772020727,1.233160621761658,2.9559585492227978,1.4300518134715026,1.7227979274611398,1.310880829015544,119
993872.829015544,2005.839378238342,42.917098445595855,2.0414507772020727,1.233160621761658,2.9559585492227978,1.4300518134715026,1.7227979274611398,1.310880829015544,103
993872.829015544,2005.839378238342,42.917098445595855,2.0414507772020727,1.233160621761658,2.9559585492227978,1.4300518134715026,1.7227979274611398,1.310880829015544,272
993872.829015544,2005.839378238342,42.917098445595855,2.0414507772020727,1.233160621761658,2.9559585492227978,1.4300518134715026,1.7227979274611398,1.310880829015544,67
993872.829015544,2005.839378238342,42.917098445595855,2.0414507772020727,1.233160621761658,2.9559585492227978,1.4300518134715026,1.7227979274611398,1.310880829015544,106
993872.829015544,2005.839378238342,42.917098445595855,2.0414507772020727,1.233160621761658,2.9559585492227978,1.4300518134715026,1.7227979274611398,1.310880829015544,83
993872.829015544,2005.839378238342,42.917098445595855,2.0414507772020727,1.233160621761658,2.9559585492227978,1.4300518134715026,1.7227979274611398,1.310880829015544,74
993872.829015544,2005.839378238342,42.917098445595855,2.0414507772020727,1.233160621761658,2.9559585492227978,1.4300518134715026,1.7227979274611398,1.310880829015544,89
993872.829015544,2005.839378238342,42.917098445595855,2.0414507772020727,1.233160621761658,2.9559585492227978,1.4300518134715026,1.7227979274611398,1.310880829015544,110
993872.829015544,2005.839378238342,42.917098445595855,2.0414507772020727,1.233160621761658,2.9559585492227978,1.4300518134715026,1.7227979274611398,1.310880829015544,110
993872.829015544,2005.839378238342,42.917098445595855,2.0414507772020727,1.233160621761658,2.9559585492227978,1.4300518134715026,1.7227979274611398,1.310880829015544,177
993872.829015544,2005.839378238342,42.917098445595855,2.0414507772020727,1.233160621761658,2.9559585492227978,1.4300518134715026,1.7227979274611398,1.310880829015544,119
993872.829015544,2005.839378238342,42.917098445595855,2.0414507772020727,1.233160621761658,2.9559585492227978,1.4300518134715026,1.7227979274611398,1.310880829015544,102
993872.829015544,2005.839378238342,42.917098445595855,2.0414507772020727,1.233160621761658,2.9559585492227978,1.4300518134715026,1.7227979274611398,1.310880829015544,94
993872.829015544,2005.839378238342,42.917098445595855,2.0414507772020727,1.233160621761658,2.9559585492227978,1.4300518134715026,1.7227979274611398,1.310880829015544,95
993872.829015544,2005.839378238342,42.917098445595855,2.0414507772020727,1.233160621761658,2.9559585492227978,1.4300518134715026,1.7227979274611398,1.310880829015544,110
993872.829015544,2005.839378238342,42.917098445595855,2.0414507772020727,1.233160621761658,2.9559585492227978,1.4300518134715026,1.7227979274611398,1.310880829015544,119
993872.829015544,2005.839378238342,42.917098445595855,2.0414507772020727,1.233160621761658,2.9559585492227978,1.4300518134715026,1.7227979274611398,1.310880829015544,198
993872.829015544,2005.839378238342,42.917098445595855,2.0414507772020727,1.233160621761658,2.9559585492227978,1.4300518134715026,1.7227979274611398,1.310880829015544,74
993872.829015544,2005.839378238342,42.917098445595855,2.0414507772020727,1.233160621761658,2.9559585492227978,1.4300518134715026,1.7227979274611398,1.310880829015544,83
993872.829015544,2005.839378238342,42.917098445595855,2.0414507772020727,1.233160621761658,2.9559585492227978,1.4300518134715026,1.7227979274611398,1.310880829015544,114
993872.829015544,2005.839378238342,42.917098445595855,2.0414507772020727,1.233160621761658,2.9559585492227978,1.4300518134715026,1.7227979274611398,1.310880829015544,272
993872.829015544,2005.839378238342,42.917098445595855,2.0414507772020727,1.233160621761658,2.9559585492227978,1.4300518134715026,1.7227979274611398,1.310880829015544,119
993872.829015544,2005.839378238342,42.917098445595855,2.0414507772020727,1.233160621761658,2.9559585492227978,1.4300518134715026,1.7227979274611398,1.310880829015544,83
993872.829015544,2005.839378238342,42.917098445595855,2.0414507772020727,1.233160621761658,2.9559585492227978,1.4300518134715026,1.7227979274611398,1.310880829015544,110
993872.829015544,2005.839378238342,42.917098445595855,2.0414507772020727,1.233160621761658,2.9559585492227978,1.4300518134715026,1.7227979274611398,1.310880829015544,97
993872.829015544,2005.839378238342,42.917098445595855,2.0414507772020727,1.233160621761658,2.9559585492227978,1.4300518134715026,1.7227979274611398,1.310880829015544,119
993872.829015544,2005.839378238342,42.917098445595855,2.0414507772020727,1.233160621761658,2.9559585492227978,1.4300518134715026,1.7227979274611398,1.310880829015544,127
993872.829015544,2005.839378238342,42.917098445595855,2.0414507772020727,1.233160621761658,2.9559585492227978,1.4300518134715026,1.7227979274611398,1.310880829015544,100
993872.829015544,2005.839378238342,42.917098445595855,2.0414507772020727,1.233160621761658,2.9559585492227978,1.4300518134715026,1.7227979274611398,1.310880829015544,80
993872.829015544,2005.839378238342,42.917098445595855,2.0414507772020727,1.233160621761658,2.9559585492227978,1.4300518134715026,1.7227979274611398,1.310880829015544,94
993872.829015544,2005.839378238342,42.917098445595855,2.0414507772020727,1.233160621761658,2.9559585492227978,1.4300518134715026,1.7227979274611398,1.310880829015544,127
993872.829015544,2005.839378238342,42.917098445595855,2.0414507772020727,1.233160621761658,2.9559585492227978,1.4300518134715026,1.7227979274611398,1.310880829015544,84
993872.829015544,2005.839378238342,42.917098445595855,2.0414507772020727,1.233160621761658,2.9559585492227978,1.4300518134715026,1.7227979274611398,1.310880829015544,277
993872.829015544,2005.839378238342,42.917098445595855,2.0414507772020727,1.233160621761658,2.9559585492227978,1.4300518134715026,1.7227979274611398,1.310880829015544,114
993872.829015544,2005.839378238342,42.917098445595855,2.0414507772020727,1.233160621761658,2.9559585492227978,1.4300518134715026,1.7227979274611398,1.310880829015544,110
993872.829015544,2005.839378238342,42.917098445595855,2.0414507772020727,1.233160621761658,2.9559585492227978,1.4300518134715026,1.7227979274611398,1.310880829015544,123
993872.829015544,2005.839378238342,42.917098445595855,2.0414507772020727,1.233160621761658,2.9559585492227978,1.4300518134715026,1.7227979274611398,1.310880829015544,123
993872.829015544,2005.839378238342,42.917098445595855,2.0414507772020727,1.233160621761658,2.9559585492227978,1.4300518134715026,1.7227979274611398,1.310880829015544,123
993872.829015544,2005.839378238342,42.917098445595855,2.0414507772020727,1.233160621761658,2.9559585492227978,1.4300518134715026,1.7227979274611398,1.310880829015544,110
993872.829015544,2005.839378238342,42.917098445595855,2.0414507772020727,1.233160621761658,2.9559585492227978,1.4300518134715026,1.7227979274611398,1.310880829015544,74
993872.829015544,2005.839378238342,42.917098445595855,2.0414507772020727,1.233160621761658,2.9559585492227978,1.4300518134715026,1.7227979274611398,1.310880829015544,119
993872.829015544,2005.839378238342,42.917098445595855,2.0414507772020727,1.233160621761658,2.9559585492227978,1.4300518134715026,1.7227979274611398,1.310880829015544,100
993872.829015544,2005.839378238342,42.917098445595855,2.0414507772020727,1.233160621761658,2.9559585492227978,1.4300518134715026,1.7227979274611398,1.310880829015544,83
993872.829015544,2005.839378238342,42.917098445595855,2.0414507772020727,1.233160621761658,2.9559585492227978,1.4300518134715026,1.7227979274611398,1.310880829015544,87
993872.829015544,2005.839378238342,42.917098445595855,2.0414507772020727,1.233160621761658,2.9559585492227978,1.4300518134715026,1.7227979274611398,1.310880829015544,84
993872.829015544,2005.839378238342,42.917098445595855,2.0414507772020727,1.233160621761658,2.9559585492227978,1.4300518134715026,1.7227979274611398,1.310880829015544,135
993872.829015544,2005.839378238342,42.917098445595855,2.0414507772020727,1.233160621761658,2.9559585492227978,1.4300518134715026,1.7227979274611398,1.310880829015544,74
993872.829015544,2005.839378238342,42.917098445595855,2.0414507772020727,1.233160621761658,2.9559585492227978,1.4300518134715026,1.7227979274611398,1.310880829015544,83
993872.829015544,2005.839378238342,42.917098445595855,2.0414507772020727,1.233160621761658,2.9559585492227978,1.4300518134715026,1.7227979274611398,1.310880829015544,110
993872.829015544,2005.839378238342,42.917098445595855,2.0414507772020727,1.233160621761658,2.9559585492227978,1.4300518134715026,1.7227979274611398,1.310880829015544,55
993872.829015544,2005.839378238342,42.917098445595855,2.0414507772020727,1.233160621761658,2.9559585492227978,1.4300518134715026,1.7227979274611398,1.310880829015544,81
993872.829015544,2005.839378238342,42.917098445595855,2.0414507772020727,1.233160621761658,2.9559585492227978,1.4300518134715026,1.7227979274611398,1.310880829015544,121
993872.829015544,2005.839378238342,42.917098445595855,2.0414507772020727,1.233160621761658,2.9559585492227978,1.4300518134715026,1.7227979274611398,1.310880829015544,114
993872.829015544,2005.839378238342,42.917098445595855,2.0414507772020727,1.233160621761658,2.9559585492227978,1.4300518134715026,1.7227979274611398,1.310880829015544,201
993872.829015544,2005.839378238342,42.917098445595855,2.0414507772020727,1.233160621761658,2.9559585492227978,1.4300518134715026,1.7227979274611398,1.310880829015544,94
993872.829015544,2005.839378238342,42.917098445595855,2.0414507772020727,1.233160621761658,2.9559585492227978,1.4300518134715026,1.7227979274611398,1.310880829015544,135
993872.829015544,2005.839378238342,42.917098445595855,2.0414507772020727,1.233160621761658,2.9559585492227978,1.4300518134715026,1.7227979274611398,1.310880829015544,83
993872.829015544,2005.839378238342,42.917098445595855,2.0414507772020727,1.233160621761658,2.9559585492227978,1.4300518134715026,1.7227979274611398,1.310880829015544,68
993872.829015544,2005.839378238342,42.917098445595855,2.0414507772020727,1.233160621761658,2.9559585492227978,1.4300518134715026,1.7227979274611398,1.310880829015544,127
993872.829015544,2005.839378238342,42.917098445595855,2.0414507772020727,1.233160621761658,2.9559585492227978,1.4300518134715026,1.7227979274611398,1.310880829015544,81
993872.829015544,2005.839378238342,42.917098445595855,2.0414507772020727,1.233160621761658,2.9559585492227978,1.4300518134715026,1.7227979274611398,1.310880829015544,123
993872.829015544,2005.839378238342,42.917098445595855,2.0414507772020727,1.233160621761658,2.9559585492227978,1.4300518134715026,1.7227979274611398,1.310880829015544,96
993872.829015544,2005.839378238342,42.917098445595855,2.0414507772020727,1.233160621761658,2.9559585492227978,1.4300518134715026,1.7227979274611398,1.310880829015544,96
993872.829015544,2005.839378238342,42.917098445595855,2.0414507772020727,1.233160621761658,2.9559585492227978,1.4300518134715026,1.7227979274611398,1.310880829015544,272
993872.829015544,2005.839378238342,42.917098445595855,2.0414507772020727,1.233160621761658,2.9559585492227978,1.4300518134715026,1.7227979274611398,1.310880829015544,110
993872.829015544,2005.839378238342,42.917098445595855,2.0414507772020727,1.233160621761658,2.9559585492227978,1.4300518134715026,1.7227979274611398,1.310880829015544,74
993872.829015544,2005.839378238342,42.917098445595855,2.0414507772020727,1.233160621761658,2.9559585492227978,1.4300518134715026,1.7227979274611398,1.310880829015544,65
993872.829015544,2005.839378238342,42.917098445595855,2.0414507772020727,1.233160621761658,2.9559585492227978,1.4300518134715026,1.7227979274611398,1.310880829015544,55
993872.829015544,2005.839378238342,42.917098445595855,2.0414507772020727,1.233160621761658,2.9559585492227978,1.4300518134715026,1.7227979274611398,1.310880829015544,110
993872.829015544,2005.839378238342,42.917098445595855,2.0414507772020727,1.233160621761658,2.9559585492227978,1.4300518134715026,1.7227979274611398,1.310880829015544,201
993872.829015544,2005.839378238342,42.917098445595855,2.0414507772020727,1.233160621761658,2.9559585492227978,1.4300518134715026,1.7227979274611398,1.310880829015544,83
993872.829015544,2005.839378238342,42.917098445595855,2.0414507772020727,1.233160621761658,2.9559585492227978,1.4300518134715026,1.7227979274611398,1.310880829015544,135
993872.829015544,2005.839378238342,42.917098445595855,2.0414507772020727,1.233160621761658,2.9559585492227978,1.4300518134715026,1.7227979274611398,1.310880829015544,74
993872.829015544,2005.839378238342,42.917098445595855,2.0414507772020727,1.233160621761658,2.9559585492227978,1.4300518134715026,1.7227979274611398,1.310880829015544,110
993872.829015544,2005.839378238342,42.917098445595855,2.0414507772020727,1.233160621761658,2.9559585492227978,1.4300518134715026,1.7227979274611398,1.310880829015544,83
993872.829015544,2005.839378238342,42.917098445595855,2.0414507772020727,1.233160621761658,2.9559585492227978,1.4300518134715026,1.7227979274611398,1.310880829015544,123
993872.829015544,2005.839378238342,42.917098445595855,2.0414507772020727,1.233160621761658,2.9559585492227978,1.4300518134715026,1.7227979274611398,1.310880829015544,83
993872.829015544,2005.839378238342,42.917098445595855,2.0414507772020727,1.233160621761658,2.9559585492227978,1.4300518134715026,1.7227979274611398,1.310880829015544,119
993872.829015544,2005.839378238342,42.917098445595855,2.0414507772020727,1.233160621761658,2.9559585492227978,1.4300518134715026,1.7227979274611398,1.310880829015544,127
993872.829015544,2005.839378238342,42.917098445595855,2.0414507772020727,1.233160621761658,2.9559585492227978,1.4300518134715026,1.7227979274611398,1.310880829015544,110
993872.829015544,2005.839378238342,42.917098445595855,2.0414507772020727,1.233160621761658,2.9559585492227978,1.4300518134715026,1.7227979274611398,1.310880829015544,114
993872.829015544,2005.839378238342,42.917098445595855,2.0414507772020727,1.233160621761658,2.9559585492227978,1.4300518134715026,1.7227979274611398,1.310880829015544,89
993872.829015544,2005.839378238342,42.917098445595855,2.0414507772020727,1.233160621761658,2.9559585492227978,1.4300518134715026,1.7227979274611398,1.310880829015544,80
993872.829015544,2005.839378238342,42.917098445595855,2.0414507772020727,1.233160621761658,2.9559585492227978,1.4300518134715026,1.7227979274611398,1.310880829015544,106
993872.829015544,2005.839378238342,42.917098445595855,2.0414507772020727,1.233160621761658,2.9559585492227978,1.4300518134715026,1.7227979274611398,1.310880829015544,74
993872.829015544,2005.839378238342,42.917098445595855,2.0414507772020727,1.233160621761658,2.9559585492227978,1.4300518134715026,1.7227979274611398,1.310880829015544,121
993872.829015544,2005.839378238342,42.917098445595855,2.0414507772020727,1.233160621761658,2.9559585492227978,1.4300518134715026,1.7227979274611398,1.310880829015544,114
993872.829015544,2005.839378238342,42.917098445595855,2.0414507772020727,1.233160621761658,2.9559585492227978,1.4300518134715026,1.7227979274611398,1.310880829015544,81
993872.829015544,2005.839378238342,42.917098445595855,2.0414507772020727,1.233160621761658,2.9559585492227978,1.4300518134715026,1.7227979274611398,1.310880829015544,114
993872.829015544,2005.839378238342,42.917098445595855,2.0414507772020727,1.233160621761658,2.9559585492227978,1.4300518134715026,1.7227979274611398,1.310880829015544,110
993872.829015544,2005.839378238342,42.917098445595855,2.0414507772020727,1.233160621761658,2.9559585492227978,1.4300518134715026,1.7227979274611398,1.310880829015544,84
993872.829015544,2005.839378238342,42.917098445595855,2.0414507772020727,1.233160621761658,2.9559585492227978,1.4300518134715026,1.7227979274611398,1.310880829015544,177
993872.829015544,2005.839378238342,42.917098445595855,2.0414507772020727,1.233160621761658,2.9559585492227978,1.4300518134715026,1.7227979274611398,1.310880829015544,123
993872.829015544,2005.839378238342,42.917098445595855,2.0414507772020727,1.233160621761658,2.9559585492227978,1.4300518134715026,1.7227979274611398,1.310880829015544,100
993872.829015544,2005.839378238342,42.917098445595855,2.0414507772020727,1.233160621761658,2.9559585492227978,1.4300518134715026,1.7227979274611398,1.310880829015544,81
993872.829015544,2005.839378238342,42.917098445595855,2.0414507772020727,1.233160621761658,2.9559585492227978,1.4300518134715026,1.7227979274611398,1.310880829015544,94
993872.829015544,2005.839378238342,42.917098445595855,2.0414507772020727,1.233160621761658,2.9559585492227978,1.4300518134715026,1.7227979274611398,1.310880829015544,119
993872.829015544,2005.839378238342,42.917098445595855,2.0414507772020727,1.233160621761658,2.9559585492227978,1.4300518134715026,1.7227979274611398,1.310880829015544,119
993872.829015544,2005.839378238342,42.917098445595855,2.0414507772020727,1.233160621761658,2.9559585492227978,1.4300518134715026,1.7227979274611398,1.310880829015544,119
993872.829015544,2005.839378238342,42.917098445595855,2.0414507772020727,1.233160621761658,2.9559585492227978,1.4300518134715026,1.7227979274611398,1.310880829015544,83
993872.829015544,2005.839378238342,42.917098445595855,2.0414507772020727,1.233160621761658,2.9559585492227978,1.4300518134715026,1.7227979274611398,1.310880829015544,81
993872.829015544,2005.839378238342,42.917098445595855,2.0414507772020727,1.233160621761658,2.9559585492227978,1.4300518134715026,1.7227979274611398,1.310880829015544,121
993872.829015544,2005.839378238342,42.917098445595855,2.0414507772020727,1.233160621761658,2.9559585492227978,1.4300518134715026,1.7227979274611398,1.310880829015544,94
993872.829015544,2005.839378238342,42.917098445595855,2.0414507772020727,1.233160621761658,2.9559585492227978,1.4300518134715026,1.7227979274611398,1.310880829015544,106
993872.829015544,2005.839378238342,42.917098445595855,2.0414507772020727,1.233160621761658,2.9559585492227978,1.4300518134715026,1.7227979274611398,1.310880829015544,74
993872.829015544,2005.839378238342,42.917098445595855,2.0414507772020727,1.233160621761658,2.9559585492227978,1.4300518134715026,1.7227979274611398,1.310880829015544,87
993872.829015544,2005.839378238342,42.917098445595855,2.0414507772020727,1.233160621761658,2.9559585492227978,1.4300518134715026,1.7227979274611398,1.310880829015544,94
993872.829015544,2005.839378238342,42.917098445595855,2.0414507772020727,1.233160621761658,2.9559585492227978,1.4300518134715026,1.7227979274611398,1.310880829015544,110
993872.829015544,2005.839378238342,42.917098445595855,2.0414507772020727,1.233160621761658,2.9559585492227978,1.4300518134715026,1.7227979274611398,1.310880829015544,123
993872.829015544,2005.839378238342,42.917098445595855,2.0414507772020727,1.233160621761658,2.9559585492227978,1.4300518134715026,1.7227979274611398,1.310880829015544,83
993872.829015544,2005.839378238342,42.917098445595855,2.0414507772020727,1.233160621761658,2.9559585492227978,1.4300518134715026,1.7227979274611398,1.310880829015544,83
993872.829015544,2005.839378238342,42.917098445595855,2.0414507772020727,1.233160621761658,2.9559585492227978,1.4300518134715026,1.7227979274611398,1.310880829015544,272
993872.829015544,2005.839378238342,42.917098445595855,2.0414507772020727,1.233160621761658,2.9559585492227978,1.4300518134715026,1.7227979274611398,1.310880829015544,108
993872.829015544,2005.839378238342,42.917098445595855,2.0414507772020727,1.233160621761658,2.9559585492227978,1.4300518134715026,1.7227979274611398,1.310880829015544,129
993872.829015544,2005.839378238342,42.917098445595855,2.0414507772020727,1.233160621761658,2.9559585492227978,1.4300518134715026,1.7227979274611398,1.310880829015544,97
993872.829015544,2005.839378238342,42.917098445595855,2.0414507772020727,1.233160621761658,2.9559585492227978,1.4300518134715026,1.7227979274611398,1.310880829015544,103
993872.829015544,2005.839378238342,42.917098445595855,2.0414507772020727,1.233160621761658,2.9559585492227978,1.4300518134715026,1.7227979274611398,1.310880829015544,127
993872.829015544,2005.839378238342,42.917098445595855,2.0414507772020727,1.233160621761658,2.9559585492227978,1.4300518134715026,1.7227979274611398,1.310880829015544,105
993872.829015544,2005.839378238342,42.917098445595855,2.0414507772020727,1.233160621761658,2.9559585492227978,1.4300518134715026,1.7227979274611398,1.310880829015544,278
993872.829015544,2005.839378238342,42.917098445595855,2.0414507772020727,1.233160621761658,2.9559585492227978,1.4300518134715026,1.7227979274611398,1.310880829015544,127
993872.829015544,2005.839378238342,42.917098445595855,2.0414507772020727,1.233160621761658,2.9559585492227978,1.4300518134715026,1.7227979274611398,1.310880829015544,74
993872.829015544,2005.839378238342,42.917098445595855,2.0414507772020727,1.233160621761658,2.9559585492227978,1.4300518134715026,1.7227979274611398,1.310880829015544,119
993872.829015544,2005.839378238342,42.917098445595855,2.0414507772020727,1.233160621761658,2.9559585492227978,1.4300518134715026,1.7227979274611398,1.310880829015544,110
993872.829015544,2005.839378238342,42.917098445595855,2.0414507772020727,1.233160621761658,2.9559585492227978,1.4300518134715026,1.7227979274611398,1.310880829015544,177
993872.829015544,2005.839378238342,42.917098445595855,2.0414507772020727,1.233160621761658,2.9559585492227978,1.4300518134715026,1.7227979274611398,1.310880829015544,198
993872.829015544,2005.839378238342,42.917098445595855,2.0414507772020727,1.233160621761658,2.9559585492227978,1.4300518134715026,1.7227979274611398,1.310880829015544,83
993872.829015544,2005.839378238342,42.917098445595855,2.0414507772020727,1.233160621761658,2.9559585492227978,1.4300518134715026,1.7227979274611398,1.310880829015544,119
993872.829015544,2005.839378238342,42.917098445595855,2.0414507772020727,1.233160621761658,2.9559585492227978,1.4300518134715026,1.7227979274611398,1.310880829015544,83
