1046205.9614325069,2005.7906336088154,41.774104683195596,1.9201101928374655,1.2975206611570247,2.950413223140496,1.43801652892562,1.7134986225895317,1.3333333333333333,95
1046205.9614325069,2005.7906336088154,41.774104683195596,1.9201101928374655,1.2975206611570247,2.950413223140496,1.43801652892562,1.7134986225895317,1.3333333333333333,81
1046205.9614325069,2005.7906336088154,41.774104683195596,1.9201101928374655,1.2975206611570247,2.950413223140496,1.43801652892562,1.7134986225895317,1.3333333333333333,105
1046205.9614325069,2005.7906336088154,41.774104683195596,1.9201101928374655,1.2975206611570247,2.950413223140496,1.43801652892562,1.7134986225895317,1.3333333333333333,119
1046205.9614325069,2005.7906336088154,41.774104683195596,1.9201101928374655,1.2975206611570247,2.950413223140496,1.43801652892562,1.7134986225895317,1.3333333333333333,55
1046205.9614325069,2005.7906336088154,41.774104683195596,1.9201101928374655,1.2975206611570247,2.950413223140496,1.43801652892562,1.7134986225895317,1.3333333333333333,114
1046205.9614325069,2005.7906336088154,41.774104683195596,1.9201101928374655,1.2975206611570247,2.950413223140496,1.43801652892562,1.7134986225895317,1.3333333333333333,81
1046205.9614325069,2005.7906336088154,41.774104683195596,1.9201101928374655,1.2975206611570247,2.950413223140496,1.43801652892562,1.7134986225895317,1.3333333333333333,81
1046205.9614325069,2005.7906336088154,41.774104683195596,1.9201101928374655,1.2975206611570247,2.950413223140496,1.43801652892562,1.7134986225895317,1.3333333333333333,121
1046205.9614325069,2005.7906336088154,41.774104683195596,1.9201101928374655,1.2975206611570247,2.950413223140496,1.43801652892562,1.7134986225895317,1.3333333333333333,83
1046205.9614325069,2005.7906336088154,41.774104683195596,1.9201101928374655,1.2975206611570247,2.950413223140496,1.43801652892562,1.7134986225895317,1.3333333333333333,119
1046205.9614325069,2005.7906336088154,41.774104683195596,1.9201101928374655,1.2975206611570247,2.950413223140496,1.43801652892562,1.7134986225895317,1.3333333333333333,135
1046205.9614325069,2005.7906336088154,41.774104683195596,1.9201101928374655,1.2975206611570247,2.950413223140496,1.43801652892562,1.7134986225895317,1.3333333333333333,127
1046205.9614325069,2005.7906336088154,41.774104683195596,1.9201101928374655,1.2975206611570247,2.950413223140496,1.43801652892562,1.7134986225895317,1.3333333333333333,105
1046205.9614325069,2005.7906336088154,41.774104683195596,1.9201101928374655,1.2975206611570247,2.950413223140496,1.43801652892562,1.7134986225895317,1.3333333333333333,119
1046205.9614325069,2005.7906336088154,41.774104683195596,1.9201101928374655,1.2975206611570247,2.950413223140496,1.43801652892562,1.7134986225895317,1.3333333333333333,65
1046205.9614325069,2005.7906336088154,41.774104683195596,1.9201101928374655,1.2975206611570247,2.950413223140496,1.43801652892562,1.7134986225895317,1.3333333333333333,108
1046205.9614325069,2005.7906336088154,41.774104683195596,1.9201101928374655,1.2975206611570247,2.950413223140496,1.43801652892562,1.7134986225895317,1.3333333333333333,105
1046205.9614325069,2005.7906336088154,41.774104683195596,1.9201101928374655,1.2975206611570247,2.950413223140496,1.43801652892562,1.7134986225895317,1.3333333333333333,119
1046205.9614325069,2005.7906336088154,41.774104683195596,1.9201101928374655,1.2975206611570247,2.950413223140496,1.43801652892562,1.7134986225895317,1.3333333333333333,108
1046205.9614325069,2005.7906336088154,41.774104683195596,1.9201101928374655,1.2975206611570247,2.950413223140496,1.43801652892562,1.7134986225895317,1.3333333333333333,97
1046205.9614325069,2005.7906336088154,41.774104683195596,1.9201101928374655,1.2975206611570247,2.950413223140496,1.43801652892562,1.7134986225895317,1.3333333333333333,143
1046205.9614325069,2005.7906336088154,41.774104683195596,1.9201101928374655,1.2975206611570247,2.950413223140496,1.43801652892562,1.7134986225895317,1.3333333333333333,110
1046205.9614325069,2005.7906336088154,41.774104683195596,1.9201101928374655,1.2975206611570247,2.950413223140496,1.43801652892562,1.7134986225895317,1.3333333333333333,138
1046205.9614325069,2005.7906336088154,41.774104683195596,1.9201101928374655,1.2975206611570247,2.950413223140496,1.43801652892562,1.7134986225895317,1.3333333333333333,201
1046205.9614325069,2005.7906336088154,41.774104683195596,1.9201101928374655,1.2975206611570247,2.950413223140496,1.43801652892562,1.7134986225895317,1.3333333333333333,110
1046205.9614325069,2005.7906336088154,41.774104683195596,1.9201101928374655,1.2975206611570247,2.950413223140496,1.43801652892562,1.7134986225895317,1.3333333333333333,105
1046205.9614325069,2005.7906336088154,41.774104683195596,1.9201101928374655,1.2975206611570247,2.950413223140496,1.43801652892562,1.7134986225895317,1.3333333333333333,80
1046205.9614325069,2005.7906336088154,41.774104683195596,1.9201101928374655,1.2975206611570247,2.950413223140496,1.43801652892562,1.7134986225895317,1.3333333333333333,105
1046205.9614325069,2005.7906336088154,41.774104683195596,1.9201101928374655,1.2975206611570247,2.950413223140496,1.43801652892562,1.7134986225895317,1.3333333333333333,105
1046205.9614325069,2005.7906336088154,41.774104683195596,1.9201101928374655,1.2975206611570247,2.950413223140496,1.43801652892562,1.7134986225895317,1.3333333333333333,129
1046205.9614325069,2005.7906336088154,41.774104683195596,1.9201101928374655,1.2975206611570247,2.950413223140496,1.43801652892562,1.7134986225895317,1.3333333333333333,121
1046205.9614325069,2005.7906336088154,41.774104683195596,1.9201101928374655,1.2975206611570247,2.950413223140496,1.43801652892562,1.7134986225895317,1.3333333333333333,72
1046205.9614325069,2005.7906336088154,41.774104683195596,1.9201101928374655,1.2975206611570247,2.950413223140496,1.43801652892562,1.7134986225895317,1.3333333333333333,114
1046205.9614325069,2005.7906336088154,41.774104683195596,1.9201101928374655,1.2975206611570247,2.950413223140496,1.43801652892562,1.7134986225895317,1.3333333333333333,77
1046205.9614325069,2005.7906336088154,41.774104683195596,1.9201101928374655,1.2975206611570247,2.950413223140496,1.43801652892562,1.7134986225895317,1.3333333333333333,110
1046205.9614325069,2005.7906336088154,41.774104683195596,1.9201101928374655,1.2975206611570247,2.950413223140496,1.43801652892562,1.7134986225895317,1.3333333333333333,83
1046205.9614325069,2005.7906336088154,41.774104683195596,1.9201101928374655,1.2975206611570247,2.950413223140496,1.43801652892562,1.7134986225895317,1.3333333333333333,201
1046205.9614325069,2005.7906336088154,41.774104683195596,1.9201101928374655,1.2975206611570247,2.950413223140496,1.43801652892562,1.7134986225895317,1.3333333333333333,105
1046205.9614325069,2005.7906336088154,41.774104683195596,1.9201101928374655,1.2975206611570247,2.950413223140496,1.43801652892562,1.7134986225895317,1.3333333333333333,105
1046205.9614325069,2005.7906336088154,41.774104683195596,1.9201101928374655,1.2975206611570247,2.950413223140496,1.43801652892562,1.7134986225895317,1.3333333333333333,129
1046205.9614325069,2005.7906336088154,41.774104683195596,1.9201101928374655,1.2975206611570247,2.950413223140496,1.43801652892562,1.7134986225895317,1.3333333333333333,277
1046205.9614325069,2005.7906336088154,41.774104683195596,1.9201101928374655,1.2975206611570247,2.950413223140496,1.43801652892562,1.7134986225895317,1.3333333333333333,80
1046205.9614325069,2005.7906336088154,41.774104683195596,1.9201101928374655,1.2975206611570247,2.950413223140496,1.43801652892562,1.7134986225895317,1.3333333333333333,108
1046205.9614325069,2005.7906336088154,41.774104683195596,1.9201101928374655,1.2975206611570247,2.950413223140496,1.43801652892562,1.7134986225895317,1.3333333333333333,72
1046205.9614325069,2005.7906336088154,41.774104683195596,1.9201101928374655,1.2975206611570247,2.950413223140496,1.43801652892562,1.7134986225895317,1.3333333333333333,72
1046205.9614325069,2005.7906336088154,41.774104683195596,1.9201101928374655,1.2975206611570247,2.950413223140496,1.43801652892562,1.7134986225895317,1.3333333333333333,75
1046205.9614325069,2005.7906336088154,41.774104683195596,1.9201101928374655,1.2975206611570247,2.950413223140496,1.43801652892562,1.7134986225895317,1.3333333333333333,114
1046205.9614325069,2005.7906336088154,41.774104683195596,1.9201101928374655,1.2975206611570247,2.950413223140496,1.43801652892562,1.7134986225895317,1.3333333333333333,129
1046205.9614325069,2005.7906336088154,41.774104683195596,1.9201101928374655,1.2975206611570247,2.950413223140496,1.43801652892562,1.7134986225895317,1.3333333333333333,74
1046205.9614325069,2005.7906336088154,41.774104683195596,1.9201101928374655,1.2975206611570247,2.950413223140496,1.43801652892562,1.7134986225895317,1.3333333333333333,94
1046205.9614325069,2005.7906336088154,41.774104683195596,1.9201101928374655,1.2975206611570247,2.950413223140496,1.43801652892562,1.7134986225895317,1.3333333333333333,138
1046205.9614325069,2005.7906336088154,41.774104683195596,1.9201101928374655,1.2975206611570247,2.950413223140496,1.43801652892562,1.7134986225895317,1.3333333333333333,59
1046205.9614325069,2005.7906336088154,41.774104683195596,1.9201101928374655,1.2975206611570247,2.950413223140496,1.43801652892562,1.7134986225895317,1.3333333333333333,100
1046205.9614325069,2005.7906336088154,41.774104683195596,1.9201101928374655,1.2975206611570247,2.950413223140496,1.43801652892562,1.7134986225895317,1.3333333333333333,103
1046205.9614325069,2005.7906336088154,41.774104683195596,1.9201101928374655,1.2975206611570247,2.950413223140496,1.43801652892562,1.7134986225895317,1.3333333333333333,97
1046205.9614325069,2005.7906336088154,41.774104683195596,1.9201101928374655,1.2975206611570247,2.950413223140496,1.43801652892562,1.7134986225895317,1.3333333333333333,138
1046205.9614325069,2005.7906336088154,41.774104683195596,1.9201101928374655,1.2975206611570247,2.950413223140496,1.43801652892562,1.7134986225895317,1.3333333333333333,105
1046205.9614325069,2005.7906336088154,41.774104683195596,1.9201101928374655,1.2975206611570247,2.950413223140496,1.43801652892562,1.7134986225895317,1.3333333333333333,129
1046205.9614325069,2005.7906336088154,41.774104683195596,1.9201101928374655,1.2975206611570247,2.950413223140496,1.43801652892562,1.7134986225895317,1.3333333333333333,114
1046205.9614325069,2005.7906336088154,41.774104683195596,1.9201101928374655,1.2975206611570247,2.950413223140496,1.43801652892562,1.7134986225895317,1.3333333333333333,108
1046205.9614325069,2005.7906336088154,41.774104683195596,1.9201101928374655,1.2975206611570247,2.950413223140496,1.43801652892562,1.7134986225895317,1.3333333333333333,97
1046205.9614325069,2005.7906336088154,41.774104683195596,1.9201101928374655,1.2975206611570247,2.950413223140496,1.43801652892562,1.7134986225895317,1.3333333333333333,100
1046205.9614325069,2005.7906336088154,41.774104683195596,1.9201101928374655,1.2975206611570247,2.950413223140496,1.43801652892562,1.7134986225895317,1.3333333333333333,94
1046205.9614325069,2005.7906336088154,41.774104683195596,1.9201101928374655,1.2975206611570247,2.950413223140496,1.43801652892562,1.7134986225895317,1.3333333333333333,75
1046205.9614325069,2005.7906336088154,41.774104683195596,1.9201101928374655,1.2975206611570247,2.950413223140496,1.43801652892562,1.7134986225895317,1.3333333333333333,138
1046205.9614325069,2005.7906336088154,41.774104683195596,1.9201101928374655,1.2975206611570247,2.950413223140496,1.43801652892562,1.7134986225895317,1.3333333333333333,110
1046205.9614325069,2005.7906336088154,41.774104683195596,1.9201101928374655,1.2975206611570247,2.950413223140496,1.43801652892562,1.7134986225895317,1.3333333333333333,74
1046205.9614325069,2005.7906336088154,41.774104683195596,1.9201101928374655,1.2975206611570247,2.950413223140496,1.43801652892562,1.7134986225895317,1.3333333333333333,105
1046205.9614325069,2005.7906336088154,41.774104683195596,1.9201101928374655,1.2975206611570247,2.950413223140496,1.43801652892562,1.7134986225895317,1.3333333333333333,100
1046205.9614325069,2005.7906336088154,41.774104683195596,1.9201101928374655,1.2975206611570247,2.950413223140496,1.43801652892562,1.7134986225895317,1.3333333333333333,114
1046205.9614325069,2005.7906336088154,41.774104683195596,1.9201101928374655,1.2975206611570247,2.950413223140496,1.43801652892562,1.7134986225895317,1.3333333333333333,81
1046205.9614325069,2005.7906336088154,41.774104683195596,1.9201101928374655,1.2975206611570247,2.950413223140496,1.43801652892562,1.7134986225895317,1.3333333333333333,119
1046205.9614325069,2005.7906336088154,41.774104683195596,1.9201101928374655,1.2975206611570247,2.950413223140496,1.43801652892562,1.7134986225895317,1.3333333333333333,127
1046205.9614325069,2005.7906336088154,41.774104683195596,1.9201101928374655,1.2975206611570247,2.950413223140496,1.43801652892562,1.7134986225895317,1.3333333333333333,80
1046205.9614325069,2005.7906336088154,41.774104683195596,1.9201101928374655,1.2975206611570247,2.950413223140496,1.43801652892562,1.7134986225895317,1.3333333333333333,138
1046205.9614325069,2005.7906336088154,41.774104683195596,1.9201101928374655,1.2975206611570247,2.950413223140496,1.43801652892562,1.7134986225895317,1.3333333333333333,81
1046205.9614325069,2005.7906336088154,41.774104683195596,1.9201101928374655,1.2975206611570247,2.950413223140496,1.43801652892562,1.7134986225895317,1.3333333333333333,97
1046205.9614325069,2005.7906336088154,41.774104683195596,1.9201101928374655,1.2975206611570247,2.950413223140496,1.43801652892562,1.7134986225895317,1.3333333333333333,105
1046205.9614325069,2005.7906336088154,41.774104683195596,1.9201101928374655,1.2975206611570247,2.950413223140496,1.43801652892562,1.7134986225895317,1.3333333333333333,110
1046205.9614325069,2005.7906336088154,41.774104683195596,1.9201101928374655,1.2975206611570247,2.950413223140496,1.43801652892562,1.7134986225895317,1.3333333333333333,105
1046205.9614325069,2005.7906336088154,41.774104683195596,1.9201101928374655,1.2975206611570247,2.950413223140496,1.43801652892562,1.7134986225895317,1.3333333333333333,108
1046205.9614325069,2005.7906336088154,41.774104683195596,1.9201101928374655,1.2975206611570247,2.950413223140496,1.43801652892562,1.7134986225895317,1.3333333333333333,105
1046205.9614325069,2005.7906336088154,41.774104683195596,1.9201101928374655,1.2975206611570247,2.950413223140496,1.43801652892562,1.7134986225895317,1.3333333333333333,83
1046205.9614325069,2005.7906336088154,41.774104683195596,1.9201101928374655,1.2975206611570247,2.950413223140496,1.43801652892562,1.7134986225895317,1.3333333333333333,105
1046205.9614325069,2005.7906336088154,41.774104683195596,1.9201101928374655,1.2975206611570247,2.950413223140496,1.43801652892562,1.7134986225895317,1.3333333333333333,201
1046205.9614325069,2005.7906336088154,41.774104683195596,1.9201101928374655,1.2975206611570247,2.950413223140496,1.43801652892562,1.7134986225895317,1.3333333333333333,138
1046205.9614325069,2005.7906336088154,41.774104683195596,1.9201101928374655,1.2975206611570247,2.950413223140496,1.43801652892562,1.7134986225895317,1.3333333333333333,129
1046205.9614325069,2005.7906336088154,41.774104683195596,1.9201101928374655,1.2975206611570247,2.950413223140496,1.43801652892562,1.7134986225895317,1.3333333333333333,143
1046205.9614325069,2005.7906336088154,41.774104683195596,1.9201101928374655,1.2975206611570247,2.950413223140496,1.43801652892562,1.7134986225895317,1.3333333333333333,55
1046205.9614325069,2005.7906336088154,41.774104683195596,1.9201101928374655,1.2975206611570247,2.950413223140496,1.43801652892562,1.7134986225895317,1.3333333333333333,105
1046205.9614325069,2005.7906336088154,41.774104683195596,1.9201101928374655,1.2975206611570247,2.950413223140496,1.43801652892562,1.7134986225895317,1.3333333333333333,103
1046205.9614325069,2005.7906336088154,41.774104683195596,1.9201101928374655,1.2975206611570247,2.950413223140496,1.43801652892562,1.7134986225895317,1.3333333333333333,105
1046205.9614325069,2005.7906336088154,41.774104683195596,1.9201101928374655,1.2975206611570247,2.950413223140496,1.43801652892562,1.7134986225895317,1.3333333333333333,97
1046205.9614325069,2005.7906336088154,41.774104683195596,1.9201101928374655,1.2975206611570247,2.950413223140496,1.43801652892562,1.7134986225895317,1.3333333333333333,108
1046205.9614325069,2005.7906336088154,41.774104683195596,1.9201101928374655,1.2975206611570247,2.950413223140496,1.43801652892562,1.7134986225895317,1.3333333333333333,105
1046205.9614325069,2005.7906336088154,41.774104683195596,1.9201101928374655,1.2975206611570247,2.950413223140496,1.43801652892562,1.7134986225895317,1.3333333333333333,110
1046205.9614325069,2005.7906336088154,41.774104683195596,1.9201101928374655,1.2975206611570247,2.950413223140496,1.43801652892562,1.7134986225895317,1.3333333333333333,59
1046205.9614325069,2005.7906336088154,41.774104683195596,1.9201101928374655,1.2975206611570247,2.950413223140496,1.43801652892562,1.7134986225895317,1.3333333333333333,201
1046205.9614325069,2005.7906336088154,41.774104683195596,1.9201101928374655,1.2975206611570247,2.950413223140496,1.43801652892562,1.7134986225895317,1.3333333333333333,75
1046205.9614325069,2005.7906336088154,41.774104683195596,1.9201101928374655,1.2975206611570247,2.950413223140496,1.43801652892562,1.7134986225895317,1.3333333333333333,131
1046205.9614325069,2005.7906336088154,41.774104683195596,1.9201101928374655,1.2975206611570247,2.950413223140496,1.43801652892562,1.7134986225895317,1.3333333333333333,114
1046205.9614325069,2005.7906336088154,41.774104683195596,1.9201101928374655,1.2975206611570247,2.950413223140496,1.43801652892562,1.7134986225895317,1.3333333333333333,129
1046205.9614325069,2005.7906336088154,41.774104683195596,1.9201101928374655,1.2975206611570247,2.950413223140496,1.43801652892562,1.7134986225895317,1.3333333333333333,108
1046205.9614325069,2005.7906336088154,41.774104683195596,1.9201101928374655,1.2975206611570247,2.950413223140496,1.43801652892562,1.7134986225895317,1.3333333333333333,135
1046205.9614325069,2005.7906336088154,41.774104683195596,1.9201101928374655,1.2975206611570247,2.950413223140496,1.43801652892562,1.7134986225895317,1.3333333333333333,72
1046205.9614325069,2005.7906336088154,41.774104683195596,1.9201101928374655,1.2975206611570247,2.950413223140496,1.43801652892562,1.7134986225895317,1.3333333333333333,72
1046205.9614325069,2005.7906336088154,41.774104683195596,1.9201101928374655,1.2975206611570247,2.950413223140496,1.43801652892562,1.7134986225895317,1.3333333333333333,105
1046205.9614325069,2005.7906336088154,41.774104683195596,1.9201101928374655,1.2975206611570247,2.950413223140496,1.43801652892562,1.7134986225895317,1.3333333333333333,119
1046205.9614325069,2005.7906336088154,41.774104683195596,1.9201101928374655,1.2975206611570247,2.950413223140496,1.43801652892562,1.7134986225895317,1.3333333333333333,121
1046205.9614325069,2005.7906336088154,41.774104683195596,1.9201101928374655,1.2975206611570247,2.950413223140496,1.43801652892562,1.7134986225895317,1.3333333333333333,72
1046205.9614325069,2005.7906336088154,41.774104683195596,1.9201101928374655,1.2975206611570247,2.950413223140496,1.43801652892562,1.7134986225895317,1.3333333333333333,80
1046205.9614325069,2005.7906336088154,41.774104683195596,1.9201101928374655,1.2975206611570247,2.950413223140496,1.43801652892562,1.7134986225895317,1.3333333333333333,119
1046205.9614325069,2005.7906336088154,41.774104683195596,1.9201101928374655,1.2975206611570247,2.950413223140496,1.43801652892562,1.7134986225895317,1.3333333333333333,110
1046205.9614325069,2005.7906336088154,41.774104683195596,1.9201101928374655,1.2975206611570247,2.950413223140496,1.43801652892562,1.7134986225895317,1.3333333333333333,119
1046205.9614325069,2005.7906336088154,41.774104683195596,1.9201101928374655,1.2975206611570247,2.950413223140496,1.43801652892562,1.7134986225895317,1.3333333333333333,105
1046205.9614325069,2005.7906336088154,41.774104683195596,1.9201101928374655,1.2975206611570247,2.950413223140496,1.43801652892562,1.7134986225895317,1.3333333333333333,227
1046205.9614325069,2005.7906336088154,41.774104683195596,1.9201101928374655,1.2975206611570247,2.950413223140496,1.43801652892562,1.7134986225895317,1.3333333333333333,138
1046205.9614325069,2005.7906336088154,41.774104683195596,1.9201101928374655,1.2975206611570247,2.950413223140496,1.43801652892562,1.7134986225895317,1.3333333333333333,55
1046205.9614325069,2005.7906336088154,41.774104683195596,1.9201101928374655,1.2975206611570247,2.950413223140496,1.43801652892562,1.7134986225895317,1.3333333333333333,129
1046205.9614325069,2005.7906336088154,41.774104683195596,1.9201101928374655,1.2975206611570247,2.950413223140496,1.43801652892562,1.7134986225895317,1.3333333333333333,279
1046205.9614325069,2005.7906336088154,41.774104683195596,1.9201101928374655,1.2975206611570247,2.950413223140496,1.43801652892562,1.7134986225895317,1.3333333333333333,105
1046205.9614325069,2005.7906336088154,41.774104683195596,1.9201101928374655,1.2975206611570247,2.950413223140496,1.43801652892562,1.7134986225895317,1.3333333333333333,105
1046205.9614325069,2005.7906336088154,41.774104683195596,1.9201101928374655,1.2975206611570247,2.950413223140496,1.43801652892562,1.7134986225895317,1.3333333333333333,100
1046205.9614325069,2005.7906336088154,41.774104683195596,1.9201101928374655,1.2975206611570247,2.950413223140496,1.43801652892562,1.7134986225895317,1.3333333333333333,97
1046205.9614325069,2005.7906336088154,41.774104683195596,1.9201101928374655,1.2975206611570247,2.950413223140496,1.43801652892562,1.7134986225895317,1.3333333333333333,97
1046205.9614325069,2005.7906336088154,41.774104683195596,1.9201101928374655,1.2975206611570247,2.950413223140496,1.43801652892562,1.7134986225895317,1.3333333333333333,100
1046205.9614325069,2005.7906336088154,41.774104683195596,1.9201101928374655,1.2975206611570247,2.950413223140496,1.43801652892562,1.7134986225895317,1.3333333333333333,65
1046205.9614325069,2005.7906336088154,41.774104683195596,1.9201101928374655,1.2975206611570247,2.950413223140496,1.43801652892562,1.7134986225895317,1.3333333333333333,94
1046205.9614325069,2005.7906336088154,41.774104683195596,1.9201101928374655,1.2975206611570247,2.950413223140496,1.43801652892562,1.7134986225895317,1.3333333333333333,105
1046205.9614325069,2005.7906336088154,41.774104683195596,1.9201101928374655,1.2975206611570247,2.950413223140496,1.43801652892562,1.7134986225895317,1.3333333333333333,105
1046205.9614325069,2005.7906336088154,41.774104683195596,1.9201101928374655,1.2975206611570247,2.950413223140496,1.43801652892562,1.7134986225895317,1.3333333333333333,129
1046205.9614325069,2005.7906336088154,41.774104683195596,1.9201101928374655,1.2975206611570247,2.950413223140496,1.43801652892562,1.7134986225895317,1.3333333333333333,80
1046205.9614325069,2005.7906336088154,41.774104683195596,1.9201101928374655,1.2975206611570247,2.950413223140496,1.43801652892562,1.7134986225895317,1.3333333333333333,121
1046205.9614325069,2005.7906336088154,41.774104683195596,1.9201101928374655,1.2975206611570247,2.950413223140496,1.43801652892562,1.7134986225895317,1.3333333333333333,105
1046205.9614325069,2005.7906336088154,41.774104683195596,1.9201101928374655,1.2975206611570247,2.950413223140496,1.43801652892562,1.7134986225895317,1.3333333333333333,81
1046205.9614325069,2005.7906336088154,41.774104683195596,1.9201101928374655,1.2975206611570247,2.950413223140496,1.43801652892562,1.7134986225895317,1.3333333333333333,105
1046205.9614325069,2005.7906336088154,41.774104683195596,1.9201101928374655,1.2975206611570247,2.950413223140496,1.43801652892562,1.7134986225895317,1.3333333333333333,108
1046205.9614325069,2005.7906336088154,41.774104683195596,1.9201101928374655,1.2975206611570247,2.950413223140496,1.43801652892562,1.7134986225895317,1.3333333333333333,80
1046205.9614325069,2005.7906336088154,41.774104683195596,1.9201101928374655,1.2975206611570247,2.950413223140496,1.43801652892562,1.7134986225895317,1.3333333333333333,108
1046205.9614325069,2005.7906336088154,41.774104683195596,1.9201101928374655,1.2975206611570247,2.950413223140496,1.43801652892562,1.7134986225895317,1.3333333333333333,74
1046205.9614325069,2005.7906336088154,41.774104683195596,1.9201101928374655,1.2975206611570247,2.950413223140496,1.43801652892562,1.7134986225895317,1.3333333333333333,72
1046205.9614325069,2005.7906336088154,41.774104683195596,1.9201101928374655,1.2975206611570247,2.950413223140496,1.43801652892562,1.7134986225895317,1.3333333333333333,143
1046205.9614325069,2005.7906336088154,41.774104683195596,1.9201101928374655,1.2975206611570247,2.950413223140496,1.43801652892562,1.7134986225895317,1.3333333333333333,103
1046205.9614325069,2005.7906336088154,41.774104683195596,1.9201101928374655,1.2975206611570247,2.950413223140496,1.43801652892562,1.7134986225895317,1.3333333333333333,83
1046205.9614325069,2005.7906336088154,41.774104683195596,1.9201101928374655,1.2975206611570247,2.950413223140496,1.43801652892562,1.7134986225895317,1.3333333333333333,110
1046205.9614325069,2005.7906336088154,41.774104683195596,1.9201101928374655,1.2975206611570247,2.950413223140496,1.43801652892562,1.7134986225895317,1.3333333333333333,129
1046205.9614325069,2005.7906336088154,41.774104683195596,1.9201101928374655,1.2975206611570247,2.950413223140496,1.43801652892562,1.7134986225895317,1.3333333333333333,138
1046205.9614325069,2005.7906336088154,41.774104683195596,1.9201101928374655,1.2975206611570247,2.950413223140496,1.43801652892562,1.7134986225895317,1.3333333333333333,138
1046205.9614325069,2005.7906336088154,41.774104683195596,1.9201101928374655,1.2975206611570247,2.950413223140496,1.43801652892562,1.7134986225895317,1.3333333333333333,65
1046205.9614325069,2005.7906336088154,41.774104683195596,1.9201101928374655,1.2975206611570247,2.950413223140496,1.43801652892562,1.7134986225895317,1.3333333333333333,119
1046205.9614325069,2005.7906336088154,41.774104683195596,1.9201101928374655,1.2975206611570247,2.950413223140496,1.43801652892562,1.7134986225895317,1.3333333333333333,74
1046205.9614325069,2005.7906336088154,41.774104683195596,1.9201101928374655,1.2975206611570247,2.950413223140496,1.43801652892562,1.7134986225895317,1.3333333333333333,114
1046205.9614325069,2005.7906336088154,41.774104683195596,1.9201101928374655,1.2975206611570247,2.950413223140496,1.43801652892562,1.7134986225895317,1.3333333333333333,105
1046205.9614325069,2005.7906336088154,41.774104683195596,1.9201101928374655,1.2975206611570247,2.950413223140496,1.43801652892562,1.7134986225895317,1.3333333333333333,129
1046205.9614325069,2005.7906336088154,41.774104683195596,1.9201101928374655,1.2975206611570247,2.950413223140496,1.43801652892562,1.7134986225895317,1.3333333333333333,127
1046205.9614325069,2005.7906336088154,41.774104683195596,1.9201101928374655,1.2975206611570247,2.950413223140496,1.43801652892562,1.7134986225895317,1.3333333333333333,59
1046205.9614325069,2005.7906336088154,41.774104683195596,1.9201101928374655,1.2975206611570247,2.950413223140496,1.43801652892562,1.7134986225895317,1.3333333333333333,201
1046205.9614325069,2005.7906336088154,41.774104683195596,1.9201101928374655,1.2975206611570247,2.950413223140496,1.43801652892562,1.7134986225895317,1.3333333333333333,108
1046205.9614325069,2005.7906336088154,41.774104683195596,1.9201101928374655,1.2975206611570247,2.950413223140496,1.43801652892562,1.7134986225895317,1.3333333333333333,143
1046205.9614325069,2005.7906336088154,41.774104683195596,1.9201101928374655,1.2975206611570247,2.950413223140496,1.43801652892562,1.7134986225895317,1.3333333333333333,72
1046205.9614325069,2005.7906336088154,41.774104683195596,1.9201101928374655,1.2975206611570247,2.950413223140496,1.43801652892562,1.7134986225895317,1.3333333333333333,110
1046205.9614325069,2005.7906336088154,41.774104683195596,1.9201101928374655,1.2975206611570247,2.950413223140496,1.43801652892562,1.7134986225895317,1.3333333333333333,94
1046205.9614325069,2005.7906336088154,41.774104683195596,1.9201101928374655,1.2975206611570247,2.950413223140496,1.43801652892562,1.7134986225895317,1.3333333333333333,119
1046205.9614325069,2005.7906336088154,41.774104683195596,1.9201101928374655,1.2975206611570247,2.950413223140496,1.43801652892562,1.7134986225895317,1.3333333333333333,75
1046205.9614325069,2005.7906336088154,41.774104683195596,1.9201101928374655,1.2975206611570247,2.950413223140496,1.43801652892562,1.7134986225895317,1.3333333333333333,110
1046205.9614325069,2005.7906336088154,41.774104683195596,1.9201101928374655,1.2975206611570247,2.950413223140496,1.43801652892562,1.7134986225895317,1.3333333333333333,81
1046205.9614325069,2005.7906336088154,41.774104683195596,1.9201101928374655,1.2975206611570247,2.950413223140496,1.43801652892562,1.7134986225895317,1.3333333333333333,119
1046205.9614325069,2005.7906336088154,41.774104683195596,1.9201101928374655,1.2975206611570247,2.950413223140496,1.43801652892562,1.7134986225895317,1.3333333333333333,110
1046205.9614325069,2005.7906336088154,41.774104683195596,1.9201101928374655,1.2975206611570247,2.950413223140496,1.43801652892562,1.7134986225895317,1.3333333333333333,97
1046205.9614325069,2005.7906336088154,41.774104683195596,1.9201101928374655,1.2975206611570247,2.950413223140496,1.43801652892562,1.7134986225895317,1.3333333333333333,119
1046205.9614325069,2005.7906336088154,41.774104683195596,1.9201101928374655,1.2975206611570247,2.950413223140496,1.43801652892562,1.7134986225895317,1.3333333333333333,105
1046205.9614325069,2005.7906336088154,41.774104683195596,1.9201101928374655,1.2975206611570247,2.950413223140496,1.43801652892562,1.7134986225895317,1.3333333333333333,75
1046205.9614325069,2005.7906336088154,41.774104683195596,1.9201101928374655,1.2975206611570247,2.950413223140496,1.43801652892562,1.7134986225895317,1.3333333333333333,114
1046205.9614325069,2005.7906336088154,41.774104683195596,1.9201101928374655,1.2975206611570247,2.950413223140496,1.43801652892562,1.7134986225895317,1.3333333333333333,108
1046205.9614325069,2005.7906336088154,41.774104683195596,1.9201101928374655,1.2975206611570247,2.950413223140496,1.43801652892562,1.7134986225895317,1.3333333333333333,278
1046205.9614325069,2005.7906336088154,41.774104683195596,1.9201101928374655,1.2975206611570247,2.950413223140496,1.43801652892562,1.7134986225895317,1.3333333333333333,72
1046205.9614325069,2005.7906336088154,41.774104683195596,1.9201101928374655,1.2975206611570247,2.950413223140496,1.43801652892562,1.7134986225895317,1.3333333333333333,97
1046205.9614325069,2005.7906336088154,41.774104683195596,1.9201101928374655,1.2975206611570247,2.950413223140496,1.43801652892562,1.7134986225895317,1.3333333333333333,21
1046205.9614325069,2005.7906336088154,41.774104683195596,1.9201101928374655,1.2975206611570247,2.950413223140496,1.43801652892562,1.7134986225895317,1.3333333333333333,74
1046205.9614325069,2005.7906336088154,41.774104683195596,1.9201101928374655,1.2975206611570247,2.950413223140496,1.43801652892562,1.7134986225895317,1.3333333333333333,105
1046205.9614325069,2005.7906336088154,41.774104683195596,1.9201101928374655,1.2975206611570247,2.950413223140496,1.43801652892562,1.7134986225895317,1.3333333333333333,119
1046205.9614325069,2005.7906336088154,41.774104683195596,1.9201101928374655,1.2975206611570247,2.950413223140496,1.43801652892562,1.7134986225895317,1.3333333333333333,100
1046205.9614325069,2005.7906336088154,41.774104683195596,1.9201101928374655,1.2975206611570247,2.950413223140496,1.43801652892562,1.7134986225895317,1.3333333333333333,72
1046205.9614325069,2005.7906336088154,41.774104683195596,1.9201101928374655,1.2975206611570247,2.950413223140496,1.43801652892562,1.7134986225895317,1.3333333333333333,278
1046205.9614325069,2005.7906336088154,41.774104683195596,1.9201101928374655,1.2975206611570247,2.950413223140496,1.43801652892562,1.7134986225895317,1.3333333333333333,105
1046205.9614325069,2005.7906336088154,41.774104683195596,1.9201101928374655,1.2975206611570247,2.950413223140496,1.43801652892562,1.7134986225895317,1.3333333333333333,94
1046205.9614325069,2005.7906336088154,41.774104683195596,1.9201101928374655,1.2975206611570247,2.950413223140496,1.43801652892562,1.7134986225895317,1.3333333333333333,114
1046205.9614325069,2005.7906336088154,41.774104683195596,1.9201101928374655,1.2975206611570247,2.950413223140496,1.43801652892562,1.7134986225895317,1.3333333333333333,129
1046205.9614325069,2005.7906336088154,41.774104683195596,1.9201101928374655,1.2975206611570247,2.950413223140496,1.43801652892562,1.7134986225895317,1.3333333333333333,138
1046205.9614325069,2005.7906336088154,41.774104683195596,1.9201101928374655,1.2975206611570247,2.950413223140496,1.43801652892562,1.7134986225895317,1.3333333333333333,143
1046205.9614325069,2005.7906336088154,41.774104683195596,1.9201101928374655,1.2975206611570247,2.950413223140496,1.43801652892562,1.7134986225895317,1.3333333333333333,103
1046205.9614325069,2005.7906336088154,41.774104683195596,1.9201101928374655,1.2975206611570247,2.950413223140496,1.43801652892562,1.7134986225895317,1.3333333333333333,138
1046205.9614325069,2005.7906336088154,41.774104683195596,1.9201101928374655,1.2975206611570247,2.950413223140496,1.43801652892562,1.7134986225895317,1.3333333333333333,83
1046205.9614325069,2005.7906336088154,41.774104683195596,1.9201101928374655,1.2975206611570247,2.950413223140496,1.43801652892562,1.7134986225895317,1.3333333333333333,114
1046205.9614325069,2005.7906336088154,41.774104683195596,1.9201101928374655,1.2975206611570247,2.950413223140496,1.43801652892562,1.7134986225895317,1.3333333333333333,108
1046205.9614325069,2005.7906336088154,41.774104683195596,1.9201101928374655,1.2975206611570247,2.950413223140496,1.43801652892562,1.7134986225895317,1.3333333333333333,74
1046205.9614325069,2005.7906336088154,41.774104683195596,1.9201101928374655,1.2975206611570247,2.950413223140496,1.43801652892562,1.7134986225895317,1.3333333333333333,110
1046205.9614325069,2005.7906336088154,41.774104683195596,1.9201101928374655,1.2975206611570247,2.950413223140496,1.43801652892562,1.7134986225895317,1.3333333333333333,97
1046205.9614325069,2005.7906336088154,41.774104683195596,1.9201101928374655,1.2975206611570247,2.950413223140496,1.43801652892562,1.7134986225895317,1.3333333333333333,72
1046205.9614325069,2005.7906336088154,41.774104683195596,1.9201101928374655,1.2975206611570247,2.950413223140496,1.43801652892562,1.7134986225895317,1.3333333333333333,110
1046205.9614325069,2005.7906336088154,41.774104683195596,1.9201101928374655,1.2975206611570247,2.950413223140496,1.43801652892562,1.7134986225895317,1.3333333333333333,79
1046205.9614325069,2005.7906336088154,41.774104683195596,1.9201101928374655,1.2975206611570247,2.950413223140496,1.43801652892562,1.7134986225895317,1.3333333333333333,97
1046205.9614325069,2005.7906336088154,41.774104683195596,1.9201101928374655,1.2975206611570247,2.950413223140496,1.43801652892562,1.7134986225895317,1.3333333333333333,103
1046205.9614325069,2005.7906336088154,41.774104683195596,1.9201101928374655,1.2975206611570247,2.950413223140496,1.43801652892562,1.7134986225895317,1.3333333333333333,57
1046205.9614325069,2005.7906336088154,41.774104683195596,1.9201101928374655,1.2975206611570247,2.950413223140496,1.43801652892562,1.7134986225895317,1.3333333333333333,105
1046205.9614325069,2005.7906336088154,41.774104683195596,1.9201101928374655,1.2975206611570247,2.950413223140496,1.43801652892562,1.7134986225895317,1.3333333333333333,105
1046205.9614325069,2005.7906336088154,41.774104683195596,1.9201101928374655,1.2975206611570247,2.950413223140496,1.43801652892562,1.7134986225895317,1.3333333333333333,143
1046205.9614325069,2005.7906336088154,41.774104683195596,1.9201101928374655,1.2975206611570247,2.950413223140496,1.43801652892562,1.7134986225895317,1.3333333333333333,81
1046205.9614325069,2005.7906336088154,41.774104683195596,1.9201101928374655,1.2975206611570247,2.950413223140496,1.43801652892562,1.7134986225895317,1.3333333333333333,97
1046205.9614325069,2005.7906336088154,41.774104683195596,1.9201101928374655,1.2975206611570247,2.950413223140496,1.43801652892562,1.7134986225895317,1.3333333333333333,133
1046205.9614325069,2005.7906336088154,41.774104683195596,1.9201101928374655,1.2975206611570247,2.950413223140496,1.43801652892562,1.7134986225895317,1.3333333333333333,121
1046205.9614325069,2005.7906336088154,41.774104683195596,1.9201101928374655,1.2975206611570247,2.950413223140496,1.43801652892562,1.7134986225895317,1.3333333333333333,75
1046205.9614325069,2005.7906336088154,41.774104683195596,1.9201101928374655,1.2975206611570247,2.950413223140496,1.43801652892562,1.7134986225895317,1.3333333333333333,114
1046205.9614325069,2005.7906336088154,41.774104683195596,1.9201101928374655,1.2975206611570247,2.950413223140496,1.43801652892562,1.7134986225895317,1.3333333333333333,72
1046205.9614325069,2005.7906336088154,41.774104683195596,1.9201101928374655,1.2975206611570247,2.950413223140496,1.43801652892562,1.7134986225895317,1.3333333333333333,138
1046205.9614325069,2005.7906336088154,41.774104683195596,1.9201101928374655,1.2975206611570247,2.950413223140496,1.43801652892562,1.7134986225895317,1.3333333333333333,94
1046205.9614325069,2005.7906336088154,41.774104683195596,1.9201101928374655,1.2975206611570247,2.950413223140496,1.43801652892562,1.7134986225895317,1.3333333333333333,81
1046205.9614325069,2005.7906336088154,41.774104683195596,1.9201101928374655,1.2975206611570247,2.950413223140496,1.43801652892562,1.7134986225895317,1.3333333333333333,119
1046205.9614325069,2005.7906336088154,41.774104683195596,1.9201101928374655,1.2975206611570247,2.950413223140496,1.43801652892562,1.7134986225895317,1.3333333333333333,105
1046205.9614325069,2005.7906336088154,41.774104683195596,1.9201101928374655,1.2975206611570247,2.950413223140496,1.43801652892562,1.7134986225895317,1.3333333333333333,119
1046205.9614325069,2005.7906336088154,41.774104683195596,1.9201101928374655,1.2975206611570247,2.950413223140496,1.43801652892562,1.7134986225895317,1.3333333333333333,101
1046205.9614325069,2005.7906336088154,41.774104683195596,1.9201101928374655,1.2975206611570247,2.950413223140496,1.43801652892562,1.7134986225895317,1.3333333333333333,138
1046205.9614325069,2005.7906336088154,41.774104683195596,1.9201101928374655,1.2975206611570247,2.950413223140496,1.43801652892562,1.7134986225895317,1.3333333333333333,279
1046205.9614325069,2005.7906336088154,41.774104683195596,1.9201101928374655,1.2975206611570247,2.950413223140496,1.43801652892562,1.7134986225895317,1.3333333333333333,129
1046205.9614325069,2005.7906336088154,41.774104683195596,1.9201101928374655,1.2975206611570247,2.950413223140496,1.43801652892562,1.7134986225895317,1.3333333333333333,108
1046205.9614325069,2005.7906336088154,41.774104683195596,1.9201101928374655,1.2975206611570247,2.950413223140496,1.43801652892562,1.7134986225895317,1.3333333333333333,80
1046205.9614325069,2005.7906336088154,41.774104683195596,1.9201101928374655,1.2975206611570247,2.950413223140496,1.43801652892562,1.7134986225895317,1.3333333333333333,100
1046205.9614325069,2005.7906336088154,41.774104683195596,1.9201101928374655,1.2975206611570247,2.950413223140496,1.43801652892562,1.7134986225895317,1.3333333333333333,110
1046205.9614325069,2005.7906336088154,41.774104683195596,1.9201101928374655,1.2975206611570247,2.950413223140496,1.43801652892562,1.7134986225895317,1.3333333333333333,110
1046205.9614325069,2005.7906336088154,41.774104683195596,1.9201101928374655,1.2975206611570247,2.950413223140496,1.43801652892562,1.7134986225895317,1.3333333333333333,80
1046205.9614325069,2005.7906336088154,41.774104683195596,1.9201101928374655,1.2975206611570247,2.950413223140496,1.43801652892562,1.7134986225895317,1.3333333333333333,108
1046205.9614325069,2005.7906336088154,41.774104683195596,1.9201101928374655,1.2975206611570247,2.950413223140496,1.43801652892562,1.7134986225895317,1.3333333333333333,119
1046205.9614325069,2005.7906336088154,41.774104683195596,1.9201101928374655,1.2975206611570247,2.950413223140496,1.43801652892562,1.7134986225895317,1.3333333333333333,105
1046205.9614325069,2005.7906336088154,41.774104683195596,1.9201101928374655,1.2975206611570247,2.950413223140496,1.43801652892562,1.7134986225895317,1.3333333333333333,68
1046205.9614325069,2005.7906336088154,41.774104683195596,1.9201101928374655,1.2975206611570247,2.950413223140496,1.43801652892562,1.7134986225895317,1.3333333333333333,129
1046205.9614325069,2005.7906336088154,41.774104683195596,1.9201101928374655,1.2975206611570247,2.950413223140496,1.43801652892562,1.7134986225895317,1.3333333333333333,129
1046205.9614325069,2005.7906336088154,41.774104683195596,1.9201101928374655,1.2975206611570247,2.950413223140496,1.43801652892562,1.7134986225895317,1.3333333333333333,105
1046205.9614325069,2005.7906336088154,41.774104683195596,1.9201101928374655,1.2975206611570247,2.950413223140496,1.43801652892562,1.7134986225895317,1.3333333333333333,97
1046205.9614325069,2005.7906336088154,41.774104683195596,1.9201101928374655,1.2975206611570247,2.950413223140496,1.43801652892562,1.7134986225895317,1.3333333333333333,100
1046205.9614325069,2005.7906336088154,41.774104683195596,1.9201101928374655,1.2975206611570247,2.950413223140496,1.43801652892562,1.7134986225895317,1.3333333333333333,105
1046205.9614325069,2005.7906336088154,41.774104683195596,1.9201101928374655,1.2975206611570247,2.950413223140496,1.43801652892562,1.7134986225895317,1.3333333333333333,103
1046205.9614325069,2005.7906336088154,41.774104683195596,1.9201101928374655,1.2975206611570247,2.950413223140496,1.43801652892562,1.7134986225895317,1.3333333333333333,105
1046205.9614325069,2005.7906336088154,41.774104683195596,1.9201101928374655,1.2975206611570247,2.950413223140496,1.43801652892562,1.7134986225895317,1.3333333333333333,81
1046205.9614325069,2005.7906336088154,41.774104683195596,1.9201101928374655,1.2975206611570247,2.950413223140496,1.43801652892562,1.7134986225895317,1.3333333333333333,110
1046205.9614325069,2005.7906336088154,41.774104683195596,1.9201101928374655,1.2975206611570247,2.950413223140496,1.43801652892562,1.7134986225895317,1.3333333333333333,105
1046205.9614325069,2005.7906336088154,41.774104683195596,1.9201101928374655,1.2975206611570247,2.950413223140496,1.43801652892562,1.7134986225895317,1.3333333333333333,79
1046205.9614325069,2005.7906336088154,41.774104683195596,1.9201101928374655,1.2975206611570247,2.950413223140496,1.43801652892562,1.7134986225895317,1.3333333333333333,80
1046205.9614325069,2005.7906336088154,41.774104683195596,1.9201101928374655,1.2975206611570247,2.950413223140496,1.43801652892562,1.7134986225895317,1.3333333333333333,138
1046205.9614325069,2005.7906336088154,41.774104683195596,1.9201101928374655,1.2975206611570247,2.950413223140496,1.43801652892562,1.7134986225895317,1.3333333333333333,138
1046205.9614325069,2005.7906336088154,41.774104683195596,1.9201101928374655,1.2975206611570247,2.950413223140496,1.43801652892562,1.7134986225895317,1.3333333333333333,100
1046205.9614325069,2005.7906336088154,41.774104683195596,1.9201101928374655,1.2975206611570247,2.950413223140496,1.43801652892562,1.7134986225895317,1.3333333333333333,103
1046205.9614325069,2005.7906336088154,41.774104683195596,1.9201101928374655,1.2975206611570247,2.950413223140496,1.43801652892562,1.7134986225895317,1.3333333333333333,110
1046205.9614325069,2005.7906336088154,41.774104683195596,1.9201101928374655,1.2975206611570247,2.950413223140496,1.43801652892562,1.7134986225895317,1.3333333333333333,94
1046205.9614325069,2005.7906336088154,41.774104683195596,1.9201101928374655,1.2975206611570247,2.950413223140496,1.43801652892562,1.7134986225895317,1.3333333333333333,100
1046205.9614325069,2005.7906336088154,41.774104683195596,1.9201101928374655,1.2975206611570247,2.950413223140496,1.43801652892562,1.7134986225895317,1.3333333333333333,65
1046205.9614325069,2005.7906336088154,41.774104683195596,1.9201101928374655,1.2975206611570247,2.950413223140496,1.43801652892562,1.7134986225895317,1.3333333333333333,278
1046205.9614325069,2005.7906336088154,41.774104683195596,1.9201101928374655,1.2975206611570247,2.950413223140496,1.43801652892562,1.7134986225895317,1.3333333333333333,57
1046205.9614325069,2005.7906336088154,41.774104683195596,1.9201101928374655,1.2975206611570247,2.950413223140496,1.43801652892562,1.7134986225895317,1.3333333333333333,121
1046205.9614325069,2005.7906336088154,41.774104683195596,1.9201101928374655,1.2975206611570247,2.950413223140496,1.43801652892562,1.7134986225895317,1.3333333333333333,100
1046205.9614325069,2005.7906336088154,41.774104683195596,1.9201101928374655,1.2975206611570247,2.950413223140496,1.43801652892562,1.7134986225895317,1.3333333333333333,59
1046205.9614325069,2005.7906336088154,41.774104683195596,1.9201101928374655,1.2975206611570247,2.950413223140496,1.43801652892562,1.7134986225895317,1.3333333333333333,72
1046205.9614325069,2005.7906336088154,41.774104683195596,1.9201101928374655,1.2975206611570247,2.950413223140496,1.43801652892562,1.7134986225895317,1.3333333333333333,277
1046205.9614325069,2005.7906336088154,41.774104683195596,1.9201101928374655,1.2975206611570247,2.950413223140496,1.43801652892562,1.7134986225895317,1.3333333333333333,129
1046205.9614325069,2005.7906336088154,41.774104683195596,1.9201101928374655,1.2975206611570247,2.950413223140496,1.43801652892562,1.7134986225895317,1.3333333333333333,201
1046205.9614325069,2005.7906336088154,41.774104683195596,1.9201101928374655,1.2975206611570247,2.950413223140496,1.43801652892562,1.7134986225895317,1.3333333333333333,143
1046205.9614325069,2005.7906336088154,41.774104683195596,1.9201101928374655,1.2975206611570247,2.950413223140496,1.43801652892562,1.7134986225895317,1.3333333333333333,94
1046205.9614325069,2005.7906336088154,41.774104683195596,1.9201101928374655,1.2975206611570247,2.950413223140496,1.43801652892562,1.7134986225895317,1.3333333333333333,97
1046205.9614325069,2005.7906336088154,41.774104683195596,1.9201101928374655,1.2975206611570247,2.950413223140496,1.43801652892562,1.7134986225895317,1.3333333333333333,70
1046205.9614325069,2005.7906336088154,41.774104683195596,1.9201101928374655,1.2975206611570247,2.950413223140496,1.43801652892562,1.7134986225895317,1.3333333333333333,72
1046205.9614325069,2005.7906336088154,41.774104683195596,1.9201101928374655,1.2975206611570247,2.950413223140496,1.43801652892562,1.7134986225895317,1.3333333333333333,105
1046205.9614325069,2005.7906336088154,41.774104683195596,1.9201101928374655,1.2975206611570247,2.950413223140496,1.43801652892562,1.7134986225895317,1.3333333333333333,105
1046205.9614325069,2005.7906336088154,41.774104683195596,1.9201101928374655,1.2975206611570247,2.950413223140496,1.43801652892562,1.7134986225895317,1.3333333333333333,114
1046205.9614325069,2005.7906336088154,41.774104683195596,1.9201101928374655,1.2975206611570247,2.950413223140496,1.43801652892562,1.7134986225895317,1.3333333333333333,110
1046205.9614325069,2005.7906336088154,41.774104683195596,1.9201101928374655,1.2975206611570247,2.950413223140496,1.43801652892562,1.7134986225895317,1.3333333333333333,81
1046205.9614325069,2005.7906336088154,41.774104683195596,1.9201101928374655,1.2975206611570247,2.950413223140496,1.43801652892562,1.7134986225895317,1.3333333333333333,81
1046205.9614325069,2005.7906336088154,41.774104683195596,1.9201101928374655,1.2975206611570247,2.950413223140496,1.43801652892562,1.7134986225895317,1.3333333333333333,94
1046205.9614325069,2005.7906336088154,41.774104683195596,1.9201101928374655,1.2975206611570247,2.950413223140496,1.43801652892562,1.7134986225895317,1.3333333333333333,75
1046205.9614325069,2005.7906336088154,41.774104683195596,1.9201101928374655,1.2975206611570247,2.950413223140496,1.43801652892562,1.7134986225895317,1.3333333333333333,129
1046205.9614325069,2005.7906336088154,41.774104683195596,1.9201101928374655,1.2975206611570247,2.950413223140496,1.43801652892562,1.7134986225895317,1.3333333333333333,97
1046205.9614325069,2005.7906336088154,41.774104683195596,1.9201101928374655,1.2975206611570247,2.950413223140496,1.43801652892562,1.7134986225895317,1.3333333333333333,110
1046205.9614325069,2005.7906336088154,41.774104683195596,1.9201101928374655,1.2975206611570247,2.950413223140496,1.43801652892562,1.7134986225895317,1.3333333333333333,108
1046205.9614325069,2005.7906336088154,41.774104683195596,1.9201101928374655,1.2975206611570247,2.950413223140496,1.43801652892562,1.7134986225895317,1.3333333333333333,129
1046205.9614325069,2005.7906336088154,41.774104683195596,1.9201101928374655,1.2975206611570247,2.950413223140496,1.43801652892562,1.7134986225895317,1.3333333333333333,138
1046205.9614325069,2005.7906336088154,41.774104683195596,1.9201101928374655,1.2975206611570247,2.950413223140496,1.43801652892562,1.7134986225895317,1.3333333333333333,133
1046205.9614325069,2005.7906336088154,41.774104683195596,1.9201101928374655,1.2975206611570247,2.950413223140496,1.43801652892562,1.7134986225895317,1.3333333333333333,74
1046205.9614325069,2005.7906336088154,41.774104683195596,1.9201101928374655,1.2975206611570247,2.950413223140496,1.43801652892562,1.7134986225895317,1.3333333333333333,77
1046205.9614325069,2005.7906336088154,41.774104683195596,1.9201101928374655,1.2975206611570247,2.950413223140496,1.43801652892562,1.7134986225895317,1.3333333333333333,105
1046205.9614325069,2005.7906336088154,41.774104683195596,1.9201101928374655,1.2975206611570247,2.950413223140496,1.43801652892562,1.7134986225895317,1.3333333333333333,108
1046205.9614325069,2005.7906336088154,41.774104683195596,1.9201101928374655,1.2975206611570247,2.950413223140496,1.43801652892562,1.7134986225895317,1.3333333333333333,114
1046205.9614325069,2005.7906336088154,41.774104683195596,1.9201101928374655,1.2975206611570247,2.950413223140496,1.43801652892562,1.7134986225895317,1.3333333333333333,108
1046205.9614325069,2005.7906336088154,41.774104683195596,1.9201101928374655,1.2975206611570247,2.950413223140496,1.43801652892562,1.7134986225895317,1.3333333333333333,105
1046205.9614325069,2005.7906336088154,41.774104683195596,1.9201101928374655,1.2975206611570247,2.950413223140496,1.43801652892562,1.7134986225895317,1.3333333333333333,119
1046205.9614325069,2005.7906336088154,41.774104683195596,1.9201101928374655,1.2975206611570247,2.950413223140496,1.43801652892562,1.7134986225895317,1.3333333333333333,83
1046205.9614325069,2005.7906336088154,41.774104683195596,1.9201101928374655,1.2975206611570247,2.950413223140496,1.43801652892562,1.7134986225895317,1.3333333333333333,143
1046205.9614325069,2005.7906336088154,41.774104683195596,1.9201101928374655,1.2975206611570247,2.950413223140496,1.43801652892562,1.7134986225895317,1.3333333333333333,100
1046205.9614325069,2005.7906336088154,41.774104683195596,1.9201101928374655,1.2975206611570247,2.950413223140496,1.43801652892562,1.7134986225895317,1.3333333333333333,119
1046205.9614325069,2005.7906336088154,41.774104683195596,1.9201101928374655,1.2975206611570247,2.950413223140496,1.43801652892562,1.7134986225895317,1.3333333333333333,72
1046205.9614325069,2005.7906336088154,41.774104683195596,1.9201101928374655,1.2975206611570247,2.950413223140496,1.43801652892562,1.7134986225895317,1.3333333333333333,97
1046205.9614325069,2005.7906336088154,41.774104683195596,1.9201101928374655,1.2975206611570247,2.950413223140496,1.43801652892562,1.7134986225895317,1.3333333333333333,138
1046205.9614325069,2005.7906336088154,41.774104683195596,1.9201101928374655,1.2975206611570247,2.950413223140496,1.43801652892562,1.7134986225895317,1.3333333333333333,100
1046205.9614325069,2005.7906336088154,41.774104683195596,1.9201101928374655,1.2975206611570247,2.950413223140496,1.43801652892562,1.7134986225895317,1.3333333333333333,129
1046205.9614325069,2005.7906336088154,41.774104683195596,1.9201101928374655,1.2975206611570247,2.950413223140496,1.43801652892562,1.7134986225895317,1.3333333333333333,103
1046205.9614325069,2005.7906336088154,41.774104683195596,1.9201101928374655,1.2975206611570247,2.950413223140496,1.43801652892562,1.7134986225895317,1.3333333333333333,138
1046205.9614325069,2005.7906336088154,41.774104683195596,1.9201101928374655,1.2975206611570247,2.950413223140496,1.43801652892562,1.7134986225895317,1.3333333333333333,105
1046205.9614325069,2005.7906336088154,41.774104683195596,1.9201101928374655,1.2975206611570247,2.950413223140496,1.43801652892562,1.7134986225895317,1.3333333333333333,100
1046205.9614325069,2005.7906336088154,41.774104683195596,1.9201101928374655,1.2975206611570247,2.950413223140496,1.43801652892562,1.7134986225895317,1.3333333333333333,108
1046205.9614325069,2005.7906336088154,41.774104683195596,1.9201101928374655,1.2975206611570247,2.950413223140496,1.43801652892562,1.7134986225895317,1.3333333333333333,127
1046205.9614325069,2005.7906336088154,41.774104683195596,1.9201101928374655,1.2975206611570247,2.950413223140496,1.43801652892562,1.7134986225895317,1.3333333333333333,100
1046205.9614325069,2005.7906336088154,41.774104683195596,1.9201101928374655,1.2975206611570247,2.950413223140496,1.43801652892562,1.7134986225895317,1.3333333333333333,77
1046205.9614325069,2005.7906336088154,41.774104683195596,1.9201101928374655,1.2975206611570247,2.950413223140496,1.43801652892562,1.7134986225895317,1.3333333333333333,72
1046205.9614325069,2005.7906336088154,41.774104683195596,1.9201101928374655,1.2975206611570247,2.950413223140496,1.43801652892562,1.7134986225895317,1.3333333333333333,81
1046205.9614325069,2005.7906336088154,41.774104683195596,1.9201101928374655,1.2975206611570247,2.950413223140496,1.43801652892562,1.7134986225895317,1.3333333333333333,74
1046205.9614325069,2005.7906336088154,41.774104683195596,1.9201101928374655,1.2975206611570247,2.950413223140496,1.43801652892562,1.7134986225895317,1.3333333333333333,94
1046205.9614325069,2005.7906336088154,41.774104683195596,1.9201101928374655,1.2975206611570247,2.950413223140496,1.43801652892562,1.7134986225895317,1.3333333333333333,277
1046205.9614325069,2005.7906336088154,41.774104683195596,1.9201101928374655,1.2975206611570247,2.950413223140496,1.43801652892562,1.7134986225895317,1.3333333333333333,80
1046205.9614325069,2005.7906336088154,41.774104683195596,1.9201101928374655,1.2975206611570247,2.950413223140496,1.43801652892562,1.7134986225895317,1.3333333333333333,129
1046205.9614325069,2005.7906336088154,41.774104683195596,1.9201101928374655,1.2975206611570247,2.950413223140496,1.43801652892562,1.7134986225895317,1.3333333333333333,138
1046205.9614325069,2005.7906336088154,41.774104683195596,1.9201101928374655,1.2975206611570247,2.950413223140496,1.43801652892562,1.7134986225895317,1.3333333333333333,201
1046205.9614325069,2005.7906336088154,41.774104683195596,1.9201101928374655,1.2975206611570247,2.950413223140496,1.43801652892562,1.7134986225895317,1.3333333333333333,138
1046205.9614325069,2005.7906336088154,41.774104683195596,1.9201101928374655,1.2975206611570247,2.950413223140496,1.43801652892562,1.7134986225895317,1.3333333333333333,105
1046205.9614325069,2005.7906336088154,41.774104683195596,1.9201101928374655,1.2975206611570247,2.950413223140496,1.43801652892562,1.7134986225895317,1.3333333333333333,105
1046205.9614325069,2005.7906336088154,41.774104683195596,1.9201101928374655,1.2975206611570247,2.950413223140496,1.43801652892562,1.7134986225895317,1.3333333333333333,114
1046205.9614325069,2005.7906336088154,41.774104683195596,1.9201101928374655,1.2975206611570247,2.950413223140496,1.43801652892562,1.7134986225895317,1.3333333333333333,129
1046205.9614325069,2005.7906336088154,41.774104683195596,1.9201101928374655,1.2975206611570247,2.950413223140496,1.43801652892562,1.7134986225895317,1.3333333333333333,143
1046205.9614325069,2005.7906336088154,41.774104683195596,1.9201101928374655,1.2975206611570247,2.950413223140496,1.43801652892562,1.7134986225895317,1.3333333333333333,119
1046205.9614325069,2005.7906336088154,41.774104683195596,1.9201101928374655,1.2975206611570247,2.950413223140496,1.43801652892562,1.7134986225895317,1.3333333333333333,105
1046205.9614325069,2005.7906336088154,41.774104683195596,1.9201101928374655,1.2975206611570247,2.950413223140496,1.43801652892562,1.7134986225895317,1.3333333333333333,129
1046205.9614325069,2005.7906336088154,41.774104683195596,1.9201101928374655,1.2975206611570247,2.950413223140496,1.43801652892562,1.7134986225895317,1.3333333333333333,138
1046205.9614325069,2005.7906336088154,41.774104683195596,1.9201101928374655,1.2975206611570247,2.950413223140496,1.43801652892562,1.7134986225895317,1.3333333333333333,97
1046205.9614325069,2005.7906336088154,41.774104683195596,1.9201101928374655,1.2975206611570247,2.950413223140496,1.43801652892562,1.7134986225895317,1.3333333333333333,110
1046205.9614325069,2005.7906336088154,41.774104683195596,1.9201101928374655,1.2975206611570247,2.950413223140496,1.43801652892562,1.7134986225895317,1.3333333333333333,102
1046205.9614325069,2005.7906336088154,41.774104683195596,1.9201101928374655,1.2975206611570247,2.950413223140496,1.43801652892562,1.7134986225895317,1.3333333333333333,108
1046205.9614325069,2005.7906336088154,41.774104683195596,1.9201101928374655,1.2975206611570247,2.950413223140496,1.43801652892562,1.7134986225895317,1.3333333333333333,121
1046205.9614325069,2005.7906336088154,41.774104683195596,1.9201101928374655,1.2975206611570247,2.950413223140496,1.43801652892562,1.7134986225895317,1.3333333333333333,95
1046205.9614325069,2005.7906336088154,41.774104683195596,1.9201101928374655,1.2975206611570247,2.950413223140496,1.43801652892562,1.7134986225895317,1.3333333333333333,114
1046205.9614325069,2005.7906336088154,41.774104683195596,1.9201101928374655,1.2975206611570247,2.950413223140496,1.43801652892562,1.7134986225895317,1.3333333333333333,103
1046205.9614325069,2005.7906336088154,41.774104683195596,1.9201101928374655,1.2975206611570247,2.950413223140496,1.43801652892562,1.7134986225895317,1.3333333333333333,100
1046205.9614325069,2005.7906336088154,41.774104683195596,1.9201101928374655,1.2975206611570247,2.950413223140496,1.43801652892562,1.7134986225895317,1.3333333333333333,59
1046205.9614325069,2005.7906336088154,41.774104683195596,1.9201101928374655,1.2975206611570247,2.950413223140496,1.43801652892562,1.7134986225895317,1.3333333333333333,72
1046205.9614325069,2005.7906336088154,41.774104683195596,1.9201101928374655,1.2975206611570247,2.950413223140496,1.43801652892562,1.7134986225895317,1.3333333333333333,105
1046205.9614325069,2005.7906336088154,41.774104683195596,1.9201101928374655,1.2975206611570247,2.950413223140496,1.43801652892562,1.7134986225895317,1.3333333333333333,201
1046205.9614325069,2005.7906336088154,41.774104683195596,1.9201101928374655,1.2975206611570247,2.950413223140496,1.43801652892562,1.7134986225895317,1.3333333333333333,110
1046205.9614325069,2005.7906336088154,41.774104683195596,1.9201101928374655,1.2975206611570247,2.950413223140496,1.43801652892562,1.7134986225895317,1.3333333333333333,72
1046205.9614325069,2005.7906336088154,41.774104683195596,1.9201101928374655,1.2975206611570247,2.950413223140496,1.43801652892562,1.7134986225895317,1.3333333333333333,69
1046205.9614325069,2005.7906336088154,41.774104683195596,1.9201101928374655,1.2975206611570247,2.950413223140496,1.43801652892562,1.7134986225895317,1.3333333333333333,108
1046205.9614325069,2005.7906336088154,41.774104683195596,1.9201101928374655,1.2975206611570247,2.950413223140496,1.43801652892562,1.7134986225895317,1.3333333333333333,119
1046205.9614325069,2005.7906336088154,41.774104683195596,1.9201101928374655,1.2975206611570247,2.950413223140496,1.43801652892562,1.7134986225895317,1.3333333333333333,83
1046205.9614325069,2005.7906336088154,41.774104683195596,1.9201101928374655,1.2975206611570247,2.950413223140496,1.43801652892562,1.7134986225895317,1.3333333333333333,75
1046205.9614325069,2005.7906336088154,41.774104683195596,1.9201101928374655,1.2975206611570247,2.950413223140496,1.43801652892562,1.7134986225895317,1.3333333333333333,100
1046205.9614325069,2005.7906336088154,41.774104683195596,1.9201101928374655,1.2975206611570247,2.950413223140496,1.43801652892562,1.7134986225895317,1.3333333333333333,277
1046205.9614325069,2005.7906336088154,41.774104683195596,1.9201101928374655,1.2975206611570247,2.950413223140496,1.43801652892562,1.7134986225895317,1.3333333333333333,105
1046205.9614325069,2005.7906336088154,41.774104683195596,1.9201101928374655,1.2975206611570247,2.950413223140496,1.43801652892562,1.7134986225895317,1.3333333333333333,119
1046205.9614325069,2005.7906336088154,41.774104683195596,1.9201101928374655,1.2975206611570247,2.950413223140496,1.43801652892562,1.7134986225895317,1.3333333333333333,81
1046205.9614325069,2005.7906336088154,41.774104683195596,1.9201101928374655,1.2975206611570247,2.950413223140496,1.43801652892562,1.7134986225895317,1.3333333333333333,129
1046205.9614325069,2005.7906336088154,41.774104683195596,1.9201101928374655,1.2975206611570247,2.950413223140496,1.43801652892562,1.7134986225895317,1.3333333333333333,110
1046205.9614325069,2005.7906336088154,41.774104683195596,1.9201101928374655,1.2975206611570247,2.950413223140496,1.43801652892562,1.7134986225895317,1.3333333333333333,97
1046205.9614325069,2005.7906336088154,41.774104683195596,1.9201101928374655,1.2975206611570247,2.950413223140496,1.43801652892562,1.7134986225895317,1.3333333333333333,127
1046205.9614325069,2005.7906336088154,41.774104683195596,1.9201101928374655,1.2975206611570247,2.950413223140496,1.43801652892562,1.7134986225895317,1.3333333333333333,114
1046205.9614325069,2005.7906336088154,41.774104683195596,1.9201101928374655,1.2975206611570247,2.950413223140496,1.43801652892562,1.7134986225895317,1.3333333333333333,79
1046205.9614325069,2005.7906336088154,41.774104683195596,1.9201101928374655,1.2975206611570247,2.950413223140496,1.43801652892562,1.7134986225895317,1.3333333333333333,114
1046205.9614325069,2005.7906336088154,41.774104683195596,1.9201101928374655,1.2975206611570247,2.950413223140496,1.43801652892562,1.7134986225895317,1.3333333333333333,105
1046205.9614325069,2005.7906336088154,41.774104683195596,1.9201101928374655,1.2975206611570247,2.950413223140496,1.43801652892562,1.7134986225895317,1.3333333333333333,97
