1016502.7741935484,2005.5483870967741,42.473118279569896,1.935483870967742,1.2043010752688172,3.4193548387096775,1.5698924731182795,1.7849462365591398,1.2795698924731183,121
1016502.7741935484,2005.5483870967741,42.473118279569896,1.935483870967742,1.2043010752688172,3.4193548387096775,1.5698924731182795,1.7849462365591398,1.2795698924731183,121
1016502.7741935484,2005.5483870967741,42.473118279569896,1.935483870967742,1.2043010752688172,3.4193548387096775,1.5698924731182795,1.7849462365591398,1.2795698924731183,196
1016502.7741935484,2005.5483870967741,42.473118279569896,1.935483870967742,1.2043010752688172,3.4193548387096775,1.5698924731182795,1.7849462365591398,1.2795698924731183,121
1016502.7741935484,2005.5483870967741,42.473118279569896,1.935483870967742,1.2043010752688172,3.4193548387096775,1.5698924731182795,1.7849462365591398,1.2795698924731183,56
1016502.7741935484,2005.5483870967741,42.473118279569896,1.935483870967742,1.2043010752688172,3.4193548387096775,1.5698924731182795,1.7849462365591398,1.2795698924731183,64
1016502.7741935484,2005.5483870967741,42.473118279569896,1.935483870967742,1.2043010752688172,3.4193548387096775,1.5698924731182795,1.7849462365591398,1.2795698924731183,92
1016502.7741935484,2005.5483870967741,42.473118279569896,1.935483870967742,1.2043010752688172,3.4193548387096775,1.5698924731182795,1.7849462365591398,1.2795698924731183,136
1016502.7741935484,2005.5483870967741,42.473118279569896,1.935483870967742,1.2043010752688172,3.4193548387096775,1.5698924731182795,1.7849462365591398,1.2795698924731183,136
1016502.7741935484,2005.5483870967741,42.473118279569896,1.935483870967742,1.2043010752688172,3.4193548387096775,1.5698924731182795,1.7849462365591398,1.2795698924731183,163
1016502.7741935484,2005.5483870967741,42.473118279569896,1.935483870967742,1.2043010752688172,3.4193548387096775,1.5698924731182795,1.7849462365591398,1.2795698924731183,272
1016502.7741935484,2005.5483870967741,42.473118279569896,1.935483870967742,1.2043010752688172,3.4193548387096775,1.5698924731182795,1.7849462365591398,1.2795698924731183,121
1016502.7741935484,2005.5483870967741,42.473118279569896,1.935483870967742,1.2043010752688172,3.4193548387096775,1.5698924731182795,1.7849462365591398,1.2795698924731183,47
1016502.7741935484,2005.5483870967741,42.473118279569896,1.935483870967742,1.2043010752688172,3.4193548387096775,1.5698924731182795,1.7849462365591398,1.2795698924731183,172
1016502.7741935484,2005.5483870967741,42.473118279569896,1.935483870967742,1.2043010752688172,3.4193548387096775,1.5698924731182795,1.7849462365591398,1.2795698924731183,32
1016502.7741935484,2005.5483870967741,42.473118279569896,1.935483870967742,1.2043010752688172,3.4193548387096775,1.5698924731182795,1.7849462365591398,1.2795698924731183,92
1016502.7741935484,2005.5483870967741,42.473118279569896,1.935483870967742,1.2043010752688172,3.4193548387096775,1.5698924731182795,1.7849462365591398,1.2795698924731183,92
1016502.7741935484,2005.5483870967741,42.473118279569896,1.935483870967742,1.2043010752688172,3.4193548387096775,1.5698924731182795,1.7849462365591398,1.2795698924731183,32
1016502.7741935484,2005.5483870967741,42.473118279569896,1.935483870967742,1.2043010752688172,3.4193548387096775,1.5698924731182795,1.7849462365591398,1.2795698924731183,172
1016502.7741935484,2005.5483870967741,42.473118279569896,1.935483870967742,1.2043010752688172,3.4193548387096775,1.5698924731182795,1.7849462365591398,1.2795698924731183,64
1016502.7741935484,2005.5483870967741,42.473118279569896,1.935483870967742,1.2043010752688172,3.4193548387096775,1.5698924731182795,1.7849462365591398,1.2795698924731183,121
1016502.7741935484,2005.5483870967741,42.473118279569896,1.935483870967742,1.2043010752688172,3.4193548387096775,1.5698924731182795,1.7849462365591398,1.2795698924731183,196
1016502.7741935484,2005.5483870967741,42.473118279569896,1.935483870967742,1.2043010752688172,3.4193548387096775,1.5698924731182795,1.7849462365591398,1.2795698924731183,56
1016502.7741935484,2005.5483870967741,42.473118279569896,1.935483870967742,1.2043010752688172,3.4193548387096775,1.5698924731182795,1.7849462365591398,1.2795698924731183,136
1016502.7741935484,2005.5483870967741,42.473118279569896,1.935483870967742,1.2043010752688172,3.4193548387096775,1.5698924731182795,1.7849462365591398,1.2795698924731183,121
1016502.7741935484,2005.5483870967741,42.473118279569896,1.935483870967742,1.2043010752688172,3.4193548387096775,1.5698924731182795,1.7849462365591398,1.2795698924731183,121
1016502.7741935484,2005.5483870967741,42.473118279569896,1.935483870967742,1.2043010752688172,3.4193548387096775,1.5698924731182795,1.7849462365591398,1.2795698924731183,92
1016502.7741935484,2005.5483870967741,42.473118279569896,1.935483870967742,1.2043010752688172,3.4193548387096775,1.5698924731182795,1.7849462365591398,1.2795698924731183,172
1016502.7741935484,2005.5483870967741,42.473118279569896,1.935483870967742,1.2043010752688172,3.4193548387096775,1.5698924731182795,1.7849462365591398,1.2795698924731183,121
1016502.7741935484,2005.5483870967741,42.473118279569896,1.935483870967742,1.2043010752688172,3.4193548387096775,1.5698924731182795,1.7849462365591398,1.2795698924731183,47
1016502.7741935484,2005.5483870967741,42.473118279569896,1.935483870967742,1.2043010752688172,3.4193548387096775,1.5698924731182795,1.7849462365591398,1.2795698924731183,172
1016502.7741935484,2005.5483870967741,42.473118279569896,1.935483870967742,1.2043010752688172,3.4193548387096775,1.5698924731182795,1.7849462365591398,1.2795698924731183,196
1016502.7741935484,2005.5483870967741,42.473118279569896,1.935483870967742,1.2043010752688172,3.4193548387096775,1.5698924731182795,1.7849462365591398,1.2795698924731183,92
1016502.7741935484,2005.5483870967741,42.473118279569896,1.935483870967742,1.2043010752688172,3.4193548387096775,1.5698924731182795,1.7849462365591398,1.2795698924731183,92
1016502.7741935484,2005.5483870967741,42.473118279569896,1.935483870967742,1.2043010752688172,3.4193548387096775,1.5698924731182795,1.7849462365591398,1.2795698924731183,47
1016502.7741935484,2005.5483870967741,42.473118279569896,1.935483870967742,1.2043010752688172,3.4193548387096775,1.5698924731182795,1.7849462365591398,1.2795698924731183,121
1016502.7741935484,2005.5483870967741,42.473118279569896,1.935483870967742,1.2043010752688172,3.4193548387096775,1.5698924731182795,1.7849462365591398,1.2795698924731183,92
1016502.7741935484,2005.5483870967741,42.473118279569896,1.935483870967742,1.2043010752688172,3.4193548387096775,1.5698924731182795,1.7849462365591398,1.2795698924731183,121
1016502.7741935484,2005.5483870967741,42.473118279569896,1.935483870967742,1.2043010752688172,3.4193548387096775,1.5698924731182795,1.7849462365591398,1.2795698924731183,23
1016502.7741935484,2005.5483870967741,42.473118279569896,1.935483870967742,1.2043010752688172,3.4193548387096775,1.5698924731182795,1.7849462365591398,1.2795698924731183,136
1016502.7741935484,2005.5483870967741,42.473118279569896,1.935483870967742,1.2043010752688172,3.4193548387096775,1.5698924731182795,1.7849462365591398,1.2795698924731183,56
1016502.7741935484,2005.5483870967741,42.473118279569896,1.935483870967742,1.2043010752688172,3.4193548387096775,1.5698924731182795,1.7849462365591398,1.2795698924731183,121
1016502.7741935484,2005.5483870967741,42.473118279569896,1.935483870967742,1.2043010752688172,3.4193548387096775,1.5698924731182795,1.7849462365591398,1.2795698924731183,121
1016502.7741935484,2005.5483870967741,42.473118279569896,1.935483870967742,1.2043010752688172,3.4193548387096775,1.5698924731182795,1.7849462365591398,1.2795698924731183,172
1016502.7741935484,2005.5483870967741,42.473118279569896,1.935483870967742,1.2043010752688172,3.4193548387096775,1.5698924731182795,1.7849462365591398,1.2795698924731183,172
1016502.7741935484,2005.5483870967741,42.473118279569896,1.935483870967742,1.2043010752688172,3.4193548387096775,1.5698924731182795,1.7849462365591398,1.2795698924731183,187
1016502.7741935484,2005.5483870967741,42.473118279569896,1.935483870967742,1.2043010752688172,3.4193548387096775,1.5698924731182795,1.7849462365591398,1.2795698924731183,196
1016502.7741935484,2005.5483870967741,42.473118279569896,1.935483870967742,1.2043010752688172,3.4193548387096775,1.5698924731182795,1.7849462365591398,1.2795698924731183,136
1016502.7741935484,2005.5483870967741,42.473118279569896,1.935483870967742,1.2043010752688172,3.4193548387096775,1.5698924731182795,1.7849462365591398,1.2795698924731183,121
1016502.7741935484,2005.5483870967741,42.473118279569896,1.935483870967742,1.2043010752688172,3.4193548387096775,1.5698924731182795,1.7849462365591398,1.2795698924731183,92
1016502.7741935484,2005.5483870967741,42.473118279569896,1.935483870967742,1.2043010752688172,3.4193548387096775,1.5698924731182795,1.7849462365591398,1.2795698924731183,121
1016502.7741935484,2005.5483870967741,42.473118279569896,1.935483870967742,1.2043010752688172,3.4193548387096775,1.5698924731182795,1.7849462365591398,1.2795698924731183,92
1016502.7741935484,2005.5483870967741,42.473118279569896,1.935483870967742,1.2043010752688172,3.4193548387096775,1.5698924731182795,1.7849462365591398,1.2795698924731183,47
1016502.7741935484,2005.5483870967741,42.473118279569896,1.935483870967742,1.2043010752688172,3.4193548387096775,1.5698924731182795,1.7849462365591398,1.2795698924731183,23
1016502.7741935484,2005.5483870967741,42.473118279569896,1.935483870967742,1.2043010752688172,3.4193548387096775,1.5698924731182795,1.7849462365591398,1.2795698924731183,56
1016502.7741935484,2005.5483870967741,42.473118279569896,1.935483870967742,1.2043010752688172,3.4193548387096775,1.5698924731182795,1.7849462365591398,1.2795698924731183,121
1016502.7741935484,2005.5483870967741,42.473118279569896,1.935483870967742,1.2043010752688172,3.4193548387096775,1.5698924731182795,1.7849462365591398,1.2795698924731183,172
1016502.7741935484,2005.5483870967741,42.473118279569896,1.935483870967742,1.2043010752688172,3.4193548387096775,1.5698924731182795,1.7849462365591398,1.2795698924731183,92
1016502.7741935484,2005.5483870967741,42.473118279569896,1.935483870967742,1.2043010752688172,3.4193548387096775,1.5698924731182795,1.7849462365591398,1.2795698924731183,121
1016502.7741935484,2005.5483870967741,42.473118279569896,1.935483870967742,1.2043010752688172,3.4193548387096775,1.5698924731182795,1.7849462365591398,1.2795698924731183,181
1016502.7741935484,2005.5483870967741,42.473118279569896,1.935483870967742,1.2043010752688172,3.4193548387096775,1.5698924731182795,1.7849462365591398,1.2795698924731183,121
1016502.7741935484,2005.5483870967741,42.473118279569896,1.935483870967742,1.2043010752688172,3.4193548387096775,1.5698924731182795,1.7849462365591398,1.2795698924731183,172
1016502.7741935484,2005.5483870967741,42.473118279569896,1.935483870967742,1.2043010752688172,3.4193548387096775,1.5698924731182795,1.7849462365591398,1.2795698924731183,56
1016502.7741935484,2005.5483870967741,42.473118279569896,1.935483870967742,1.2043010752688172,3.4193548387096775,1.5698924731182795,1.7849462365591398,1.2795698924731183,92
1016502.7741935484,2005.5483870967741,42.473118279569896,1.935483870967742,1.2043010752688172,3.4193548387096775,1.5698924731182795,1.7849462365591398,1.2795698924731183,121
1016502.7741935484,2005.5483870967741,42.473118279569896,1.935483870967742,1.2043010752688172,3.4193548387096775,1.5698924731182795,1.7849462365591398,1.2795698924731183,121
1016502.7741935484,2005.5483870967741,42.473118279569896,1.935483870967742,1.2043010752688172,3.4193548387096775,1.5698924731182795,1.7849462365591398,1.2795698924731183,32
1016502.7741935484,2005.5483870967741,42.473118279569896,1.935483870967742,1.2043010752688172,3.4193548387096775,1.5698924731182795,1.7849462365591398,1.2795698924731183,196
1016502.7741935484,2005.5483870967741,42.473118279569896,1.935483870967742,1.2043010752688172,3.4193548387096775,1.5698924731182795,1.7849462365591398,1.2795698924731183,64
1016502.7741935484,2005.5483870967741,42.473118279569896,1.935483870967742,1.2043010752688172,3.4193548387096775,1.5698924731182795,1.7849462365591398,1.2795698924731183,121
1016502.7741935484,2005.5483870967741,42.473118279569896,1.935483870967742,1.2043010752688172,3.4193548387096775,1.5698924731182795,1.7849462365591398,1.2795698924731183,272
1016502.7741935484,2005.5483870967741,42.473118279569896,1.935483870967742,1.2043010752688172,3.4193548387096775,1.5698924731182795,1.7849462365591398,1.2795698924731183,98
1016502.7741935484,2005.5483870967741,42.473118279569896,1.935483870967742,1.2043010752688172,3.4193548387096775,1.5698924731182795,1.7849462365591398,1.2795698924731183,136
1016502.7741935484,2005.5483870967741,42.473118279569896,1.935483870967742,1.2043010752688172,3.4193548387096775,1.5698924731182795,1.7849462365591398,1.2795698924731183,92
1016502.7741935484,2005.5483870967741,42.473118279569896,1.935483870967742,1.2043010752688172,3.4193548387096775,1.5698924731182795,1.7849462365591398,1.2795698924731183,92
1016502.7741935484,2005.5483870967741,42.473118279569896,1.935483870967742,1.2043010752688172,3.4193548387096775,1.5698924731182795,1.7849462365591398,1.2795698924731183,187
1016502.7741935484,2005.5483870967741,42.473118279569896,1.935483870967742,1.2043010752688172,3.4193548387096775,1.5698924731182795,1.7849462365591398,1.2795698924731183,136
1016502.7741935484,2005.5483870967741,42.473118279569896,1.935483870967742,1.2043010752688172,3.4193548387096775,1.5698924731182795,1.7849462365591398,1.2795698924731183,172
1016502.7741935484,2005.5483870967741,42.473118279569896,1.935483870967742,1.2043010752688172,3.4193548387096775,1.5698924731182795,1.7849462365591398,1.2795698924731183,272
1016502.7741935484,2005.5483870967741,42.473118279569896,1.935483870967742,1.2043010752688172,3.4193548387096775,1.5698924731182795,1.7849462365591398,1.2795698924731183,56
1016502.7741935484,2005.5483870967741,42.473118279569896,1.935483870967742,1.2043010752688172,3.4193548387096775,1.5698924731182795,1.7849462365591398,1.2795698924731183,64
1016502.7741935484,2005.5483870967741,42.473118279569896,1.935483870967742,1.2043010752688172,3.4193548387096775,1.5698924731182795,1.7849462365591398,1.2795698924731183,196
1016502.7741935484,2005.5483870967741,42.473118279569896,1.935483870967742,1.2043010752688172,3.4193548387096775,1.5698924731182795,1.7849462365591398,1.2795698924731183,32
1016502.7741935484,2005.5483870967741,42.473118279569896,1.935483870967742,1.2043010752688172,3.4193548387096775,1.5698924731182795,1.7849462365591398,1.2795698924731183,121
1016502.7741935484,2005.5483870967741,42.473118279569896,1.935483870967742,1.2043010752688172,3.4193548387096775,1.5698924731182795,1.7849462365591398,1.2795698924731183,98
1016502.7741935484,2005.5483870967741,42.473118279569896,1.935483870967742,1.2043010752688172,3.4193548387096775,1.5698924731182795,1.7849462365591398,1.2795698924731183,121
1016502.7741935484,2005.5483870967741,42.473118279569896,1.935483870967742,1.2043010752688172,3.4193548387096775,1.5698924731182795,1.7849462365591398,1.2795698924731183,92
1016502.7741935484,2005.5483870967741,42.473118279569896,1.935483870967742,1.2043010752688172,3.4193548387096775,1.5698924731182795,1.7849462365591398,1.2795698924731183,121
1016502.7741935484,2005.5483870967741,42.473118279569896,1.935483870967742,1.2043010752688172,3.4193548387096775,1.5698924731182795,1.7849462365591398,1.2795698924731183,136
1016502.7741935484,2005.5483870967741,42.473118279569896,1.935483870967742,1.2043010752688172,3.4193548387096775,1.5698924731182795,1.7849462365591398,1.2795698924731183,187
1016502.7741935484,2005.5483870967741,42.473118279569896,1.935483870967742,1.2043010752688172,3.4193548387096775,1.5698924731182795,1.7849462365591398,1.2795698924731183,92
1016502.7741935484,2005.5483870967741,42.473118279569896,1.935483870967742,1.2043010752688172,3.4193548387096775,1.5698924731182795,1.7849462365591398,1.2795698924731183,181
1016502.7741935484,2005.5483870967741,42.473118279569896,1.935483870967742,1.2043010752688172,3.4193548387096775,1.5698924731182795,1.7849462365591398,1.2795698924731183,92
1213464.3684210526,2005.8526315789475,43.578947368421055,2.0736842105263156,1.231578947368421,3.221052631578947,1.568421052631579,1.768421052631579,1.305263157894737,88
1213464.3684210526,2005.8526315789475,43.578947368421055,2.0736842105263156,1.231578947368421,3.221052631578947,1.568421052631579,1.768421052631579,1.305263157894737,117
1213464.3684210526,2005.8526315789475,43.578947368421055,2.0736842105263156,1.231578947368421,3.221052631578947,1.568421052631579,1.768421052631579,1.305263157894737,177
1213464.3684210526,2005.8526315789475,43.578947368421055,2.0736842105263156,1.231578947368421,3.221052631578947,1.568421052631579,1.768421052631579,1.305263157894737,88
1213464.3684210526,2005.8526315789475,43.578947368421055,2.0736842105263156,1.231578947368421,3.221052631578947,1.568421052631579,1.768421052631579,1.305263157894737,88
1213464.3684210526,2005.8526315789475,43.578947368421055,2.0736842105263156,1.231578947368421,3.221052631578947,1.568421052631579,1.768421052631579,1.305263157894737,117
1213464.3684210526,2005.8526315789475,43.578947368421055,2.0736842105263156,1.231578947368421,3.221052631578947,1.568421052631579,1.768421052631579,1.305263157894737,118
1213464.3684210526,2005.8526315789475,43.578947368421055,2.0736842105263156,1.231578947368421,3.221052631578947,1.568421052631579,1.768421052631579,1.305263157894737,88
1213464.3684210526,2005.8526315789475,43.578947368421055,2.0736842105263156,1.231578947368421,3.221052631578947,1.568421052631579,1.768421052631579,1.305263157894737,88
1213464.3684210526,2005.8526315789475,43.578947368421055,2.0736842105263156,1.231578947368421,3.221052631578947,1.568421052631579,1.768421052631579,1.305263157894737,88
1213464.3684210526,2005.8526315789475,43.578947368421055,2.0736842105263156,1.231578947368421,3.221052631578947,1.568421052631579,1.768421052631579,1.305263157894737,88
1213464.3684210526,2005.8526315789475,43.578947368421055,2.0736842105263156,1.231578947368421,3.221052631578947,1.568421052631579,1.768421052631579,1.305263157894737,126
1213464.3684210526,2005.8526315789475,43.578947368421055,2.0736842105263156,1.231578947368421,3.221052631578947,1.568421052631579,1.768421052631579,1.305263157894737,126
1213464.3684210526,2005.8526315789475,43.578947368421055,2.0736842105263156,1.231578947368421,3.221052631578947,1.568421052631579,1.768421052631579,1.305263157894737,117
1213464.3684210526,2005.8526315789475,43.578947368421055,2.0736842105263156,1.231578947368421,3.221052631578947,1.568421052631579,1.768421052631579,1.305263157894737,117
1213464.3684210526,2005.8526315789475,43.578947368421055,2.0736842105263156,1.231578947368421,3.221052631578947,1.568421052631579,1.768421052631579,1.305263157894737,126
1213464.3684210526,2005.8526315789475,43.578947368421055,2.0736842105263156,1.231578947368421,3.221052631578947,1.568421052631579,1.768421052631579,1.305263157894737,88
1213464.3684210526,2005.8526315789475,43.578947368421055,2.0736842105263156,1.231578947368421,3.221052631578947,1.568421052631579,1.768421052631579,1.305263157894737,88
1213464.3684210526,2005.8526315789475,43.578947368421055,2.0736842105263156,1.231578947368421,3.221052631578947,1.568421052631579,1.768421052631579,1.305263157894737,88
1213464.3684210526,2005.8526315789475,43.578947368421055,2.0736842105263156,1.231578947368421,3.221052631578947,1.568421052631579,1.768421052631579,1.305263157894737,88
1213464.3684210526,2005.8526315789475,43.578947368421055,2.0736842105263156,1.231578947368421,3.221052631578947,1.568421052631579,1.768421052631579,1.305263157894737,88
1213464.3684210526,2005.8526315789475,43.578947368421055,2.0736842105263156,1.231578947368421,3.221052631578947,1.568421052631579,1.768421052631579,1.305263157894737,126
1213464.3684210526,2005.8526315789475,43.578947368421055,2.0736842105263156,1.231578947368421,3.221052631578947,1.568421052631579,1.768421052631579,1.305263157894737,117
1213464.3684210526,2005.8526315789475,43.578947368421055,2.0736842105263156,1.231578947368421,3.221052631578947,1.568421052631579,1.768421052631579,1.305263157894737,126
1213464.3684210526,2005.8526315789475,43.578947368421055,2.0736842105263156,1.231578947368421,3.221052631578947,1.568421052631579,1.768421052631579,1.305263157894737,117
1213464.3684210526,2005.8526315789475,43.578947368421055,2.0736842105263156,1.231578947368421,3.221052631578947,1.568421052631579,1.768421052631579,1.305263157894737,88
1213464.3684210526,2005.8526315789475,43.578947368421055,2.0736842105263156,1.231578947368421,3.221052631578947,1.568421052631579,1.768421052631579,1.305263157894737,88
1213464.3684210526,2005.8526315789475,43.578947368421055,2.0736842105263156,1.231578947368421,3.221052631578947,1.568421052631579,1.768421052631579,1.305263157894737,117
1213464.3684210526,2005.8526315789475,43.578947368421055,2.0736842105263156,1.231578947368421,3.221052631578947,1.568421052631579,1.768421052631579,1.305263157894737,117
1213464.3684210526,2005.8526315789475,43.578947368421055,2.0736842105263156,1.231578947368421,3.221052631578947,1.568421052631579,1.768421052631579,1.305263157894737,272
1213464.3684210526,2005.8526315789475,43.578947368421055,2.0736842105263156,1.231578947368421,3.221052631578947,1.568421052631579,1.768421052631579,1.305263157894737,126
1213464.3684210526,2005.8526315789475,43.578947368421055,2.0736842105263156,1.231578947368421,3.221052631578947,1.568421052631579,1.768421052631579,1.305263157894737,117
1213464.3684210526,2005.8526315789475,43.578947368421055,2.0736842105263156,1.231578947368421,3.221052631578947,1.568421052631579,1.768421052631579,1.305263157894737,117
1213464.3684210526,2005.8526315789475,43.578947368421055,2.0736842105263156,1.231578947368421,3.221052631578947,1.568421052631579,1.768421052631579,1.305263157894737,88
1213464.3684210526,2005.8526315789475,43.578947368421055,2.0736842105263156,1.231578947368421,3.221052631578947,1.568421052631579,1.768421052631579,1.305263157894737,88
1213464.3684210526,2005.8526315789475,43.578947368421055,2.0736842105263156,1.231578947368421,3.221052631578947,1.568421052631579,1.768421052631579,1.305263157894737,117
1213464.3684210526,2005.8526315789475,43.578947368421055,2.0736842105263156,1.231578947368421,3.221052631578947,1.568421052631579,1.768421052631579,1.305263157894737,88
1213464.3684210526,2005.8526315789475,43.578947368421055,2.0736842105263156,1.231578947368421,3.221052631578947,1.568421052631579,1.768421052631579,1.305263157894737,177
1213464.3684210526,2005.8526315789475,43.578947368421055,2.0736842105263156,1.231578947368421,3.221052631578947,1.568421052631579,1.768421052631579,1.305263157894737,117
1213464.3684210526,2005.8526315789475,43.578947368421055,2.0736842105263156,1.231578947368421,3.221052631578947,1.568421052631579,1.768421052631579,1.305263157894737,88
1213464.3684210526,2005.8526315789475,43.578947368421055,2.0736842105263156,1.231578947368421,3.221052631578947,1.568421052631579,1.768421052631579,1.305263157894737,126
1213464.3684210526,2005.8526315789475,43.578947368421055,2.0736842105263156,1.231578947368421,3.221052631578947,1.568421052631579,1.768421052631579,1.305263157894737,117
1213464.3684210526,2005.8526315789475,43.578947368421055,2.0736842105263156,1.231578947368421,3.221052631578947,1.568421052631579,1.768421052631579,1.305263157894737,88
1213464.3684210526,2005.8526315789475,43.578947368421055,2.0736842105263156,1.231578947368421,3.221052631578947,1.568421052631579,1.768421052631579,1.305263157894737,117
1213464.3684210526,2005.8526315789475,43.578947368421055,2.0736842105263156,1.231578947368421,3.221052631578947,1.568421052631579,1.768421052631579,1.305263157894737,126
1213464.3684210526,2005.8526315789475,43.578947368421055,2.0736842105263156,1.231578947368421,3.221052631578947,1.568421052631579,1.768421052631579,1.305263157894737,88
1213464.3684210526,2005.8526315789475,43.578947368421055,2.0736842105263156,1.231578947368421,3.221052631578947,1.568421052631579,1.768421052631579,1.305263157894737,126
1213464.3684210526,2005.8526315789475,43.578947368421055,2.0736842105263156,1.231578947368421,3.221052631578947,1.568421052631579,1.768421052631579,1.305263157894737,272
1213464.3684210526,2005.8526315789475,43.578947368421055,2.0736842105263156,1.231578947368421,3.221052631578947,1.568421052631579,1.768421052631579,1.305263157894737,88
1213464.3684210526,2005.8526315789475,43.578947368421055,2.0736842105263156,1.231578947368421,3.221052631578947,1.568421052631579,1.768421052631579,1.305263157894737,117
1213464.3684210526,2005.8526315789475,43.578947368421055,2.0736842105263156,1.231578947368421,3.221052631578947,1.568421052631579,1.768421052631579,1.305263157894737,272
1213464.3684210526,2005.8526315789475,43.578947368421055,2.0736842105263156,1.231578947368421,3.221052631578947,1.568421052631579,1.768421052631579,1.305263157894737,126
1213464.3684210526,2005.8526315789475,43.578947368421055,2.0736842105263156,1.231578947368421,3.221052631578947,1.568421052631579,1.768421052631579,1.305263157894737,117
1213464.3684210526,2005.8526315789475,43.578947368421055,2.0736842105263156,1.231578947368421,3.221052631578947,1.568421052631579,1.768421052631579,1.305263157894737,88
1213464.3684210526,2005.8526315789475,43.578947368421055,2.0736842105263156,1.231578947368421,3.221052631578947,1.568421052631579,1.768421052631579,1.305263157894737,88
1213464.3684210526,2005.8526315789475,43.578947368421055,2.0736842105263156,1.231578947368421,3.221052631578947,1.568421052631579,1.768421052631579,1.305263157894737,117
1213464.3684210526,2005.8526315789475,43.578947368421055,2.0736842105263156,1.231578947368421,3.221052631578947,1.568421052631579,1.768421052631579,1.305263157894737,88
1213464.3684210526,2005.8526315789475,43.578947368421055,2.0736842105263156,1.231578947368421,3.221052631578947,1.568421052631579,1.768421052631579,1.305263157894737,88
1213464.3684210526,2005.8526315789475,43.578947368421055,2.0736842105263156,1.231578947368421,3.221052631578947,1.568421052631579,1.768421052631579,1.305263157894737,177
1213464.3684210526,2005.8526315789475,43.578947368421055,2.0736842105263156,1.231578947368421,3.221052631578947,1.568421052631579,1.768421052631579,1.305263157894737,126
1213464.3684210526,2005.8526315789475,43.578947368421055,2.0736842105263156,1.231578947368421,3.221052631578947,1.568421052631579,1.768421052631579,1.305263157894737,88
1213464.3684210526,2005.8526315789475,43.578947368421055,2.0736842105263156,1.231578947368421,3.221052631578947,1.568421052631579,1.768421052631579,1.305263157894737,126
1213464.3684210526,2005.8526315789475,43.578947368421055,2.0736842105263156,1.231578947368421,3.221052631578947,1.568421052631579,1.768421052631579,1.305263157894737,117
1213464.3684210526,2005.8526315789475,43.578947368421055,2.0736842105263156,1.231578947368421,3.221052631578947,1.568421052631579,1.768421052631579,1.305263157894737,117
1213464.3684210526,2005.8526315789475,43.578947368421055,2.0736842105263156,1.231578947368421,3.221052631578947,1.568421052631579,1.768421052631579,1.305263157894737,88
1213464.3684210526,2005.8526315789475,43.578947368421055,2.0736842105263156,1.231578947368421,3.221052631578947,1.568421052631579,1.768421052631579,1.305263157894737,88
1213464.3684210526,2005.8526315789475,43.578947368421055,2.0736842105263156,1.231578947368421,3.221052631578947,1.568421052631579,1.768421052631579,1.305263157894737,88
1213464.3684210526,2005.8526315789475,43.578947368421055,2.0736842105263156,1.231578947368421,3.221052631578947,1.568421052631579,1.768421052631579,1.305263157894737,88
1213464.3684210526,2005.8526315789475,43.578947368421055,2.0736842105263156,1.231578947368421,3.221052631578947,1.568421052631579,1.768421052631579,1.305263157894737,117
1213464.3684210526,2005.8526315789475,43.578947368421055,2.0736842105263156,1.231578947368421,3.221052631578947,1.568421052631579,1.768421052631579,1.305263157894737,117
1213464.3684210526,2005.8526315789475,43.578947368421055,2.0736842105263156,1.231578947368421,3.221052631578947,1.568421052631579,1.768421052631579,1.305263157894737,126
1213464.3684210526,2005.8526315789475,43.578947368421055,2.0736842105263156,1.231578947368421,3.221052631578947,1.568421052631579,1.768421052631579,1.305263157894737,177
1213464.3684210526,2005.8526315789475,43.578947368421055,2.0736842105263156,1.231578947368421,3.221052631578947,1.568421052631579,1.768421052631579,1.305263157894737,117
1213464.3684210526,2005.8526315789475,43.578947368421055,2.0736842105263156,1.231578947368421,3.221052631578947,1.568421052631579,1.768421052631579,1.305263157894737,117
1213464.3684210526,2005.8526315789475,43.578947368421055,2.0736842105263156,1.231578947368421,3.221052631578947,1.568421052631579,1.768421052631579,1.305263157894737,88
1213464.3684210526,2005.8526315789475,43.578947368421055,2.0736842105263156,1.231578947368421,3.221052631578947,1.568421052631579,1.768421052631579,1.305263157894737,88
1213464.3684210526,2005.8526315789475,43.578947368421055,2.0736842105263156,1.231578947368421,3.221052631578947,1.568421052631579,1.768421052631579,1.305263157894737,126
1213464.3684210526,2005.8526315789475,43.578947368421055,2.0736842105263156,1.231578947368421,3.221052631578947,1.568421052631579,1.768421052631579,1.305263157894737,117
1213464.3684210526,2005.8526315789475,43.578947368421055,2.0736842105263156,1.231578947368421,3.221052631578947,1.568421052631579,1.768421052631579,1.305263157894737,126
1213464.3684210526,2005.8526315789475,43.578947368421055,2.0736842105263156,1.231578947368421,3.221052631578947,1.568421052631579,1.768421052631579,1.305263157894737,88
1213464.3684210526,2005.8526315789475,43.578947368421055,2.0736842105263156,1.231578947368421,3.221052631578947,1.568421052631579,1.768421052631579,1.305263157894737,88
1213464.3684210526,2005.8526315789475,43.578947368421055,2.0736842105263156,1.231578947368421,3.221052631578947,1.568421052631579,1.768421052631579,1.305263157894737,88
1213464.3684210526,2005.8526315789475,43.578947368421055,2.0736842105263156,1.231578947368421,3.221052631578947,1.568421052631579,1.768421052631579,1.305263157894737,126
1213464.3684210526,2005.8526315789475,43.578947368421055,2.0736842105263156,1.231578947368421,3.221052631578947,1.568421052631579,1.768421052631579,1.305263157894737,126
1213464.3684210526,2005.8526315789475,43.578947368421055,2.0736842105263156,1.231578947368421,3.221052631578947,1.568421052631579,1.768421052631579,1.305263157894737,88
1213464.3684210526,2005.8526315789475,43.578947368421055,2.0736842105263156,1.231578947368421,3.221052631578947,1.568421052631579,1.768421052631579,1.305263157894737,117
1213464.3684210526,2005.8526315789475,43.578947368421055,2.0736842105263156,1.231578947368421,3.221052631578947,1.568421052631579,1.768421052631579,1.305263157894737,126
1213464.3684210526,2005.8526315789475,43.578947368421055,2.0736842105263156,1.231578947368421,3.221052631578947,1.568421052631579,1.768421052631579,1.305263157894737,117
1213464.3684210526,2005.8526315789475,43.578947368421055,2.0736842105263156,1.231578947368421,3.221052631578947,1.568421052631579,1.768421052631579,1.305263157894737,88
1213464.3684210526,2005.8526315789475,43.578947368421055,2.0736842105263156,1.231578947368421,3.221052631578947,1.568421052631579,1.768421052631579,1.305263157894737,117
1213464.3684210526,2005.8526315789475,43.578947368421055,2.0736842105263156,1.231578947368421,3.221052631578947,1.568421052631579,1.768421052631579,1.305263157894737,117
1213464.3684210526,2005.8526315789475,43.578947368421055,2.0736842105263156,1.231578947368421,3.221052631578947,1.568421052631579,1.768421052631579,1.305263157894737,117
1213464.3684210526,2005.8526315789475,43.578947368421055,2.0736842105263156,1.231578947368421,3.221052631578947,1.568421052631579,1.768421052631579,1.305263157894737,88
1213464.3684210526,2005.8526315789475,43.578947368421055,2.0736842105263156,1.231578947368421,3.221052631578947,1.568421052631579,1.768421052631579,1.305263157894737,88
1213464.3684210526,2005.8526315789475,43.578947368421055,2.0736842105263156,1.231578947368421,3.221052631578947,1.568421052631579,1.768421052631579,1.305263157894737,177
1028690.347368421,2005.8526315789475,45.61052631578947,1.9684210526315788,1.2105263157894737,3.305263157894737,1.4736842105263157,1.6842105263157894,1.1789473684210525,88
1028690.347368421,2005.8526315789475,45.61052631578947,1.9684210526315788,1.2105263157894737,3.305263157894737,1.4736842105263157,1.6842105263157894,1.1789473684210525,177
1028690.347368421,2005.8526315789475,45.61052631578947,1.9684210526315788,1.2105263157894737,3.305263157894737,1.4736842105263157,1.6842105263157894,1.1789473684210525,153
1028690.347368421,2005.8526315789475,45.61052631578947,1.9684210526315788,1.2105263157894737,3.305263157894737,1.4736842105263157,1.6842105263157894,1.1789473684210525,153
1028690.347368421,2005.8526315789475,45.61052631578947,1.9684210526315788,1.2105263157894737,3.305263157894737,1.4736842105263157,1.6842105263157894,1.1789473684210525,177
1028690.347368421,2005.8526315789475,45.61052631578947,1.9684210526315788,1.2105263157894737,3.305263157894737,1.4736842105263157,1.6842105263157894,1.1789473684210525,88
1028690.347368421,2005.8526315789475,45.61052631578947,1.9684210526315788,1.2105263157894737,3.305263157894737,1.4736842105263157,1.6842105263157894,1.1789473684210525,88
1028690.347368421,2005.8526315789475,45.61052631578947,1.9684210526315788,1.2105263157894737,3.305263157894737,1.4736842105263157,1.6842105263157894,1.1789473684210525,177
1028690.347368421,2005.8526315789475,45.61052631578947,1.9684210526315788,1.2105263157894737,3.305263157894737,1.4736842105263157,1.6842105263157894,1.1789473684210525,102
1028690.347368421,2005.8526315789475,45.61052631578947,1.9684210526315788,1.2105263157894737,3.305263157894737,1.4736842105263157,1.6842105263157894,1.1789473684210525,88
1028690.347368421,2005.8526315789475,45.61052631578947,1.9684210526315788,1.2105263157894737,3.305263157894737,1.4736842105263157,1.6842105263157894,1.1789473684210525,177
1028690.347368421,2005.8526315789475,45.61052631578947,1.9684210526315788,1.2105263157894737,3.305263157894737,1.4736842105263157,1.6842105263157894,1.1789473684210525,88
1028690.347368421,2005.8526315789475,45.61052631578947,1.9684210526315788,1.2105263157894737,3.305263157894737,1.4736842105263157,1.6842105263157894,1.1789473684210525,177
1028690.347368421,2005.8526315789475,45.61052631578947,1.9684210526315788,1.2105263157894737,3.305263157894737,1.4736842105263157,1.6842105263157894,1.1789473684210525,102
1028690.347368421,2005.8526315789475,45.61052631578947,1.9684210526315788,1.2105263157894737,3.305263157894737,1.4736842105263157,1.6842105263157894,1.1789473684210525,88
1028690.347368421,2005.8526315789475,45.61052631578947,1.9684210526315788,1.2105263157894737,3.305263157894737,1.4736842105263157,1.6842105263157894,1.1789473684210525,177
1028690.347368421,2005.8526315789475,45.61052631578947,1.9684210526315788,1.2105263157894737,3.305263157894737,1.4736842105263157,1.6842105263157894,1.1789473684210525,177
1028690.347368421,2005.8526315789475,45.61052631578947,1.9684210526315788,1.2105263157894737,3.305263157894737,1.4736842105263157,1.6842105263157894,1.1789473684210525,177
1028690.347368421,2005.8526315789475,45.61052631578947,1.9684210526315788,1.2105263157894737,3.305263157894737,1.4736842105263157,1.6842105263157894,1.1789473684210525,88
1028690.347368421,2005.8526315789475,45.61052631578947,1.9684210526315788,1.2105263157894737,3.305263157894737,1.4736842105263157,1.6842105263157894,1.1789473684210525,88
1028690.347368421,2005.8526315789475,45.61052631578947,1.9684210526315788,1.2105263157894737,3.305263157894737,1.4736842105263157,1.6842105263157894,1.1789473684210525,177
1028690.347368421,2005.8526315789475,45.61052631578947,1.9684210526315788,1.2105263157894737,3.305263157894737,1.4736842105263157,1.6842105263157894,1.1789473684210525,88
1028690.347368421,2005.8526315789475,45.61052631578947,1.9684210526315788,1.2105263157894737,3.305263157894737,1.4736842105263157,1.6842105263157894,1.1789473684210525,88
1028690.347368421,2005.8526315789475,45.61052631578947,1.9684210526315788,1.2105263157894737,3.305263157894737,1.4736842105263157,1.6842105263157894,1.1789473684210525,268
1028690.347368421,2005.8526315789475,45.61052631578947,1.9684210526315788,1.2105263157894737,3.305263157894737,1.4736842105263157,1.6842105263157894,1.1789473684210525,153
1028690.347368421,2005.8526315789475,45.61052631578947,1.9684210526315788,1.2105263157894737,3.305263157894737,1.4736842105263157,1.6842105263157894,1.1789473684210525,177
1028690.347368421,2005.8526315789475,45.61052631578947,1.9684210526315788,1.2105263157894737,3.305263157894737,1.4736842105263157,1.6842105263157894,1.1789473684210525,102
1028690.347368421,2005.8526315789475,45.61052631578947,1.9684210526315788,1.2105263157894737,3.305263157894737,1.4736842105263157,1.6842105263157894,1.1789473684210525,102
1028690.347368421,2005.8526315789475,45.61052631578947,1.9684210526315788,1.2105263157894737,3.305263157894737,1.4736842105263157,1.6842105263157894,1.1789473684210525,88
1028690.347368421,2005.8526315789475,45.61052631578947,1.9684210526315788,1.2105263157894737,3.305263157894737,1.4736842105263157,1.6842105263157894,1.1789473684210525,88
1028690.347368421,2005.8526315789475,45.61052631578947,1.9684210526315788,1.2105263157894737,3.305263157894737,1.4736842105263157,1.6842105263157894,1.1789473684210525,177
1028690.347368421,2005.8526315789475,45.61052631578947,1.9684210526315788,1.2105263157894737,3.305263157894737,1.4736842105263157,1.6842105263157894,1.1789473684210525,102
1028690.347368421,2005.8526315789475,45.61052631578947,1.9684210526315788,1.2105263157894737,3.305263157894737,1.4736842105263157,1.6842105263157894,1.1789473684210525,88
1028690.347368421,2005.8526315789475,45.61052631578947,1.9684210526315788,1.2105263157894737,3.305263157894737,1.4736842105263157,1.6842105263157894,1.1789473684210525,177
1028690.347368421,2005.8526315789475,45.61052631578947,1.9684210526315788,1.2105263157894737,3.305263157894737,1.4736842105263157,1.6842105263157894,1.1789473684210525,88
1028690.347368421,2005.8526315789475,45.61052631578947,1.9684210526315788,1.2105263157894737,3.305263157894737,1.4736842105263157,1.6842105263157894,1.1789473684210525,102
1028690.347368421,2005.8526315789475,45.61052631578947,1.9684210526315788,1.2105263157894737,3.305263157894737,1.4736842105263157,1.6842105263157894,1.1789473684210525,268
1028690.347368421,2005.8526315789475,45.61052631578947,1.9684210526315788,1.2105263157894737,3.305263157894737,1.4736842105263157,1.6842105263157894,1.1789473684210525,177
1028690.347368421,2005.8526315789475,45.61052631578947,1.9684210526315788,1.2105263157894737,3.305263157894737,1.4736842105263157,1.6842105263157894,1.1789473684210525,88
1028690.347368421,2005.8526315789475,45.61052631578947,1.9684210526315788,1.2105263157894737,3.305263157894737,1.4736842105263157,1.6842105263157894,1.1789473684210525,153
1028690.347368421,2005.8526315789475,45.61052631578947,1.9684210526315788,1.2105263157894737,3.305263157894737,1.4736842105263157,1.6842105263157894,1.1789473684210525,88
1028690.347368421,2005.8526315789475,45.61052631578947,1.9684210526315788,1.2105263157894737,3.305263157894737,1.4736842105263157,1.6842105263157894,1.1789473684210525,177
1028690.347368421,2005.8526315789475,45.61052631578947,1.9684210526315788,1.2105263157894737,3.305263157894737,1.4736842105263157,1.6842105263157894,1.1789473684210525,88
1028690.347368421,2005.8526315789475,45.61052631578947,1.9684210526315788,1.2105263157894737,3.305263157894737,1.4736842105263157,1.6842105263157894,1.1789473684210525,177
1028690.347368421,2005.8526315789475,45.61052631578947,1.9684210526315788,1.2105263157894737,3.305263157894737,1.4736842105263157,1.6842105263157894,1.1789473684210525,88
1028690.347368421,2005.8526315789475,45.61052631578947,1.9684210526315788,1.2105263157894737,3.305263157894737,1.4736842105263157,1.6842105263157894,1.1789473684210525,88
1028690.347368421,2005.8526315789475,45.61052631578947,1.9684210526315788,1.2105263157894737,3.305263157894737,1.4736842105263157,1.6842105263157894,1.1789473684210525,177
1028690.347368421,2005.8526315789475,45.61052631578947,1.9684210526315788,1.2105263157894737,3.305263157894737,1.4736842105263157,1.6842105263157894,1.1789473684210525,102
1028690.347368421,2005.8526315789475,45.61052631578947,1.9684210526315788,1.2105263157894737,3.305263157894737,1.4736842105263157,1.6842105263157894,1.1789473684210525,88
1028690.347368421,2005.8526315789475,45.61052631578947,1.9684210526315788,1.2105263157894737,3.305263157894737,1.4736842105263157,1.6842105263157894,1.1789473684210525,102
1028690.347368421,2005.8526315789475,45.61052631578947,1.9684210526315788,1.2105263157894737,3.305263157894737,1.4736842105263157,1.6842105263157894,1.1789473684210525,88
1028690.347368421,2005.8526315789475,45.61052631578947,1.9684210526315788,1.2105263157894737,3.305263157894737,1.4736842105263157,1.6842105263157894,1.1789473684210525,153
1028690.347368421,2005.8526315789475,45.61052631578947,1.9684210526315788,1.2105263157894737,3.305263157894737,1.4736842105263157,1.6842105263157894,1.1789473684210525,280
1028690.347368421,2005.8526315789475,45.61052631578947,1.9684210526315788,1.2105263157894737,3.305263157894737,1.4736842105263157,1.6842105263157894,1.1789473684210525,177
1028690.347368421,2005.8526315789475,45.61052631578947,1.9684210526315788,1.2105263157894737,3.305263157894737,1.4736842105263157,1.6842105263157894,1.1789473684210525,177
1028690.347368421,2005.8526315789475,45.61052631578947,1.9684210526315788,1.2105263157894737,3.305263157894737,1.4736842105263157,1.6842105263157894,1.1789473684210525,177
1028690.347368421,2005.8526315789475,45.61052631578947,1.9684210526315788,1.2105263157894737,3.305263157894737,1.4736842105263157,1.6842105263157894,1.1789473684210525,88
1028690.347368421,2005.8526315789475,45.61052631578947,1.9684210526315788,1.2105263157894737,3.305263157894737,1.4736842105263157,1.6842105263157894,1.1789473684210525,102
1028690.347368421,2005.8526315789475,45.61052631578947,1.9684210526315788,1.2105263157894737,3.305263157894737,1.4736842105263157,1.6842105263157894,1.1789473684210525,88
1028690.347368421,2005.8526315789475,45.61052631578947,1.9684210526315788,1.2105263157894737,3.305263157894737,1.4736842105263157,1.6842105263157894,1.1789473684210525,88
1028690.347368421,2005.8526315789475,45.61052631578947,1.9684210526315788,1.2105263157894737,3.305263157894737,1.4736842105263157,1.6842105263157894,1.1789473684210525,177
1028690.347368421,2005.8526315789475,45.61052631578947,1.9684210526315788,1.2105263157894737,3.305263157894737,1.4736842105263157,1.6842105263157894,1.1789473684210525,88
1028690.347368421,2005.8526315789475,45.61052631578947,1.9684210526315788,1.2105263157894737,3.305263157894737,1.4736842105263157,1.6842105263157894,1.1789473684210525,177
1028690.347368421,2005.8526315789475,45.61052631578947,1.9684210526315788,1.2105263157894737,3.305263157894737,1.4736842105263157,1.6842105263157894,1.1789473684210525,88
1028690.347368421,2005.8526315789475,45.61052631578947,1.9684210526315788,1.2105263157894737,3.305263157894737,1.4736842105263157,1.6842105263157894,1.1789473684210525,177
1028690.347368421,2005.8526315789475,45.61052631578947,1.9684210526315788,1.2105263157894737,3.305263157894737,1.4736842105263157,1.6842105263157894,1.1789473684210525,102
1028690.347368421,2005.8526315789475,45.61052631578947,1.9684210526315788,1.2105263157894737,3.305263157894737,1.4736842105263157,1.6842105263157894,1.1789473684210525,177
1028690.347368421,2005.8526315789475,45.61052631578947,1.9684210526315788,1.2105263157894737,3.305263157894737,1.4736842105263157,1.6842105263157894,1.1789473684210525,88
1028690.347368421,2005.8526315789475,45.61052631578947,1.9684210526315788,1.2105263157894737,3.305263157894737,1.4736842105263157,1.6842105263157894,1.1789473684210525,88
1028690.347368421,2005.8526315789475,45.61052631578947,1.9684210526315788,1.2105263157894737,3.305263157894737,1.4736842105263157,1.6842105263157894,1.1789473684210525,153
1028690.347368421,2005.8526315789475,45.61052631578947,1.9684210526315788,1.2105263157894737,3.305263157894737,1.4736842105263157,1.6842105263157894,1.1789473684210525,88
1028690.347368421,2005.8526315789475,45.61052631578947,1.9684210526315788,1.2105263157894737,3.305263157894737,1.4736842105263157,1.6842105263157894,1.1789473684210525,88
1028690.347368421,2005.8526315789475,45.61052631578947,1.9684210526315788,1.2105263157894737,3.305263157894737,1.4736842105263157,1.6842105263157894,1.1789473684210525,177
1028690.347368421,2005.8526315789475,45.61052631578947,1.9684210526315788,1.2105263157894737,3.305263157894737,1.4736842105263157,1.6842105263157894,1.1789473684210525,177
1028690.347368421,2005.8526315789475,45.61052631578947,1.9684210526315788,1.2105263157894737,3.305263157894737,1.4736842105263157,1.6842105263157894,1.1789473684210525,88
1028690.347368421,2005.8526315789475,45.61052631578947,1.9684210526315788,1.2105263157894737,3.305263157894737,1.4736842105263157,1.6842105263157894,1.1789473684210525,177
1028690.347368421,2005.8526315789475,45.61052631578947,1.9684210526315788,1.2105263157894737,3.305263157894737,1.4736842105263157,1.6842105263157894,1.1789473684210525,102
1028690.347368421,2005.8526315789475,45.61052631578947,1.9684210526315788,1.2105263157894737,3.305263157894737,1.4736842105263157,1.6842105263157894,1.1789473684210525,88
1028690.347368421,2005.8526315789475,45.61052631578947,1.9684210526315788,1.2105263157894737,3.305263157894737,1.4736842105263157,1.6842105263157894,1.1789473684210525,88
1028690.347368421,2005.8526315789475,45.61052631578947,1.9684210526315788,1.2105263157894737,3.305263157894737,1.4736842105263157,1.6842105263157894,1.1789473684210525,102
1028690.347368421,2005.8526315789475,45.61052631578947,1.9684210526315788,1.2105263157894737,3.305263157894737,1.4736842105263157,1.6842105263157894,1.1789473684210525,88
1028690.347368421,2005.8526315789475,45.61052631578947,1.9684210526315788,1.2105263157894737,3.305263157894737,1.4736842105263157,1.6842105263157894,1.1789473684210525,177
1028690.347368421,2005.8526315789475,45.61052631578947,1.9684210526315788,1.2105263157894737,3.305263157894737,1.4736842105263157,1.6842105263157894,1.1789473684210525,177
1028690.347368421,2005.8526315789475,45.61052631578947,1.9684210526315788,1.2105263157894737,3.305263157894737,1.4736842105263157,1.6842105263157894,1.1789473684210525,102
1028690.347368421,2005.8526315789475,45.61052631578947,1.9684210526315788,1.2105263157894737,3.305263157894737,1.4736842105263157,1.6842105263157894,1.1789473684210525,102
1028690.347368421,2005.8526315789475,45.61052631578947,1.9684210526315788,1.2105263157894737,3.305263157894737,1.4736842105263157,1.6842105263157894,1.1789473684210525,88
1028690.347368421,2005.8526315789475,45.61052631578947,1.9684210526315788,1.2105263157894737,3.305263157894737,1.4736842105263157,1.6842105263157894,1.1789473684210525,88
1028690.347368421,2005.8526315789475,45.61052631578947,1.9684210526315788,1.2105263157894737,3.305263157894737,1.4736842105263157,1.6842105263157894,1.1789473684210525,177
1028690.347368421,2005.8526315789475,45.61052631578947,1.9684210526315788,1.2105263157894737,3.305263157894737,1.4736842105263157,1.6842105263157894,1.1789473684210525,88
1028690.347368421,2005.8526315789475,45.61052631578947,1.9684210526315788,1.2105263157894737,3.305263157894737,1.4736842105263157,1.6842105263157894,1.1789473684210525,102
1028690.347368421,2005.8526315789475,45.61052631578947,1.9684210526315788,1.2105263157894737,3.305263157894737,1.4736842105263157,1.6842105263157894,1.1789473684210525,88
1028690.347368421,2005.8526315789475,45.61052631578947,1.9684210526315788,1.2105263157894737,3.305263157894737,1.4736842105263157,1.6842105263157894,1.1789473684210525,177
1028690.347368421,2005.8526315789475,45.61052631578947,1.9684210526315788,1.2105263157894737,3.305263157894737,1.4736842105263157,1.6842105263157894,1.1789473684210525,177
1028690.347368421,2005.8526315789475,45.61052631578947,1.9684210526315788,1.2105263157894737,3.305263157894737,1.4736842105263157,1.6842105263157894,1.1789473684210525,153
1028690.347368421,2005.8526315789475,45.61052631578947,1.9684210526315788,1.2105263157894737,3.305263157894737,1.4736842105263157,1.6842105263157894,1.1789473684210525,88
1023987.8432432433,2005.6108108108108,43.41621621621621,1.9945945945945946,1.2378378378378379,2.8972972972972975,1.4756756756756757,1.7081081081081082,1.2972972972972974,111
1023987.8432432433,2005.6108108108108,43.41621621621621,1.9945945945945946,1.2378378378378379,2.8972972972972975,1.4756756756756757,1.7081081081081082,1.2972972972972974,135
1023987.8432432433,2005.6108108108108,43.41621621621621,1.9945945945945946,1.2378378378378379,2.8972972972972975,1.4756756756756757,1.7081081081081082,1.2972972972972974,144
1023987.8432432433,2005.6108108108108,43.41621621621621,1.9945945945945946,1.2378378378378379,2.8972972972972975,1.4756756756756757,1.7081081081081082,1.2972972972972974,135
1023987.8432432433,2005.6108108108108,43.41621621621621,1.9945945945945946,1.2378378378378379,2.8972972972972975,1.4756756756756757,1.7081081081081082,1.2972972972972974,135
1023987.8432432433,2005.6108108108108,43.41621621621621,1.9945945945945946,1.2378378378378379,2.8972972972972975,1.4756756756756757,1.7081081081081082,1.2972972972972974,102
1023987.8432432433,2005.6108108108108,43.41621621621621,1.9945945945945946,1.2378378378378379,2.8972972972972975,1.4756756756756757,1.7081081081081082,1.2972972972972974,102
1023987.8432432433,2005.6108108108108,43.41621621621621,1.9945945945945946,1.2378378378378379,2.8972972972972975,1.4756756756756757,1.7081081081081082,1.2972972972972974,81
1023987.8432432433,2005.6108108108108,43.41621621621621,1.9945945945945946,1.2378378378378379,2.8972972972972975,1.4756756756756757,1.7081081081081082,1.2972972972972974,144
1023987.8432432433,2005.6108108108108,43.41621621621621,1.9945945945945946,1.2378378378378379,2.8972972972972975,1.4756756756756757,1.7081081081081082,1.2972972972972974,81
1023987.8432432433,2005.6108108108108,43.41621621621621,1.9945945945945946,1.2378378378378379,2.8972972972972975,1.4756756756756757,1.7081081081081082,1.2972972972972974,81
1023987.8432432433,2005.6108108108108,43.41621621621621,1.9945945945945946,1.2378378378378379,2.8972972972972975,1.4756756756756757,1.7081081081081082,1.2972972972972974,268
1023987.8432432433,2005.6108108108108,43.41621621621621,1.9945945945945946,1.2378378378378379,2.8972972972972975,1.4756756756756757,1.7081081081081082,1.2972972972972974,81
1023987.8432432433,2005.6108108108108,43.41621621621621,1.9945945945945946,1.2378378378378379,2.8972972972972975,1.4756756756756757,1.7081081081081082,1.2972972972972974,135
1023987.8432432433,2005.6108108108108,43.41621621621621,1.9945945945945946,1.2378378378378379,2.8972972972972975,1.4756756756756757,1.7081081081081082,1.2972972972972974,111
1023987.8432432433,2005.6108108108108,43.41621621621621,1.9945945945945946,1.2378378378378379,2.8972972972972975,1.4756756756756757,1.7081081081081082,1.2972972972972974,81
1023987.8432432433,2005.6108108108108,43.41621621621621,1.9945945945945946,1.2378378378378379,2.8972972972972975,1.4756756756756757,1.7081081081081082,1.2972972972972974,144
1023987.8432432433,2005.6108108108108,43.41621621621621,1.9945945945945946,1.2378378378378379,2.8972972972972975,1.4756756756756757,1.7081081081081082,1.2972972972972974,135
1023987.8432432433,2005.6108108108108,43.41621621621621,1.9945945945945946,1.2378378378378379,2.8972972972972975,1.4756756756756757,1.7081081081081082,1.2972972972972974,81
1023987.8432432433,2005.6108108108108,43.41621621621621,1.9945945945945946,1.2378378378378379,2.8972972972972975,1.4756756756756757,1.7081081081081082,1.2972972972972974,102
1023987.8432432433,2005.6108108108108,43.41621621621621,1.9945945945945946,1.2378378378378379,2.8972972972972975,1.4756756756756757,1.7081081081081082,1.2972972972972974,81
1023987.8432432433,2005.6108108108108,43.41621621621621,1.9945945945945946,1.2378378378378379,2.8972972972972975,1.4756756756756757,1.7081081081081082,1.2972972972972974,81
1023987.8432432433,2005.6108108108108,43.41621621621621,1.9945945945945946,1.2378378378378379,2.8972972972972975,1.4756756756756757,1.7081081081081082,1.2972972972972974,78
1023987.8432432433,2005.6108108108108,43.41621621621621,1.9945945945945946,1.2378378378378379,2.8972972972972975,1.4756756756756757,1.7081081081081082,1.2972972972972974,81
1023987.8432432433,2005.6108108108108,43.41621621621621,1.9945945945945946,1.2378378378378379,2.8972972972972975,1.4756756756756757,1.7081081081081082,1.2972972972972974,78
1023987.8432432433,2005.6108108108108,43.41621621621621,1.9945945945945946,1.2378378378378379,2.8972972972972975,1.4756756756756757,1.7081081081081082,1.2972972972972974,135
1023987.8432432433,2005.6108108108108,43.41621621621621,1.9945945945945946,1.2378378378378379,2.8972972972972975,1.4756756756756757,1.7081081081081082,1.2972972972972974,78
1023987.8432432433,2005.6108108108108,43.41621621621621,1.9945945945945946,1.2378378378378379,2.8972972972972975,1.4756756756756757,1.7081081081081082,1.2972972972972974,88
1023987.8432432433,2005.6108108108108,43.41621621621621,1.9945945945945946,1.2378378378378379,2.8972972972972975,1.4756756756756757,1.7081081081081082,1.2972972972972974,102
1023987.8432432433,2005.6108108108108,43.41621621621621,1.9945945945945946,1.2378378378378379,2.8972972972972975,1.4756756756756757,1.7081081081081082,1.2972972972972974,135
1023987.8432432433,2005.6108108108108,43.41621621621621,1.9945945945945946,1.2378378378378379,2.8972972972972975,1.4756756756756757,1.7081081081081082,1.2972972972972974,135
1023987.8432432433,2005.6108108108108,43.41621621621621,1.9945945945945946,1.2378378378378379,2.8972972972972975,1.4756756756756757,1.7081081081081082,1.2972972972972974,135
1023987.8432432433,2005.6108108108108,43.41621621621621,1.9945945945945946,1.2378378378378379,2.8972972972972975,1.4756756756756757,1.7081081081081082,1.2972972972972974,135
1023987.8432432433,2005.6108108108108,43.41621621621621,1.9945945945945946,1.2378378378378379,2.8972972972972975,1.4756756756756757,1.7081081081081082,1.2972972972972974,81
1023987.8432432433,2005.6108108108108,43.41621621621621,1.9945945945945946,1.2378378378378379,2.8972972972972975,1.4756756756756757,1.7081081081081082,1.2972972972972974,268
1023987.8432432433,2005.6108108108108,43.41621621621621,1.9945945945945946,1.2378378378378379,2.8972972972972975,1.4756756756756757,1.7081081081081082,1.2972972972972974,135
1023987.8432432433,2005.6108108108108,43.41621621621621,1.9945945945945946,1.2378378378378379,2.8972972972972975,1.4756756756756757,1.7081081081081082,1.2972972972972974,78
1023987.8432432433,2005.6108108108108,43.41621621621621,1.9945945945945946,1.2378378378378379,2.8972972972972975,1.4756756756756757,1.7081081081081082,1.2972972972972974,135
1023987.8432432433,2005.6108108108108,43.41621621621621,1.9945945945945946,1.2378378378378379,2.8972972972972975,1.4756756756756757,1.7081081081081082,1.2972972972972974,81
1023987.8432432433,2005.6108108108108,43.41621621621621,1.9945945945945946,1.2378378378378379,2.8972972972972975,1.4756756756756757,1.7081081081081082,1.2972972972972974,81
1023987.8432432433,2005.6108108108108,43.41621621621621,1.9945945945945946,1.2378378378378379,2.8972972972972975,1.4756756756756757,1.7081081081081082,1.2972972972972974,144
1023987.8432432433,2005.6108108108108,43.41621621621621,1.9945945945945946,1.2378378378378379,2.8972972972972975,1.4756756756756757,1.7081081081081082,1.2972972972972974,81
1023987.8432432433,2005.6108108108108,43.41621621621621,1.9945945945945946,1.2378378378378379,2.8972972972972975,1.4756756756756757,1.7081081081081082,1.2972972972972974,78
1023987.8432432433,2005.6108108108108,43.41621621621621,1.9945945945945946,1.2378378378378379,2.8972972972972975,1.4756756756756757,1.7081081081081082,1.2972972972972974,102
1023987.8432432433,2005.6108108108108,43.41621621621621,1.9945945945945946,1.2378378378378379,2.8972972972972975,1.4756756756756757,1.7081081081081082,1.2972972972972974,102
1023987.8432432433,2005.6108108108108,43.41621621621621,1.9945945945945946,1.2378378378378379,2.8972972972972975,1.4756756756756757,1.7081081081081082,1.2972972972972974,144
1023987.8432432433,2005.6108108108108,43.41621621621621,1.9945945945945946,1.2378378378378379,2.8972972972972975,1.4756756756756757,1.7081081081081082,1.2972972972972974,111
1023987.8432432433,2005.6108108108108,43.41621621621621,1.9945945945945946,1.2378378378378379,2.8972972972972975,1.4756756756756757,1.7081081081081082,1.2972972972972974,135
1023987.8432432433,2005.6108108108108,43.41621621621621,1.9945945945945946,1.2378378378378379,2.8972972972972975,1.4756756756756757,1.7081081081081082,1.2972972972972974,81
1023987.8432432433,2005.6108108108108,43.41621621621621,1.9945945945945946,1.2378378378378379,2.8972972972972975,1.4756756756756757,1.7081081081081082,1.2972972972972974,102
1023987.8432432433,2005.6108108108108,43.41621621621621,1.9945945945945946,1.2378378378378379,2.8972972972972975,1.4756756756756757,1.7081081081081082,1.2972972972972974,81
1023987.8432432433,2005.6108108108108,43.41621621621621,1.9945945945945946,1.2378378378378379,2.8972972972972975,1.4756756756756757,1.7081081081081082,1.2972972972972974,111
1023987.8432432433,2005.6108108108108,43.41621621621621,1.9945945945945946,1.2378378378378379,2.8972972972972975,1.4756756756756757,1.7081081081081082,1.2972972972972974,81
1023987.8432432433,2005.6108108108108,43.41621621621621,1.9945945945945946,1.2378378378378379,2.8972972972972975,1.4756756756756757,1.7081081081081082,1.2972972972972974,88
1023987.8432432433,2005.6108108108108,43.41621621621621,1.9945945945945946,1.2378378378378379,2.8972972972972975,1.4756756756756757,1.7081081081081082,1.2972972972972974,135
1023987.8432432433,2005.6108108108108,43.41621621621621,1.9945945945945946,1.2378378378378379,2.8972972972972975,1.4756756756756757,1.7081081081081082,1.2972972972972974,78
1023987.8432432433,2005.6108108108108,43.41621621621621,1.9945945945945946,1.2378378378378379,2.8972972972972975,1.4756756756756757,1.7081081081081082,1.2972972972972974,102
1023987.8432432433,2005.6108108108108,43.41621621621621,1.9945945945945946,1.2378378378378379,2.8972972972972975,1.4756756756756757,1.7081081081081082,1.2972972972972974,78
1023987.8432432433,2005.6108108108108,43.41621621621621,1.9945945945945946,1.2378378378378379,2.8972972972972975,1.4756756756756757,1.7081081081081082,1.2972972972972974,144
1023987.8432432433,2005.6108108108108,43.41621621621621,1.9945945945945946,1.2378378378378379,2.8972972972972975,1.4756756756756757,1.7081081081081082,1.2972972972972974,135
1023987.8432432433,2005.6108108108108,43.41621621621621,1.9945945945945946,1.2378378378378379,2.8972972972972975,1.4756756756756757,1.7081081081081082,1.2972972972972974,81
1023987.8432432433,2005.6108108108108,43.41621621621621,1.9945945945945946,1.2378378378378379,2.8972972972972975,1.4756756756756757,1.7081081081081082,1.2972972972972974,135
1023987.8432432433,2005.6108108108108,43.41621621621621,1.9945945945945946,1.2378378378378379,2.8972972972972975,1.4756756756756757,1.7081081081081082,1.2972972972972974,135
1023987.8432432433,2005.6108108108108,43.41621621621621,1.9945945945945946,1.2378378378378379,2.8972972972972975,1.4756756756756757,1.7081081081081082,1.2972972972972974,81
1023987.8432432433,2005.6108108108108,43.41621621621621,1.9945945945945946,1.2378378378378379,2.8972972972972975,1.4756756756756757,1.7081081081081082,1.2972972972972974,135
1023987.8432432433,2005.6108108108108,43.41621621621621,1.9945945945945946,1.2378378378378379,2.8972972972972975,1.4756756756756757,1.7081081081081082,1.2972972972972974,102
1023987.8432432433,2005.6108108108108,43.41621621621621,1.9945945945945946,1.2378378378378379,2.8972972972972975,1.4756756756756757,1.7081081081081082,1.2972972972972974,81
1023987.8432432433,2005.6108108108108,43.41621621621621,1.9945945945945946,1.2378378378378379,2.8972972972972975,1.4756756756756757,1.7081081081081082,1.2972972972972974,135
1023987.8432432433,2005.6108108108108,43.41621621621621,1.9945945945945946,1.2378378378378379,2.8972972972972975,1.4756756756756757,1.7081081081081082,1.2972972972972974,81
1023987.8432432433,2005.6108108108108,43.41621621621621,1.9945945945945946,1.2378378378378379,2.8972972972972975,1.4756756756756757,1.7081081081081082,1.2972972972972974,135
1023987.8432432433,2005.6108108108108,43.41621621621621,1.9945945945945946,1.2378378378378379,2.8972972972972975,1.4756756756756757,1.7081081081081082,1.2972972972972974,135
1023987.8432432433,2005.6108108108108,43.41621621621621,1.9945945945945946,1.2378378378378379,2.8972972972972975,1.4756756756756757,1.7081081081081082,1.2972972972972974,102
1023987.8432432433,2005.6108108108108,43.41621621621621,1.9945945945945946,1.2378378378378379,2.8972972972972975,1.4756756756756757,1.7081081081081082,1.2972972972972974,135
1023987.8432432433,2005.6108108108108,43.41621621621621,1.9945945945945946,1.2378378378378379,2.8972972972972975,1.4756756756756757,1.7081081081081082,1.2972972972972974,144
1023987.8432432433,2005.6108108108108,43.41621621621621,1.9945945945945946,1.2378378378378379,2.8972972972972975,1.4756756756756757,1.7081081081081082,1.2972972972972974,135
1023987.8432432433,2005.6108108108108,43.41621621621621,1.9945945945945946,1.2378378378378379,2.8972972972972975,1.4756756756756757,1.7081081081081082,1.2972972972972974,81
1023987.8432432433,2005.6108108108108,43.41621621621621,1.9945945945945946,1.2378378378378379,2.8972972972972975,1.4756756756756757,1.7081081081081082,1.2972972972972974,102
1023987.8432432433,2005.6108108108108,43.41621621621621,1.9945945945945946,1.2378378378378379,2.8972972972972975,1.4756756756756757,1.7081081081081082,1.2972972972972974,81
1023987.8432432433,2005.6108108108108,43.41621621621621,1.9945945945945946,1.2378378378378379,2.8972972972972975,1.4756756756756757,1.7081081081081082,1.2972972972972974,78
1023987.8432432433,2005.6108108108108,43.41621621621621,1.9945945945945946,1.2378378378378379,2.8972972972972975,1.4756756756756757,1.7081081081081082,1.2972972972972974,111
1023987.8432432433,2005.6108108108108,43.41621621621621,1.9945945945945946,1.2378378378378379,2.8972972972972975,1.4756756756756757,1.7081081081081082,1.2972972972972974,268
1023987.8432432433,2005.6108108108108,43.41621621621621,1.9945945945945946,1.2378378378378379,2.8972972972972975,1.4756756756756757,1.7081081081081082,1.2972972972972974,81
1023987.8432432433,2005.6108108108108,43.41621621621621,1.9945945945945946,1.2378378378378379,2.8972972972972975,1.4756756756756757,1.7081081081081082,1.2972972972972974,102
1023987.8432432433,2005.6108108108108,43.41621621621621,1.9945945945945946,1.2378378378378379,2.8972972972972975,1.4756756756756757,1.7081081081081082,1.2972972972972974,135
1023987.8432432433,2005.6108108108108,43.41621621621621,1.9945945945945946,1.2378378378378379,2.8972972972972975,1.4756756756756757,1.7081081081081082,1.2972972972972974,78
1023987.8432432433,2005.6108108108108,43.41621621621621,1.9945945945945946,1.2378378378378379,2.8972972972972975,1.4756756756756757,1.7081081081081082,1.2972972972972974,144
1023987.8432432433,2005.6108108108108,43.41621621621621,1.9945945945945946,1.2378378378378379,2.8972972972972975,1.4756756756756757,1.7081081081081082,1.2972972972972974,135
1023987.8432432433,2005.6108108108108,43.41621621621621,1.9945945945945946,1.2378378378378379,2.8972972972972975,1.4756756756756757,1.7081081081081082,1.2972972972972974,81
1023987.8432432433,2005.6108108108108,43.41621621621621,1.9945945945945946,1.2378378378378379,2.8972972972972975,1.4756756756756757,1.7081081081081082,1.2972972972972974,78
1023987.8432432433,2005.6108108108108,43.41621621621621,1.9945945945945946,1.2378378378378379,2.8972972972972975,1.4756756756756757,1.7081081081081082,1.2972972972972974,111
1023987.8432432433,2005.6108108108108,43.41621621621621,1.9945945945945946,1.2378378378378379,2.8972972972972975,1.4756756756756757,1.7081081081081082,1.2972972972972974,102
1023987.8432432433,2005.6108108108108,43.41621621621621,1.9945945945945946,1.2378378378378379,2.8972972972972975,1.4756756756756757,1.7081081081081082,1.2972972972972974,135
1023987.8432432433,2005.6108108108108,43.41621621621621,1.9945945945945946,1.2378378378378379,2.8972972972972975,1.4756756756756757,1.7081081081081082,1.2972972972972974,78
1023987.8432432433,2005.6108108108108,43.41621621621621,1.9945945945945946,1.2378378378378379,2.8972972972972975,1.4756756756756757,1.7081081081081082,1.2972972972972974,81
1023987.8432432433,2005.6108108108108,43.41621621621621,1.9945945945945946,1.2378378378378379,2.8972972972972975,1.4756756756756757,1.7081081081081082,1.2972972972972974,81
1023987.8432432433,2005.6108108108108,43.41621621621621,1.9945945945945946,1.2378378378378379,2.8972972972972975,1.4756756756756757,1.7081081081081082,1.2972972972972974,78
1023987.8432432433,2005.6108108108108,43.41621621621621,1.9945945945945946,1.2378378378378379,2.8972972972972975,1.4756756756756757,1.7081081081081082,1.2972972972972974,102
1023987.8432432433,2005.6108108108108,43.41621621621621,1.9945945945945946,1.2378378378378379,2.8972972972972975,1.4756756756756757,1.7081081081081082,1.2972972972972974,111
1023987.8432432433,2005.6108108108108,43.41621621621621,1.9945945945945946,1.2378378378378379,2.8972972972972975,1.4756756756756757,1.7081081081081082,1.2972972972972974,268
1023987.8432432433,2005.6108108108108,43.41621621621621,1.9945945945945946,1.2378378378378379,2.8972972972972975,1.4756756756756757,1.7081081081081082,1.2972972972972974,81
1023987.8432432433,2005.6108108108108,43.41621621621621,1.9945945945945946,1.2378378378378379,2.8972972972972975,1.4756756756756757,1.7081081081081082,1.2972972972972974,81
1023987.8432432433,2005.6108108108108,43.41621621621621,1.9945945945945946,1.2378378378378379,2.8972972972972975,1.4756756756756757,1.7081081081081082,1.2972972972972974,144
1023987.8432432433,2005.6108108108108,43.41621621621621,1.9945945945945946,1.2378378378378379,2.8972972972972975,1.4756756756756757,1.7081081081081082,1.2972972972972974,135
1023987.8432432433,2005.6108108108108,43.41621621621621,1.9945945945945946,1.2378378378378379,2.8972972972972975,1.4756756756756757,1.7081081081081082,1.2972972972972974,102
1023987.8432432433,2005.6108108108108,43.41621621621621,1.9945945945945946,1.2378378378378379,2.8972972972972975,1.4756756756756757,1.7081081081081082,1.2972972972972974,78
1023987.8432432433,2005.6108108108108,43.41621621621621,1.9945945945945946,1.2378378378378379,2.8972972972972975,1.4756756756756757,1.7081081081081082,1.2972972972972974,102
1023987.8432432433,2005.6108108108108,43.41621621621621,1.9945945945945946,1.2378378378378379,2.8972972972972975,1.4756756756756757,1.7081081081081082,1.2972972972972974,111
1023987.8432432433,2005.6108108108108,43.41621621621621,1.9945945945945946,1.2378378378378379,2.8972972972972975,1.4756756756756757,1.7081081081081082,1.2972972972972974,81
1023987.8432432433,2005.6108108108108,43.41621621621621,1.9945945945945946,1.2378378378378379,2.8972972972972975,1.4756756756756757,1.7081081081081082,1.2972972972972974,135
1023987.8432432433,2005.6108108108108,43.41621621621621,1.9945945945945946,1.2378378378378379,2.8972972972972975,1.4756756756756757,1.7081081081081082,1.2972972972972974,135
1023987.8432432433,2005.6108108108108,43.41621621621621,1.9945945945945946,1.2378378378378379,2.8972972972972975,1.4756756756756757,1.7081081081081082,1.2972972972972974,135
1023987.8432432433,2005.6108108108108,43.41621621621621,1.9945945945945946,1.2378378378378379,2.8972972972972975,1.4756756756756757,1.7081081081081082,1.2972972972972974,78
1023987.8432432433,2005.6108108108108,43.41621621621621,1.9945945945945946,1.2378378378378379,2.8972972972972975,1.4756756756756757,1.7081081081081082,1.2972972972972974,144
1023987.8432432433,2005.6108108108108,43.41621621621621,1.9945945945945946,1.2378378378378379,2.8972972972972975,1.4756756756756757,1.7081081081081082,1.2972972972972974,135
1023987.8432432433,2005.6108108108108,43.41621621621621,1.9945945945945946,1.2378378378378379,2.8972972972972975,1.4756756756756757,1.7081081081081082,1.2972972972972974,81
1023987.8432432433,2005.6108108108108,43.41621621621621,1.9945945945945946,1.2378378378378379,2.8972972972972975,1.4756756756756757,1.7081081081081082,1.2972972972972974,81
1023987.8432432433,2005.6108108108108,43.41621621621621,1.9945945945945946,1.2378378378378379,2.8972972972972975,1.4756756756756757,1.7081081081081082,1.2972972972972974,135
1023987.8432432433,2005.6108108108108,43.41621621621621,1.9945945945945946,1.2378378378378379,2.8972972972972975,1.4756756756756757,1.7081081081081082,1.2972972972972974,81
1023987.8432432433,2005.6108108108108,43.41621621621621,1.9945945945945946,1.2378378378378379,2.8972972972972975,1.4756756756756757,1.7081081081081082,1.2972972972972974,88
1023987.8432432433,2005.6108108108108,43.41621621621621,1.9945945945945946,1.2378378378378379,2.8972972972972975,1.4756756756756757,1.7081081081081082,1.2972972972972974,135
1023987.8432432433,2005.6108108108108,43.41621621621621,1.9945945945945946,1.2378378378378379,2.8972972972972975,1.4756756756756757,1.7081081081081082,1.2972972972972974,111
1023987.8432432433,2005.6108108108108,43.41621621621621,1.9945945945945946,1.2378378378378379,2.8972972972972975,1.4756756756756757,1.7081081081081082,1.2972972972972974,135
1023987.8432432433,2005.6108108108108,43.41621621621621,1.9945945945945946,1.2378378378378379,2.8972972972972975,1.4756756756756757,1.7081081081081082,1.2972972972972974,102
1023987.8432432433,2005.6108108108108,43.41621621621621,1.9945945945945946,1.2378378378378379,2.8972972972972975,1.4756756756756757,1.7081081081081082,1.2972972972972974,81
1023987.8432432433,2005.6108108108108,43.41621621621621,1.9945945945945946,1.2378378378378379,2.8972972972972975,1.4756756756756757,1.7081081081081082,1.2972972972972974,102
1023987.8432432433,2005.6108108108108,43.41621621621621,1.9945945945945946,1.2378378378378379,2.8972972972972975,1.4756756756756757,1.7081081081081082,1.2972972972972974,81
1023987.8432432433,2005.6108108108108,43.41621621621621,1.9945945945945946,1.2378378378378379,2.8972972972972975,1.4756756756756757,1.7081081081081082,1.2972972972972974,171
1023987.8432432433,2005.6108108108108,43.41621621621621,1.9945945945945946,1.2378378378378379,2.8972972972972975,1.4756756756756757,1.7081081081081082,1.2972972972972974,81
1023987.8432432433,2005.6108108108108,43.41621621621621,1.9945945945945946,1.2378378378378379,2.8972972972972975,1.4756756756756757,1.7081081081081082,1.2972972972972974,135
1023987.8432432433,2005.6108108108108,43.41621621621621,1.9945945945945946,1.2378378378378379,2.8972972972972975,1.4756756756756757,1.7081081081081082,1.2972972972972974,102
1023987.8432432433,2005.6108108108108,43.41621621621621,1.9945945945945946,1.2378378378378379,2.8972972972972975,1.4756756756756757,1.7081081081081082,1.2972972972972974,81
1023987.8432432433,2005.6108108108108,43.41621621621621,1.9945945945945946,1.2378378378378379,2.8972972972972975,1.4756756756756757,1.7081081081081082,1.2972972972972974,81
1023987.8432432433,2005.6108108108108,43.41621621621621,1.9945945945945946,1.2378378378378379,2.8972972972972975,1.4756756756756757,1.7081081081081082,1.2972972972972974,102
1023987.8432432433,2005.6108108108108,43.41621621621621,1.9945945945945946,1.2378378378378379,2.8972972972972975,1.4756756756756757,1.7081081081081082,1.2972972972972974,111
1023987.8432432433,2005.6108108108108,43.41621621621621,1.9945945945945946,1.2378378378378379,2.8972972972972975,1.4756756756756757,1.7081081081081082,1.2972972972972974,78
1023987.8432432433,2005.6108108108108,43.41621621621621,1.9945945945945946,1.2378378378378379,2.8972972972972975,1.4756756756756757,1.7081081081081082,1.2972972972972974,135
1023987.8432432433,2005.6108108108108,43.41621621621621,1.9945945945945946,1.2378378378378379,2.8972972972972975,1.4756756756756757,1.7081081081081082,1.2972972972972974,135
1023987.8432432433,2005.6108108108108,43.41621621621621,1.9945945945945946,1.2378378378378379,2.8972972972972975,1.4756756756756757,1.7081081081081082,1.2972972972972974,81
1023987.8432432433,2005.6108108108108,43.41621621621621,1.9945945945945946,1.2378378378378379,2.8972972972972975,1.4756756756756757,1.7081081081081082,1.2972972972972974,81
1023987.8432432433,2005.6108108108108,43.41621621621621,1.9945945945945946,1.2378378378378379,2.8972972972972975,1.4756756756756757,1.7081081081081082,1.2972972972972974,144
1023987.8432432433,2005.6108108108108,43.41621621621621,1.9945945945945946,1.2378378378378379,2.8972972972972975,1.4756756756756757,1.7081081081081082,1.2972972972972974,81
1023987.8432432433,2005.6108108108108,43.41621621621621,1.9945945945945946,1.2378378378378379,2.8972972972972975,1.4756756756756757,1.7081081081081082,1.2972972972972974,135
1023987.8432432433,2005.6108108108108,43.41621621621621,1.9945945945945946,1.2378378378378379,2.8972972972972975,1.4756756756756757,1.7081081081081082,1.2972972972972974,88
1023987.8432432433,2005.6108108108108,43.41621621621621,1.9945945945945946,1.2378378378378379,2.8972972972972975,1.4756756756756757,1.7081081081081082,1.2972972972972974,102
1023987.8432432433,2005.6108108108108,43.41621621621621,1.9945945945945946,1.2378378378378379,2.8972972972972975,1.4756756756756757,1.7081081081081082,1.2972972972972974,135
1023987.8432432433,2005.6108108108108,43.41621621621621,1.9945945945945946,1.2378378378378379,2.8972972972972975,1.4756756756756757,1.7081081081081082,1.2972972972972974,135
1023987.8432432433,2005.6108108108108,43.41621621621621,1.9945945945945946,1.2378378378378379,2.8972972972972975,1.4756756756756757,1.7081081081081082,1.2972972972972974,144
1023987.8432432433,2005.6108108108108,43.41621621621621,1.9945945945945946,1.2378378378378379,2.8972972972972975,1.4756756756756757,1.7081081081081082,1.2972972972972974,78
1023987.8432432433,2005.6108108108108,43.41621621621621,1.9945945945945946,1.2378378378378379,2.8972972972972975,1.4756756756756757,1.7081081081081082,1.2972972972972974,81
1023987.8432432433,2005.6108108108108,43.41621621621621,1.9945945945945946,1.2378378378378379,2.8972972972972975,1.4756756756756757,1.7081081081081082,1.2972972972972974,111
1023987.8432432433,2005.6108108108108,43.41621621621621,1.9945945945945946,1.2378378378378379,2.8972972972972975,1.4756756756756757,1.7081081081081082,1.2972972972972974,135
1023987.8432432433,2005.6108108108108,43.41621621621621,1.9945945945945946,1.2378378378378379,2.8972972972972975,1.4756756756756757,1.7081081081081082,1.2972972972972974,135
1023987.8432432433,2005.6108108108108,43.41621621621621,1.9945945945945946,1.2378378378378379,2.8972972972972975,1.4756756756756757,1.7081081081081082,1.2972972972972974,81
1023987.8432432433,2005.6108108108108,43.41621621621621,1.9945945945945946,1.2378378378378379,2.8972972972972975,1.4756756756756757,1.7081081081081082,1.2972972972972974,78
1023987.8432432433,2005.6108108108108,43.41621621621621,1.9945945945945946,1.2378378378378379,2.8972972972972975,1.4756756756756757,1.7081081081081082,1.2972972972972974,81
1023987.8432432433,2005.6108108108108,43.41621621621621,1.9945945945945946,1.2378378378378379,2.8972972972972975,1.4756756756756757,1.7081081081081082,1.2972972972972974,102
1023987.8432432433,2005.6108108108108,43.41621621621621,1.9945945945945946,1.2378378378378379,2.8972972972972975,1.4756756756756757,1.7081081081081082,1.2972972972972974,102
1023987.8432432433,2005.6108108108108,43.41621621621621,1.9945945945945946,1.2378378378378379,2.8972972972972975,1.4756756756756757,1.7081081081081082,1.2972972972972974,135
1023987.8432432433,2005.6108108108108,43.41621621621621,1.9945945945945946,1.2378378378378379,2.8972972972972975,1.4756756756756757,1.7081081081081082,1.2972972972972974,102
1023987.8432432433,2005.6108108108108,43.41621621621621,1.9945945945945946,1.2378378378378379,2.8972972972972975,1.4756756756756757,1.7081081081081082,1.2972972972972974,171
1023987.8432432433,2005.6108108108108,43.41621621621621,1.9945945945945946,1.2378378378378379,2.8972972972972975,1.4756756756756757,1.7081081081081082,1.2972972972972974,144
1023987.8432432433,2005.6108108108108,43.41621621621621,1.9945945945945946,1.2378378378378379,2.8972972972972975,1.4756756756756757,1.7081081081081082,1.2972972972972974,268
1023987.8432432433,2005.6108108108108,43.41621621621621,1.9945945945945946,1.2378378378378379,2.8972972972972975,1.4756756756756757,1.7081081081081082,1.2972972972972974,81
1023987.8432432433,2005.6108108108108,43.41621621621621,1.9945945945945946,1.2378378378378379,2.8972972972972975,1.4756756756756757,1.7081081081081082,1.2972972972972974,81
1023987.8432432433,2005.6108108108108,43.41621621621621,1.9945945945945946,1.2378378378378379,2.8972972972972975,1.4756756756756757,1.7081081081081082,1.2972972972972974,78
1023987.8432432433,2005.6108108108108,43.41621621621621,1.9945945945945946,1.2378378378378379,2.8972972972972975,1.4756756756756757,1.7081081081081082,1.2972972972972974,135
1023987.8432432433,2005.6108108108108,43.41621621621621,1.9945945945945946,1.2378378378378379,2.8972972972972975,1.4756756756756757,1.7081081081081082,1.2972972972972974,81
1023987.8432432433,2005.6108108108108,43.41621621621621,1.9945945945945946,1.2378378378378379,2.8972972972972975,1.4756756756756757,1.7081081081081082,1.2972972972972974,111
1023987.8432432433,2005.6108108108108,43.41621621621621,1.9945945945945946,1.2378378378378379,2.8972972972972975,1.4756756756756757,1.7081081081081082,1.2972972972972974,102
1023987.8432432433,2005.6108108108108,43.41621621621621,1.9945945945945946,1.2378378378378379,2.8972972972972975,1.4756756756756757,1.7081081081081082,1.2972972972972974,78
1023987.8432432433,2005.6108108108108,43.41621621621621,1.9945945945945946,1.2378378378378379,2.8972972972972975,1.4756756756756757,1.7081081081081082,1.2972972972972974,135
1023987.8432432433,2005.6108108108108,43.41621621621621,1.9945945945945946,1.2378378378378379,2.8972972972972975,1.4756756756756757,1.7081081081081082,1.2972972972972974,135
1023987.8432432433,2005.6108108108108,43.41621621621621,1.9945945945945946,1.2378378378378379,2.8972972972972975,1.4756756756756757,1.7081081081081082,1.2972972972972974,88
1023987.8432432433,2005.6108108108108,43.41621621621621,1.9945945945945946,1.2378378378378379,2.8972972972972975,1.4756756756756757,1.7081081081081082,1.2972972972972974,81
1023987.8432432433,2005.6108108108108,43.41621621621621,1.9945945945945946,1.2378378378378379,2.8972972972972975,1.4756756756756757,1.7081081081081082,1.2972972972972974,135
1023987.8432432433,2005.6108108108108,43.41621621621621,1.9945945945945946,1.2378378378378379,2.8972972972972975,1.4756756756756757,1.7081081081081082,1.2972972972972974,81
1023987.8432432433,2005.6108108108108,43.41621621621621,1.9945945945945946,1.2378378378378379,2.8972972972972975,1.4756756756756757,1.7081081081081082,1.2972972972972974,135
1023987.8432432433,2005.6108108108108,43.41621621621621,1.9945945945945946,1.2378378378378379,2.8972972972972975,1.4756756756756757,1.7081081081081082,1.2972972972972974,144
1023987.8432432433,2005.6108108108108,43.41621621621621,1.9945945945945946,1.2378378378378379,2.8972972972972975,1.4756756756756757,1.7081081081081082,1.2972972972972974,78
1023987.8432432433,2005.6108108108108,43.41621621621621,1.9945945945945946,1.2378378378378379,2.8972972972972975,1.4756756756756757,1.7081081081081082,1.2972972972972974,81
1023987.8432432433,2005.6108108108108,43.41621621621621,1.9945945945945946,1.2378378378378379,2.8972972972972975,1.4756756756756757,1.7081081081081082,1.2972972972972974,135
1023987.8432432433,2005.6108108108108,43.41621621621621,1.9945945945945946,1.2378378378378379,2.8972972972972975,1.4756756756756757,1.7081081081081082,1.2972972972972974,81
1023987.8432432433,2005.6108108108108,43.41621621621621,1.9945945945945946,1.2378378378378379,2.8972972972972975,1.4756756756756757,1.7081081081081082,1.2972972972972974,111
1023987.8432432433,2005.6108108108108,43.41621621621621,1.9945945945945946,1.2378378378378379,2.8972972972972975,1.4756756756756757,1.7081081081081082,1.2972972972972974,135
1023987.8432432433,2005.6108108108108,43.41621621621621,1.9945945945945946,1.2378378378378379,2.8972972972972975,1.4756756756756757,1.7081081081081082,1.2972972972972974,81
