1025570.3121693122,2005.7671957671957,42.111111111111114,1.9841269841269842,1.306878306878307,2.962962962962963,1.4814814814814814,1.7513227513227514,1.3227513227513228,115
1025570.3121693122,2005.7671957671957,42.111111111111114,1.9841269841269842,1.306878306878307,2.962962962962963,1.4814814814814814,1.7513227513227514,1.3227513227513228,100
1025570.3121693122,2005.7671957671957,42.111111111111114,1.9841269841269842,1.306878306878307,2.962962962962963,1.4814814814814814,1.7513227513227514,1.3227513227513228,100
1025570.3121693122,2005.7671957671957,42.111111111111114,1.9841269841269842,1.306878306878307,2.962962962962963,1.4814814814814814,1.7513227513227514,1.3227513227513228,157
1025570.3121693122,2005.7671957671957,42.111111111111114,1.9841269841269842,1.306878306878307,2.962962962962963,1.4814814814814814,1.7513227513227514,1.3227513227513228,94
1025570.3121693122,2005.7671957671957,42.111111111111114,1.9841269841269842,1.306878306878307,2.962962962962963,1.4814814814814814,1.7513227513227514,1.3227513227513228,100
1025570.3121693122,2005.7671957671957,42.111111111111114,1.9841269841269842,1.306878306878307,2.962962962962963,1.4814814814814814,1.7513227513227514,1.3227513227513228,94
1025570.3121693122,2005.7671957671957,42.111111111111114,1.9841269841269842,1.306878306878307,2.962962962962963,1.4814814814814814,1.7513227513227514,1.3227513227513228,94
1025570.3121693122,2005.7671957671957,42.111111111111114,1.9841269841269842,1.306878306878307,2.962962962962963,1.4814814814814814,1.7513227513227514,1.3227513227513228,94
1025570.3121693122,2005.7671957671957,42.111111111111114,1.9841269841269842,1.306878306878307,2.962962962962963,1.4814814814814814,1.7513227513227514,1.3227513227513228,94
1025570.3121693122,2005.7671957671957,42.111111111111114,1.9841269841269842,1.306878306878307,2.962962962962963,1.4814814814814814,1.7513227513227514,1.3227513227513228,318
1025570.3121693122,2005.7671957671957,42.111111111111114,1.9841269841269842,1.306878306878307,2.962962962962963,1.4814814814814814,1.7513227513227514,1.3227513227513228,94
1025570.3121693122,2005.7671957671957,42.111111111111114,1.9841269841269842,1.306878306878307,2.962962962962963,1.4814814814814814,1.7513227513227514,1.3227513227513228,100
1025570.3121693122,2005.7671957671957,42.111111111111114,1.9841269841269842,1.306878306878307,2.962962962962963,1.4814814814814814,1.7513227513227514,1.3227513227513228,94
1025570.3121693122,2005.7671957671957,42.111111111111114,1.9841269841269842,1.306878306878307,2.962962962962963,1.4814814814814814,1.7513227513227514,1.3227513227513228,100
1025570.3121693122,2005.7671957671957,42.111111111111114,1.9841269841269842,1.306878306878307,2.962962962962963,1.4814814814814814,1.7513227513227514,1.3227513227513228,94
1025570.3121693122,2005.7671957671957,42.111111111111114,1.9841269841269842,1.306878306878307,2.962962962962963,1.4814814814814814,1.7513227513227514,1.3227513227513228,94
1025570.3121693122,2005.7671957671957,42.111111111111114,1.9841269841269842,1.306878306878307,2.962962962962963,1.4814814814814814,1.7513227513227514,1.3227513227513228,100
1025570.3121693122,2005.7671957671957,42.111111111111114,1.9841269841269842,1.306878306878307,2.962962962962963,1.4814814814814814,1.7513227513227514,1.3227513227513228,100
1025570.3121693122,2005.7671957671957,42.111111111111114,1.9841269841269842,1.306878306878307,2.962962962962963,1.4814814814814814,1.7513227513227514,1.3227513227513228,100
1025570.3121693122,2005.7671957671957,42.111111111111114,1.9841269841269842,1.306878306878307,2.962962962962963,1.4814814814814814,1.7513227513227514,1.3227513227513228,94
1025570.3121693122,2005.7671957671957,42.111111111111114,1.9841269841269842,1.306878306878307,2.962962962962963,1.4814814814814814,1.7513227513227514,1.3227513227513228,115
1025570.3121693122,2005.7671957671957,42.111111111111114,1.9841269841269842,1.306878306878307,2.962962962962963,1.4814814814814814,1.7513227513227514,1.3227513227513228,100
1025570.3121693122,2005.7671957671957,42.111111111111114,1.9841269841269842,1.306878306878307,2.962962962962963,1.4814814814814814,1.7513227513227514,1.3227513227513228,115
1025570.3121693122,2005.7671957671957,42.111111111111114,1.9841269841269842,1.306878306878307,2.962962962962963,1.4814814814814814,1.7513227513227514,1.3227513227513228,100
1025570.3121693122,2005.7671957671957,42.111111111111114,1.9841269841269842,1.306878306878307,2.962962962962963,1.4814814814814814,1.7513227513227514,1.3227513227513228,201
1025570.3121693122,2005.7671957671957,42.111111111111114,1.9841269841269842,1.306878306878307,2.962962962962963,1.4814814814814814,1.7513227513227514,1.3227513227513228,100
1025570.3121693122,2005.7671957671957,42.111111111111114,1.9841269841269842,1.306878306878307,2.962962962962963,1.4814814814814814,1.7513227513227514,1.3227513227513228,100
1025570.3121693122,2005.7671957671957,42.111111111111114,1.9841269841269842,1.306878306878307,2.962962962962963,1.4814814814814814,1.7513227513227514,1.3227513227513228,94
1025570.3121693122,2005.7671957671957,42.111111111111114,1.9841269841269842,1.306878306878307,2.962962962962963,1.4814814814814814,1.7513227513227514,1.3227513227513228,94
1025570.3121693122,2005.7671957671957,42.111111111111114,1.9841269841269842,1.306878306878307,2.962962962962963,1.4814814814814814,1.7513227513227514,1.3227513227513228,94
1025570.3121693122,2005.7671957671957,42.111111111111114,1.9841269841269842,1.306878306878307,2.962962962962963,1.4814814814814814,1.7513227513227514,1.3227513227513228,100
1025570.3121693122,2005.7671957671957,42.111111111111114,1.9841269841269842,1.306878306878307,2.962962962962963,1.4814814814814814,1.7513227513227514,1.3227513227513228,100
1025570.3121693122,2005.7671957671957,42.111111111111114,1.9841269841269842,1.306878306878307,2.962962962962963,1.4814814814814814,1.7513227513227514,1.3227513227513228,100
1025570.3121693122,2005.7671957671957,42.111111111111114,1.9841269841269842,1.306878306878307,2.962962962962963,1.4814814814814814,1.7513227513227514,1.3227513227513228,115
1025570.3121693122,2005.7671957671957,42.111111111111114,1.9841269841269842,1.306878306878307,2.962962962962963,1.4814814814814814,1.7513227513227514,1.3227513227513228,100
1025570.3121693122,2005.7671957671957,42.111111111111114,1.9841269841269842,1.306878306878307,2.962962962962963,1.4814814814814814,1.7513227513227514,1.3227513227513228,100
1025570.3121693122,2005.7671957671957,42.111111111111114,1.9841269841269842,1.306878306878307,2.962962962962963,1.4814814814814814,1.7513227513227514,1.3227513227513228,94
1025570.3121693122,2005.7671957671957,42.111111111111114,1.9841269841269842,1.306878306878307,2.962962962962963,1.4814814814814814,1.7513227513227514,1.3227513227513228,94
1025570.3121693122,2005.7671957671957,42.111111111111114,1.9841269841269842,1.306878306878307,2.962962962962963,1.4814814814814814,1.7513227513227514,1.3227513227513228,100
1025570.3121693122,2005.7671957671957,42.111111111111114,1.9841269841269842,1.306878306878307,2.962962962962963,1.4814814814814814,1.7513227513227514,1.3227513227513228,100
1025570.3121693122,2005.7671957671957,42.111111111111114,1.9841269841269842,1.306878306878307,2.962962962962963,1.4814814814814814,1.7513227513227514,1.3227513227513228,201
1025570.3121693122,2005.7671957671957,42.111111111111114,1.9841269841269842,1.306878306878307,2.962962962962963,1.4814814814814814,1.7513227513227514,1.3227513227513228,100
1025570.3121693122,2005.7671957671957,42.111111111111114,1.9841269841269842,1.306878306878307,2.962962962962963,1.4814814814814814,1.7513227513227514,1.3227513227513228,94
1025570.3121693122,2005.7671957671957,42.111111111111114,1.9841269841269842,1.306878306878307,2.962962962962963,1.4814814814814814,1.7513227513227514,1.3227513227513228,94
1025570.3121693122,2005.7671957671957,42.111111111111114,1.9841269841269842,1.306878306878307,2.962962962962963,1.4814814814814814,1.7513227513227514,1.3227513227513228,94
1025570.3121693122,2005.7671957671957,42.111111111111114,1.9841269841269842,1.306878306878307,2.962962962962963,1.4814814814814814,1.7513227513227514,1.3227513227513228,100
1025570.3121693122,2005.7671957671957,42.111111111111114,1.9841269841269842,1.306878306878307,2.962962962962963,1.4814814814814814,1.7513227513227514,1.3227513227513228,94
1025570.3121693122,2005.7671957671957,42.111111111111114,1.9841269841269842,1.306878306878307,2.962962962962963,1.4814814814814814,1.7513227513227514,1.3227513227513228,100
1025570.3121693122,2005.7671957671957,42.111111111111114,1.9841269841269842,1.306878306878307,2.962962962962963,1.4814814814814814,1.7513227513227514,1.3227513227513228,94
1025570.3121693122,2005.7671957671957,42.111111111111114,1.9841269841269842,1.306878306878307,2.962962962962963,1.4814814814814814,1.7513227513227514,1.3227513227513228,100
1025570.3121693122,2005.7671957671957,42.111111111111114,1.9841269841269842,1.306878306878307,2.962962962962963,1.4814814814814814,1.7513227513227514,1.3227513227513228,94
1025570.3121693122,2005.7671957671957,42.111111111111114,1.9841269841269842,1.306878306878307,2.962962962962963,1.4814814814814814,1.7513227513227514,1.3227513227513228,94
1025570.3121693122,2005.7671957671957,42.111111111111114,1.9841269841269842,1.306878306878307,2.962962962962963,1.4814814814814814,1.7513227513227514,1.3227513227513228,94
1025570.3121693122,2005.7671957671957,42.111111111111114,1.9841269841269842,1.306878306878307,2.962962962962963,1.4814814814814814,1.7513227513227514,1.3227513227513228,115
1025570.3121693122,2005.7671957671957,42.111111111111114,1.9841269841269842,1.306878306878307,2.962962962962963,1.4814814814814814,1.7513227513227514,1.3227513227513228,94
1025570.3121693122,2005.7671957671957,42.111111111111114,1.9841269841269842,1.306878306878307,2.962962962962963,1.4814814814814814,1.7513227513227514,1.3227513227513228,115
1025570.3121693122,2005.7671957671957,42.111111111111114,1.9841269841269842,1.306878306878307,2.962962962962963,1.4814814814814814,1.7513227513227514,1.3227513227513228,94
1025570.3121693122,2005.7671957671957,42.111111111111114,1.9841269841269842,1.306878306878307,2.962962962962963,1.4814814814814814,1.7513227513227514,1.3227513227513228,94
1025570.3121693122,2005.7671957671957,42.111111111111114,1.9841269841269842,1.306878306878307,2.962962962962963,1.4814814814814814,1.7513227513227514,1.3227513227513228,100
1025570.3121693122,2005.7671957671957,42.111111111111114,1.9841269841269842,1.306878306878307,2.962962962962963,1.4814814814814814,1.7513227513227514,1.3227513227513228,100
1025570.3121693122,2005.7671957671957,42.111111111111114,1.9841269841269842,1.306878306878307,2.962962962962963,1.4814814814814814,1.7513227513227514,1.3227513227513228,115
1025570.3121693122,2005.7671957671957,42.111111111111114,1.9841269841269842,1.306878306878307,2.962962962962963,1.4814814814814814,1.7513227513227514,1.3227513227513228,100
1025570.3121693122,2005.7671957671957,42.111111111111114,1.9841269841269842,1.306878306878307,2.962962962962963,1.4814814814814814,1.7513227513227514,1.3227513227513228,100
1025570.3121693122,2005.7671957671957,42.111111111111114,1.9841269841269842,1.306878306878307,2.962962962962963,1.4814814814814814,1.7513227513227514,1.3227513227513228,115
1025570.3121693122,2005.7671957671957,42.111111111111114,1.9841269841269842,1.306878306878307,2.962962962962963,1.4814814814814814,1.7513227513227514,1.3227513227513228,94
1025570.3121693122,2005.7671957671957,42.111111111111114,1.9841269841269842,1.306878306878307,2.962962962962963,1.4814814814814814,1.7513227513227514,1.3227513227513228,100
1025570.3121693122,2005.7671957671957,42.111111111111114,1.9841269841269842,1.306878306878307,2.962962962962963,1.4814814814814814,1.7513227513227514,1.3227513227513228,94
1025570.3121693122,2005.7671957671957,42.111111111111114,1.9841269841269842,1.306878306878307,2.962962962962963,1.4814814814814814,1.7513227513227514,1.3227513227513228,115
1025570.3121693122,2005.7671957671957,42.111111111111114,1.9841269841269842,1.306878306878307,2.962962962962963,1.4814814814814814,1.7513227513227514,1.3227513227513228,100
1025570.3121693122,2005.7671957671957,42.111111111111114,1.9841269841269842,1.306878306878307,2.962962962962963,1.4814814814814814,1.7513227513227514,1.3227513227513228,100
1025570.3121693122,2005.7671957671957,42.111111111111114,1.9841269841269842,1.306878306878307,2.962962962962963,1.4814814814814814,1.7513227513227514,1.3227513227513228,115
1025570.3121693122,2005.7671957671957,42.111111111111114,1.9841269841269842,1.306878306878307,2.962962962962963,1.4814814814814814,1.7513227513227514,1.3227513227513228,100
1025570.3121693122,2005.7671957671957,42.111111111111114,1.9841269841269842,1.306878306878307,2.962962962962963,1.4814814814814814,1.7513227513227514,1.3227513227513228,94
1025570.3121693122,2005.7671957671957,42.111111111111114,1.9841269841269842,1.306878306878307,2.962962962962963,1.4814814814814814,1.7513227513227514,1.3227513227513228,100
1025570.3121693122,2005.7671957671957,42.111111111111114,1.9841269841269842,1.306878306878307,2.962962962962963,1.4814814814814814,1.7513227513227514,1.3227513227513228,100
1025570.3121693122,2005.7671957671957,42.111111111111114,1.9841269841269842,1.306878306878307,2.962962962962963,1.4814814814814814,1.7513227513227514,1.3227513227513228,100
1025570.3121693122,2005.7671957671957,42.111111111111114,1.9841269841269842,1.306878306878307,2.962962962962963,1.4814814814814814,1.7513227513227514,1.3227513227513228,94
1025570.3121693122,2005.7671957671957,42.111111111111114,1.9841269841269842,1.306878306878307,2.962962962962963,1.4814814814814814,1.7513227513227514,1.3227513227513228,94
1025570.3121693122,2005.7671957671957,42.111111111111114,1.9841269841269842,1.306878306878307,2.962962962962963,1.4814814814814814,1.7513227513227514,1.3227513227513228,94
1025570.3121693122,2005.7671957671957,42.111111111111114,1.9841269841269842,1.306878306878307,2.962962962962963,1.4814814814814814,1.7513227513227514,1.3227513227513228,115
1025570.3121693122,2005.7671957671957,42.111111111111114,1.9841269841269842,1.306878306878307,2.962962962962963,1.4814814814814814,1.7513227513227514,1.3227513227513228,94
1025570.3121693122,2005.7671957671957,42.111111111111114,1.9841269841269842,1.306878306878307,2.962962962962963,1.4814814814814814,1.7513227513227514,1.3227513227513228,94
1025570.3121693122,2005.7671957671957,42.111111111111114,1.9841269841269842,1.306878306878307,2.962962962962963,1.4814814814814814,1.7513227513227514,1.3227513227513228,100
1025570.3121693122,2005.7671957671957,42.111111111111114,1.9841269841269842,1.306878306878307,2.962962962962963,1.4814814814814814,1.7513227513227514,1.3227513227513228,94
1025570.3121693122,2005.7671957671957,42.111111111111114,1.9841269841269842,1.306878306878307,2.962962962962963,1.4814814814814814,1.7513227513227514,1.3227513227513228,201
1025570.3121693122,2005.7671957671957,42.111111111111114,1.9841269841269842,1.306878306878307,2.962962962962963,1.4814814814814814,1.7513227513227514,1.3227513227513228,100
1025570.3121693122,2005.7671957671957,42.111111111111114,1.9841269841269842,1.306878306878307,2.962962962962963,1.4814814814814814,1.7513227513227514,1.3227513227513228,94
1025570.3121693122,2005.7671957671957,42.111111111111114,1.9841269841269842,1.306878306878307,2.962962962962963,1.4814814814814814,1.7513227513227514,1.3227513227513228,94
1025570.3121693122,2005.7671957671957,42.111111111111114,1.9841269841269842,1.306878306878307,2.962962962962963,1.4814814814814814,1.7513227513227514,1.3227513227513228,100
1025570.3121693122,2005.7671957671957,42.111111111111114,1.9841269841269842,1.306878306878307,2.962962962962963,1.4814814814814814,1.7513227513227514,1.3227513227513228,94
1025570.3121693122,2005.7671957671957,42.111111111111114,1.9841269841269842,1.306878306878307,2.962962962962963,1.4814814814814814,1.7513227513227514,1.3227513227513228,94
1025570.3121693122,2005.7671957671957,42.111111111111114,1.9841269841269842,1.306878306878307,2.962962962962963,1.4814814814814814,1.7513227513227514,1.3227513227513228,100
1025570.3121693122,2005.7671957671957,42.111111111111114,1.9841269841269842,1.306878306878307,2.962962962962963,1.4814814814814814,1.7513227513227514,1.3227513227513228,100
1025570.3121693122,2005.7671957671957,42.111111111111114,1.9841269841269842,1.306878306878307,2.962962962962963,1.4814814814814814,1.7513227513227514,1.3227513227513228,94
1025570.3121693122,2005.7671957671957,42.111111111111114,1.9841269841269842,1.306878306878307,2.962962962962963,1.4814814814814814,1.7513227513227514,1.3227513227513228,100
1025570.3121693122,2005.7671957671957,42.111111111111114,1.9841269841269842,1.306878306878307,2.962962962962963,1.4814814814814814,1.7513227513227514,1.3227513227513228,94
1025570.3121693122,2005.7671957671957,42.111111111111114,1.9841269841269842,1.306878306878307,2.962962962962963,1.4814814814814814,1.7513227513227514,1.3227513227513228,115
1025570.3121693122,2005.7671957671957,42.111111111111114,1.9841269841269842,1.306878306878307,2.962962962962963,1.4814814814814814,1.7513227513227514,1.3227513227513228,100
1025570.3121693122,2005.7671957671957,42.111111111111114,1.9841269841269842,1.306878306878307,2.962962962962963,1.4814814814814814,1.7513227513227514,1.3227513227513228,94
1025570.3121693122,2005.7671957671957,42.111111111111114,1.9841269841269842,1.306878306878307,2.962962962962963,1.4814814814814814,1.7513227513227514,1.3227513227513228,100
1025570.3121693122,2005.7671957671957,42.111111111111114,1.9841269841269842,1.306878306878307,2.962962962962963,1.4814814814814814,1.7513227513227514,1.3227513227513228,100
1025570.3121693122,2005.7671957671957,42.111111111111114,1.9841269841269842,1.306878306878307,2.962962962962963,1.4814814814814814,1.7513227513227514,1.3227513227513228,100
1025570.3121693122,2005.7671957671957,42.111111111111114,1.9841269841269842,1.306878306878307,2.962962962962963,1.4814814814814814,1.7513227513227514,1.3227513227513228,100
1025570.3121693122,2005.7671957671957,42.111111111111114,1.9841269841269842,1.306878306878307,2.962962962962963,1.4814814814814814,1.7513227513227514,1.3227513227513228,100
1025570.3121693122,2005.7671957671957,42.111111111111114,1.9841269841269842,1.306878306878307,2.962962962962963,1.4814814814814814,1.7513227513227514,1.3227513227513228,94
1025570.3121693122,2005.7671957671957,42.111111111111114,1.9841269841269842,1.306878306878307,2.962962962962963,1.4814814814814814,1.7513227513227514,1.3227513227513228,115
1025570.3121693122,2005.7671957671957,42.111111111111114,1.9841269841269842,1.306878306878307,2.962962962962963,1.4814814814814814,1.7513227513227514,1.3227513227513228,100
1025570.3121693122,2005.7671957671957,42.111111111111114,1.9841269841269842,1.306878306878307,2.962962962962963,1.4814814814814814,1.7513227513227514,1.3227513227513228,94
1025570.3121693122,2005.7671957671957,42.111111111111114,1.9841269841269842,1.306878306878307,2.962962962962963,1.4814814814814814,1.7513227513227514,1.3227513227513228,115
1025570.3121693122,2005.7671957671957,42.111111111111114,1.9841269841269842,1.306878306878307,2.962962962962963,1.4814814814814814,1.7513227513227514,1.3227513227513228,100
1025570.3121693122,2005.7671957671957,42.111111111111114,1.9841269841269842,1.306878306878307,2.962962962962963,1.4814814814814814,1.7513227513227514,1.3227513227513228,94
1025570.3121693122,2005.7671957671957,42.111111111111114,1.9841269841269842,1.306878306878307,2.962962962962963,1.4814814814814814,1.7513227513227514,1.3227513227513228,94
1025570.3121693122,2005.7671957671957,42.111111111111114,1.9841269841269842,1.306878306878307,2.962962962962963,1.4814814814814814,1.7513227513227514,1.3227513227513228,100
1025570.3121693122,2005.7671957671957,42.111111111111114,1.9841269841269842,1.306878306878307,2.962962962962963,1.4814814814814814,1.7513227513227514,1.3227513227513228,94
1025570.3121693122,2005.7671957671957,42.111111111111114,1.9841269841269842,1.306878306878307,2.962962962962963,1.4814814814814814,1.7513227513227514,1.3227513227513228,100
1025570.3121693122,2005.7671957671957,42.111111111111114,1.9841269841269842,1.306878306878307,2.962962962962963,1.4814814814814814,1.7513227513227514,1.3227513227513228,94
1025570.3121693122,2005.7671957671957,42.111111111111114,1.9841269841269842,1.306878306878307,2.962962962962963,1.4814814814814814,1.7513227513227514,1.3227513227513228,201
1025570.3121693122,2005.7671957671957,42.111111111111114,1.9841269841269842,1.306878306878307,2.962962962962963,1.4814814814814814,1.7513227513227514,1.3227513227513228,100
1025570.3121693122,2005.7671957671957,42.111111111111114,1.9841269841269842,1.306878306878307,2.962962962962963,1.4814814814814814,1.7513227513227514,1.3227513227513228,94
1025570.3121693122,2005.7671957671957,42.111111111111114,1.9841269841269842,1.306878306878307,2.962962962962963,1.4814814814814814,1.7513227513227514,1.3227513227513228,94
1025570.3121693122,2005.7671957671957,42.111111111111114,1.9841269841269842,1.306878306878307,2.962962962962963,1.4814814814814814,1.7513227513227514,1.3227513227513228,94
1025570.3121693122,2005.7671957671957,42.111111111111114,1.9841269841269842,1.306878306878307,2.962962962962963,1.4814814814814814,1.7513227513227514,1.3227513227513228,100
1025570.3121693122,2005.7671957671957,42.111111111111114,1.9841269841269842,1.306878306878307,2.962962962962963,1.4814814814814814,1.7513227513227514,1.3227513227513228,100
1025570.3121693122,2005.7671957671957,42.111111111111114,1.9841269841269842,1.306878306878307,2.962962962962963,1.4814814814814814,1.7513227513227514,1.3227513227513228,94
1025570.3121693122,2005.7671957671957,42.111111111111114,1.9841269841269842,1.306878306878307,2.962962962962963,1.4814814814814814,1.7513227513227514,1.3227513227513228,139
1025570.3121693122,2005.7671957671957,42.111111111111114,1.9841269841269842,1.306878306878307,2.962962962962963,1.4814814814814814,1.7513227513227514,1.3227513227513228,100
1025570.3121693122,2005.7671957671957,42.111111111111114,1.9841269841269842,1.306878306878307,2.962962962962963,1.4814814814814814,1.7513227513227514,1.3227513227513228,94
1025570.3121693122,2005.7671957671957,42.111111111111114,1.9841269841269842,1.306878306878307,2.962962962962963,1.4814814814814814,1.7513227513227514,1.3227513227513228,201
1025570.3121693122,2005.7671957671957,42.111111111111114,1.9841269841269842,1.306878306878307,2.962962962962963,1.4814814814814814,1.7513227513227514,1.3227513227513228,157
1025570.3121693122,2005.7671957671957,42.111111111111114,1.9841269841269842,1.306878306878307,2.962962962962963,1.4814814814814814,1.7513227513227514,1.3227513227513228,100
1025570.3121693122,2005.7671957671957,42.111111111111114,1.9841269841269842,1.306878306878307,2.962962962962963,1.4814814814814814,1.7513227513227514,1.3227513227513228,100
1025570.3121693122,2005.7671957671957,42.111111111111114,1.9841269841269842,1.306878306878307,2.962962962962963,1.4814814814814814,1.7513227513227514,1.3227513227513228,94
1025570.3121693122,2005.7671957671957,42.111111111111114,1.9841269841269842,1.306878306878307,2.962962962962963,1.4814814814814814,1.7513227513227514,1.3227513227513228,115
1025570.3121693122,2005.7671957671957,42.111111111111114,1.9841269841269842,1.306878306878307,2.962962962962963,1.4814814814814814,1.7513227513227514,1.3227513227513228,94
1025570.3121693122,2005.7671957671957,42.111111111111114,1.9841269841269842,1.306878306878307,2.962962962962963,1.4814814814814814,1.7513227513227514,1.3227513227513228,94
1025570.3121693122,2005.7671957671957,42.111111111111114,1.9841269841269842,1.306878306878307,2.962962962962963,1.4814814814814814,1.7513227513227514,1.3227513227513228,94
1025570.3121693122,2005.7671957671957,42.111111111111114,1.9841269841269842,1.306878306878307,2.962962962962963,1.4814814814814814,1.7513227513227514,1.3227513227513228,100
1025570.3121693122,2005.7671957671957,42.111111111111114,1.9841269841269842,1.306878306878307,2.962962962962963,1.4814814814814814,1.7513227513227514,1.3227513227513228,100
1025570.3121693122,2005.7671957671957,42.111111111111114,1.9841269841269842,1.306878306878307,2.962962962962963,1.4814814814814814,1.7513227513227514,1.3227513227513228,94
1025570.3121693122,2005.7671957671957,42.111111111111114,1.9841269841269842,1.306878306878307,2.962962962962963,1.4814814814814814,1.7513227513227514,1.3227513227513228,100
1025570.3121693122,2005.7671957671957,42.111111111111114,1.9841269841269842,1.306878306878307,2.962962962962963,1.4814814814814814,1.7513227513227514,1.3227513227513228,94
1025570.3121693122,2005.7671957671957,42.111111111111114,1.9841269841269842,1.306878306878307,2.962962962962963,1.4814814814814814,1.7513227513227514,1.3227513227513228,100
1025570.3121693122,2005.7671957671957,42.111111111111114,1.9841269841269842,1.306878306878307,2.962962962962963,1.4814814814814814,1.7513227513227514,1.3227513227513228,115
1025570.3121693122,2005.7671957671957,42.111111111111114,1.9841269841269842,1.306878306878307,2.962962962962963,1.4814814814814814,1.7513227513227514,1.3227513227513228,94
1025570.3121693122,2005.7671957671957,42.111111111111114,1.9841269841269842,1.306878306878307,2.962962962962963,1.4814814814814814,1.7513227513227514,1.3227513227513228,100
1025570.3121693122,2005.7671957671957,42.111111111111114,1.9841269841269842,1.306878306878307,2.962962962962963,1.4814814814814814,1.7513227513227514,1.3227513227513228,100
1025570.3121693122,2005.7671957671957,42.111111111111114,1.9841269841269842,1.306878306878307,2.962962962962963,1.4814814814814814,1.7513227513227514,1.3227513227513228,100
1025570.3121693122,2005.7671957671957,42.111111111111114,1.9841269841269842,1.306878306878307,2.962962962962963,1.4814814814814814,1.7513227513227514,1.3227513227513228,100
1025570.3121693122,2005.7671957671957,42.111111111111114,1.9841269841269842,1.306878306878307,2.962962962962963,1.4814814814814814,1.7513227513227514,1.3227513227513228,100
1025570.3121693122,2005.7671957671957,42.111111111111114,1.9841269841269842,1.306878306878307,2.962962962962963,1.4814814814814814,1.7513227513227514,1.3227513227513228,94
1025570.3121693122,2005.7671957671957,42.111111111111114,1.9841269841269842,1.306878306878307,2.962962962962963,1.4814814814814814,1.7513227513227514,1.3227513227513228,94
1025570.3121693122,2005.7671957671957,42.111111111111114,1.9841269841269842,1.306878306878307,2.962962962962963,1.4814814814814814,1.7513227513227514,1.3227513227513228,100
1025570.3121693122,2005.7671957671957,42.111111111111114,1.9841269841269842,1.306878306878307,2.962962962962963,1.4814814814814814,1.7513227513227514,1.3227513227513228,94
1025570.3121693122,2005.7671957671957,42.111111111111114,1.9841269841269842,1.306878306878307,2.962962962962963,1.4814814814814814,1.7513227513227514,1.3227513227513228,115
1025570.3121693122,2005.7671957671957,42.111111111111114,1.9841269841269842,1.306878306878307,2.962962962962963,1.4814814814814814,1.7513227513227514,1.3227513227513228,94
1025570.3121693122,2005.7671957671957,42.111111111111114,1.9841269841269842,1.306878306878307,2.962962962962963,1.4814814814814814,1.7513227513227514,1.3227513227513228,100
1025570.3121693122,2005.7671957671957,42.111111111111114,1.9841269841269842,1.306878306878307,2.962962962962963,1.4814814814814814,1.7513227513227514,1.3227513227513228,94
1025570.3121693122,2005.7671957671957,42.111111111111114,1.9841269841269842,1.306878306878307,2.962962962962963,1.4814814814814814,1.7513227513227514,1.3227513227513228,94
1025570.3121693122,2005.7671957671957,42.111111111111114,1.9841269841269842,1.306878306878307,2.962962962962963,1.4814814814814814,1.7513227513227514,1.3227513227513228,94
1025570.3121693122,2005.7671957671957,42.111111111111114,1.9841269841269842,1.306878306878307,2.962962962962963,1.4814814814814814,1.7513227513227514,1.3227513227513228,94
1025570.3121693122,2005.7671957671957,42.111111111111114,1.9841269841269842,1.306878306878307,2.962962962962963,1.4814814814814814,1.7513227513227514,1.3227513227513228,100
1025570.3121693122,2005.7671957671957,42.111111111111114,1.9841269841269842,1.306878306878307,2.962962962962963,1.4814814814814814,1.7513227513227514,1.3227513227513228,100
1025570.3121693122,2005.7671957671957,42.111111111111114,1.9841269841269842,1.306878306878307,2.962962962962963,1.4814814814814814,1.7513227513227514,1.3227513227513228,94
1025570.3121693122,2005.7671957671957,42.111111111111114,1.9841269841269842,1.306878306878307,2.962962962962963,1.4814814814814814,1.7513227513227514,1.3227513227513228,115
1025570.3121693122,2005.7671957671957,42.111111111111114,1.9841269841269842,1.306878306878307,2.962962962962963,1.4814814814814814,1.7513227513227514,1.3227513227513228,94
1025570.3121693122,2005.7671957671957,42.111111111111114,1.9841269841269842,1.306878306878307,2.962962962962963,1.4814814814814814,1.7513227513227514,1.3227513227513228,100
1025570.3121693122,2005.7671957671957,42.111111111111114,1.9841269841269842,1.306878306878307,2.962962962962963,1.4814814814814814,1.7513227513227514,1.3227513227513228,100
1025570.3121693122,2005.7671957671957,42.111111111111114,1.9841269841269842,1.306878306878307,2.962962962962963,1.4814814814814814,1.7513227513227514,1.3227513227513228,94
1025570.3121693122,2005.7671957671957,42.111111111111114,1.9841269841269842,1.306878306878307,2.962962962962963,1.4814814814814814,1.7513227513227514,1.3227513227513228,201
1025570.3121693122,2005.7671957671957,42.111111111111114,1.9841269841269842,1.306878306878307,2.962962962962963,1.4814814814814814,1.7513227513227514,1.3227513227513228,94
1025570.3121693122,2005.7671957671957,42.111111111111114,1.9841269841269842,1.306878306878307,2.962962962962963,1.4814814814814814,1.7513227513227514,1.3227513227513228,94
1025570.3121693122,2005.7671957671957,42.111111111111114,1.9841269841269842,1.306878306878307,2.962962962962963,1.4814814814814814,1.7513227513227514,1.3227513227513228,94
1025570.3121693122,2005.7671957671957,42.111111111111114,1.9841269841269842,1.306878306878307,2.962962962962963,1.4814814814814814,1.7513227513227514,1.3227513227513228,115
1025570.3121693122,2005.7671957671957,42.111111111111114,1.9841269841269842,1.306878306878307,2.962962962962963,1.4814814814814814,1.7513227513227514,1.3227513227513228,94
1025570.3121693122,2005.7671957671957,42.111111111111114,1.9841269841269842,1.306878306878307,2.962962962962963,1.4814814814814814,1.7513227513227514,1.3227513227513228,94
1025570.3121693122,2005.7671957671957,42.111111111111114,1.9841269841269842,1.306878306878307,2.962962962962963,1.4814814814814814,1.7513227513227514,1.3227513227513228,100
1025570.3121693122,2005.7671957671957,42.111111111111114,1.9841269841269842,1.306878306878307,2.962962962962963,1.4814814814814814,1.7513227513227514,1.3227513227513228,100
1025570.3121693122,2005.7671957671957,42.111111111111114,1.9841269841269842,1.306878306878307,2.962962962962963,1.4814814814814814,1.7513227513227514,1.3227513227513228,100
1025570.3121693122,2005.7671957671957,42.111111111111114,1.9841269841269842,1.306878306878307,2.962962962962963,1.4814814814814814,1.7513227513227514,1.3227513227513228,157
1025570.3121693122,2005.7671957671957,42.111111111111114,1.9841269841269842,1.306878306878307,2.962962962962963,1.4814814814814814,1.7513227513227514,1.3227513227513228,94
1025570.3121693122,2005.7671957671957,42.111111111111114,1.9841269841269842,1.306878306878307,2.962962962962963,1.4814814814814814,1.7513227513227514,1.3227513227513228,100
1025570.3121693122,2005.7671957671957,42.111111111111114,1.9841269841269842,1.306878306878307,2.962962962962963,1.4814814814814814,1.7513227513227514,1.3227513227513228,100
1025570.3121693122,2005.7671957671957,42.111111111111114,1.9841269841269842,1.306878306878307,2.962962962962963,1.4814814814814814,1.7513227513227514,1.3227513227513228,100
1025570.3121693122,2005.7671957671957,42.111111111111114,1.9841269841269842,1.306878306878307,2.962962962962963,1.4814814814814814,1.7513227513227514,1.3227513227513228,100
1025570.3121693122,2005.7671957671957,42.111111111111114,1.9841269841269842,1.306878306878307,2.962962962962963,1.4814814814814814,1.7513227513227514,1.3227513227513228,115
1025570.3121693122,2005.7671957671957,42.111111111111114,1.9841269841269842,1.306878306878307,2.962962962962963,1.4814814814814814,1.7513227513227514,1.3227513227513228,100
1025570.3121693122,2005.7671957671957,42.111111111111114,1.9841269841269842,1.306878306878307,2.962962962962963,1.4814814814814814,1.7513227513227514,1.3227513227513228,100
1025570.3121693122,2005.7671957671957,42.111111111111114,1.9841269841269842,1.306878306878307,2.962962962962963,1.4814814814814814,1.7513227513227514,1.3227513227513228,100
1016940.0899470899,2006.0899470899471,41.24867724867725,1.9841269841269842,1.2275132275132274,2.9682539682539684,1.470899470899471,1.7142857142857142,1.2645502645502646,63
1016940.0899470899,2006.0899470899471,41.24867724867725,1.9841269841269842,1.2275132275132274,2.9682539682539684,1.470899470899471,1.7142857142857142,1.2645502645502646,107
1016940.0899470899,2006.0899470899471,41.24867724867725,1.9841269841269842,1.2275132275132274,2.9682539682539684,1.470899470899471,1.7142857142857142,1.2645502645502646,277
1016940.0899470899,2006.0899470899471,41.24867724867725,1.9841269841269842,1.2275132275132274,2.9682539682539684,1.470899470899471,1.7142857142857142,1.2645502645502646,69
1016940.0899470899,2006.0899470899471,41.24867724867725,1.9841269841269842,1.2275132275132274,2.9682539682539684,1.470899470899471,1.7142857142857142,1.2645502645502646,77
1016940.0899470899,2006.0899470899471,41.24867724867725,1.9841269841269842,1.2275132275132274,2.9682539682539684,1.470899470899471,1.7142857142857142,1.2645502645502646,166
1016940.0899470899,2006.0899470899471,41.24867724867725,1.9841269841269842,1.2275132275132274,2.9682539682539684,1.470899470899471,1.7142857142857142,1.2645502645502646,95
1016940.0899470899,2006.0899470899471,41.24867724867725,1.9841269841269842,1.2275132275132274,2.9682539682539684,1.470899470899471,1.7142857142857142,1.2645502645502646,95
1016940.0899470899,2006.0899470899471,41.24867724867725,1.9841269841269842,1.2275132275132274,2.9682539682539684,1.470899470899471,1.7142857142857142,1.2645502645502646,101
1016940.0899470899,2006.0899470899471,41.24867724867725,1.9841269841269842,1.2275132275132274,2.9682539682539684,1.470899470899471,1.7142857142857142,1.2645502645502646,170
1016940.0899470899,2006.0899470899471,41.24867724867725,1.9841269841269842,1.2275132275132274,2.9682539682539684,1.470899470899471,1.7142857142857142,1.2645502645502646,101
1016940.0899470899,2006.0899470899471,41.24867724867725,1.9841269841269842,1.2275132275132274,2.9682539682539684,1.470899470899471,1.7142857142857142,1.2645502645502646,107
1016940.0899470899,2006.0899470899471,41.24867724867725,1.9841269841269842,1.2275132275132274,2.9682539682539684,1.470899470899471,1.7142857142857142,1.2645502645502646,134
1016940.0899470899,2006.0899470899471,41.24867724867725,1.9841269841269842,1.2275132275132274,2.9682539682539684,1.470899470899471,1.7142857142857142,1.2645502645502646,95
1016940.0899470899,2006.0899470899471,41.24867724867725,1.9841269841269842,1.2275132275132274,2.9682539682539684,1.470899470899471,1.7142857142857142,1.2645502645502646,158
1016940.0899470899,2006.0899470899471,41.24867724867725,1.9841269841269842,1.2275132275132274,2.9682539682539684,1.470899470899471,1.7142857142857142,1.2645502645502646,107
1016940.0899470899,2006.0899470899471,41.24867724867725,1.9841269841269842,1.2275132275132274,2.9682539682539684,1.470899470899471,1.7142857142857142,1.2645502645502646,152
1016940.0899470899,2006.0899470899471,41.24867724867725,1.9841269841269842,1.2275132275132274,2.9682539682539684,1.470899470899471,1.7142857142857142,1.2645502645502646,63
1016940.0899470899,2006.0899470899471,41.24867724867725,1.9841269841269842,1.2275132275132274,2.9682539682539684,1.470899470899471,1.7142857142857142,1.2645502645502646,95
1016940.0899470899,2006.0899470899471,41.24867724867725,1.9841269841269842,1.2275132275132274,2.9682539682539684,1.470899470899471,1.7142857142857142,1.2645502645502646,77
1016940.0899470899,2006.0899470899471,41.24867724867725,1.9841269841269842,1.2275132275132274,2.9682539682539684,1.470899470899471,1.7142857142857142,1.2645502645502646,166
1016940.0899470899,2006.0899470899471,41.24867724867725,1.9841269841269842,1.2275132275132274,2.9682539682539684,1.470899470899471,1.7142857142857142,1.2645502645502646,133
1016940.0899470899,2006.0899470899471,41.24867724867725,1.9841269841269842,1.2275132275132274,2.9682539682539684,1.470899470899471,1.7142857142857142,1.2645502645502646,107
1016940.0899470899,2006.0899470899471,41.24867724867725,1.9841269841269842,1.2275132275132274,2.9682539682539684,1.470899470899471,1.7142857142857142,1.2645502645502646,116
1016940.0899470899,2006.0899470899471,41.24867724867725,1.9841269841269842,1.2275132275132274,2.9682539682539684,1.470899470899471,1.7142857142857142,1.2645502645502646,69
1016940.0899470899,2006.0899470899471,41.24867724867725,1.9841269841269842,1.2275132275132274,2.9682539682539684,1.470899470899471,1.7142857142857142,1.2645502645502646,95
1016940.0899470899,2006.0899470899471,41.24867724867725,1.9841269841269842,1.2275132275132274,2.9682539682539684,1.470899470899471,1.7142857142857142,1.2645502645502646,95
1016940.0899470899,2006.0899470899471,41.24867724867725,1.9841269841269842,1.2275132275132274,2.9682539682539684,1.470899470899471,1.7142857142857142,1.2645502645502646,101
1016940.0899470899,2006.0899470899471,41.24867724867725,1.9841269841269842,1.2275132275132274,2.9682539682539684,1.470899470899471,1.7142857142857142,1.2645502645502646,116
1016940.0899470899,2006.0899470899471,41.24867724867725,1.9841269841269842,1.2275132275132274,2.9682539682539684,1.470899470899471,1.7142857142857142,1.2645502645502646,133
1016940.0899470899,2006.0899470899471,41.24867724867725,1.9841269841269842,1.2275132275132274,2.9682539682539684,1.470899470899471,1.7142857142857142,1.2645502645502646,77
1016940.0899470899,2006.0899470899471,41.24867724867725,1.9841269841269842,1.2275132275132274,2.9682539682539684,1.470899470899471,1.7142857142857142,1.2645502645502646,133
1016940.0899470899,2006.0899470899471,41.24867724867725,1.9841269841269842,1.2275132275132274,2.9682539682539684,1.470899470899471,1.7142857142857142,1.2645502645502646,101
1016940.0899470899,2006.0899470899471,41.24867724867725,1.9841269841269842,1.2275132275132274,2.9682539682539684,1.470899470899471,1.7142857142857142,1.2645502645502646,107
1016940.0899470899,2006.0899470899471,41.24867724867725,1.9841269841269842,1.2275132275132274,2.9682539682539684,1.470899470899471,1.7142857142857142,1.2645502645502646,63
1016940.0899470899,2006.0899470899471,41.24867724867725,1.9841269841269842,1.2275132275132274,2.9682539682539684,1.470899470899471,1.7142857142857142,1.2645502645502646,107
1016940.0899470899,2006.0899470899471,41.24867724867725,1.9841269841269842,1.2275132275132274,2.9682539682539684,1.470899470899471,1.7142857142857142,1.2645502645502646,166
1016940.0899470899,2006.0899470899471,41.24867724867725,1.9841269841269842,1.2275132275132274,2.9682539682539684,1.470899470899471,1.7142857142857142,1.2645502645502646,133
1016940.0899470899,2006.0899470899471,41.24867724867725,1.9841269841269842,1.2275132275132274,2.9682539682539684,1.470899470899471,1.7142857142857142,1.2645502645502646,77
1016940.0899470899,2006.0899470899471,41.24867724867725,1.9841269841269842,1.2275132275132274,2.9682539682539684,1.470899470899471,1.7142857142857142,1.2645502645502646,95
1016940.0899470899,2006.0899470899471,41.24867724867725,1.9841269841269842,1.2275132275132274,2.9682539682539684,1.470899470899471,1.7142857142857142,1.2645502645502646,166
1016940.0899470899,2006.0899470899471,41.24867724867725,1.9841269841269842,1.2275132275132274,2.9682539682539684,1.470899470899471,1.7142857142857142,1.2645502645502646,77
1016940.0899470899,2006.0899470899471,41.24867724867725,1.9841269841269842,1.2275132275132274,2.9682539682539684,1.470899470899471,1.7142857142857142,1.2645502645502646,69
1016940.0899470899,2006.0899470899471,41.24867724867725,1.9841269841269842,1.2275132275132274,2.9682539682539684,1.470899470899471,1.7142857142857142,1.2645502645502646,116
1016940.0899470899,2006.0899470899471,41.24867724867725,1.9841269841269842,1.2275132275132274,2.9682539682539684,1.470899470899471,1.7142857142857142,1.2645502645502646,133
1016940.0899470899,2006.0899470899471,41.24867724867725,1.9841269841269842,1.2275132275132274,2.9682539682539684,1.470899470899471,1.7142857142857142,1.2645502645502646,95
1016940.0899470899,2006.0899470899471,41.24867724867725,1.9841269841269842,1.2275132275132274,2.9682539682539684,1.470899470899471,1.7142857142857142,1.2645502645502646,95
1016940.0899470899,2006.0899470899471,41.24867724867725,1.9841269841269842,1.2275132275132274,2.9682539682539684,1.470899470899471,1.7142857142857142,1.2645502645502646,95
1016940.0899470899,2006.0899470899471,41.24867724867725,1.9841269841269842,1.2275132275132274,2.9682539682539684,1.470899470899471,1.7142857142857142,1.2645502645502646,185
1016940.0899470899,2006.0899470899471,41.24867724867725,1.9841269841269842,1.2275132275132274,2.9682539682539684,1.470899470899471,1.7142857142857142,1.2645502645502646,63
1016940.0899470899,2006.0899470899471,41.24867724867725,1.9841269841269842,1.2275132275132274,2.9682539682539684,1.470899470899471,1.7142857142857142,1.2645502645502646,152
1016940.0899470899,2006.0899470899471,41.24867724867725,1.9841269841269842,1.2275132275132274,2.9682539682539684,1.470899470899471,1.7142857142857142,1.2645502645502646,69
1016940.0899470899,2006.0899470899471,41.24867724867725,1.9841269841269842,1.2275132275132274,2.9682539682539684,1.470899470899471,1.7142857142857142,1.2645502645502646,101
1016940.0899470899,2006.0899470899471,41.24867724867725,1.9841269841269842,1.2275132275132274,2.9682539682539684,1.470899470899471,1.7142857142857142,1.2645502645502646,134
1016940.0899470899,2006.0899470899471,41.24867724867725,1.9841269841269842,1.2275132275132274,2.9682539682539684,1.470899470899471,1.7142857142857142,1.2645502645502646,107
1016940.0899470899,2006.0899470899471,41.24867724867725,1.9841269841269842,1.2275132275132274,2.9682539682539684,1.470899470899471,1.7142857142857142,1.2645502645502646,69
1016940.0899470899,2006.0899470899471,41.24867724867725,1.9841269841269842,1.2275132275132274,2.9682539682539684,1.470899470899471,1.7142857142857142,1.2645502645502646,158
1016940.0899470899,2006.0899470899471,41.24867724867725,1.9841269841269842,1.2275132275132274,2.9682539682539684,1.470899470899471,1.7142857142857142,1.2645502645502646,77
1016940.0899470899,2006.0899470899471,41.24867724867725,1.9841269841269842,1.2275132275132274,2.9682539682539684,1.470899470899471,1.7142857142857142,1.2645502645502646,95
1016940.0899470899,2006.0899470899471,41.24867724867725,1.9841269841269842,1.2275132275132274,2.9682539682539684,1.470899470899471,1.7142857142857142,1.2645502645502646,158
1016940.0899470899,2006.0899470899471,41.24867724867725,1.9841269841269842,1.2275132275132274,2.9682539682539684,1.470899470899471,1.7142857142857142,1.2645502645502646,101
1016940.0899470899,2006.0899470899471,41.24867724867725,1.9841269841269842,1.2275132275132274,2.9682539682539684,1.470899470899471,1.7142857142857142,1.2645502645502646,107
1016940.0899470899,2006.0899470899471,41.24867724867725,1.9841269841269842,1.2275132275132274,2.9682539682539684,1.470899470899471,1.7142857142857142,1.2645502645502646,116
1016940.0899470899,2006.0899470899471,41.24867724867725,1.9841269841269842,1.2275132275132274,2.9682539682539684,1.470899470899471,1.7142857142857142,1.2645502645502646,277
1016940.0899470899,2006.0899470899471,41.24867724867725,1.9841269841269842,1.2275132275132274,2.9682539682539684,1.470899470899471,1.7142857142857142,1.2645502645502646,107
1016940.0899470899,2006.0899470899471,41.24867724867725,1.9841269841269842,1.2275132275132274,2.9682539682539684,1.470899470899471,1.7142857142857142,1.2645502645502646,77
1016940.0899470899,2006.0899470899471,41.24867724867725,1.9841269841269842,1.2275132275132274,2.9682539682539684,1.470899470899471,1.7142857142857142,1.2645502645502646,69
1016940.0899470899,2006.0899470899471,41.24867724867725,1.9841269841269842,1.2275132275132274,2.9682539682539684,1.470899470899471,1.7142857142857142,1.2645502645502646,152
1016940.0899470899,2006.0899470899471,41.24867724867725,1.9841269841269842,1.2275132275132274,2.9682539682539684,1.470899470899471,1.7142857142857142,1.2645502645502646,63
1016940.0899470899,2006.0899470899471,41.24867724867725,1.9841269841269842,1.2275132275132274,2.9682539682539684,1.470899470899471,1.7142857142857142,1.2645502645502646,133
1016940.0899470899,2006.0899470899471,41.24867724867725,1.9841269841269842,1.2275132275132274,2.9682539682539684,1.470899470899471,1.7142857142857142,1.2645502645502646,95
1016940.0899470899,2006.0899470899471,41.24867724867725,1.9841269841269842,1.2275132275132274,2.9682539682539684,1.470899470899471,1.7142857142857142,1.2645502645502646,101
1016940.0899470899,2006.0899470899471,41.24867724867725,1.9841269841269842,1.2275132275132274,2.9682539682539684,1.470899470899471,1.7142857142857142,1.2645502645502646,158
1016940.0899470899,2006.0899470899471,41.24867724867725,1.9841269841269842,1.2275132275132274,2.9682539682539684,1.470899470899471,1.7142857142857142,1.2645502645502646,116
1016940.0899470899,2006.0899470899471,41.24867724867725,1.9841269841269842,1.2275132275132274,2.9682539682539684,1.470899470899471,1.7142857142857142,1.2645502645502646,95
1016940.0899470899,2006.0899470899471,41.24867724867725,1.9841269841269842,1.2275132275132274,2.9682539682539684,1.470899470899471,1.7142857142857142,1.2645502645502646,69
1016940.0899470899,2006.0899470899471,41.24867724867725,1.9841269841269842,1.2275132275132274,2.9682539682539684,1.470899470899471,1.7142857142857142,1.2645502645502646,158
1016940.0899470899,2006.0899470899471,41.24867724867725,1.9841269841269842,1.2275132275132274,2.9682539682539684,1.470899470899471,1.7142857142857142,1.2645502645502646,95
1016940.0899470899,2006.0899470899471,41.24867724867725,1.9841269841269842,1.2275132275132274,2.9682539682539684,1.470899470899471,1.7142857142857142,1.2645502645502646,116
1016940.0899470899,2006.0899470899471,41.24867724867725,1.9841269841269842,1.2275132275132274,2.9682539682539684,1.470899470899471,1.7142857142857142,1.2645502645502646,95
1016940.0899470899,2006.0899470899471,41.24867724867725,1.9841269841269842,1.2275132275132274,2.9682539682539684,1.470899470899471,1.7142857142857142,1.2645502645502646,167
1016940.0899470899,2006.0899470899471,41.24867724867725,1.9841269841269842,1.2275132275132274,2.9682539682539684,1.470899470899471,1.7142857142857142,1.2645502645502646,133
1016940.0899470899,2006.0899470899471,41.24867724867725,1.9841269841269842,1.2275132275132274,2.9682539682539684,1.470899470899471,1.7142857142857142,1.2645502645502646,166
1016940.0899470899,2006.0899470899471,41.24867724867725,1.9841269841269842,1.2275132275132274,2.9682539682539684,1.470899470899471,1.7142857142857142,1.2645502645502646,134
1016940.0899470899,2006.0899470899471,41.24867724867725,1.9841269841269842,1.2275132275132274,2.9682539682539684,1.470899470899471,1.7142857142857142,1.2645502645502646,107
1016940.0899470899,2006.0899470899471,41.24867724867725,1.9841269841269842,1.2275132275132274,2.9682539682539684,1.470899470899471,1.7142857142857142,1.2645502645502646,77
1016940.0899470899,2006.0899470899471,41.24867724867725,1.9841269841269842,1.2275132275132274,2.9682539682539684,1.470899470899471,1.7142857142857142,1.2645502645502646,69
1016940.0899470899,2006.0899470899471,41.24867724867725,1.9841269841269842,1.2275132275132274,2.9682539682539684,1.470899470899471,1.7142857142857142,1.2645502645502646,95
1016940.0899470899,2006.0899470899471,41.24867724867725,1.9841269841269842,1.2275132275132274,2.9682539682539684,1.470899470899471,1.7142857142857142,1.2645502645502646,101
1016940.0899470899,2006.0899470899471,41.24867724867725,1.9841269841269842,1.2275132275132274,2.9682539682539684,1.470899470899471,1.7142857142857142,1.2645502645502646,277
1016940.0899470899,2006.0899470899471,41.24867724867725,1.9841269841269842,1.2275132275132274,2.9682539682539684,1.470899470899471,1.7142857142857142,1.2645502645502646,107
1016940.0899470899,2006.0899470899471,41.24867724867725,1.9841269841269842,1.2275132275132274,2.9682539682539684,1.470899470899471,1.7142857142857142,1.2645502645502646,133
1016940.0899470899,2006.0899470899471,41.24867724867725,1.9841269841269842,1.2275132275132274,2.9682539682539684,1.470899470899471,1.7142857142857142,1.2645502645502646,149
1016940.0899470899,2006.0899470899471,41.24867724867725,1.9841269841269842,1.2275132275132274,2.9682539682539684,1.470899470899471,1.7142857142857142,1.2645502645502646,101
1016940.0899470899,2006.0899470899471,41.24867724867725,1.9841269841269842,1.2275132275132274,2.9682539682539684,1.470899470899471,1.7142857142857142,1.2645502645502646,95
1016940.0899470899,2006.0899470899471,41.24867724867725,1.9841269841269842,1.2275132275132274,2.9682539682539684,1.470899470899471,1.7142857142857142,1.2645502645502646,133
1016940.0899470899,2006.0899470899471,41.24867724867725,1.9841269841269842,1.2275132275132274,2.9682539682539684,1.470899470899471,1.7142857142857142,1.2645502645502646,107
1016940.0899470899,2006.0899470899471,41.24867724867725,1.9841269841269842,1.2275132275132274,2.9682539682539684,1.470899470899471,1.7142857142857142,1.2645502645502646,77
1016940.0899470899,2006.0899470899471,41.24867724867725,1.9841269841269842,1.2275132275132274,2.9682539682539684,1.470899470899471,1.7142857142857142,1.2645502645502646,133
1016940.0899470899,2006.0899470899471,41.24867724867725,1.9841269841269842,1.2275132275132274,2.9682539682539684,1.470899470899471,1.7142857142857142,1.2645502645502646,95
1016940.0899470899,2006.0899470899471,41.24867724867725,1.9841269841269842,1.2275132275132274,2.9682539682539684,1.470899470899471,1.7142857142857142,1.2645502645502646,101
1016940.0899470899,2006.0899470899471,41.24867724867725,1.9841269841269842,1.2275132275132274,2.9682539682539684,1.470899470899471,1.7142857142857142,1.2645502645502646,77
1016940.0899470899,2006.0899470899471,41.24867724867725,1.9841269841269842,1.2275132275132274,2.9682539682539684,1.470899470899471,1.7142857142857142,1.2645502645502646,107
1016940.0899470899,2006.0899470899471,41.24867724867725,1.9841269841269842,1.2275132275132274,2.9682539682539684,1.470899470899471,1.7142857142857142,1.2645502645502646,95
1016940.0899470899,2006.0899470899471,41.24867724867725,1.9841269841269842,1.2275132275132274,2.9682539682539684,1.470899470899471,1.7142857142857142,1.2645502645502646,63
1016940.0899470899,2006.0899470899471,41.24867724867725,1.9841269841269842,1.2275132275132274,2.9682539682539684,1.470899470899471,1.7142857142857142,1.2645502645502646,77
1016940.0899470899,2006.0899470899471,41.24867724867725,1.9841269841269842,1.2275132275132274,2.9682539682539684,1.470899470899471,1.7142857142857142,1.2645502645502646,158
1016940.0899470899,2006.0899470899471,41.24867724867725,1.9841269841269842,1.2275132275132274,2.9682539682539684,1.470899470899471,1.7142857142857142,1.2645502645502646,170
1016940.0899470899,2006.0899470899471,41.24867724867725,1.9841269841269842,1.2275132275132274,2.9682539682539684,1.470899470899471,1.7142857142857142,1.2645502645502646,176
1016940.0899470899,2006.0899470899471,41.24867724867725,1.9841269841269842,1.2275132275132274,2.9682539682539684,1.470899470899471,1.7142857142857142,1.2645502645502646,101
1016940.0899470899,2006.0899470899471,41.24867724867725,1.9841269841269842,1.2275132275132274,2.9682539682539684,1.470899470899471,1.7142857142857142,1.2645502645502646,310
1016940.0899470899,2006.0899470899471,41.24867724867725,1.9841269841269842,1.2275132275132274,2.9682539682539684,1.470899470899471,1.7142857142857142,1.2645502645502646,166
1016940.0899470899,2006.0899470899471,41.24867724867725,1.9841269841269842,1.2275132275132274,2.9682539682539684,1.470899470899471,1.7142857142857142,1.2645502645502646,116
1016940.0899470899,2006.0899470899471,41.24867724867725,1.9841269841269842,1.2275132275132274,2.9682539682539684,1.470899470899471,1.7142857142857142,1.2645502645502646,107
1016940.0899470899,2006.0899470899471,41.24867724867725,1.9841269841269842,1.2275132275132274,2.9682539682539684,1.470899470899471,1.7142857142857142,1.2645502645502646,149
1016940.0899470899,2006.0899470899471,41.24867724867725,1.9841269841269842,1.2275132275132274,2.9682539682539684,1.470899470899471,1.7142857142857142,1.2645502645502646,101
1016940.0899470899,2006.0899470899471,41.24867724867725,1.9841269841269842,1.2275132275132274,2.9682539682539684,1.470899470899471,1.7142857142857142,1.2645502645502646,133
1016940.0899470899,2006.0899470899471,41.24867724867725,1.9841269841269842,1.2275132275132274,2.9682539682539684,1.470899470899471,1.7142857142857142,1.2645502645502646,69
1016940.0899470899,2006.0899470899471,41.24867724867725,1.9841269841269842,1.2275132275132274,2.9682539682539684,1.470899470899471,1.7142857142857142,1.2645502645502646,158
1016940.0899470899,2006.0899470899471,41.24867724867725,1.9841269841269842,1.2275132275132274,2.9682539682539684,1.470899470899471,1.7142857142857142,1.2645502645502646,95
1016940.0899470899,2006.0899470899471,41.24867724867725,1.9841269841269842,1.2275132275132274,2.9682539682539684,1.470899470899471,1.7142857142857142,1.2645502645502646,277
1016940.0899470899,2006.0899470899471,41.24867724867725,1.9841269841269842,1.2275132275132274,2.9682539682539684,1.470899470899471,1.7142857142857142,1.2645502645502646,69
1016940.0899470899,2006.0899470899471,41.24867724867725,1.9841269841269842,1.2275132275132274,2.9682539682539684,1.470899470899471,1.7142857142857142,1.2645502645502646,95
1016940.0899470899,2006.0899470899471,41.24867724867725,1.9841269841269842,1.2275132275132274,2.9682539682539684,1.470899470899471,1.7142857142857142,1.2645502645502646,95
1016940.0899470899,2006.0899470899471,41.24867724867725,1.9841269841269842,1.2275132275132274,2.9682539682539684,1.470899470899471,1.7142857142857142,1.2645502645502646,116
1016940.0899470899,2006.0899470899471,41.24867724867725,1.9841269841269842,1.2275132275132274,2.9682539682539684,1.470899470899471,1.7142857142857142,1.2645502645502646,95
1016940.0899470899,2006.0899470899471,41.24867724867725,1.9841269841269842,1.2275132275132274,2.9682539682539684,1.470899470899471,1.7142857142857142,1.2645502645502646,69
1016940.0899470899,2006.0899470899471,41.24867724867725,1.9841269841269842,1.2275132275132274,2.9682539682539684,1.470899470899471,1.7142857142857142,1.2645502645502646,77
1016940.0899470899,2006.0899470899471,41.24867724867725,1.9841269841269842,1.2275132275132274,2.9682539682539684,1.470899470899471,1.7142857142857142,1.2645502645502646,107
1016940.0899470899,2006.0899470899471,41.24867724867725,1.9841269841269842,1.2275132275132274,2.9682539682539684,1.470899470899471,1.7142857142857142,1.2645502645502646,95
1016940.0899470899,2006.0899470899471,41.24867724867725,1.9841269841269842,1.2275132275132274,2.9682539682539684,1.470899470899471,1.7142857142857142,1.2645502645502646,95
1016940.0899470899,2006.0899470899471,41.24867724867725,1.9841269841269842,1.2275132275132274,2.9682539682539684,1.470899470899471,1.7142857142857142,1.2645502645502646,133
1016940.0899470899,2006.0899470899471,41.24867724867725,1.9841269841269842,1.2275132275132274,2.9682539682539684,1.470899470899471,1.7142857142857142,1.2645502645502646,95
1016940.0899470899,2006.0899470899471,41.24867724867725,1.9841269841269842,1.2275132275132274,2.9682539682539684,1.470899470899471,1.7142857142857142,1.2645502645502646,277
1016940.0899470899,2006.0899470899471,41.24867724867725,1.9841269841269842,1.2275132275132274,2.9682539682539684,1.470899470899471,1.7142857142857142,1.2645502645502646,101
1016940.0899470899,2006.0899470899471,41.24867724867725,1.9841269841269842,1.2275132275132274,2.9682539682539684,1.470899470899471,1.7142857142857142,1.2645502645502646,116
1016940.0899470899,2006.0899470899471,41.24867724867725,1.9841269841269842,1.2275132275132274,2.9682539682539684,1.470899470899471,1.7142857142857142,1.2645502645502646,133
1016940.0899470899,2006.0899470899471,41.24867724867725,1.9841269841269842,1.2275132275132274,2.9682539682539684,1.470899470899471,1.7142857142857142,1.2645502645502646,77
1016940.0899470899,2006.0899470899471,41.24867724867725,1.9841269841269842,1.2275132275132274,2.9682539682539684,1.470899470899471,1.7142857142857142,1.2645502645502646,116
1016940.0899470899,2006.0899470899471,41.24867724867725,1.9841269841269842,1.2275132275132274,2.9682539682539684,1.470899470899471,1.7142857142857142,1.2645502645502646,176
1016940.0899470899,2006.0899470899471,41.24867724867725,1.9841269841269842,1.2275132275132274,2.9682539682539684,1.470899470899471,1.7142857142857142,1.2645502645502646,77
1016940.0899470899,2006.0899470899471,41.24867724867725,1.9841269841269842,1.2275132275132274,2.9682539682539684,1.470899470899471,1.7142857142857142,1.2645502645502646,69
1016940.0899470899,2006.0899470899471,41.24867724867725,1.9841269841269842,1.2275132275132274,2.9682539682539684,1.470899470899471,1.7142857142857142,1.2645502645502646,166
1016940.0899470899,2006.0899470899471,41.24867724867725,1.9841269841269842,1.2275132275132274,2.9682539682539684,1.470899470899471,1.7142857142857142,1.2645502645502646,133
1016940.0899470899,2006.0899470899471,41.24867724867725,1.9841269841269842,1.2275132275132274,2.9682539682539684,1.470899470899471,1.7142857142857142,1.2645502645502646,116
1016940.0899470899,2006.0899470899471,41.24867724867725,1.9841269841269842,1.2275132275132274,2.9682539682539684,1.470899470899471,1.7142857142857142,1.2645502645502646,95
1016940.0899470899,2006.0899470899471,41.24867724867725,1.9841269841269842,1.2275132275132274,2.9682539682539684,1.470899470899471,1.7142857142857142,1.2645502645502646,101
1016940.0899470899,2006.0899470899471,41.24867724867725,1.9841269841269842,1.2275132275132274,2.9682539682539684,1.470899470899471,1.7142857142857142,1.2645502645502646,158
1016940.0899470899,2006.0899470899471,41.24867724867725,1.9841269841269842,1.2275132275132274,2.9682539682539684,1.470899470899471,1.7142857142857142,1.2645502645502646,63
1016940.0899470899,2006.0899470899471,41.24867724867725,1.9841269841269842,1.2275132275132274,2.9682539682539684,1.470899470899471,1.7142857142857142,1.2645502645502646,69
1016940.0899470899,2006.0899470899471,41.24867724867725,1.9841269841269842,1.2275132275132274,2.9682539682539684,1.470899470899471,1.7142857142857142,1.2645502645502646,101
1016940.0899470899,2006.0899470899471,41.24867724867725,1.9841269841269842,1.2275132275132274,2.9682539682539684,1.470899470899471,1.7142857142857142,1.2645502645502646,149
1016940.0899470899,2006.0899470899471,41.24867724867725,1.9841269841269842,1.2275132275132274,2.9682539682539684,1.470899470899471,1.7142857142857142,1.2645502645502646,95
1016940.0899470899,2006.0899470899471,41.24867724867725,1.9841269841269842,1.2275132275132274,2.9682539682539684,1.470899470899471,1.7142857142857142,1.2645502645502646,107
1016940.0899470899,2006.0899470899471,41.24867724867725,1.9841269841269842,1.2275132275132274,2.9682539682539684,1.470899470899471,1.7142857142857142,1.2645502645502646,69
1016940.0899470899,2006.0899470899471,41.24867724867725,1.9841269841269842,1.2275132275132274,2.9682539682539684,1.470899470899471,1.7142857142857142,1.2645502645502646,170
1016940.0899470899,2006.0899470899471,41.24867724867725,1.9841269841269842,1.2275132275132274,2.9682539682539684,1.470899470899471,1.7142857142857142,1.2645502645502646,95
1016940.0899470899,2006.0899470899471,41.24867724867725,1.9841269841269842,1.2275132275132274,2.9682539682539684,1.470899470899471,1.7142857142857142,1.2645502645502646,107
1016940.0899470899,2006.0899470899471,41.24867724867725,1.9841269841269842,1.2275132275132274,2.9682539682539684,1.470899470899471,1.7142857142857142,1.2645502645502646,158
1016940.0899470899,2006.0899470899471,41.24867724867725,1.9841269841269842,1.2275132275132274,2.9682539682539684,1.470899470899471,1.7142857142857142,1.2645502645502646,95
1016940.0899470899,2006.0899470899471,41.24867724867725,1.9841269841269842,1.2275132275132274,2.9682539682539684,1.470899470899471,1.7142857142857142,1.2645502645502646,134
1016940.0899470899,2006.0899470899471,41.24867724867725,1.9841269841269842,1.2275132275132274,2.9682539682539684,1.470899470899471,1.7142857142857142,1.2645502645502646,152
1016940.0899470899,2006.0899470899471,41.24867724867725,1.9841269841269842,1.2275132275132274,2.9682539682539684,1.470899470899471,1.7142857142857142,1.2645502645502646,107
1016940.0899470899,2006.0899470899471,41.24867724867725,1.9841269841269842,1.2275132275132274,2.9682539682539684,1.470899470899471,1.7142857142857142,1.2645502645502646,101
1016940.0899470899,2006.0899470899471,41.24867724867725,1.9841269841269842,1.2275132275132274,2.9682539682539684,1.470899470899471,1.7142857142857142,1.2645502645502646,116
1016940.0899470899,2006.0899470899471,41.24867724867725,1.9841269841269842,1.2275132275132274,2.9682539682539684,1.470899470899471,1.7142857142857142,1.2645502645502646,107
1016940.0899470899,2006.0899470899471,41.24867724867725,1.9841269841269842,1.2275132275132274,2.9682539682539684,1.470899470899471,1.7142857142857142,1.2645502645502646,116
1016940.0899470899,2006.0899470899471,41.24867724867725,1.9841269841269842,1.2275132275132274,2.9682539682539684,1.470899470899471,1.7142857142857142,1.2645502645502646,95
1016940.0899470899,2006.0899470899471,41.24867724867725,1.9841269841269842,1.2275132275132274,2.9682539682539684,1.470899470899471,1.7142857142857142,1.2645502645502646,69
1016940.0899470899,2006.0899470899471,41.24867724867725,1.9841269841269842,1.2275132275132274,2.9682539682539684,1.470899470899471,1.7142857142857142,1.2645502645502646,133
1016940.0899470899,2006.0899470899471,41.24867724867725,1.9841269841269842,1.2275132275132274,2.9682539682539684,1.470899470899471,1.7142857142857142,1.2645502645502646,101
1016940.0899470899,2006.0899470899471,41.24867724867725,1.9841269841269842,1.2275132275132274,2.9682539682539684,1.470899470899471,1.7142857142857142,1.2645502645502646,116
1016940.0899470899,2006.0899470899471,41.24867724867725,1.9841269841269842,1.2275132275132274,2.9682539682539684,1.470899470899471,1.7142857142857142,1.2645502645502646,69
1016940.0899470899,2006.0899470899471,41.24867724867725,1.9841269841269842,1.2275132275132274,2.9682539682539684,1.470899470899471,1.7142857142857142,1.2645502645502646,95
1016940.0899470899,2006.0899470899471,41.24867724867725,1.9841269841269842,1.2275132275132274,2.9682539682539684,1.470899470899471,1.7142857142857142,1.2645502645502646,133
1016940.0899470899,2006.0899470899471,41.24867724867725,1.9841269841269842,1.2275132275132274,2.9682539682539684,1.470899470899471,1.7142857142857142,1.2645502645502646,166
1016940.0899470899,2006.0899470899471,41.24867724867725,1.9841269841269842,1.2275132275132274,2.9682539682539684,1.470899470899471,1.7142857142857142,1.2645502645502646,69
1016940.0899470899,2006.0899470899471,41.24867724867725,1.9841269841269842,1.2275132275132274,2.9682539682539684,1.470899470899471,1.7142857142857142,1.2645502645502646,101
1016940.0899470899,2006.0899470899471,41.24867724867725,1.9841269841269842,1.2275132275132274,2.9682539682539684,1.470899470899471,1.7142857142857142,1.2645502645502646,133
1016940.0899470899,2006.0899470899471,41.24867724867725,1.9841269841269842,1.2275132275132274,2.9682539682539684,1.470899470899471,1.7142857142857142,1.2645502645502646,95
1016940.0899470899,2006.0899470899471,41.24867724867725,1.9841269841269842,1.2275132275132274,2.9682539682539684,1.470899470899471,1.7142857142857142,1.2645502645502646,77
1016940.0899470899,2006.0899470899471,41.24867724867725,1.9841269841269842,1.2275132275132274,2.9682539682539684,1.470899470899471,1.7142857142857142,1.2645502645502646,95
1016940.0899470899,2006.0899470899471,41.24867724867725,1.9841269841269842,1.2275132275132274,2.9682539682539684,1.470899470899471,1.7142857142857142,1.2645502645502646,63
1016940.0899470899,2006.0899470899471,41.24867724867725,1.9841269841269842,1.2275132275132274,2.9682539682539684,1.470899470899471,1.7142857142857142,1.2645502645502646,170
1016940.0899470899,2006.0899470899471,41.24867724867725,1.9841269841269842,1.2275132275132274,2.9682539682539684,1.470899470899471,1.7142857142857142,1.2645502645502646,107
1016940.0899470899,2006.0899470899471,41.24867724867725,1.9841269841269842,1.2275132275132274,2.9682539682539684,1.470899470899471,1.7142857142857142,1.2645502645502646,277
1016940.0899470899,2006.0899470899471,41.24867724867725,1.9841269841269842,1.2275132275132274,2.9682539682539684,1.470899470899471,1.7142857142857142,1.2645502645502646,77
1016940.0899470899,2006.0899470899471,41.24867724867725,1.9841269841269842,1.2275132275132274,2.9682539682539684,1.470899470899471,1.7142857142857142,1.2645502645502646,77
1016940.0899470899,2006.0899470899471,41.24867724867725,1.9841269841269842,1.2275132275132274,2.9682539682539684,1.470899470899471,1.7142857142857142,1.2645502645502646,95
1019025.5161290322,2005.4193548387098,40.67741935483871,1.7634408602150538,1.1720430107526882,3.247311827956989,1.4946236559139785,1.7311827956989247,1.3118279569892473,137
1019025.5161290322,2005.4193548387098,40.67741935483871,1.7634408602150538,1.1720430107526882,3.247311827956989,1.4946236559139785,1.7311827956989247,1.3118279569892473,83
1019025.5161290322,2005.4193548387098,40.67741935483871,1.7634408602150538,1.1720430107526882,3.247311827956989,1.4946236559139785,1.7311827956989247,1.3118279569892473,50
1019025.5161290322,2005.4193548387098,40.67741935483871,1.7634408602150538,1.1720430107526882,3.247311827956989,1.4946236559139785,1.7311827956989247,1.3118279569892473,146
1019025.5161290322,2005.4193548387098,40.67741935483871,1.7634408602150538,1.1720430107526882,3.247311827956989,1.4946236559139785,1.7311827956989247,1.3118279569892473,89
1019025.5161290322,2005.4193548387098,40.67741935483871,1.7634408602150538,1.1720430107526882,3.247311827956989,1.4946236559139785,1.7311827956989247,1.3118279569892473,182
1019025.5161290322,2005.4193548387098,40.67741935483871,1.7634408602150538,1.1720430107526882,3.247311827956989,1.4946236559139785,1.7311827956989247,1.3118279569892473,104
1019025.5161290322,2005.4193548387098,40.67741935483871,1.7634408602150538,1.1720430107526882,3.247311827956989,1.4946236559139785,1.7311827956989247,1.3118279569892473,104
1019025.5161290322,2005.4193548387098,40.67741935483871,1.7634408602150538,1.1720430107526882,3.247311827956989,1.4946236559139785,1.7311827956989247,1.3118279569892473,137
1019025.5161290322,2005.4193548387098,40.67741935483871,1.7634408602150538,1.1720430107526882,3.247311827956989,1.4946236559139785,1.7311827956989247,1.3118279569892473,83
1019025.5161290322,2005.4193548387098,40.67741935483871,1.7634408602150538,1.1720430107526882,3.247311827956989,1.4946236559139785,1.7311827956989247,1.3118279569892473,272
1019025.5161290322,2005.4193548387098,40.67741935483871,1.7634408602150538,1.1720430107526882,3.247311827956989,1.4946236559139785,1.7311827956989247,1.3118279569892473,50
1019025.5161290322,2005.4193548387098,40.67741935483871,1.7634408602150538,1.1720430107526882,3.247311827956989,1.4946236559139785,1.7311827956989247,1.3118279569892473,41
1019025.5161290322,2005.4193548387098,40.67741935483871,1.7634408602150538,1.1720430107526882,3.247311827956989,1.4946236559139785,1.7311827956989247,1.3118279569892473,104
1019025.5161290322,2005.4193548387098,40.67741935483871,1.7634408602150538,1.1720430107526882,3.247311827956989,1.4946236559139785,1.7311827956989247,1.3118279569892473,131
1019025.5161290322,2005.4193548387098,40.67741935483871,1.7634408602150538,1.1720430107526882,3.247311827956989,1.4946236559139785,1.7311827956989247,1.3118279569892473,131
1019025.5161290322,2005.4193548387098,40.67741935483871,1.7634408602150538,1.1720430107526882,3.247311827956989,1.4946236559139785,1.7311827956989247,1.3118279569892473,89
1019025.5161290322,2005.4193548387098,40.67741935483871,1.7634408602150538,1.1720430107526882,3.247311827956989,1.4946236559139785,1.7311827956989247,1.3118279569892473,41
1019025.5161290322,2005.4193548387098,40.67741935483871,1.7634408602150538,1.1720430107526882,3.247311827956989,1.4946236559139785,1.7311827956989247,1.3118279569892473,182
1019025.5161290322,2005.4193548387098,40.67741935483871,1.7634408602150538,1.1720430107526882,3.247311827956989,1.4946236559139785,1.7311827956989247,1.3118279569892473,182
1019025.5161290322,2005.4193548387098,40.67741935483871,1.7634408602150538,1.1720430107526882,3.247311827956989,1.4946236559139785,1.7311827956989247,1.3118279569892473,137
1019025.5161290322,2005.4193548387098,40.67741935483871,1.7634408602150538,1.1720430107526882,3.247311827956989,1.4946236559139785,1.7311827956989247,1.3118279569892473,104
1019025.5161290322,2005.4193548387098,40.67741935483871,1.7634408602150538,1.1720430107526882,3.247311827956989,1.4946236559139785,1.7311827956989247,1.3118279569892473,104
1019025.5161290322,2005.4193548387098,40.67741935483871,1.7634408602150538,1.1720430107526882,3.247311827956989,1.4946236559139785,1.7311827956989247,1.3118279569892473,131
1019025.5161290322,2005.4193548387098,40.67741935483871,1.7634408602150538,1.1720430107526882,3.247311827956989,1.4946236559139785,1.7311827956989247,1.3118279569892473,50
1019025.5161290322,2005.4193548387098,40.67741935483871,1.7634408602150538,1.1720430107526882,3.247311827956989,1.4946236559139785,1.7311827956989247,1.3118279569892473,146
1019025.5161290322,2005.4193548387098,40.67741935483871,1.7634408602150538,1.1720430107526882,3.247311827956989,1.4946236559139785,1.7311827956989247,1.3118279569892473,83
1019025.5161290322,2005.4193548387098,40.67741935483871,1.7634408602150538,1.1720430107526882,3.247311827956989,1.4946236559139785,1.7311827956989247,1.3118279569892473,50
1019025.5161290322,2005.4193548387098,40.67741935483871,1.7634408602150538,1.1720430107526882,3.247311827956989,1.4946236559139785,1.7311827956989247,1.3118279569892473,131
1019025.5161290322,2005.4193548387098,40.67741935483871,1.7634408602150538,1.1720430107526882,3.247311827956989,1.4946236559139785,1.7311827956989247,1.3118279569892473,137
1019025.5161290322,2005.4193548387098,40.67741935483871,1.7634408602150538,1.1720430107526882,3.247311827956989,1.4946236559139785,1.7311827956989247,1.3118279569892473,83
1019025.5161290322,2005.4193548387098,40.67741935483871,1.7634408602150538,1.1720430107526882,3.247311827956989,1.4946236559139785,1.7311827956989247,1.3118279569892473,146
1019025.5161290322,2005.4193548387098,40.67741935483871,1.7634408602150538,1.1720430107526882,3.247311827956989,1.4946236559139785,1.7311827956989247,1.3118279569892473,131
1019025.5161290322,2005.4193548387098,40.67741935483871,1.7634408602150538,1.1720430107526882,3.247311827956989,1.4946236559139785,1.7311827956989247,1.3118279569892473,83
1019025.5161290322,2005.4193548387098,40.67741935483871,1.7634408602150538,1.1720430107526882,3.247311827956989,1.4946236559139785,1.7311827956989247,1.3118279569892473,137
1019025.5161290322,2005.4193548387098,40.67741935483871,1.7634408602150538,1.1720430107526882,3.247311827956989,1.4946236559139785,1.7311827956989247,1.3118279569892473,182
1019025.5161290322,2005.4193548387098,40.67741935483871,1.7634408602150538,1.1720430107526882,3.247311827956989,1.4946236559139785,1.7311827956989247,1.3118279569892473,50
1019025.5161290322,2005.4193548387098,40.67741935483871,1.7634408602150538,1.1720430107526882,3.247311827956989,1.4946236559139785,1.7311827956989247,1.3118279569892473,50
1019025.5161290322,2005.4193548387098,40.67741935483871,1.7634408602150538,1.1720430107526882,3.247311827956989,1.4946236559139785,1.7311827956989247,1.3118279569892473,137
1019025.5161290322,2005.4193548387098,40.67741935483871,1.7634408602150538,1.1720430107526882,3.247311827956989,1.4946236559139785,1.7311827956989247,1.3118279569892473,104
1019025.5161290322,2005.4193548387098,40.67741935483871,1.7634408602150538,1.1720430107526882,3.247311827956989,1.4946236559139785,1.7311827956989247,1.3118279569892473,89
1019025.5161290322,2005.4193548387098,40.67741935483871,1.7634408602150538,1.1720430107526882,3.247311827956989,1.4946236559139785,1.7311827956989247,1.3118279569892473,83
1019025.5161290322,2005.4193548387098,40.67741935483871,1.7634408602150538,1.1720430107526882,3.247311827956989,1.4946236559139785,1.7311827956989247,1.3118279569892473,50
1019025.5161290322,2005.4193548387098,40.67741935483871,1.7634408602150538,1.1720430107526882,3.247311827956989,1.4946236559139785,1.7311827956989247,1.3118279569892473,182
1019025.5161290322,2005.4193548387098,40.67741935483871,1.7634408602150538,1.1720430107526882,3.247311827956989,1.4946236559139785,1.7311827956989247,1.3118279569892473,104
1019025.5161290322,2005.4193548387098,40.67741935483871,1.7634408602150538,1.1720430107526882,3.247311827956989,1.4946236559139785,1.7311827956989247,1.3118279569892473,83
1019025.5161290322,2005.4193548387098,40.67741935483871,1.7634408602150538,1.1720430107526882,3.247311827956989,1.4946236559139785,1.7311827956989247,1.3118279569892473,131
1019025.5161290322,2005.4193548387098,40.67741935483871,1.7634408602150538,1.1720430107526882,3.247311827956989,1.4946236559139785,1.7311827956989247,1.3118279569892473,137
1019025.5161290322,2005.4193548387098,40.67741935483871,1.7634408602150538,1.1720430107526882,3.247311827956989,1.4946236559139785,1.7311827956989247,1.3118279569892473,146
1019025.5161290322,2005.4193548387098,40.67741935483871,1.7634408602150538,1.1720430107526882,3.247311827956989,1.4946236559139785,1.7311827956989247,1.3118279569892473,104
1019025.5161290322,2005.4193548387098,40.67741935483871,1.7634408602150538,1.1720430107526882,3.247311827956989,1.4946236559139785,1.7311827956989247,1.3118279569892473,104
1019025.5161290322,2005.4193548387098,40.67741935483871,1.7634408602150538,1.1720430107526882,3.247311827956989,1.4946236559139785,1.7311827956989247,1.3118279569892473,50
1019025.5161290322,2005.4193548387098,40.67741935483871,1.7634408602150538,1.1720430107526882,3.247311827956989,1.4946236559139785,1.7311827956989247,1.3118279569892473,89
1019025.5161290322,2005.4193548387098,40.67741935483871,1.7634408602150538,1.1720430107526882,3.247311827956989,1.4946236559139785,1.7311827956989247,1.3118279569892473,50
1019025.5161290322,2005.4193548387098,40.67741935483871,1.7634408602150538,1.1720430107526882,3.247311827956989,1.4946236559139785,1.7311827956989247,1.3118279569892473,182
1019025.5161290322,2005.4193548387098,40.67741935483871,1.7634408602150538,1.1720430107526882,3.247311827956989,1.4946236559139785,1.7311827956989247,1.3118279569892473,83
1019025.5161290322,2005.4193548387098,40.67741935483871,1.7634408602150538,1.1720430107526882,3.247311827956989,1.4946236559139785,1.7311827956989247,1.3118279569892473,83
1019025.5161290322,2005.4193548387098,40.67741935483871,1.7634408602150538,1.1720430107526882,3.247311827956989,1.4946236559139785,1.7311827956989247,1.3118279569892473,104
1019025.5161290322,2005.4193548387098,40.67741935483871,1.7634408602150538,1.1720430107526882,3.247311827956989,1.4946236559139785,1.7311827956989247,1.3118279569892473,83
1019025.5161290322,2005.4193548387098,40.67741935483871,1.7634408602150538,1.1720430107526882,3.247311827956989,1.4946236559139785,1.7311827956989247,1.3118279569892473,131
1019025.5161290322,2005.4193548387098,40.67741935483871,1.7634408602150538,1.1720430107526882,3.247311827956989,1.4946236559139785,1.7311827956989247,1.3118279569892473,182
1019025.5161290322,2005.4193548387098,40.67741935483871,1.7634408602150538,1.1720430107526882,3.247311827956989,1.4946236559139785,1.7311827956989247,1.3118279569892473,89
1019025.5161290322,2005.4193548387098,40.67741935483871,1.7634408602150538,1.1720430107526882,3.247311827956989,1.4946236559139785,1.7311827956989247,1.3118279569892473,146
1019025.5161290322,2005.4193548387098,40.67741935483871,1.7634408602150538,1.1720430107526882,3.247311827956989,1.4946236559139785,1.7311827956989247,1.3118279569892473,50
1019025.5161290322,2005.4193548387098,40.67741935483871,1.7634408602150538,1.1720430107526882,3.247311827956989,1.4946236559139785,1.7311827956989247,1.3118279569892473,137
1019025.5161290322,2005.4193548387098,40.67741935483871,1.7634408602150538,1.1720430107526882,3.247311827956989,1.4946236559139785,1.7311827956989247,1.3118279569892473,83
1019025.5161290322,2005.4193548387098,40.67741935483871,1.7634408602150538,1.1720430107526882,3.247311827956989,1.4946236559139785,1.7311827956989247,1.3118279569892473,104
1019025.5161290322,2005.4193548387098,40.67741935483871,1.7634408602150538,1.1720430107526882,3.247311827956989,1.4946236559139785,1.7311827956989247,1.3118279569892473,89
1019025.5161290322,2005.4193548387098,40.67741935483871,1.7634408602150538,1.1720430107526882,3.247311827956989,1.4946236559139785,1.7311827956989247,1.3118279569892473,272
1019025.5161290322,2005.4193548387098,40.67741935483871,1.7634408602150538,1.1720430107526882,3.247311827956989,1.4946236559139785,1.7311827956989247,1.3118279569892473,83
1019025.5161290322,2005.4193548387098,40.67741935483871,1.7634408602150538,1.1720430107526882,3.247311827956989,1.4946236559139785,1.7311827956989247,1.3118279569892473,50
1019025.5161290322,2005.4193548387098,40.67741935483871,1.7634408602150538,1.1720430107526882,3.247311827956989,1.4946236559139785,1.7311827956989247,1.3118279569892473,104
1019025.5161290322,2005.4193548387098,40.67741935483871,1.7634408602150538,1.1720430107526882,3.247311827956989,1.4946236559139785,1.7311827956989247,1.3118279569892473,83
1019025.5161290322,2005.4193548387098,40.67741935483871,1.7634408602150538,1.1720430107526882,3.247311827956989,1.4946236559139785,1.7311827956989247,1.3118279569892473,182
1019025.5161290322,2005.4193548387098,40.67741935483871,1.7634408602150538,1.1720430107526882,3.247311827956989,1.4946236559139785,1.7311827956989247,1.3118279569892473,182
1019025.5161290322,2005.4193548387098,40.67741935483871,1.7634408602150538,1.1720430107526882,3.247311827956989,1.4946236559139785,1.7311827956989247,1.3118279569892473,131
1019025.5161290322,2005.4193548387098,40.67741935483871,1.7634408602150538,1.1720430107526882,3.247311827956989,1.4946236559139785,1.7311827956989247,1.3118279569892473,104
1019025.5161290322,2005.4193548387098,40.67741935483871,1.7634408602150538,1.1720430107526882,3.247311827956989,1.4946236559139785,1.7311827956989247,1.3118279569892473,104
1019025.5161290322,2005.4193548387098,40.67741935483871,1.7634408602150538,1.1720430107526882,3.247311827956989,1.4946236559139785,1.7311827956989247,1.3118279569892473,89
1019025.5161290322,2005.4193548387098,40.67741935483871,1.7634408602150538,1.1720430107526882,3.247311827956989,1.4946236559139785,1.7311827956989247,1.3118279569892473,146
1019025.5161290322,2005.4193548387098,40.67741935483871,1.7634408602150538,1.1720430107526882,3.247311827956989,1.4946236559139785,1.7311827956989247,1.3118279569892473,104
1019025.5161290322,2005.4193548387098,40.67741935483871,1.7634408602150538,1.1720430107526882,3.247311827956989,1.4946236559139785,1.7311827956989247,1.3118279569892473,83
1019025.5161290322,2005.4193548387098,40.67741935483871,1.7634408602150538,1.1720430107526882,3.247311827956989,1.4946236559139785,1.7311827956989247,1.3118279569892473,50
1019025.5161290322,2005.4193548387098,40.67741935483871,1.7634408602150538,1.1720430107526882,3.247311827956989,1.4946236559139785,1.7311827956989247,1.3118279569892473,272
1019025.5161290322,2005.4193548387098,40.67741935483871,1.7634408602150538,1.1720430107526882,3.247311827956989,1.4946236559139785,1.7311827956989247,1.3118279569892473,131
1019025.5161290322,2005.4193548387098,40.67741935483871,1.7634408602150538,1.1720430107526882,3.247311827956989,1.4946236559139785,1.7311827956989247,1.3118279569892473,137
1019025.5161290322,2005.4193548387098,40.67741935483871,1.7634408602150538,1.1720430107526882,3.247311827956989,1.4946236559139785,1.7311827956989247,1.3118279569892473,137
1019025.5161290322,2005.4193548387098,40.67741935483871,1.7634408602150538,1.1720430107526882,3.247311827956989,1.4946236559139785,1.7311827956989247,1.3118279569892473,104
1019025.5161290322,2005.4193548387098,40.67741935483871,1.7634408602150538,1.1720430107526882,3.247311827956989,1.4946236559139785,1.7311827956989247,1.3118279569892473,83
1019025.5161290322,2005.4193548387098,40.67741935483871,1.7634408602150538,1.1720430107526882,3.247311827956989,1.4946236559139785,1.7311827956989247,1.3118279569892473,182
1019025.5161290322,2005.4193548387098,40.67741935483871,1.7634408602150538,1.1720430107526882,3.247311827956989,1.4946236559139785,1.7311827956989247,1.3118279569892473,83
1019025.5161290322,2005.4193548387098,40.67741935483871,1.7634408602150538,1.1720430107526882,3.247311827956989,1.4946236559139785,1.7311827956989247,1.3118279569892473,131
1019025.5161290322,2005.4193548387098,40.67741935483871,1.7634408602150538,1.1720430107526882,3.247311827956989,1.4946236559139785,1.7311827956989247,1.3118279569892473,50
