1001231.8677248678,2005.962962962963,42.24867724867725,1.9417989417989419,1.2857142857142858,2.8835978835978837,1.4867724867724867,1.6719576719576719,1.3280423280423281,100
1001231.8677248678,2005.962962962963,42.24867724867725,1.9417989417989419,1.2857142857142858,2.8835978835978837,1.4867724867724867,1.6719576719576719,1.3280423280423281,142
1001231.8677248678,2005.962962962963,42.24867724867725,1.9417989417989419,1.2857142857142858,2.8835978835978837,1.4867724867724867,1.6719576719576719,1.3280423280423281,100
1001231.8677248678,2005.962962962963,42.24867724867725,1.9417989417989419,1.2857142857142858,2.8835978835978837,1.4867724867724867,1.6719576719576719,1.3280423280423281,70
1001231.8677248678,2005.962962962963,42.24867724867725,1.9417989417989419,1.2857142857142858,2.8835978835978837,1.4867724867724867,1.6719576719576719,1.3280423280423281,80
1001231.8677248678,2005.962962962963,42.24867724867725,1.9417989417989419,1.2857142857142858,2.8835978835978837,1.4867724867724867,1.6719576719576719,1.3280423280423281,100
1001231.8677248678,2005.962962962963,42.24867724867725,1.9417989417989419,1.2857142857142858,2.8835978835978837,1.4867724867724867,1.6719576719576719,1.3280423280423281,106
1001231.8677248678,2005.962962962963,42.24867724867725,1.9417989417989419,1.2857142857142858,2.8835978835978837,1.4867724867724867,1.6719576719576719,1.3280423280423281,106
1001231.8677248678,2005.962962962963,42.24867724867725,1.9417989417989419,1.2857142857142858,2.8835978835978837,1.4867724867724867,1.6719576719576719,1.3280423280423281,201
1001231.8677248678,2005.962962962963,42.24867724867725,1.9417989417989419,1.2857142857142858,2.8835978835978837,1.4867724867724867,1.6719576719576719,1.3280423280423281,142
1001231.8677248678,2005.962962962963,42.24867724867725,1.9417989417989419,1.2857142857142858,2.8835978835978837,1.4867724867724867,1.6719576719576719,1.3280423280423281,142
1001231.8677248678,2005.962962962963,42.24867724867725,1.9417989417989419,1.2857142857142858,2.8835978835978837,1.4867724867724867,1.6719576719576719,1.3280423280423281,100
1001231.8677248678,2005.962962962963,42.24867724867725,1.9417989417989419,1.2857142857142858,2.8835978835978837,1.4867724867724867,1.6719576719576719,1.3280423280423281,80
1001231.8677248678,2005.962962962963,42.24867724867725,1.9417989417989419,1.2857142857142858,2.8835978835978837,1.4867724867724867,1.6719576719576719,1.3280423280423281,100
1001231.8677248678,2005.962962962963,42.24867724867725,1.9417989417989419,1.2857142857142858,2.8835978835978837,1.4867724867724867,1.6719576719576719,1.3280423280423281,80
1001231.8677248678,2005.962962962963,42.24867724867725,1.9417989417989419,1.2857142857142858,2.8835978835978837,1.4867724867724867,1.6719576719576719,1.3280423280423281,106
1001231.8677248678,2005.962962962963,42.24867724867725,1.9417989417989419,1.2857142857142858,2.8835978835978837,1.4867724867724867,1.6719576719576719,1.3280423280423281,70
1001231.8677248678,2005.962962962963,42.24867724867725,1.9417989417989419,1.2857142857142858,2.8835978835978837,1.4867724867724867,1.6719576719576719,1.3280423280423281,70
1001231.8677248678,2005.962962962963,42.24867724867725,1.9417989417989419,1.2857142857142858,2.8835978835978837,1.4867724867724867,1.6719576719576719,1.3280423280423281,70
1001231.8677248678,2005.962962962963,42.24867724867725,1.9417989417989419,1.2857142857142858,2.8835978835978837,1.4867724867724867,1.6719576719576719,1.3280423280423281,70
1001231.8677248678,2005.962962962963,42.24867724867725,1.9417989417989419,1.2857142857142858,2.8835978835978837,1.4867724867724867,1.6719576719576719,1.3280423280423281,142
1001231.8677248678,2005.962962962963,42.24867724867725,1.9417989417989419,1.2857142857142858,2.8835978835978837,1.4867724867724867,1.6719576719576719,1.3280423280423281,142
1001231.8677248678,2005.962962962963,42.24867724867725,1.9417989417989419,1.2857142857142858,2.8835978835978837,1.4867724867724867,1.6719576719576719,1.3280423280423281,80
1001231.8677248678,2005.962962962963,42.24867724867725,1.9417989417989419,1.2857142857142858,2.8835978835978837,1.4867724867724867,1.6719576719576719,1.3280423280423281,100
1001231.8677248678,2005.962962962963,42.24867724867725,1.9417989417989419,1.2857142857142858,2.8835978835978837,1.4867724867724867,1.6719576719576719,1.3280423280423281,100
1001231.8677248678,2005.962962962963,42.24867724867725,1.9417989417989419,1.2857142857142858,2.8835978835978837,1.4867724867724867,1.6719576719576719,1.3280423280423281,142
1001231.8677248678,2005.962962962963,42.24867724867725,1.9417989417989419,1.2857142857142858,2.8835978835978837,1.4867724867724867,1.6719576719576719,1.3280423280423281,94
1001231.8677248678,2005.962962962963,42.24867724867725,1.9417989417989419,1.2857142857142858,2.8835978835978837,1.4867724867724867,1.6719576719576719,1.3280423280423281,80
1001231.8677248678,2005.962962962963,42.24867724867725,1.9417989417989419,1.2857142857142858,2.8835978835978837,1.4867724867724867,1.6719576719576719,1.3280423280423281,80
1001231.8677248678,2005.962962962963,42.24867724867725,1.9417989417989419,1.2857142857142858,2.8835978835978837,1.4867724867724867,1.6719576719576719,1.3280423280423281,106
1001231.8677248678,2005.962962962963,42.24867724867725,1.9417989417989419,1.2857142857142858,2.8835978835978837,1.4867724867724867,1.6719576719576719,1.3280423280423281,53
1001231.8677248678,2005.962962962963,42.24867724867725,1.9417989417989419,1.2857142857142858,2.8835978835978837,1.4867724867724867,1.6719576719576719,1.3280423280423281,124
1001231.8677248678,2005.962962962963,42.24867724867725,1.9417989417989419,1.2857142857142858,2.8835978835978837,1.4867724867724867,1.6719576719576719,1.3280423280423281,100
1001231.8677248678,2005.962962962963,42.24867724867725,1.9417989417989419,1.2857142857142858,2.8835978835978837,1.4867724867724867,1.6719576719576719,1.3280423280423281,80
1001231.8677248678,2005.962962962963,42.24867724867725,1.9417989417989419,1.2857142857142858,2.8835978835978837,1.4867724867724867,1.6719576719576719,1.3280423280423281,100
1001231.8677248678,2005.962962962963,42.24867724867725,1.9417989417989419,1.2857142857142858,2.8835978835978837,1.4867724867724867,1.6719576719576719,1.3280423280423281,80
1001231.8677248678,2005.962962962963,42.24867724867725,1.9417989417989419,1.2857142857142858,2.8835978835978837,1.4867724867724867,1.6719576719576719,1.3280423280423281,70
1001231.8677248678,2005.962962962963,42.24867724867725,1.9417989417989419,1.2857142857142858,2.8835978835978837,1.4867724867724867,1.6719576719576719,1.3280423280423281,142
1001231.8677248678,2005.962962962963,42.24867724867725,1.9417989417989419,1.2857142857142858,2.8835978835978837,1.4867724867724867,1.6719576719576719,1.3280423280423281,53
1001231.8677248678,2005.962962962963,42.24867724867725,1.9417989417989419,1.2857142857142858,2.8835978835978837,1.4867724867724867,1.6719576719576719,1.3280423280423281,70
1001231.8677248678,2005.962962962963,42.24867724867725,1.9417989417989419,1.2857142857142858,2.8835978835978837,1.4867724867724867,1.6719576719576719,1.3280423280423281,106
1001231.8677248678,2005.962962962963,42.24867724867725,1.9417989417989419,1.2857142857142858,2.8835978835978837,1.4867724867724867,1.6719576719576719,1.3280423280423281,201
1001231.8677248678,2005.962962962963,42.24867724867725,1.9417989417989419,1.2857142857142858,2.8835978835978837,1.4867724867724867,1.6719576719576719,1.3280423280423281,142
1001231.8677248678,2005.962962962963,42.24867724867725,1.9417989417989419,1.2857142857142858,2.8835978835978837,1.4867724867724867,1.6719576719576719,1.3280423280423281,100
1001231.8677248678,2005.962962962963,42.24867724867725,1.9417989417989419,1.2857142857142858,2.8835978835978837,1.4867724867724867,1.6719576719576719,1.3280423280423281,106
1001231.8677248678,2005.962962962963,42.24867724867725,1.9417989417989419,1.2857142857142858,2.8835978835978837,1.4867724867724867,1.6719576719576719,1.3280423280423281,142
1001231.8677248678,2005.962962962963,42.24867724867725,1.9417989417989419,1.2857142857142858,2.8835978835978837,1.4867724867724867,1.6719576719576719,1.3280423280423281,70
1001231.8677248678,2005.962962962963,42.24867724867725,1.9417989417989419,1.2857142857142858,2.8835978835978837,1.4867724867724867,1.6719576719576719,1.3280423280423281,100
1001231.8677248678,2005.962962962963,42.24867724867725,1.9417989417989419,1.2857142857142858,2.8835978835978837,1.4867724867724867,1.6719576719576719,1.3280423280423281,124
1001231.8677248678,2005.962962962963,42.24867724867725,1.9417989417989419,1.2857142857142858,2.8835978835978837,1.4867724867724867,1.6719576719576719,1.3280423280423281,142
1001231.8677248678,2005.962962962963,42.24867724867725,1.9417989417989419,1.2857142857142858,2.8835978835978837,1.4867724867724867,1.6719576719576719,1.3280423280423281,142
1001231.8677248678,2005.962962962963,42.24867724867725,1.9417989417989419,1.2857142857142858,2.8835978835978837,1.4867724867724867,1.6719576719576719,1.3280423280423281,100
1001231.8677248678,2005.962962962963,42.24867724867725,1.9417989417989419,1.2857142857142858,2.8835978835978837,1.4867724867724867,1.6719576719576719,1.3280423280423281,80
1001231.8677248678,2005.962962962963,42.24867724867725,1.9417989417989419,1.2857142857142858,2.8835978835978837,1.4867724867724867,1.6719576719576719,1.3280423280423281,94
1001231.8677248678,2005.962962962963,42.24867724867725,1.9417989417989419,1.2857142857142858,2.8835978835978837,1.4867724867724867,1.6719576719576719,1.3280423280423281,70
1001231.8677248678,2005.962962962963,42.24867724867725,1.9417989417989419,1.2857142857142858,2.8835978835978837,1.4867724867724867,1.6719576719576719,1.3280423280423281,106
1001231.8677248678,2005.962962962963,42.24867724867725,1.9417989417989419,1.2857142857142858,2.8835978835978837,1.4867724867724867,1.6719576719576719,1.3280423280423281,80
1001231.8677248678,2005.962962962963,42.24867724867725,1.9417989417989419,1.2857142857142858,2.8835978835978837,1.4867724867724867,1.6719576719576719,1.3280423280423281,80
1001231.8677248678,2005.962962962963,42.24867724867725,1.9417989417989419,1.2857142857142858,2.8835978835978837,1.4867724867724867,1.6719576719576719,1.3280423280423281,100
1001231.8677248678,2005.962962962963,42.24867724867725,1.9417989417989419,1.2857142857142858,2.8835978835978837,1.4867724867724867,1.6719576719576719,1.3280423280423281,314
1001231.8677248678,2005.962962962963,42.24867724867725,1.9417989417989419,1.2857142857142858,2.8835978835978837,1.4867724867724867,1.6719576719576719,1.3280423280423281,80
1001231.8677248678,2005.962962962963,42.24867724867725,1.9417989417989419,1.2857142857142858,2.8835978835978837,1.4867724867724867,1.6719576719576719,1.3280423280423281,106
1001231.8677248678,2005.962962962963,42.24867724867725,1.9417989417989419,1.2857142857142858,2.8835978835978837,1.4867724867724867,1.6719576719576719,1.3280423280423281,100
1001231.8677248678,2005.962962962963,42.24867724867725,1.9417989417989419,1.2857142857142858,2.8835978835978837,1.4867724867724867,1.6719576719576719,1.3280423280423281,70
1001231.8677248678,2005.962962962963,42.24867724867725,1.9417989417989419,1.2857142857142858,2.8835978835978837,1.4867724867724867,1.6719576719576719,1.3280423280423281,142
1001231.8677248678,2005.962962962963,42.24867724867725,1.9417989417989419,1.2857142857142858,2.8835978835978837,1.4867724867724867,1.6719576719576719,1.3280423280423281,100
1001231.8677248678,2005.962962962963,42.24867724867725,1.9417989417989419,1.2857142857142858,2.8835978835978837,1.4867724867724867,1.6719576719576719,1.3280423280423281,106
1001231.8677248678,2005.962962962963,42.24867724867725,1.9417989417989419,1.2857142857142858,2.8835978835978837,1.4867724867724867,1.6719576719576719,1.3280423280423281,100
1001231.8677248678,2005.962962962963,42.24867724867725,1.9417989417989419,1.2857142857142858,2.8835978835978837,1.4867724867724867,1.6719576719576719,1.3280423280423281,142
1001231.8677248678,2005.962962962963,42.24867724867725,1.9417989417989419,1.2857142857142858,2.8835978835978837,1.4867724867724867,1.6719576719576719,1.3280423280423281,80
1001231.8677248678,2005.962962962963,42.24867724867725,1.9417989417989419,1.2857142857142858,2.8835978835978837,1.4867724867724867,1.6719576719576719,1.3280423280423281,70
1001231.8677248678,2005.962962962963,42.24867724867725,1.9417989417989419,1.2857142857142858,2.8835978835978837,1.4867724867724867,1.6719576719576719,1.3280423280423281,100
1001231.8677248678,2005.962962962963,42.24867724867725,1.9417989417989419,1.2857142857142858,2.8835978835978837,1.4867724867724867,1.6719576719576719,1.3280423280423281,124
1001231.8677248678,2005.962962962963,42.24867724867725,1.9417989417989419,1.2857142857142858,2.8835978835978837,1.4867724867724867,1.6719576719576719,1.3280423280423281,70
1001231.8677248678,2005.962962962963,42.24867724867725,1.9417989417989419,1.2857142857142858,2.8835978835978837,1.4867724867724867,1.6719576719576719,1.3280423280423281,142
1001231.8677248678,2005.962962962963,42.24867724867725,1.9417989417989419,1.2857142857142858,2.8835978835978837,1.4867724867724867,1.6719576719576719,1.3280423280423281,142
1001231.8677248678,2005.962962962963,42.24867724867725,1.9417989417989419,1.2857142857142858,2.8835978835978837,1.4867724867724867,1.6719576719576719,1.3280423280423281,106
1001231.8677248678,2005.962962962963,42.24867724867725,1.9417989417989419,1.2857142857142858,2.8835978835978837,1.4867724867724867,1.6719576719576719,1.3280423280423281,201
1001231.8677248678,2005.962962962963,42.24867724867725,1.9417989417989419,1.2857142857142858,2.8835978835978837,1.4867724867724867,1.6719576719576719,1.3280423280423281,80
1001231.8677248678,2005.962962962963,42.24867724867725,1.9417989417989419,1.2857142857142858,2.8835978835978837,1.4867724867724867,1.6719576719576719,1.3280423280423281,80
1001231.8677248678,2005.962962962963,42.24867724867725,1.9417989417989419,1.2857142857142858,2.8835978835978837,1.4867724867724867,1.6719576719576719,1.3280423280423281,142
1001231.8677248678,2005.962962962963,42.24867724867725,1.9417989417989419,1.2857142857142858,2.8835978835978837,1.4867724867724867,1.6719576719576719,1.3280423280423281,100
1001231.8677248678,2005.962962962963,42.24867724867725,1.9417989417989419,1.2857142857142858,2.8835978835978837,1.4867724867724867,1.6719576719576719,1.3280423280423281,142
1001231.8677248678,2005.962962962963,42.24867724867725,1.9417989417989419,1.2857142857142858,2.8835978835978837,1.4867724867724867,1.6719576719576719,1.3280423280423281,142
1001231.8677248678,2005.962962962963,42.24867724867725,1.9417989417989419,1.2857142857142858,2.8835978835978837,1.4867724867724867,1.6719576719576719,1.3280423280423281,80
1001231.8677248678,2005.962962962963,42.24867724867725,1.9417989417989419,1.2857142857142858,2.8835978835978837,1.4867724867724867,1.6719576719576719,1.3280423280423281,106
1001231.8677248678,2005.962962962963,42.24867724867725,1.9417989417989419,1.2857142857142858,2.8835978835978837,1.4867724867724867,1.6719576719576719,1.3280423280423281,94
1001231.8677248678,2005.962962962963,42.24867724867725,1.9417989417989419,1.2857142857142858,2.8835978835978837,1.4867724867724867,1.6719576719576719,1.3280423280423281,62
1001231.8677248678,2005.962962962963,42.24867724867725,1.9417989417989419,1.2857142857142858,2.8835978835978837,1.4867724867724867,1.6719576719576719,1.3280423280423281,106
1001231.8677248678,2005.962962962963,42.24867724867725,1.9417989417989419,1.2857142857142858,2.8835978835978837,1.4867724867724867,1.6719576719576719,1.3280423280423281,80
1001231.8677248678,2005.962962962963,42.24867724867725,1.9417989417989419,1.2857142857142858,2.8835978835978837,1.4867724867724867,1.6719576719576719,1.3280423280423281,100
1001231.8677248678,2005.962962962963,42.24867724867725,1.9417989417989419,1.2857142857142858,2.8835978835978837,1.4867724867724867,1.6719576719576719,1.3280423280423281,70
1001231.8677248678,2005.962962962963,42.24867724867725,1.9417989417989419,1.2857142857142858,2.8835978835978837,1.4867724867724867,1.6719576719576719,1.3280423280423281,100
1001231.8677248678,2005.962962962963,42.24867724867725,1.9417989417989419,1.2857142857142858,2.8835978835978837,1.4867724867724867,1.6719576719576719,1.3280423280423281,70
1001231.8677248678,2005.962962962963,42.24867724867725,1.9417989417989419,1.2857142857142858,2.8835978835978837,1.4867724867724867,1.6719576719576719,1.3280423280423281,100
1001231.8677248678,2005.962962962963,42.24867724867725,1.9417989417989419,1.2857142857142858,2.8835978835978837,1.4867724867724867,1.6719576719576719,1.3280423280423281,70
1001231.8677248678,2005.962962962963,42.24867724867725,1.9417989417989419,1.2857142857142858,2.8835978835978837,1.4867724867724867,1.6719576719576719,1.3280423280423281,80
1001231.8677248678,2005.962962962963,42.24867724867725,1.9417989417989419,1.2857142857142858,2.8835978835978837,1.4867724867724867,1.6719576719576719,1.3280423280423281,100
1001231.8677248678,2005.962962962963,42.24867724867725,1.9417989417989419,1.2857142857142858,2.8835978835978837,1.4867724867724867,1.6719576719576719,1.3280423280423281,100
1001231.8677248678,2005.962962962963,42.24867724867725,1.9417989417989419,1.2857142857142858,2.8835978835978837,1.4867724867724867,1.6719576719576719,1.3280423280423281,142
1001231.8677248678,2005.962962962963,42.24867724867725,1.9417989417989419,1.2857142857142858,2.8835978835978837,1.4867724867724867,1.6719576719576719,1.3280423280423281,100
1001231.8677248678,2005.962962962963,42.24867724867725,1.9417989417989419,1.2857142857142858,2.8835978835978837,1.4867724867724867,1.6719576719576719,1.3280423280423281,100
1001231.8677248678,2005.962962962963,42.24867724867725,1.9417989417989419,1.2857142857142858,2.8835978835978837,1.4867724867724867,1.6719576719576719,1.3280423280423281,80
1001231.8677248678,2005.962962962963,42.24867724867725,1.9417989417989419,1.2857142857142858,2.8835978835978837,1.4867724867724867,1.6719576719576719,1.3280423280423281,142
1001231.8677248678,2005.962962962963,42.24867724867725,1.9417989417989419,1.2857142857142858,2.8835978835978837,1.4867724867724867,1.6719576719576719,1.3280423280423281,142
1001231.8677248678,2005.962962962963,42.24867724867725,1.9417989417989419,1.2857142857142858,2.8835978835978837,1.4867724867724867,1.6719576719576719,1.3280423280423281,142
1001231.8677248678,2005.962962962963,42.24867724867725,1.9417989417989419,1.2857142857142858,2.8835978835978837,1.4867724867724867,1.6719576719576719,1.3280423280423281,70
1001231.8677248678,2005.962962962963,42.24867724867725,1.9417989417989419,1.2857142857142858,2.8835978835978837,1.4867724867724867,1.6719576719576719,1.3280423280423281,70
1001231.8677248678,2005.962962962963,42.24867724867725,1.9417989417989419,1.2857142857142858,2.8835978835978837,1.4867724867724867,1.6719576719576719,1.3280423280423281,106
1001231.8677248678,2005.962962962963,42.24867724867725,1.9417989417989419,1.2857142857142858,2.8835978835978837,1.4867724867724867,1.6719576719576719,1.3280423280423281,106
1001231.8677248678,2005.962962962963,42.24867724867725,1.9417989417989419,1.2857142857142858,2.8835978835978837,1.4867724867724867,1.6719576719576719,1.3280423280423281,80
1001231.8677248678,2005.962962962963,42.24867724867725,1.9417989417989419,1.2857142857142858,2.8835978835978837,1.4867724867724867,1.6719576719576719,1.3280423280423281,70
1001231.8677248678,2005.962962962963,42.24867724867725,1.9417989417989419,1.2857142857142858,2.8835978835978837,1.4867724867724867,1.6719576719576719,1.3280423280423281,80
1001231.8677248678,2005.962962962963,42.24867724867725,1.9417989417989419,1.2857142857142858,2.8835978835978837,1.4867724867724867,1.6719576719576719,1.3280423280423281,70
1001231.8677248678,2005.962962962963,42.24867724867725,1.9417989417989419,1.2857142857142858,2.8835978835978837,1.4867724867724867,1.6719576719576719,1.3280423280423281,80
1001231.8677248678,2005.962962962963,42.24867724867725,1.9417989417989419,1.2857142857142858,2.8835978835978837,1.4867724867724867,1.6719576719576719,1.3280423280423281,80
1001231.8677248678,2005.962962962963,42.24867724867725,1.9417989417989419,1.2857142857142858,2.8835978835978837,1.4867724867724867,1.6719576719576719,1.3280423280423281,94
1001231.8677248678,2005.962962962963,42.24867724867725,1.9417989417989419,1.2857142857142858,2.8835978835978837,1.4867724867724867,1.6719576719576719,1.3280423280423281,100
1001231.8677248678,2005.962962962963,42.24867724867725,1.9417989417989419,1.2857142857142858,2.8835978835978837,1.4867724867724867,1.6719576719576719,1.3280423280423281,142
1001231.8677248678,2005.962962962963,42.24867724867725,1.9417989417989419,1.2857142857142858,2.8835978835978837,1.4867724867724867,1.6719576719576719,1.3280423280423281,100
1001231.8677248678,2005.962962962963,42.24867724867725,1.9417989417989419,1.2857142857142858,2.8835978835978837,1.4867724867724867,1.6719576719576719,1.3280423280423281,70
1001231.8677248678,2005.962962962963,42.24867724867725,1.9417989417989419,1.2857142857142858,2.8835978835978837,1.4867724867724867,1.6719576719576719,1.3280423280423281,62
1001231.8677248678,2005.962962962963,42.24867724867725,1.9417989417989419,1.2857142857142858,2.8835978835978837,1.4867724867724867,1.6719576719576719,1.3280423280423281,100
1001231.8677248678,2005.962962962963,42.24867724867725,1.9417989417989419,1.2857142857142858,2.8835978835978837,1.4867724867724867,1.6719576719576719,1.3280423280423281,142
1001231.8677248678,2005.962962962963,42.24867724867725,1.9417989417989419,1.2857142857142858,2.8835978835978837,1.4867724867724867,1.6719576719576719,1.3280423280423281,106
1001231.8677248678,2005.962962962963,42.24867724867725,1.9417989417989419,1.2857142857142858,2.8835978835978837,1.4867724867724867,1.6719576719576719,1.3280423280423281,80
1001231.8677248678,2005.962962962963,42.24867724867725,1.9417989417989419,1.2857142857142858,2.8835978835978837,1.4867724867724867,1.6719576719576719,1.3280423280423281,106
1001231.8677248678,2005.962962962963,42.24867724867725,1.9417989417989419,1.2857142857142858,2.8835978835978837,1.4867724867724867,1.6719576719576719,1.3280423280423281,201
1001231.8677248678,2005.962962962963,42.24867724867725,1.9417989417989419,1.2857142857142858,2.8835978835978837,1.4867724867724867,1.6719576719576719,1.3280423280423281,100
1001231.8677248678,2005.962962962963,42.24867724867725,1.9417989417989419,1.2857142857142858,2.8835978835978837,1.4867724867724867,1.6719576719576719,1.3280423280423281,106
1001231.8677248678,2005.962962962963,42.24867724867725,1.9417989417989419,1.2857142857142858,2.8835978835978837,1.4867724867724867,1.6719576719576719,1.3280423280423281,142
1001231.8677248678,2005.962962962963,42.24867724867725,1.9417989417989419,1.2857142857142858,2.8835978835978837,1.4867724867724867,1.6719576719576719,1.3280423280423281,142
1001231.8677248678,2005.962962962963,42.24867724867725,1.9417989417989419,1.2857142857142858,2.8835978835978837,1.4867724867724867,1.6719576719576719,1.3280423280423281,100
1001231.8677248678,2005.962962962963,42.24867724867725,1.9417989417989419,1.2857142857142858,2.8835978835978837,1.4867724867724867,1.6719576719576719,1.3280423280423281,70
1001231.8677248678,2005.962962962963,42.24867724867725,1.9417989417989419,1.2857142857142858,2.8835978835978837,1.4867724867724867,1.6719576719576719,1.3280423280423281,70
1001231.8677248678,2005.962962962963,42.24867724867725,1.9417989417989419,1.2857142857142858,2.8835978835978837,1.4867724867724867,1.6719576719576719,1.3280423280423281,70
1001231.8677248678,2005.962962962963,42.24867724867725,1.9417989417989419,1.2857142857142858,2.8835978835978837,1.4867724867724867,1.6719576719576719,1.3280423280423281,100
1001231.8677248678,2005.962962962963,42.24867724867725,1.9417989417989419,1.2857142857142858,2.8835978835978837,1.4867724867724867,1.6719576719576719,1.3280423280423281,100
1001231.8677248678,2005.962962962963,42.24867724867725,1.9417989417989419,1.2857142857142858,2.8835978835978837,1.4867724867724867,1.6719576719576719,1.3280423280423281,70
1001231.8677248678,2005.962962962963,42.24867724867725,1.9417989417989419,1.2857142857142858,2.8835978835978837,1.4867724867724867,1.6719576719576719,1.3280423280423281,80
1001231.8677248678,2005.962962962963,42.24867724867725,1.9417989417989419,1.2857142857142858,2.8835978835978837,1.4867724867724867,1.6719576719576719,1.3280423280423281,70
1001231.8677248678,2005.962962962963,42.24867724867725,1.9417989417989419,1.2857142857142858,2.8835978835978837,1.4867724867724867,1.6719576719576719,1.3280423280423281,142
1001231.8677248678,2005.962962962963,42.24867724867725,1.9417989417989419,1.2857142857142858,2.8835978835978837,1.4867724867724867,1.6719576719576719,1.3280423280423281,80
1001231.8677248678,2005.962962962963,42.24867724867725,1.9417989417989419,1.2857142857142858,2.8835978835978837,1.4867724867724867,1.6719576719576719,1.3280423280423281,80
1001231.8677248678,2005.962962962963,42.24867724867725,1.9417989417989419,1.2857142857142858,2.8835978835978837,1.4867724867724867,1.6719576719576719,1.3280423280423281,142
1001231.8677248678,2005.962962962963,42.24867724867725,1.9417989417989419,1.2857142857142858,2.8835978835978837,1.4867724867724867,1.6719576719576719,1.3280423280423281,80
1001231.8677248678,2005.962962962963,42.24867724867725,1.9417989417989419,1.2857142857142858,2.8835978835978837,1.4867724867724867,1.6719576719576719,1.3280423280423281,142
1001231.8677248678,2005.962962962963,42.24867724867725,1.9417989417989419,1.2857142857142858,2.8835978835978837,1.4867724867724867,1.6719576719576719,1.3280423280423281,142
1001231.8677248678,2005.962962962963,42.24867724867725,1.9417989417989419,1.2857142857142858,2.8835978835978837,1.4867724867724867,1.6719576719576719,1.3280423280423281,201
1001231.8677248678,2005.962962962963,42.24867724867725,1.9417989417989419,1.2857142857142858,2.8835978835978837,1.4867724867724867,1.6719576719576719,1.3280423280423281,106
1001231.8677248678,2005.962962962963,42.24867724867725,1.9417989417989419,1.2857142857142858,2.8835978835978837,1.4867724867724867,1.6719576719576719,1.3280423280423281,80
1001231.8677248678,2005.962962962963,42.24867724867725,1.9417989417989419,1.2857142857142858,2.8835978835978837,1.4867724867724867,1.6719576719576719,1.3280423280423281,142
1001231.8677248678,2005.962962962963,42.24867724867725,1.9417989417989419,1.2857142857142858,2.8835978835978837,1.4867724867724867,1.6719576719576719,1.3280423280423281,100
1001231.8677248678,2005.962962962963,42.24867724867725,1.9417989417989419,1.2857142857142858,2.8835978835978837,1.4867724867724867,1.6719576719576719,1.3280423280423281,70
1001231.8677248678,2005.962962962963,42.24867724867725,1.9417989417989419,1.2857142857142858,2.8835978835978837,1.4867724867724867,1.6719576719576719,1.3280423280423281,100
1001231.8677248678,2005.962962962963,42.24867724867725,1.9417989417989419,1.2857142857142858,2.8835978835978837,1.4867724867724867,1.6719576719576719,1.3280423280423281,100
1001231.8677248678,2005.962962962963,42.24867724867725,1.9417989417989419,1.2857142857142858,2.8835978835978837,1.4867724867724867,1.6719576719576719,1.3280423280423281,106
1001231.8677248678,2005.962962962963,42.24867724867725,1.9417989417989419,1.2857142857142858,2.8835978835978837,1.4867724867724867,1.6719576719576719,1.3280423280423281,80
1001231.8677248678,2005.962962962963,42.24867724867725,1.9417989417989419,1.2857142857142858,2.8835978835978837,1.4867724867724867,1.6719576719576719,1.3280423280423281,100
1001231.8677248678,2005.962962962963,42.24867724867725,1.9417989417989419,1.2857142857142858,2.8835978835978837,1.4867724867724867,1.6719576719576719,1.3280423280423281,70
1001231.8677248678,2005.962962962963,42.24867724867725,1.9417989417989419,1.2857142857142858,2.8835978835978837,1.4867724867724867,1.6719576719576719,1.3280423280423281,94
1001231.8677248678,2005.962962962963,42.24867724867725,1.9417989417989419,1.2857142857142858,2.8835978835978837,1.4867724867724867,1.6719576719576719,1.3280423280423281,142
1001231.8677248678,2005.962962962963,42.24867724867725,1.9417989417989419,1.2857142857142858,2.8835978835978837,1.4867724867724867,1.6719576719576719,1.3280423280423281,106
1001231.8677248678,2005.962962962963,42.24867724867725,1.9417989417989419,1.2857142857142858,2.8835978835978837,1.4867724867724867,1.6719576719576719,1.3280423280423281,80
1001231.8677248678,2005.962962962963,42.24867724867725,1.9417989417989419,1.2857142857142858,2.8835978835978837,1.4867724867724867,1.6719576719576719,1.3280423280423281,80
1001231.8677248678,2005.962962962963,42.24867724867725,1.9417989417989419,1.2857142857142858,2.8835978835978837,1.4867724867724867,1.6719576719576719,1.3280423280423281,80
1001231.8677248678,2005.962962962963,42.24867724867725,1.9417989417989419,1.2857142857142858,2.8835978835978837,1.4867724867724867,1.6719576719576719,1.3280423280423281,142
1001231.8677248678,2005.962962962963,42.24867724867725,1.9417989417989419,1.2857142857142858,2.8835978835978837,1.4867724867724867,1.6719576719576719,1.3280423280423281,100
1001231.8677248678,2005.962962962963,42.24867724867725,1.9417989417989419,1.2857142857142858,2.8835978835978837,1.4867724867724867,1.6719576719576719,1.3280423280423281,100
1001231.8677248678,2005.962962962963,42.24867724867725,1.9417989417989419,1.2857142857142858,2.8835978835978837,1.4867724867724867,1.6719576719576719,1.3280423280423281,70
1001231.8677248678,2005.962962962963,42.24867724867725,1.9417989417989419,1.2857142857142858,2.8835978835978837,1.4867724867724867,1.6719576719576719,1.3280423280423281,70
1001231.8677248678,2005.962962962963,42.24867724867725,1.9417989417989419,1.2857142857142858,2.8835978835978837,1.4867724867724867,1.6719576719576719,1.3280423280423281,106
1001231.8677248678,2005.962962962963,42.24867724867725,1.9417989417989419,1.2857142857142858,2.8835978835978837,1.4867724867724867,1.6719576719576719,1.3280423280423281,142
1001231.8677248678,2005.962962962963,42.24867724867725,1.9417989417989419,1.2857142857142858,2.8835978835978837,1.4867724867724867,1.6719576719576719,1.3280423280423281,80
1001231.8677248678,2005.962962962963,42.24867724867725,1.9417989417989419,1.2857142857142858,2.8835978835978837,1.4867724867724867,1.6719576719576719,1.3280423280423281,70
1001231.8677248678,2005.962962962963,42.24867724867725,1.9417989417989419,1.2857142857142858,2.8835978835978837,1.4867724867724867,1.6719576719576719,1.3280423280423281,106
1001231.8677248678,2005.962962962963,42.24867724867725,1.9417989417989419,1.2857142857142858,2.8835978835978837,1.4867724867724867,1.6719576719576719,1.3280423280423281,106
1001231.8677248678,2005.962962962963,42.24867724867725,1.9417989417989419,1.2857142857142858,2.8835978835978837,1.4867724867724867,1.6719576719576719,1.3280423280423281,80
1001231.8677248678,2005.962962962963,42.24867724867725,1.9417989417989419,1.2857142857142858,2.8835978835978837,1.4867724867724867,1.6719576719576719,1.3280423280423281,142
1001231.8677248678,2005.962962962963,42.24867724867725,1.9417989417989419,1.2857142857142858,2.8835978835978837,1.4867724867724867,1.6719576719576719,1.3280423280423281,142
1001231.8677248678,2005.962962962963,42.24867724867725,1.9417989417989419,1.2857142857142858,2.8835978835978837,1.4867724867724867,1.6719576719576719,1.3280423280423281,100
1001231.8677248678,2005.962962962963,42.24867724867725,1.9417989417989419,1.2857142857142858,2.8835978835978837,1.4867724867724867,1.6719576719576719,1.3280423280423281,100
1001231.8677248678,2005.962962962963,42.24867724867725,1.9417989417989419,1.2857142857142858,2.8835978835978837,1.4867724867724867,1.6719576719576719,1.3280423280423281,100
1001231.8677248678,2005.962962962963,42.24867724867725,1.9417989417989419,1.2857142857142858,2.8835978835978837,1.4867724867724867,1.6719576719576719,1.3280423280423281,70
1001231.8677248678,2005.962962962963,42.24867724867725,1.9417989417989419,1.2857142857142858,2.8835978835978837,1.4867724867724867,1.6719576719576719,1.3280423280423281,20
1001231.8677248678,2005.962962962963,42.24867724867725,1.9417989417989419,1.2857142857142858,2.8835978835978837,1.4867724867724867,1.6719576719576719,1.3280423280423281,70
1001231.8677248678,2005.962962962963,42.24867724867725,1.9417989417989419,1.2857142857142858,2.8835978835978837,1.4867724867724867,1.6719576719576719,1.3280423280423281,201
1001231.8677248678,2005.962962962963,42.24867724867725,1.9417989417989419,1.2857142857142858,2.8835978835978837,1.4867724867724867,1.6719576719576719,1.3280423280423281,142
1001231.8677248678,2005.962962962963,42.24867724867725,1.9417989417989419,1.2857142857142858,2.8835978835978837,1.4867724867724867,1.6719576719576719,1.3280423280423281,142
1095421.5483870967,2005.6559139784947,41.38709677419355,1.903225806451613,1.1827956989247312,2.881720430107527,1.4301075268817205,1.6666666666666667,1.3763440860215055,127
1095421.5483870967,2005.6559139784947,41.38709677419355,1.903225806451613,1.1827956989247312,2.881720430107527,1.4301075268817205,1.6666666666666667,1.3763440860215055,268
1095421.5483870967,2005.6559139784947,41.38709677419355,1.903225806451613,1.1827956989247312,2.881720430107527,1.4301075268817205,1.6666666666666667,1.3763440860215055,103
1095421.5483870967,2005.6559139784947,41.38709677419355,1.903225806451613,1.1827956989247312,2.881720430107527,1.4301075268817205,1.6666666666666667,1.3763440860215055,79
1095421.5483870967,2005.6559139784947,41.38709677419355,1.903225806451613,1.1827956989247312,2.881720430107527,1.4301075268817205,1.6666666666666667,1.3763440860215055,40
1095421.5483870967,2005.6559139784947,41.38709677419355,1.903225806451613,1.1827956989247312,2.881720430107527,1.4301075268817205,1.6666666666666667,1.3763440860215055,55
1095421.5483870967,2005.6559139784947,41.38709677419355,1.903225806451613,1.1827956989247312,2.881720430107527,1.4301075268817205,1.6666666666666667,1.3763440860215055,103
1095421.5483870967,2005.6559139784947,41.38709677419355,1.903225806451613,1.1827956989247312,2.881720430107527,1.4301075268817205,1.6666666666666667,1.3763440860215055,127
1095421.5483870967,2005.6559139784947,41.38709677419355,1.903225806451613,1.1827956989247312,2.881720430107527,1.4301075268817205,1.6666666666666667,1.3763440860215055,37
1095421.5483870967,2005.6559139784947,41.38709677419355,1.903225806451613,1.1827956989247312,2.881720430107527,1.4301075268817205,1.6666666666666667,1.3763440860215055,55
1095421.5483870967,2005.6559139784947,41.38709677419355,1.903225806451613,1.1827956989247312,2.881720430107527,1.4301075268817205,1.6666666666666667,1.3763440860215055,103
1095421.5483870967,2005.6559139784947,41.38709677419355,1.903225806451613,1.1827956989247312,2.881720430107527,1.4301075268817205,1.6666666666666667,1.3763440860215055,127
1095421.5483870967,2005.6559139784947,41.38709677419355,1.903225806451613,1.1827956989247312,2.881720430107527,1.4301075268817205,1.6666666666666667,1.3763440860215055,127
1095421.5483870967,2005.6559139784947,41.38709677419355,1.903225806451613,1.1827956989247312,2.881720430107527,1.4301075268817205,1.6666666666666667,1.3763440860215055,91
1095421.5483870967,2005.6559139784947,41.38709677419355,1.903225806451613,1.1827956989247312,2.881720430107527,1.4301075268817205,1.6666666666666667,1.3763440860215055,127
1095421.5483870967,2005.6559139784947,41.38709677419355,1.903225806451613,1.1827956989247312,2.881720430107527,1.4301075268817205,1.6666666666666667,1.3763440860215055,103
1095421.5483870967,2005.6559139784947,41.38709677419355,1.903225806451613,1.1827956989247312,2.881720430107527,1.4301075268817205,1.6666666666666667,1.3763440860215055,127
1095421.5483870967,2005.6559139784947,41.38709677419355,1.903225806451613,1.1827956989247312,2.881720430107527,1.4301075268817205,1.6666666666666667,1.3763440860215055,103
1095421.5483870967,2005.6559139784947,41.38709677419355,1.903225806451613,1.1827956989247312,2.881720430107527,1.4301075268817205,1.6666666666666667,1.3763440860215055,127
1095421.5483870967,2005.6559139784947,41.38709677419355,1.903225806451613,1.1827956989247312,2.881720430107527,1.4301075268817205,1.6666666666666667,1.3763440860215055,91
1095421.5483870967,2005.6559139784947,41.38709677419355,1.903225806451613,1.1827956989247312,2.881720430107527,1.4301075268817205,1.6666666666666667,1.3763440860215055,79
1095421.5483870967,2005.6559139784947,41.38709677419355,1.903225806451613,1.1827956989247312,2.881720430107527,1.4301075268817205,1.6666666666666667,1.3763440860215055,55
1095421.5483870967,2005.6559139784947,41.38709677419355,1.903225806451613,1.1827956989247312,2.881720430107527,1.4301075268817205,1.6666666666666667,1.3763440860215055,46
1095421.5483870967,2005.6559139784947,41.38709677419355,1.903225806451613,1.1827956989247312,2.881720430107527,1.4301075268817205,1.6666666666666667,1.3763440860215055,103
1095421.5483870967,2005.6559139784947,41.38709677419355,1.903225806451613,1.1827956989247312,2.881720430107527,1.4301075268817205,1.6666666666666667,1.3763440860215055,127
1095421.5483870967,2005.6559139784947,41.38709677419355,1.903225806451613,1.1827956989247312,2.881720430107527,1.4301075268817205,1.6666666666666667,1.3763440860215055,103
1095421.5483870967,2005.6559139784947,41.38709677419355,1.903225806451613,1.1827956989247312,2.881720430107527,1.4301075268817205,1.6666666666666667,1.3763440860215055,55
1095421.5483870967,2005.6559139784947,41.38709677419355,1.903225806451613,1.1827956989247312,2.881720430107527,1.4301075268817205,1.6666666666666667,1.3763440860215055,127
1095421.5483870967,2005.6559139784947,41.38709677419355,1.903225806451613,1.1827956989247312,2.881720430107527,1.4301075268817205,1.6666666666666667,1.3763440860215055,40
1095421.5483870967,2005.6559139784947,41.38709677419355,1.903225806451613,1.1827956989247312,2.881720430107527,1.4301075268817205,1.6666666666666667,1.3763440860215055,187
1095421.5483870967,2005.6559139784947,41.38709677419355,1.903225806451613,1.1827956989247312,2.881720430107527,1.4301075268817205,1.6666666666666667,1.3763440860215055,103
1095421.5483870967,2005.6559139784947,41.38709677419355,1.903225806451613,1.1827956989247312,2.881720430107527,1.4301075268817205,1.6666666666666667,1.3763440860215055,103
1095421.5483870967,2005.6559139784947,41.38709677419355,1.903225806451613,1.1827956989247312,2.881720430107527,1.4301075268817205,1.6666666666666667,1.3763440860215055,127
1095421.5483870967,2005.6559139784947,41.38709677419355,1.903225806451613,1.1827956989247312,2.881720430107527,1.4301075268817205,1.6666666666666667,1.3763440860215055,187
1095421.5483870967,2005.6559139784947,41.38709677419355,1.903225806451613,1.1827956989247312,2.881720430107527,1.4301075268817205,1.6666666666666667,1.3763440860215055,91
1095421.5483870967,2005.6559139784947,41.38709677419355,1.903225806451613,1.1827956989247312,2.881720430107527,1.4301075268817205,1.6666666666666667,1.3763440860215055,127
1095421.5483870967,2005.6559139784947,41.38709677419355,1.903225806451613,1.1827956989247312,2.881720430107527,1.4301075268817205,1.6666666666666667,1.3763440860215055,55
1095421.5483870967,2005.6559139784947,41.38709677419355,1.903225806451613,1.1827956989247312,2.881720430107527,1.4301075268817205,1.6666666666666667,1.3763440860215055,103
1095421.5483870967,2005.6559139784947,41.38709677419355,1.903225806451613,1.1827956989247312,2.881720430107527,1.4301075268817205,1.6666666666666667,1.3763440860215055,31
1095421.5483870967,2005.6559139784947,41.38709677419355,1.903225806451613,1.1827956989247312,2.881720430107527,1.4301075268817205,1.6666666666666667,1.3763440860215055,103
1095421.5483870967,2005.6559139784947,41.38709677419355,1.903225806451613,1.1827956989247312,2.881720430107527,1.4301075268817205,1.6666666666666667,1.3763440860215055,127
1095421.5483870967,2005.6559139784947,41.38709677419355,1.903225806451613,1.1827956989247312,2.881720430107527,1.4301075268817205,1.6666666666666667,1.3763440860215055,79
1095421.5483870967,2005.6559139784947,41.38709677419355,1.903225806451613,1.1827956989247312,2.881720430107527,1.4301075268817205,1.6666666666666667,1.3763440860215055,127
1095421.5483870967,2005.6559139784947,41.38709677419355,1.903225806451613,1.1827956989247312,2.881720430107527,1.4301075268817205,1.6666666666666667,1.3763440860215055,55
1095421.5483870967,2005.6559139784947,41.38709677419355,1.903225806451613,1.1827956989247312,2.881720430107527,1.4301075268817205,1.6666666666666667,1.3763440860215055,55
1095421.5483870967,2005.6559139784947,41.38709677419355,1.903225806451613,1.1827956989247312,2.881720430107527,1.4301075268817205,1.6666666666666667,1.3763440860215055,73
1095421.5483870967,2005.6559139784947,41.38709677419355,1.903225806451613,1.1827956989247312,2.881720430107527,1.4301075268817205,1.6666666666666667,1.3763440860215055,103
1095421.5483870967,2005.6559139784947,41.38709677419355,1.903225806451613,1.1827956989247312,2.881720430107527,1.4301075268817205,1.6666666666666667,1.3763440860215055,40
1095421.5483870967,2005.6559139784947,41.38709677419355,1.903225806451613,1.1827956989247312,2.881720430107527,1.4301075268817205,1.6666666666666667,1.3763440860215055,55
1095421.5483870967,2005.6559139784947,41.38709677419355,1.903225806451613,1.1827956989247312,2.881720430107527,1.4301075268817205,1.6666666666666667,1.3763440860215055,31
1095421.5483870967,2005.6559139784947,41.38709677419355,1.903225806451613,1.1827956989247312,2.881720430107527,1.4301075268817205,1.6666666666666667,1.3763440860215055,64
1095421.5483870967,2005.6559139784947,41.38709677419355,1.903225806451613,1.1827956989247312,2.881720430107527,1.4301075268817205,1.6666666666666667,1.3763440860215055,55
1095421.5483870967,2005.6559139784947,41.38709677419355,1.903225806451613,1.1827956989247312,2.881720430107527,1.4301075268817205,1.6666666666666667,1.3763440860215055,103
1095421.5483870967,2005.6559139784947,41.38709677419355,1.903225806451613,1.1827956989247312,2.881720430107527,1.4301075268817205,1.6666666666666667,1.3763440860215055,73
1095421.5483870967,2005.6559139784947,41.38709677419355,1.903225806451613,1.1827956989247312,2.881720430107527,1.4301075268817205,1.6666666666666667,1.3763440860215055,103
1095421.5483870967,2005.6559139784947,41.38709677419355,1.903225806451613,1.1827956989247312,2.881720430107527,1.4301075268817205,1.6666666666666667,1.3763440860215055,55
1095421.5483870967,2005.6559139784947,41.38709677419355,1.903225806451613,1.1827956989247312,2.881720430107527,1.4301075268817205,1.6666666666666667,1.3763440860215055,103
1095421.5483870967,2005.6559139784947,41.38709677419355,1.903225806451613,1.1827956989247312,2.881720430107527,1.4301075268817205,1.6666666666666667,1.3763440860215055,127
1095421.5483870967,2005.6559139784947,41.38709677419355,1.903225806451613,1.1827956989247312,2.881720430107527,1.4301075268817205,1.6666666666666667,1.3763440860215055,103
1095421.5483870967,2005.6559139784947,41.38709677419355,1.903225806451613,1.1827956989247312,2.881720430107527,1.4301075268817205,1.6666666666666667,1.3763440860215055,127
1095421.5483870967,2005.6559139784947,41.38709677419355,1.903225806451613,1.1827956989247312,2.881720430107527,1.4301075268817205,1.6666666666666667,1.3763440860215055,127
1095421.5483870967,2005.6559139784947,41.38709677419355,1.903225806451613,1.1827956989247312,2.881720430107527,1.4301075268817205,1.6666666666666667,1.3763440860215055,127
1095421.5483870967,2005.6559139784947,41.38709677419355,1.903225806451613,1.1827956989247312,2.881720430107527,1.4301075268817205,1.6666666666666667,1.3763440860215055,127
1095421.5483870967,2005.6559139784947,41.38709677419355,1.903225806451613,1.1827956989247312,2.881720430107527,1.4301075268817205,1.6666666666666667,1.3763440860215055,40
1095421.5483870967,2005.6559139784947,41.38709677419355,1.903225806451613,1.1827956989247312,2.881720430107527,1.4301075268817205,1.6666666666666667,1.3763440860215055,268
1095421.5483870967,2005.6559139784947,41.38709677419355,1.903225806451613,1.1827956989247312,2.881720430107527,1.4301075268817205,1.6666666666666667,1.3763440860215055,55
1095421.5483870967,2005.6559139784947,41.38709677419355,1.903225806451613,1.1827956989247312,2.881720430107527,1.4301075268817205,1.6666666666666667,1.3763440860215055,127
1095421.5483870967,2005.6559139784947,41.38709677419355,1.903225806451613,1.1827956989247312,2.881720430107527,1.4301075268817205,1.6666666666666667,1.3763440860215055,103
1095421.5483870967,2005.6559139784947,41.38709677419355,1.903225806451613,1.1827956989247312,2.881720430107527,1.4301075268817205,1.6666666666666667,1.3763440860215055,103
1095421.5483870967,2005.6559139784947,41.38709677419355,1.903225806451613,1.1827956989247312,2.881720430107527,1.4301075268817205,1.6666666666666667,1.3763440860215055,103
1095421.5483870967,2005.6559139784947,41.38709677419355,1.903225806451613,1.1827956989247312,2.881720430107527,1.4301075268817205,1.6666666666666667,1.3763440860215055,127
1095421.5483870967,2005.6559139784947,41.38709677419355,1.903225806451613,1.1827956989247312,2.881720430107527,1.4301075268817205,1.6666666666666667,1.3763440860215055,55
1095421.5483870967,2005.6559139784947,41.38709677419355,1.903225806451613,1.1827956989247312,2.881720430107527,1.4301075268817205,1.6666666666666667,1.3763440860215055,127
1095421.5483870967,2005.6559139784947,41.38709677419355,1.903225806451613,1.1827956989247312,2.881720430107527,1.4301075268817205,1.6666666666666667,1.3763440860215055,55
1095421.5483870967,2005.6559139784947,41.38709677419355,1.903225806451613,1.1827956989247312,2.881720430107527,1.4301075268817205,1.6666666666666667,1.3763440860215055,103
1095421.5483870967,2005.6559139784947,41.38709677419355,1.903225806451613,1.1827956989247312,2.881720430107527,1.4301075268817205,1.6666666666666667,1.3763440860215055,73
1095421.5483870967,2005.6559139784947,41.38709677419355,1.903225806451613,1.1827956989247312,2.881720430107527,1.4301075268817205,1.6666666666666667,1.3763440860215055,37
1095421.5483870967,2005.6559139784947,41.38709677419355,1.903225806451613,1.1827956989247312,2.881720430107527,1.4301075268817205,1.6666666666666667,1.3763440860215055,103
1095421.5483870967,2005.6559139784947,41.38709677419355,1.903225806451613,1.1827956989247312,2.881720430107527,1.4301075268817205,1.6666666666666667,1.3763440860215055,73
1095421.5483870967,2005.6559139784947,41.38709677419355,1.903225806451613,1.1827956989247312,2.881720430107527,1.4301075268817205,1.6666666666666667,1.3763440860215055,55
1095421.5483870967,2005.6559139784947,41.38709677419355,1.903225806451613,1.1827956989247312,2.881720430107527,1.4301075268817205,1.6666666666666667,1.3763440860215055,37
1095421.5483870967,2005.6559139784947,41.38709677419355,1.903225806451613,1.1827956989247312,2.881720430107527,1.4301075268817205,1.6666666666666667,1.3763440860215055,268
1095421.5483870967,2005.6559139784947,41.38709677419355,1.903225806451613,1.1827956989247312,2.881720430107527,1.4301075268817205,1.6666666666666667,1.3763440860215055,127
1095421.5483870967,2005.6559139784947,41.38709677419355,1.903225806451613,1.1827956989247312,2.881720430107527,1.4301075268817205,1.6666666666666667,1.3763440860215055,79
1095421.5483870967,2005.6559139784947,41.38709677419355,1.903225806451613,1.1827956989247312,2.881720430107527,1.4301075268817205,1.6666666666666667,1.3763440860215055,127
1095421.5483870967,2005.6559139784947,41.38709677419355,1.903225806451613,1.1827956989247312,2.881720430107527,1.4301075268817205,1.6666666666666667,1.3763440860215055,103
1095421.5483870967,2005.6559139784947,41.38709677419355,1.903225806451613,1.1827956989247312,2.881720430107527,1.4301075268817205,1.6666666666666667,1.3763440860215055,127
1095421.5483870967,2005.6559139784947,41.38709677419355,1.903225806451613,1.1827956989247312,2.881720430107527,1.4301075268817205,1.6666666666666667,1.3763440860215055,40
1095421.5483870967,2005.6559139784947,41.38709677419355,1.903225806451613,1.1827956989247312,2.881720430107527,1.4301075268817205,1.6666666666666667,1.3763440860215055,103
1095421.5483870967,2005.6559139784947,41.38709677419355,1.903225806451613,1.1827956989247312,2.881720430107527,1.4301075268817205,1.6666666666666667,1.3763440860215055,55
1095421.5483870967,2005.6559139784947,41.38709677419355,1.903225806451613,1.1827956989247312,2.881720430107527,1.4301075268817205,1.6666666666666667,1.3763440860215055,127
1095421.5483870967,2005.6559139784947,41.38709677419355,1.903225806451613,1.1827956989247312,2.881720430107527,1.4301075268817205,1.6666666666666667,1.3763440860215055,127
1095421.5483870967,2005.6559139784947,41.38709677419355,1.903225806451613,1.1827956989247312,2.881720430107527,1.4301075268817205,1.6666666666666667,1.3763440860215055,103
1136208.9189189188,2005.9567567567567,42.454054054054055,1.9783783783783784,1.2918918918918918,3.097297297297297,1.4864864864864864,1.7135135135135136,1.318918918918919,81
1136208.9189189188,2005.9567567567567,42.454054054054055,1.9783783783783784,1.2918918918918918,3.097297297297297,1.4864864864864864,1.7135135135135136,1.318918918918919,108
1136208.9189189188,2005.9567567567567,42.454054054054055,1.9783783783783784,1.2918918918918918,3.097297297297297,1.4864864864864864,1.7135135135135136,1.318918918918919,81
1136208.9189189188,2005.9567567567567,42.454054054054055,1.9783783783783784,1.2918918918918918,3.097297297297297,1.4864864864864864,1.7135135135135136,1.318918918918919,108
1136208.9189189188,2005.9567567567567,42.454054054054055,1.9783783783783784,1.2918918918918918,3.097297297297297,1.4864864864864864,1.7135135135135136,1.318918918918919,81
1136208.9189189188,2005.9567567567567,42.454054054054055,1.9783783783783784,1.2918918918918918,3.097297297297297,1.4864864864864864,1.7135135135135136,1.318918918918919,72
1136208.9189189188,2005.9567567567567,42.454054054054055,1.9783783783783784,1.2918918918918918,3.097297297297297,1.4864864864864864,1.7135135135135136,1.318918918918919,161
1136208.9189189188,2005.9567567567567,42.454054054054055,1.9783783783783784,1.2918918918918918,3.097297297297297,1.4864864864864864,1.7135135135135136,1.318918918918919,110
1136208.9189189188,2005.9567567567567,42.454054054054055,1.9783783783783784,1.2918918918918918,3.097297297297297,1.4864864864864864,1.7135135135135136,1.318918918918919,186
1136208.9189189188,2005.9567567567567,42.454054054054055,1.9783783783783784,1.2918918918918918,3.097297297297297,1.4864864864864864,1.7135135135135136,1.318918918918919,161
1136208.9189189188,2005.9567567567567,42.454054054054055,1.9783783783783784,1.2918918918918918,3.097297297297297,1.4864864864864864,1.7135135135135136,1.318918918918919,180
1136208.9189189188,2005.9567567567567,42.454054054054055,1.9783783783783784,1.2918918918918918,3.097297297297297,1.4864864864864864,1.7135135135135136,1.318918918918919,87
1136208.9189189188,2005.9567567567567,42.454054054054055,1.9783783783783784,1.2918918918918918,3.097297297297297,1.4864864864864864,1.7135135135135136,1.318918918918919,108
1136208.9189189188,2005.9567567567567,42.454054054054055,1.9783783783783784,1.2918918918918918,3.097297297297297,1.4864864864864864,1.7135135135135136,1.318918918918919,81
1136208.9189189188,2005.9567567567567,42.454054054054055,1.9783783783783784,1.2918918918918918,3.097297297297297,1.4864864864864864,1.7135135135135136,1.318918918918919,81
1136208.9189189188,2005.9567567567567,42.454054054054055,1.9783783783783784,1.2918918918918918,3.097297297297297,1.4864864864864864,1.7135135135135136,1.318918918918919,81
1136208.9189189188,2005.9567567567567,42.454054054054055,1.9783783783783784,1.2918918918918918,3.097297297297297,1.4864864864864864,1.7135135135135136,1.318918918918919,125
1136208.9189189188,2005.9567567567567,42.454054054054055,1.9783783783783784,1.2918918918918918,3.097297297297297,1.4864864864864864,1.7135135135135136,1.318918918918919,143
1136208.9189189188,2005.9567567567567,42.454054054054055,1.9783783783783784,1.2918918918918918,3.097297297297297,1.4864864864864864,1.7135135135135136,1.318918918918919,72
1136208.9189189188,2005.9567567567567,42.454054054054055,1.9783783783783784,1.2918918918918918,3.097297297297297,1.4864864864864864,1.7135135135135136,1.318918918918919,161
1136208.9189189188,2005.9567567567567,42.454054054054055,1.9783783783783784,1.2918918918918918,3.097297297297297,1.4864864864864864,1.7135135135135136,1.318918918918919,125
1136208.9189189188,2005.9567567567567,42.454054054054055,1.9783783783783784,1.2918918918918918,3.097297297297297,1.4864864864864864,1.7135135135135136,1.318918918918919,120
1136208.9189189188,2005.9567567567567,42.454054054054055,1.9783783783783784,1.2918918918918918,3.097297297297297,1.4864864864864864,1.7135135135135136,1.318918918918919,161
1136208.9189189188,2005.9567567567567,42.454054054054055,1.9783783783783784,1.2918918918918918,3.097297297297297,1.4864864864864864,1.7135135135135136,1.318918918918919,81
1136208.9189189188,2005.9567567567567,42.454054054054055,1.9783783783783784,1.2918918918918918,3.097297297297297,1.4864864864864864,1.7135135135135136,1.318918918918919,161
1136208.9189189188,2005.9567567567567,42.454054054054055,1.9783783783783784,1.2918918918918918,3.097297297297297,1.4864864864864864,1.7135135135135136,1.318918918918919,81
1136208.9189189188,2005.9567567567567,42.454054054054055,1.9783783783783784,1.2918918918918918,3.097297297297297,1.4864864864864864,1.7135135135135136,1.318918918918919,143
1136208.9189189188,2005.9567567567567,42.454054054054055,1.9783783783783784,1.2918918918918918,3.097297297297297,1.4864864864864864,1.7135135135135136,1.318918918918919,268
1136208.9189189188,2005.9567567567567,42.454054054054055,1.9783783783783784,1.2918918918918918,3.097297297297297,1.4864864864864864,1.7135135135135136,1.318918918918919,54
1136208.9189189188,2005.9567567567567,42.454054054054055,1.9783783783783784,1.2918918918918918,3.097297297297297,1.4864864864864864,1.7135135135135136,1.318918918918919,87
1136208.9189189188,2005.9567567567567,42.454054054054055,1.9783783783783784,1.2918918918918918,3.097297297297297,1.4864864864864864,1.7135135135135136,1.318918918918919,108
1136208.9189189188,2005.9567567567567,42.454054054054055,1.9783783783783784,1.2918918918918918,3.097297297297297,1.4864864864864864,1.7135135135135136,1.318918918918919,161
1136208.9189189188,2005.9567567567567,42.454054054054055,1.9783783783783784,1.2918918918918918,3.097297297297297,1.4864864864864864,1.7135135135135136,1.318918918918919,72
1136208.9189189188,2005.9567567567567,42.454054054054055,1.9783783783783784,1.2918918918918918,3.097297297297297,1.4864864864864864,1.7135135135135136,1.318918918918919,180
1136208.9189189188,2005.9567567567567,42.454054054054055,1.9783783783783784,1.2918918918918918,3.097297297297297,1.4864864864864864,1.7135135135135136,1.318918918918919,108
1136208.9189189188,2005.9567567567567,42.454054054054055,1.9783783783783784,1.2918918918918918,3.097297297297297,1.4864864864864864,1.7135135135135136,1.318918918918919,87
1136208.9189189188,2005.9567567567567,42.454054054054055,1.9783783783783784,1.2918918918918918,3.097297297297297,1.4864864864864864,1.7135135135135136,1.318918918918919,125
1136208.9189189188,2005.9567567567567,42.454054054054055,1.9783783783783784,1.2918918918918918,3.097297297297297,1.4864864864864864,1.7135135135135136,1.318918918918919,108
1136208.9189189188,2005.9567567567567,42.454054054054055,1.9783783783783784,1.2918918918918918,3.097297297297297,1.4864864864864864,1.7135135135135136,1.318918918918919,168
1136208.9189189188,2005.9567567567567,42.454054054054055,1.9783783783783784,1.2918918918918918,3.097297297297297,1.4864864864864864,1.7135135135135136,1.318918918918919,54
1136208.9189189188,2005.9567567567567,42.454054054054055,1.9783783783783784,1.2918918918918918,3.097297297297297,1.4864864864864864,1.7135135135135136,1.318918918918919,161
1136208.9189189188,2005.9567567567567,42.454054054054055,1.9783783783783784,1.2918918918918918,3.097297297297297,1.4864864864864864,1.7135135135135136,1.318918918918919,108
1136208.9189189188,2005.9567567567567,42.454054054054055,1.9783783783783784,1.2918918918918918,3.097297297297297,1.4864864864864864,1.7135135135135136,1.318918918918919,81
1136208.9189189188,2005.9567567567567,42.454054054054055,1.9783783783783784,1.2918918918918918,3.097297297297297,1.4864864864864864,1.7135135135135136,1.318918918918919,161
1136208.9189189188,2005.9567567567567,42.454054054054055,1.9783783783783784,1.2918918918918918,3.097297297297297,1.4864864864864864,1.7135135135135136,1.318918918918919,268
1136208.9189189188,2005.9567567567567,42.454054054054055,1.9783783783783784,1.2918918918918918,3.097297297297297,1.4864864864864864,1.7135135135135136,1.318918918918919,81
1136208.9189189188,2005.9567567567567,42.454054054054055,1.9783783783783784,1.2918918918918918,3.097297297297297,1.4864864864864864,1.7135135135135136,1.318918918918919,143
1136208.9189189188,2005.9567567567567,42.454054054054055,1.9783783783783784,1.2918918918918918,3.097297297297297,1.4864864864864864,1.7135135135135136,1.318918918918919,81
1136208.9189189188,2005.9567567567567,42.454054054054055,1.9783783783783784,1.2918918918918918,3.097297297297297,1.4864864864864864,1.7135135135135136,1.318918918918919,81
1136208.9189189188,2005.9567567567567,42.454054054054055,1.9783783783783784,1.2918918918918918,3.097297297297297,1.4864864864864864,1.7135135135135136,1.318918918918919,81
1136208.9189189188,2005.9567567567567,42.454054054054055,1.9783783783783784,1.2918918918918918,3.097297297297297,1.4864864864864864,1.7135135135135136,1.318918918918919,110
1136208.9189189188,2005.9567567567567,42.454054054054055,1.9783783783783784,1.2918918918918918,3.097297297297297,1.4864864864864864,1.7135135135135136,1.318918918918919,87
1136208.9189189188,2005.9567567567567,42.454054054054055,1.9783783783783784,1.2918918918918918,3.097297297297297,1.4864864864864864,1.7135135135135136,1.318918918918919,161
1136208.9189189188,2005.9567567567567,42.454054054054055,1.9783783783783784,1.2918918918918918,3.097297297297297,1.4864864864864864,1.7135135135135136,1.318918918918919,161
1136208.9189189188,2005.9567567567567,42.454054054054055,1.9783783783783784,1.2918918918918918,3.097297297297297,1.4864864864864864,1.7135135135135136,1.318918918918919,108
1136208.9189189188,2005.9567567567567,42.454054054054055,1.9783783783783784,1.2918918918918918,3.097297297297297,1.4864864864864864,1.7135135135135136,1.318918918918919,81
1136208.9189189188,2005.9567567567567,42.454054054054055,1.9783783783783784,1.2918918918918918,3.097297297297297,1.4864864864864864,1.7135135135135136,1.318918918918919,81
1136208.9189189188,2005.9567567567567,42.454054054054055,1.9783783783783784,1.2918918918918918,3.097297297297297,1.4864864864864864,1.7135135135135136,1.318918918918919,81
1136208.9189189188,2005.9567567567567,42.454054054054055,1.9783783783783784,1.2918918918918918,3.097297297297297,1.4864864864864864,1.7135135135135136,1.318918918918919,161
1136208.9189189188,2005.9567567567567,42.454054054054055,1.9783783783783784,1.2918918918918918,3.097297297297297,1.4864864864864864,1.7135135135135136,1.318918918918919,161
1136208.9189189188,2005.9567567567567,42.454054054054055,1.9783783783783784,1.2918918918918918,3.097297297297297,1.4864864864864864,1.7135135135135136,1.318918918918919,108
1136208.9189189188,2005.9567567567567,42.454054054054055,1.9783783783783784,1.2918918918918918,3.097297297297297,1.4864864864864864,1.7135135135135136,1.318918918918919,125
1136208.9189189188,2005.9567567567567,42.454054054054055,1.9783783783783784,1.2918918918918918,3.097297297297297,1.4864864864864864,1.7135135135135136,1.318918918918919,72
1136208.9189189188,2005.9567567567567,42.454054054054055,1.9783783783783784,1.2918918918918918,3.097297297297297,1.4864864864864864,1.7135135135135136,1.318918918918919,268
1136208.9189189188,2005.9567567567567,42.454054054054055,1.9783783783783784,1.2918918918918918,3.097297297297297,1.4864864864864864,1.7135135135135136,1.318918918918919,72
1136208.9189189188,2005.9567567567567,42.454054054054055,1.9783783783783784,1.2918918918918918,3.097297297297297,1.4864864864864864,1.7135135135135136,1.318918918918919,110
1136208.9189189188,2005.9567567567567,42.454054054054055,1.9783783783783784,1.2918918918918918,3.097297297297297,1.4864864864864864,1.7135135135135136,1.318918918918919,161
1136208.9189189188,2005.9567567567567,42.454054054054055,1.9783783783783784,1.2918918918918918,3.097297297297297,1.4864864864864864,1.7135135135135136,1.318918918918919,125
1136208.9189189188,2005.9567567567567,42.454054054054055,1.9783783783783784,1.2918918918918918,3.097297297297297,1.4864864864864864,1.7135135135135136,1.318918918918919,161
1136208.9189189188,2005.9567567567567,42.454054054054055,1.9783783783783784,1.2918918918918918,3.097297297297297,1.4864864864864864,1.7135135135135136,1.318918918918919,87
1136208.9189189188,2005.9567567567567,42.454054054054055,1.9783783783783784,1.2918918918918918,3.097297297297297,1.4864864864864864,1.7135135135135136,1.318918918918919,125
1136208.9189189188,2005.9567567567567,42.454054054054055,1.9783783783783784,1.2918918918918918,3.097297297297297,1.4864864864864864,1.7135135135135136,1.318918918918919,108
1136208.9189189188,2005.9567567567567,42.454054054054055,1.9783783783783784,1.2918918918918918,3.097297297297297,1.4864864864864864,1.7135135135135136,1.318918918918919,81
1136208.9189189188,2005.9567567567567,42.454054054054055,1.9783783783783784,1.2918918918918918,3.097297297297297,1.4864864864864864,1.7135135135135136,1.318918918918919,81
1136208.9189189188,2005.9567567567567,42.454054054054055,1.9783783783783784,1.2918918918918918,3.097297297297297,1.4864864864864864,1.7135135135135136,1.318918918918919,81
1136208.9189189188,2005.9567567567567,42.454054054054055,1.9783783783783784,1.2918918918918918,3.097297297297297,1.4864864864864864,1.7135135135135136,1.318918918918919,161
1136208.9189189188,2005.9567567567567,42.454054054054055,1.9783783783783784,1.2918918918918918,3.097297297297297,1.4864864864864864,1.7135135135135136,1.318918918918919,108
1136208.9189189188,2005.9567567567567,42.454054054054055,1.9783783783783784,1.2918918918918918,3.097297297297297,1.4864864864864864,1.7135135135135136,1.318918918918919,161
1136208.9189189188,2005.9567567567567,42.454054054054055,1.9783783783783784,1.2918918918918918,3.097297297297297,1.4864864864864864,1.7135135135135136,1.318918918918919,81
1136208.9189189188,2005.9567567567567,42.454054054054055,1.9783783783783784,1.2918918918918918,3.097297297297297,1.4864864864864864,1.7135135135135136,1.318918918918919,81
1136208.9189189188,2005.9567567567567,42.454054054054055,1.9783783783783784,1.2918918918918918,3.097297297297297,1.4864864864864864,1.7135135135135136,1.318918918918919,143
1136208.9189189188,2005.9567567567567,42.454054054054055,1.9783783783783784,1.2918918918918918,3.097297297297297,1.4864864864864864,1.7135135135135136,1.318918918918919,108
1136208.9189189188,2005.9567567567567,42.454054054054055,1.9783783783783784,1.2918918918918918,3.097297297297297,1.4864864864864864,1.7135135135135136,1.318918918918919,87
1136208.9189189188,2005.9567567567567,42.454054054054055,1.9783783783783784,1.2918918918918918,3.097297297297297,1.4864864864864864,1.7135135135135136,1.318918918918919,81
1136208.9189189188,2005.9567567567567,42.454054054054055,1.9783783783783784,1.2918918918918918,3.097297297297297,1.4864864864864864,1.7135135135135136,1.318918918918919,161
1136208.9189189188,2005.9567567567567,42.454054054054055,1.9783783783783784,1.2918918918918918,3.097297297297297,1.4864864864864864,1.7135135135135136,1.318918918918919,161
1136208.9189189188,2005.9567567567567,42.454054054054055,1.9783783783783784,1.2918918918918918,3.097297297297297,1.4864864864864864,1.7135135135135136,1.318918918918919,87
1136208.9189189188,2005.9567567567567,42.454054054054055,1.9783783783783784,1.2918918918918918,3.097297297297297,1.4864864864864864,1.7135135135135136,1.318918918918919,108
1136208.9189189188,2005.9567567567567,42.454054054054055,1.9783783783783784,1.2918918918918918,3.097297297297297,1.4864864864864864,1.7135135135135136,1.318918918918919,81
1136208.9189189188,2005.9567567567567,42.454054054054055,1.9783783783783784,1.2918918918918918,3.097297297297297,1.4864864864864864,1.7135135135135136,1.318918918918919,108
1136208.9189189188,2005.9567567567567,42.454054054054055,1.9783783783783784,1.2918918918918918,3.097297297297297,1.4864864864864864,1.7135135135135136,1.318918918918919,81
1136208.9189189188,2005.9567567567567,42.454054054054055,1.9783783783783784,1.2918918918918918,3.097297297297297,1.4864864864864864,1.7135135135135136,1.318918918918919,168
1136208.9189189188,2005.9567567567567,42.454054054054055,1.9783783783783784,1.2918918918918918,3.097297297297297,1.4864864864864864,1.7135135135135136,1.318918918918919,72
1136208.9189189188,2005.9567567567567,42.454054054054055,1.9783783783783784,1.2918918918918918,3.097297297297297,1.4864864864864864,1.7135135135135136,1.318918918918919,180
1136208.9189189188,2005.9567567567567,42.454054054054055,1.9783783783783784,1.2918918918918918,3.097297297297297,1.4864864864864864,1.7135135135135136,1.318918918918919,143
1136208.9189189188,2005.9567567567567,42.454054054054055,1.9783783783783784,1.2918918918918918,3.097297297297297,1.4864864864864864,1.7135135135135136,1.318918918918919,81
1136208.9189189188,2005.9567567567567,42.454054054054055,1.9783783783783784,1.2918918918918918,3.097297297297297,1.4864864864864864,1.7135135135135136,1.318918918918919,72
1136208.9189189188,2005.9567567567567,42.454054054054055,1.9783783783783784,1.2918918918918918,3.097297297297297,1.4864864864864864,1.7135135135135136,1.318918918918919,143
1136208.9189189188,2005.9567567567567,42.454054054054055,1.9783783783783784,1.2918918918918918,3.097297297297297,1.4864864864864864,1.7135135135135136,1.318918918918919,161
1136208.9189189188,2005.9567567567567,42.454054054054055,1.9783783783783784,1.2918918918918918,3.097297297297297,1.4864864864864864,1.7135135135135136,1.318918918918919,81
1136208.9189189188,2005.9567567567567,42.454054054054055,1.9783783783783784,1.2918918918918918,3.097297297297297,1.4864864864864864,1.7135135135135136,1.318918918918919,125
1136208.9189189188,2005.9567567567567,42.454054054054055,1.9783783783783784,1.2918918918918918,3.097297297297297,1.4864864864864864,1.7135135135135136,1.318918918918919,87
1136208.9189189188,2005.9567567567567,42.454054054054055,1.9783783783783784,1.2918918918918918,3.097297297297297,1.4864864864864864,1.7135135135135136,1.318918918918919,108
1136208.9189189188,2005.9567567567567,42.454054054054055,1.9783783783783784,1.2918918918918918,3.097297297297297,1.4864864864864864,1.7135135135135136,1.318918918918919,81
1136208.9189189188,2005.9567567567567,42.454054054054055,1.9783783783783784,1.2918918918918918,3.097297297297297,1.4864864864864864,1.7135135135135136,1.318918918918919,87
1136208.9189189188,2005.9567567567567,42.454054054054055,1.9783783783783784,1.2918918918918918,3.097297297297297,1.4864864864864864,1.7135135135135136,1.318918918918919,81
1136208.9189189188,2005.9567567567567,42.454054054054055,1.9783783783783784,1.2918918918918918,3.097297297297297,1.4864864864864864,1.7135135135135136,1.318918918918919,161
1136208.9189189188,2005.9567567567567,42.454054054054055,1.9783783783783784,1.2918918918918918,3.097297297297297,1.4864864864864864,1.7135135135135136,1.318918918918919,81
1136208.9189189188,2005.9567567567567,42.454054054054055,1.9783783783783784,1.2918918918918918,3.097297297297297,1.4864864864864864,1.7135135135135136,1.318918918918919,110
1136208.9189189188,2005.9567567567567,42.454054054054055,1.9783783783783784,1.2918918918918918,3.097297297297297,1.4864864864864864,1.7135135135135136,1.318918918918919,81
1136208.9189189188,2005.9567567567567,42.454054054054055,1.9783783783783784,1.2918918918918918,3.097297297297297,1.4864864864864864,1.7135135135135136,1.318918918918919,87
1136208.9189189188,2005.9567567567567,42.454054054054055,1.9783783783783784,1.2918918918918918,3.097297297297297,1.4864864864864864,1.7135135135135136,1.318918918918919,108
1136208.9189189188,2005.9567567567567,42.454054054054055,1.9783783783783784,1.2918918918918918,3.097297297297297,1.4864864864864864,1.7135135135135136,1.318918918918919,81
1136208.9189189188,2005.9567567567567,42.454054054054055,1.9783783783783784,1.2918918918918918,3.097297297297297,1.4864864864864864,1.7135135135135136,1.318918918918919,159
1136208.9189189188,2005.9567567567567,42.454054054054055,1.9783783783783784,1.2918918918918918,3.097297297297297,1.4864864864864864,1.7135135135135136,1.318918918918919,108
1136208.9189189188,2005.9567567567567,42.454054054054055,1.9783783783783784,1.2918918918918918,3.097297297297297,1.4864864864864864,1.7135135135135136,1.318918918918919,161
1136208.9189189188,2005.9567567567567,42.454054054054055,1.9783783783783784,1.2918918918918918,3.097297297297297,1.4864864864864864,1.7135135135135136,1.318918918918919,72
1136208.9189189188,2005.9567567567567,42.454054054054055,1.9783783783783784,1.2918918918918918,3.097297297297297,1.4864864864864864,1.7135135135135136,1.318918918918919,108
1136208.9189189188,2005.9567567567567,42.454054054054055,1.9783783783783784,1.2918918918918918,3.097297297297297,1.4864864864864864,1.7135135135135136,1.318918918918919,161
1136208.9189189188,2005.9567567567567,42.454054054054055,1.9783783783783784,1.2918918918918918,3.097297297297297,1.4864864864864864,1.7135135135135136,1.318918918918919,161
1136208.9189189188,2005.9567567567567,42.454054054054055,1.9783783783783784,1.2918918918918918,3.097297297297297,1.4864864864864864,1.7135135135135136,1.318918918918919,81
1136208.9189189188,2005.9567567567567,42.454054054054055,1.9783783783783784,1.2918918918918918,3.097297297297297,1.4864864864864864,1.7135135135135136,1.318918918918919,268
1136208.9189189188,2005.9567567567567,42.454054054054055,1.9783783783783784,1.2918918918918918,3.097297297297297,1.4864864864864864,1.7135135135135136,1.318918918918919,108
1136208.9189189188,2005.9567567567567,42.454054054054055,1.9783783783783784,1.2918918918918918,3.097297297297297,1.4864864864864864,1.7135135135135136,1.318918918918919,120
1136208.9189189188,2005.9567567567567,42.454054054054055,1.9783783783783784,1.2918918918918918,3.097297297297297,1.4864864864864864,1.7135135135135136,1.318918918918919,161
1136208.9189189188,2005.9567567567567,42.454054054054055,1.9783783783783784,1.2918918918918918,3.097297297297297,1.4864864864864864,1.7135135135135136,1.318918918918919,81
1136208.9189189188,2005.9567567567567,42.454054054054055,1.9783783783783784,1.2918918918918918,3.097297297297297,1.4864864864864864,1.7135135135135136,1.318918918918919,159
1136208.9189189188,2005.9567567567567,42.454054054054055,1.9783783783783784,1.2918918918918918,3.097297297297297,1.4864864864864864,1.7135135135135136,1.318918918918919,72
1136208.9189189188,2005.9567567567567,42.454054054054055,1.9783783783783784,1.2918918918918918,3.097297297297297,1.4864864864864864,1.7135135135135136,1.318918918918919,87
1136208.9189189188,2005.9567567567567,42.454054054054055,1.9783783783783784,1.2918918918918918,3.097297297297297,1.4864864864864864,1.7135135135135136,1.318918918918919,72
1136208.9189189188,2005.9567567567567,42.454054054054055,1.9783783783783784,1.2918918918918918,3.097297297297297,1.4864864864864864,1.7135135135135136,1.318918918918919,161
1136208.9189189188,2005.9567567567567,42.454054054054055,1.9783783783783784,1.2918918918918918,3.097297297297297,1.4864864864864864,1.7135135135135136,1.318918918918919,108
1136208.9189189188,2005.9567567567567,42.454054054054055,1.9783783783783784,1.2918918918918918,3.097297297297297,1.4864864864864864,1.7135135135135136,1.318918918918919,161
1136208.9189189188,2005.9567567567567,42.454054054054055,1.9783783783783784,1.2918918918918918,3.097297297297297,1.4864864864864864,1.7135135135135136,1.318918918918919,108
1136208.9189189188,2005.9567567567567,42.454054054054055,1.9783783783783784,1.2918918918918918,3.097297297297297,1.4864864864864864,1.7135135135135136,1.318918918918919,108
1136208.9189189188,2005.9567567567567,42.454054054054055,1.9783783783783784,1.2918918918918918,3.097297297297297,1.4864864864864864,1.7135135135135136,1.318918918918919,143
1136208.9189189188,2005.9567567567567,42.454054054054055,1.9783783783783784,1.2918918918918918,3.097297297297297,1.4864864864864864,1.7135135135135136,1.318918918918919,268
1136208.9189189188,2005.9567567567567,42.454054054054055,1.9783783783783784,1.2918918918918918,3.097297297297297,1.4864864864864864,1.7135135135135136,1.318918918918919,87
1136208.9189189188,2005.9567567567567,42.454054054054055,1.9783783783783784,1.2918918918918918,3.097297297297297,1.4864864864864864,1.7135135135135136,1.318918918918919,108
1136208.9189189188,2005.9567567567567,42.454054054054055,1.9783783783783784,1.2918918918918918,3.097297297297297,1.4864864864864864,1.7135135135135136,1.318918918918919,110
1136208.9189189188,2005.9567567567567,42.454054054054055,1.9783783783783784,1.2918918918918918,3.097297297297297,1.4864864864864864,1.7135135135135136,1.318918918918919,108
1136208.9189189188,2005.9567567567567,42.454054054054055,1.9783783783783784,1.2918918918918918,3.097297297297297,1.4864864864864864,1.7135135135135136,1.318918918918919,81
1136208.9189189188,2005.9567567567567,42.454054054054055,1.9783783783783784,1.2918918918918918,3.097297297297297,1.4864864864864864,1.7135135135135136,1.318918918918919,81
1136208.9189189188,2005.9567567567567,42.454054054054055,1.9783783783783784,1.2918918918918918,3.097297297297297,1.4864864864864864,1.7135135135135136,1.318918918918919,125
1136208.9189189188,2005.9567567567567,42.454054054054055,1.9783783783783784,1.2918918918918918,3.097297297297297,1.4864864864864864,1.7135135135135136,1.318918918918919,161
1136208.9189189188,2005.9567567567567,42.454054054054055,1.9783783783783784,1.2918918918918918,3.097297297297297,1.4864864864864864,1.7135135135135136,1.318918918918919,161
1136208.9189189188,2005.9567567567567,42.454054054054055,1.9783783783783784,1.2918918918918918,3.097297297297297,1.4864864864864864,1.7135135135135136,1.318918918918919,87
1136208.9189189188,2005.9567567567567,42.454054054054055,1.9783783783783784,1.2918918918918918,3.097297297297297,1.4864864864864864,1.7135135135135136,1.318918918918919,143
1136208.9189189188,2005.9567567567567,42.454054054054055,1.9783783783783784,1.2918918918918918,3.097297297297297,1.4864864864864864,1.7135135135135136,1.318918918918919,161
1136208.9189189188,2005.9567567567567,42.454054054054055,1.9783783783783784,1.2918918918918918,3.097297297297297,1.4864864864864864,1.7135135135135136,1.318918918918919,81
1136208.9189189188,2005.9567567567567,42.454054054054055,1.9783783783783784,1.2918918918918918,3.097297297297297,1.4864864864864864,1.7135135135135136,1.318918918918919,81
1136208.9189189188,2005.9567567567567,42.454054054054055,1.9783783783783784,1.2918918918918918,3.097297297297297,1.4864864864864864,1.7135135135135136,1.318918918918919,81
1136208.9189189188,2005.9567567567567,42.454054054054055,1.9783783783783784,1.2918918918918918,3.097297297297297,1.4864864864864864,1.7135135135135136,1.318918918918919,120
1136208.9189189188,2005.9567567567567,42.454054054054055,1.9783783783783784,1.2918918918918918,3.097297297297297,1.4864864864864864,1.7135135135135136,1.318918918918919,161
1136208.9189189188,2005.9567567567567,42.454054054054055,1.9783783783783784,1.2918918918918918,3.097297297297297,1.4864864864864864,1.7135135135135136,1.318918918918919,81
1136208.9189189188,2005.9567567567567,42.454054054054055,1.9783783783783784,1.2918918918918918,3.097297297297297,1.4864864864864864,1.7135135135135136,1.318918918918919,161
1136208.9189189188,2005.9567567567567,42.454054054054055,1.9783783783783784,1.2918918918918918,3.097297297297297,1.4864864864864864,1.7135135135135136,1.318918918918919,87
1136208.9189189188,2005.9567567567567,42.454054054054055,1.9783783783783784,1.2918918918918918,3.097297297297297,1.4864864864864864,1.7135135135135136,1.318918918918919,125
1136208.9189189188,2005.9567567567567,42.454054054054055,1.9783783783783784,1.2918918918918918,3.097297297297297,1.4864864864864864,1.7135135135135136,1.318918918918919,108
1136208.9189189188,2005.9567567567567,42.454054054054055,1.9783783783783784,1.2918918918918918,3.097297297297297,1.4864864864864864,1.7135135135135136,1.318918918918919,143
1136208.9189189188,2005.9567567567567,42.454054054054055,1.9783783783783784,1.2918918918918918,3.097297297297297,1.4864864864864864,1.7135135135135136,1.318918918918919,161
1136208.9189189188,2005.9567567567567,42.454054054054055,1.9783783783783784,1.2918918918918918,3.097297297297297,1.4864864864864864,1.7135135135135136,1.318918918918919,81
1136208.9189189188,2005.9567567567567,42.454054054054055,1.9783783783783784,1.2918918918918918,3.097297297297297,1.4864864864864864,1.7135135135135136,1.318918918918919,81
1136208.9189189188,2005.9567567567567,42.454054054054055,1.9783783783783784,1.2918918918918918,3.097297297297297,1.4864864864864864,1.7135135135135136,1.318918918918919,87
1136208.9189189188,2005.9567567567567,42.454054054054055,1.9783783783783784,1.2918918918918918,3.097297297297297,1.4864864864864864,1.7135135135135136,1.318918918918919,108
1136208.9189189188,2005.9567567567567,42.454054054054055,1.9783783783783784,1.2918918918918918,3.097297297297297,1.4864864864864864,1.7135135135135136,1.318918918918919,125
1136208.9189189188,2005.9567567567567,42.454054054054055,1.9783783783783784,1.2918918918918918,3.097297297297297,1.4864864864864864,1.7135135135135136,1.318918918918919,81
1136208.9189189188,2005.9567567567567,42.454054054054055,1.9783783783783784,1.2918918918918918,3.097297297297297,1.4864864864864864,1.7135135135135136,1.318918918918919,162
1136208.9189189188,2005.9567567567567,42.454054054054055,1.9783783783783784,1.2918918918918918,3.097297297297297,1.4864864864864864,1.7135135135135136,1.318918918918919,161
1136208.9189189188,2005.9567567567567,42.454054054054055,1.9783783783783784,1.2918918918918918,3.097297297297297,1.4864864864864864,1.7135135135135136,1.318918918918919,108
1136208.9189189188,2005.9567567567567,42.454054054054055,1.9783783783783784,1.2918918918918918,3.097297297297297,1.4864864864864864,1.7135135135135136,1.318918918918919,72
1136208.9189189188,2005.9567567567567,42.454054054054055,1.9783783783783784,1.2918918918918918,3.097297297297297,1.4864864864864864,1.7135135135135136,1.318918918918919,108
1136208.9189189188,2005.9567567567567,42.454054054054055,1.9783783783783784,1.2918918918918918,3.097297297297297,1.4864864864864864,1.7135135135135136,1.318918918918919,143
1136208.9189189188,2005.9567567567567,42.454054054054055,1.9783783783783784,1.2918918918918918,3.097297297297297,1.4864864864864864,1.7135135135135136,1.318918918918919,110
1136208.9189189188,2005.9567567567567,42.454054054054055,1.9783783783783784,1.2918918918918918,3.097297297297297,1.4864864864864864,1.7135135135135136,1.318918918918919,161
1136208.9189189188,2005.9567567567567,42.454054054054055,1.9783783783783784,1.2918918918918918,3.097297297297297,1.4864864864864864,1.7135135135135136,1.318918918918919,81
1136208.9189189188,2005.9567567567567,42.454054054054055,1.9783783783783784,1.2918918918918918,3.097297297297297,1.4864864864864864,1.7135135135135136,1.318918918918919,161
1136208.9189189188,2005.9567567567567,42.454054054054055,1.9783783783783784,1.2918918918918918,3.097297297297297,1.4864864864864864,1.7135135135135136,1.318918918918919,54
1136208.9189189188,2005.9567567567567,42.454054054054055,1.9783783783783784,1.2918918918918918,3.097297297297297,1.4864864864864864,1.7135135135135136,1.318918918918919,108
1136208.9189189188,2005.9567567567567,42.454054054054055,1.9783783783783784,1.2918918918918918,3.097297297297297,1.4864864864864864,1.7135135135135136,1.318918918918919,81
1136208.9189189188,2005.9567567567567,42.454054054054055,1.9783783783783784,1.2918918918918918,3.097297297297297,1.4864864864864864,1.7135135135135136,1.318918918918919,120
1136208.9189189188,2005.9567567567567,42.454054054054055,1.9783783783783784,1.2918918918918918,3.097297297297297,1.4864864864864864,1.7135135135135136,1.318918918918919,161
1136208.9189189188,2005.9567567567567,42.454054054054055,1.9783783783783784,1.2918918918918918,3.097297297297297,1.4864864864864864,1.7135135135135136,1.318918918918919,81
1136208.9189189188,2005.9567567567567,42.454054054054055,1.9783783783783784,1.2918918918918918,3.097297297297297,1.4864864864864864,1.7135135135135136,1.318918918918919,87
1136208.9189189188,2005.9567567567567,42.454054054054055,1.9783783783783784,1.2918918918918918,3.097297297297297,1.4864864864864864,1.7135135135135136,1.318918918918919,81
1146567.7419354839,2005.978494623656,41.83870967741935,1.967741935483871,1.3440860215053763,2.795698924731183,1.4086021505376345,1.6774193548387097,1.3763440860215055,119
1146567.7419354839,2005.978494623656,41.83870967741935,1.967741935483871,1.3440860215053763,2.795698924731183,1.4086021505376345,1.6774193548387097,1.3763440860215055,65
1146567.7419354839,2005.978494623656,41.83870967741935,1.967741935483871,1.3440860215053763,2.795698924731183,1.4086021505376345,1.6774193548387097,1.3763440860215055,128
1146567.7419354839,2005.978494623656,41.83870967741935,1.967741935483871,1.3440860215053763,2.795698924731183,1.4086021505376345,1.6774193548387097,1.3763440860215055,122
1146567.7419354839,2005.978494623656,41.83870967741935,1.967741935483871,1.3440860215053763,2.795698924731183,1.4086021505376345,1.6774193548387097,1.3763440860215055,65
1146567.7419354839,2005.978494623656,41.83870967741935,1.967741935483871,1.3440860215053763,2.795698924731183,1.4086021505376345,1.6774193548387097,1.3763440860215055,65
1146567.7419354839,2005.978494623656,41.83870967741935,1.967741935483871,1.3440860215053763,2.795698924731183,1.4086021505376345,1.6774193548387097,1.3763440860215055,119
1146567.7419354839,2005.978494623656,41.83870967741935,1.967741935483871,1.3440860215053763,2.795698924731183,1.4086021505376345,1.6774193548387097,1.3763440860215055,140
1146567.7419354839,2005.978494623656,41.83870967741935,1.967741935483871,1.3440860215053763,2.795698924731183,1.4086021505376345,1.6774193548387097,1.3763440860215055,128
1146567.7419354839,2005.978494623656,41.83870967741935,1.967741935483871,1.3440860215053763,2.795698924731183,1.4086021505376345,1.6774193548387097,1.3763440860215055,119
1146567.7419354839,2005.978494623656,41.83870967741935,1.967741935483871,1.3440860215053763,2.795698924731183,1.4086021505376345,1.6774193548387097,1.3763440860215055,65
1146567.7419354839,2005.978494623656,41.83870967741935,1.967741935483871,1.3440860215053763,2.795698924731183,1.4086021505376345,1.6774193548387097,1.3763440860215055,140
1146567.7419354839,2005.978494623656,41.83870967741935,1.967741935483871,1.3440860215053763,2.795698924731183,1.4086021505376345,1.6774193548387097,1.3763440860215055,119
1146567.7419354839,2005.978494623656,41.83870967741935,1.967741935483871,1.3440860215053763,2.795698924731183,1.4086021505376345,1.6774193548387097,1.3763440860215055,278
1146567.7419354839,2005.978494623656,41.83870967741935,1.967741935483871,1.3440860215053763,2.795698924731183,1.4086021505376345,1.6774193548387097,1.3763440860215055,65
1146567.7419354839,2005.978494623656,41.83870967741935,1.967741935483871,1.3440860215053763,2.795698924731183,1.4086021505376345,1.6774193548387097,1.3763440860215055,65
1146567.7419354839,2005.978494623656,41.83870967741935,1.967741935483871,1.3440860215053763,2.795698924731183,1.4086021505376345,1.6774193548387097,1.3763440860215055,119
1146567.7419354839,2005.978494623656,41.83870967741935,1.967741935483871,1.3440860215053763,2.795698924731183,1.4086021505376345,1.6774193548387097,1.3763440860215055,65
1146567.7419354839,2005.978494623656,41.83870967741935,1.967741935483871,1.3440860215053763,2.795698924731183,1.4086021505376345,1.6774193548387097,1.3763440860215055,140
1146567.7419354839,2005.978494623656,41.83870967741935,1.967741935483871,1.3440860215053763,2.795698924731183,1.4086021505376345,1.6774193548387097,1.3763440860215055,128
1146567.7419354839,2005.978494623656,41.83870967741935,1.967741935483871,1.3440860215053763,2.795698924731183,1.4086021505376345,1.6774193548387097,1.3763440860215055,140
1146567.7419354839,2005.978494623656,41.83870967741935,1.967741935483871,1.3440860215053763,2.795698924731183,1.4086021505376345,1.6774193548387097,1.3763440860215055,65
1146567.7419354839,2005.978494623656,41.83870967741935,1.967741935483871,1.3440860215053763,2.795698924731183,1.4086021505376345,1.6774193548387097,1.3763440860215055,119
1146567.7419354839,2005.978494623656,41.83870967741935,1.967741935483871,1.3440860215053763,2.795698924731183,1.4086021505376345,1.6774193548387097,1.3763440860215055,65
1146567.7419354839,2005.978494623656,41.83870967741935,1.967741935483871,1.3440860215053763,2.795698924731183,1.4086021505376345,1.6774193548387097,1.3763440860215055,119
1146567.7419354839,2005.978494623656,41.83870967741935,1.967741935483871,1.3440860215053763,2.795698924731183,1.4086021505376345,1.6774193548387097,1.3763440860215055,65
1146567.7419354839,2005.978494623656,41.83870967741935,1.967741935483871,1.3440860215053763,2.795698924731183,1.4086021505376345,1.6774193548387097,1.3763440860215055,119
1146567.7419354839,2005.978494623656,41.83870967741935,1.967741935483871,1.3440860215053763,2.795698924731183,1.4086021505376345,1.6774193548387097,1.3763440860215055,65
1146567.7419354839,2005.978494623656,41.83870967741935,1.967741935483871,1.3440860215053763,2.795698924731183,1.4086021505376345,1.6774193548387097,1.3763440860215055,65
1146567.7419354839,2005.978494623656,41.83870967741935,1.967741935483871,1.3440860215053763,2.795698924731183,1.4086021505376345,1.6774193548387097,1.3763440860215055,140
1146567.7419354839,2005.978494623656,41.83870967741935,1.967741935483871,1.3440860215053763,2.795698924731183,1.4086021505376345,1.6774193548387097,1.3763440860215055,140
1146567.7419354839,2005.978494623656,41.83870967741935,1.967741935483871,1.3440860215053763,2.795698924731183,1.4086021505376345,1.6774193548387097,1.3763440860215055,140
1146567.7419354839,2005.978494623656,41.83870967741935,1.967741935483871,1.3440860215053763,2.795698924731183,1.4086021505376345,1.6774193548387097,1.3763440860215055,140
1146567.7419354839,2005.978494623656,41.83870967741935,1.967741935483871,1.3440860215053763,2.795698924731183,1.4086021505376345,1.6774193548387097,1.3763440860215055,65
1146567.7419354839,2005.978494623656,41.83870967741935,1.967741935483871,1.3440860215053763,2.795698924731183,1.4086021505376345,1.6774193548387097,1.3763440860215055,65
1146567.7419354839,2005.978494623656,41.83870967741935,1.967741935483871,1.3440860215053763,2.795698924731183,1.4086021505376345,1.6774193548387097,1.3763440860215055,128
1146567.7419354839,2005.978494623656,41.83870967741935,1.967741935483871,1.3440860215053763,2.795698924731183,1.4086021505376345,1.6774193548387097,1.3763440860215055,119
1146567.7419354839,2005.978494623656,41.83870967741935,1.967741935483871,1.3440860215053763,2.795698924731183,1.4086021505376345,1.6774193548387097,1.3763440860215055,119
1146567.7419354839,2005.978494623656,41.83870967741935,1.967741935483871,1.3440860215053763,2.795698924731183,1.4086021505376345,1.6774193548387097,1.3763440860215055,65
1146567.7419354839,2005.978494623656,41.83870967741935,1.967741935483871,1.3440860215053763,2.795698924731183,1.4086021505376345,1.6774193548387097,1.3763440860215055,119
1146567.7419354839,2005.978494623656,41.83870967741935,1.967741935483871,1.3440860215053763,2.795698924731183,1.4086021505376345,1.6774193548387097,1.3763440860215055,65
1146567.7419354839,2005.978494623656,41.83870967741935,1.967741935483871,1.3440860215053763,2.795698924731183,1.4086021505376345,1.6774193548387097,1.3763440860215055,119
1146567.7419354839,2005.978494623656,41.83870967741935,1.967741935483871,1.3440860215053763,2.795698924731183,1.4086021505376345,1.6774193548387097,1.3763440860215055,65
1146567.7419354839,2005.978494623656,41.83870967741935,1.967741935483871,1.3440860215053763,2.795698924731183,1.4086021505376345,1.6774193548387097,1.3763440860215055,65
1146567.7419354839,2005.978494623656,41.83870967741935,1.967741935483871,1.3440860215053763,2.795698924731183,1.4086021505376345,1.6774193548387097,1.3763440860215055,65
1146567.7419354839,2005.978494623656,41.83870967741935,1.967741935483871,1.3440860215053763,2.795698924731183,1.4086021505376345,1.6774193548387097,1.3763440860215055,119
1146567.7419354839,2005.978494623656,41.83870967741935,1.967741935483871,1.3440860215053763,2.795698924731183,1.4086021505376345,1.6774193548387097,1.3763440860215055,122
1146567.7419354839,2005.978494623656,41.83870967741935,1.967741935483871,1.3440860215053763,2.795698924731183,1.4086021505376345,1.6774193548387097,1.3763440860215055,119
1146567.7419354839,2005.978494623656,41.83870967741935,1.967741935483871,1.3440860215053763,2.795698924731183,1.4086021505376345,1.6774193548387097,1.3763440860215055,65
1146567.7419354839,2005.978494623656,41.83870967741935,1.967741935483871,1.3440860215053763,2.795698924731183,1.4086021505376345,1.6774193548387097,1.3763440860215055,119
1146567.7419354839,2005.978494623656,41.83870967741935,1.967741935483871,1.3440860215053763,2.795698924731183,1.4086021505376345,1.6774193548387097,1.3763440860215055,140
1146567.7419354839,2005.978494623656,41.83870967741935,1.967741935483871,1.3440860215053763,2.795698924731183,1.4086021505376345,1.6774193548387097,1.3763440860215055,128
1146567.7419354839,2005.978494623656,41.83870967741935,1.967741935483871,1.3440860215053763,2.795698924731183,1.4086021505376345,1.6774193548387097,1.3763440860215055,65
1146567.7419354839,2005.978494623656,41.83870967741935,1.967741935483871,1.3440860215053763,2.795698924731183,1.4086021505376345,1.6774193548387097,1.3763440860215055,65
1146567.7419354839,2005.978494623656,41.83870967741935,1.967741935483871,1.3440860215053763,2.795698924731183,1.4086021505376345,1.6774193548387097,1.3763440860215055,119
1146567.7419354839,2005.978494623656,41.83870967741935,1.967741935483871,1.3440860215053763,2.795698924731183,1.4086021505376345,1.6774193548387097,1.3763440860215055,140
1146567.7419354839,2005.978494623656,41.83870967741935,1.967741935483871,1.3440860215053763,2.795698924731183,1.4086021505376345,1.6774193548387097,1.3763440860215055,65
1146567.7419354839,2005.978494623656,41.83870967741935,1.967741935483871,1.3440860215053763,2.795698924731183,1.4086021505376345,1.6774193548387097,1.3763440860215055,119
1146567.7419354839,2005.978494623656,41.83870967741935,1.967741935483871,1.3440860215053763,2.795698924731183,1.4086021505376345,1.6774193548387097,1.3763440860215055,65
1146567.7419354839,2005.978494623656,41.83870967741935,1.967741935483871,1.3440860215053763,2.795698924731183,1.4086021505376345,1.6774193548387097,1.3763440860215055,119
1146567.7419354839,2005.978494623656,41.83870967741935,1.967741935483871,1.3440860215053763,2.795698924731183,1.4086021505376345,1.6774193548387097,1.3763440860215055,128
1146567.7419354839,2005.978494623656,41.83870967741935,1.967741935483871,1.3440860215053763,2.795698924731183,1.4086021505376345,1.6774193548387097,1.3763440860215055,119
1146567.7419354839,2005.978494623656,41.83870967741935,1.967741935483871,1.3440860215053763,2.795698924731183,1.4086021505376345,1.6774193548387097,1.3763440860215055,65
1146567.7419354839,2005.978494623656,41.83870967741935,1.967741935483871,1.3440860215053763,2.795698924731183,1.4086021505376345,1.6774193548387097,1.3763440860215055,65
1146567.7419354839,2005.978494623656,41.83870967741935,1.967741935483871,1.3440860215053763,2.795698924731183,1.4086021505376345,1.6774193548387097,1.3763440860215055,65
1146567.7419354839,2005.978494623656,41.83870967741935,1.967741935483871,1.3440860215053763,2.795698924731183,1.4086021505376345,1.6774193548387097,1.3763440860215055,278
1146567.7419354839,2005.978494623656,41.83870967741935,1.967741935483871,1.3440860215053763,2.795698924731183,1.4086021505376345,1.6774193548387097,1.3763440860215055,119
1146567.7419354839,2005.978494623656,41.83870967741935,1.967741935483871,1.3440860215053763,2.795698924731183,1.4086021505376345,1.6774193548387097,1.3763440860215055,122
1146567.7419354839,2005.978494623656,41.83870967741935,1.967741935483871,1.3440860215053763,2.795698924731183,1.4086021505376345,1.6774193548387097,1.3763440860215055,65
1146567.7419354839,2005.978494623656,41.83870967741935,1.967741935483871,1.3440860215053763,2.795698924731183,1.4086021505376345,1.6774193548387097,1.3763440860215055,65
1146567.7419354839,2005.978494623656,41.83870967741935,1.967741935483871,1.3440860215053763,2.795698924731183,1.4086021505376345,1.6774193548387097,1.3763440860215055,140
1146567.7419354839,2005.978494623656,41.83870967741935,1.967741935483871,1.3440860215053763,2.795698924731183,1.4086021505376345,1.6774193548387097,1.3763440860215055,140
1146567.7419354839,2005.978494623656,41.83870967741935,1.967741935483871,1.3440860215053763,2.795698924731183,1.4086021505376345,1.6774193548387097,1.3763440860215055,119
1146567.7419354839,2005.978494623656,41.83870967741935,1.967741935483871,1.3440860215053763,2.795698924731183,1.4086021505376345,1.6774193548387097,1.3763440860215055,65
1146567.7419354839,2005.978494623656,41.83870967741935,1.967741935483871,1.3440860215053763,2.795698924731183,1.4086021505376345,1.6774193548387097,1.3763440860215055,65
1146567.7419354839,2005.978494623656,41.83870967741935,1.967741935483871,1.3440860215053763,2.795698924731183,1.4086021505376345,1.6774193548387097,1.3763440860215055,128
1146567.7419354839,2005.978494623656,41.83870967741935,1.967741935483871,1.3440860215053763,2.795698924731183,1.4086021505376345,1.6774193548387097,1.3763440860215055,140
1146567.7419354839,2005.978494623656,41.83870967741935,1.967741935483871,1.3440860215053763,2.795698924731183,1.4086021505376345,1.6774193548387097,1.3763440860215055,65
1146567.7419354839,2005.978494623656,41.83870967741935,1.967741935483871,1.3440860215053763,2.795698924731183,1.4086021505376345,1.6774193548387097,1.3763440860215055,65
1146567.7419354839,2005.978494623656,41.83870967741935,1.967741935483871,1.3440860215053763,2.795698924731183,1.4086021505376345,1.6774193548387097,1.3763440860215055,122
1146567.7419354839,2005.978494623656,41.83870967741935,1.967741935483871,1.3440860215053763,2.795698924731183,1.4086021505376345,1.6774193548387097,1.3763440860215055,65
1146567.7419354839,2005.978494623656,41.83870967741935,1.967741935483871,1.3440860215053763,2.795698924731183,1.4086021505376345,1.6774193548387097,1.3763440860215055,29
1146567.7419354839,2005.978494623656,41.83870967741935,1.967741935483871,1.3440860215053763,2.795698924731183,1.4086021505376345,1.6774193548387097,1.3763440860215055,65
1146567.7419354839,2005.978494623656,41.83870967741935,1.967741935483871,1.3440860215053763,2.795698924731183,1.4086021505376345,1.6774193548387097,1.3763440860215055,119
1146567.7419354839,2005.978494623656,41.83870967741935,1.967741935483871,1.3440860215053763,2.795698924731183,1.4086021505376345,1.6774193548387097,1.3763440860215055,65
1146567.7419354839,2005.978494623656,41.83870967741935,1.967741935483871,1.3440860215053763,2.795698924731183,1.4086021505376345,1.6774193548387097,1.3763440860215055,119
1146567.7419354839,2005.978494623656,41.83870967741935,1.967741935483871,1.3440860215053763,2.795698924731183,1.4086021505376345,1.6774193548387097,1.3763440860215055,65
1146567.7419354839,2005.978494623656,41.83870967741935,1.967741935483871,1.3440860215053763,2.795698924731183,1.4086021505376345,1.6774193548387097,1.3763440860215055,278
1146567.7419354839,2005.978494623656,41.83870967741935,1.967741935483871,1.3440860215053763,2.795698924731183,1.4086021505376345,1.6774193548387097,1.3763440860215055,128
1146567.7419354839,2005.978494623656,41.83870967741935,1.967741935483871,1.3440860215053763,2.795698924731183,1.4086021505376345,1.6774193548387097,1.3763440860215055,140
1146567.7419354839,2005.978494623656,41.83870967741935,1.967741935483871,1.3440860215053763,2.795698924731183,1.4086021505376345,1.6774193548387097,1.3763440860215055,119
1146567.7419354839,2005.978494623656,41.83870967741935,1.967741935483871,1.3440860215053763,2.795698924731183,1.4086021505376345,1.6774193548387097,1.3763440860215055,128
1146567.7419354839,2005.978494623656,41.83870967741935,1.967741935483871,1.3440860215053763,2.795698924731183,1.4086021505376345,1.6774193548387097,1.3763440860215055,119
