1013758.972,2005.696,42.61866666666667,1.9746666666666666,1.2733333333333334,2.992,1.4693333333333334,1.7013333333333334,1.328,86
1013758.972,2005.696,42.61866666666667,1.9746666666666666,1.2733333333333334,2.992,1.4693333333333334,1.7013333333333334,1.328,118
1013758.972,2005.696,42.61866666666667,1.9746666666666666,1.2733333333333334,2.992,1.4693333333333334,1.7013333333333334,1.328,74
1013758.972,2005.696,42.61866666666667,1.9746666666666666,1.2733333333333334,2.992,1.4693333333333334,1.7013333333333334,1.328,85
1013758.972,2005.696,42.61866666666667,1.9746666666666666,1.2733333333333334,2.992,1.4693333333333334,1.7013333333333334,1.328,94
1013758.972,2005.696,42.61866666666667,1.9746666666666666,1.2733333333333334,2.992,1.4693333333333334,1.7013333333333334,1.328,100
1013758.972,2005.696,42.61866666666667,1.9746666666666666,1.2733333333333334,2.992,1.4693333333333334,1.7013333333333334,1.328,20
1013758.972,2005.696,42.61866666666667,1.9746666666666666,1.2733333333333334,2.992,1.4693333333333334,1.7013333333333334,1.328,110
1013758.972,2005.696,42.61866666666667,1.9746666666666666,1.2733333333333334,2.992,1.4693333333333334,1.7013333333333334,1.328,40
1013758.972,2005.696,42.61866666666667,1.9746666666666666,1.2733333333333334,2.992,1.4693333333333334,1.7013333333333334,1.328,148
1013758.972,2005.696,42.61866666666667,1.9746666666666666,1.2733333333333334,2.992,1.4693333333333334,1.7013333333333334,1.328,100
1013758.972,2005.696,42.61866666666667,1.9746666666666666,1.2733333333333334,2.992,1.4693333333333334,1.7013333333333334,1.328,110
1013758.972,2005.696,42.61866666666667,1.9746666666666666,1.2733333333333334,2.992,1.4693333333333334,1.7013333333333334,1.328,100
1013758.972,2005.696,42.61866666666667,1.9746666666666666,1.2733333333333334,2.992,1.4693333333333334,1.7013333333333334,1.328,94
1013758.972,2005.696,42.61866666666667,1.9746666666666666,1.2733333333333334,2.992,1.4693333333333334,1.7013333333333334,1.328,88
1013758.972,2005.696,42.61866666666667,1.9746666666666666,1.2733333333333334,2.992,1.4693333333333334,1.7013333333333334,1.328,112
1013758.972,2005.696,42.61866666666667,1.9746666666666666,1.2733333333333334,2.992,1.4693333333333334,1.7013333333333334,1.328,100
1013758.972,2005.696,42.61866666666667,1.9746666666666666,1.2733333333333334,2.992,1.4693333333333334,1.7013333333333334,1.328,121
1013758.972,2005.696,42.61866666666667,1.9746666666666666,1.2733333333333334,2.992,1.4693333333333334,1.7013333333333334,1.328,74
1013758.972,2005.696,42.61866666666667,1.9746666666666666,1.2733333333333334,2.992,1.4693333333333334,1.7013333333333334,1.328,119
1013758.972,2005.696,42.61866666666667,1.9746666666666666,1.2733333333333334,2.992,1.4693333333333334,1.7013333333333334,1.328,135
1013758.972,2005.696,42.61866666666667,1.9746666666666666,1.2733333333333334,2.992,1.4693333333333334,1.7013333333333334,1.328,74
1013758.972,2005.696,42.61866666666667,1.9746666666666666,1.2733333333333334,2.992,1.4693333333333334,1.7013333333333334,1.328,198
1013758.972,2005.696,42.61866666666667,1.9746666666666666,1.2733333333333334,2.992,1.4693333333333334,1.7013333333333334,1.328,88
1013758.972,2005.696,42.61866666666667,1.9746666666666666,1.2733333333333334,2.992,1.4693333333333334,1.7013333333333334,1.328,84
1013758.972,2005.696,42.61866666666667,1.9746666666666666,1.2733333333333334,2.992,1.4693333333333334,1.7013333333333334,1.328,119
1013758.972,2005.696,42.61866666666667,1.9746666666666666,1.2733333333333334,2.992,1.4693333333333334,1.7013333333333334,1.328,74
1013758.972,2005.696,42.61866666666667,1.9746666666666666,1.2733333333333334,2.992,1.4693333333333334,1.7013333333333334,1.328,50
1013758.972,2005.696,42.61866666666667,1.9746666666666666,1.2733333333333334,2.992,1.4693333333333334,1.7013333333333334,1.328,93
1013758.972,2005.696,42.61866666666667,1.9746666666666666,1.2733333333333334,2.992,1.4693333333333334,1.7013333333333334,1.328,85
1013758.972,2005.696,42.61866666666667,1.9746666666666666,1.2733333333333334,2.992,1.4693333333333334,1.7013333333333334,1.328,278
1013758.972,2005.696,42.61866666666667,1.9746666666666666,1.2733333333333334,2.992,1.4693333333333334,1.7013333333333334,1.328,114
1013758.972,2005.696,42.61866666666667,1.9746666666666666,1.2733333333333334,2.992,1.4693333333333334,1.7013333333333334,1.328,90
1013758.972,2005.696,42.61866666666667,1.9746666666666666,1.2733333333333334,2.992,1.4693333333333334,1.7013333333333334,1.328,148
1013758.972,2005.696,42.61866666666667,1.9746666666666666,1.2733333333333334,2.992,1.4693333333333334,1.7013333333333334,1.328,136
1013758.972,2005.696,42.61866666666667,1.9746666666666666,1.2733333333333334,2.992,1.4693333333333334,1.7013333333333334,1.328,277
1013758.972,2005.696,42.61866666666667,1.9746666666666666,1.2733333333333334,2.992,1.4693333333333334,1.7013333333333334,1.328,119
1013758.972,2005.696,42.61866666666667,1.9746666666666666,1.2733333333333334,2.992,1.4693333333333334,1.7013333333333334,1.328,137
1013758.972,2005.696,42.61866666666667,1.9746666666666666,1.2733333333333334,2.992,1.4693333333333334,1.7013333333333334,1.328,127
1013758.972,2005.696,42.61866666666667,1.9746666666666666,1.2733333333333334,2.992,1.4693333333333334,1.7013333333333334,1.328,148
1013758.972,2005.696,42.61866666666667,1.9746666666666666,1.2733333333333334,2.992,1.4693333333333334,1.7013333333333334,1.328,35
1013758.972,2005.696,42.61866666666667,1.9746666666666666,1.2733333333333334,2.992,1.4693333333333334,1.7013333333333334,1.328,74
1013758.972,2005.696,42.61866666666667,1.9746666666666666,1.2733333333333334,2.992,1.4693333333333334,1.7013333333333334,1.328,102
1013758.972,2005.696,42.61866666666667,1.9746666666666666,1.2733333333333334,2.992,1.4693333333333334,1.7013333333333334,1.328,70
1013758.972,2005.696,42.61866666666667,1.9746666666666666,1.2733333333333334,2.992,1.4693333333333334,1.7013333333333334,1.328,119
1013758.972,2005.696,42.61866666666667,1.9746666666666666,1.2733333333333334,2.992,1.4693333333333334,1.7013333333333334,1.328,88
1013758.972,2005.696,42.61866666666667,1.9746666666666666,1.2733333333333334,2.992,1.4693333333333334,1.7013333333333334,1.328,119
1013758.972,2005.696,42.61866666666667,1.9746666666666666,1.2733333333333334,2.992,1.4693333333333334,1.7013333333333334,1.328,97
1013758.972,2005.696,42.61866666666667,1.9746666666666666,1.2733333333333334,2.992,1.4693333333333334,1.7013333333333334,1.328,131
1013758.972,2005.696,42.61866666666667,1.9746666666666666,1.2733333333333334,2.992,1.4693333333333334,1.7013333333333334,1.328,93
1013758.972,2005.696,42.61866666666667,1.9746666666666666,1.2733333333333334,2.992,1.4693333333333334,1.7013333333333334,1.328,119
1013758.972,2005.696,42.61866666666667,1.9746666666666666,1.2733333333333334,2.992,1.4693333333333334,1.7013333333333334,1.328,69
1013758.972,2005.696,42.61866666666667,1.9746666666666666,1.2733333333333334,2.992,1.4693333333333334,1.7013333333333334,1.328,112
1013758.972,2005.696,42.61866666666667,1.9746666666666666,1.2733333333333334,2.992,1.4693333333333334,1.7013333333333334,1.328,74
1013758.972,2005.696,42.61866666666667,1.9746666666666666,1.2733333333333334,2.992,1.4693333333333334,1.7013333333333334,1.328,70
1013758.972,2005.696,42.61866666666667,1.9746666666666666,1.2733333333333334,2.992,1.4693333333333334,1.7013333333333334,1.328,110
1013758.972,2005.696,42.61866666666667,1.9746666666666666,1.2733333333333334,2.992,1.4693333333333334,1.7013333333333334,1.328,164
1013758.972,2005.696,42.61866666666667,1.9746666666666666,1.2733333333333334,2.992,1.4693333333333334,1.7013333333333334,1.328,81
1013758.972,2005.696,42.61866666666667,1.9746666666666666,1.2733333333333334,2.992,1.4693333333333334,1.7013333333333334,1.328,123
1013758.972,2005.696,42.61866666666667,1.9746666666666666,1.2733333333333334,2.992,1.4693333333333334,1.7013333333333334,1.328,110
1013758.972,2005.696,42.61866666666667,1.9746666666666666,1.2733333333333334,2.992,1.4693333333333334,1.7013333333333334,1.328,97
1013758.972,2005.696,42.61866666666667,1.9746666666666666,1.2733333333333334,2.992,1.4693333333333334,1.7013333333333334,1.328,161
1013758.972,2005.696,42.61866666666667,1.9746666666666666,1.2733333333333334,2.992,1.4693333333333334,1.7013333333333334,1.328,85
1013758.972,2005.696,42.61866666666667,1.9746666666666666,1.2733333333333334,2.992,1.4693333333333334,1.7013333333333334,1.328,127
1013758.972,2005.696,42.61866666666667,1.9746666666666666,1.2733333333333334,2.992,1.4693333333333334,1.7013333333333334,1.328,97
1013758.972,2005.696,42.61866666666667,1.9746666666666666,1.2733333333333334,2.992,1.4693333333333334,1.7013333333333334,1.328,180
1013758.972,2005.696,42.61866666666667,1.9746666666666666,1.2733333333333334,2.992,1.4693333333333334,1.7013333333333334,1.328,88
1013758.972,2005.696,42.61866666666667,1.9746666666666666,1.2733333333333334,2.992,1.4693333333333334,1.7013333333333334,1.328,84
1013758.972,2005.696,42.61866666666667,1.9746666666666666,1.2733333333333334,2.992,1.4693333333333334,1.7013333333333334,1.328,93
1013758.972,2005.696,42.61866666666667,1.9746666666666666,1.2733333333333334,2.992,1.4693333333333334,1.7013333333333334,1.328,142
1013758.972,2005.696,42.61866666666667,1.9746666666666666,1.2733333333333334,2.992,1.4693333333333334,1.7013333333333334,1.328,62
1013758.972,2005.696,42.61866666666667,1.9746666666666666,1.2733333333333334,2.992,1.4693333333333334,1.7013333333333334,1.328,100
1013758.972,2005.696,42.61866666666667,1.9746666666666666,1.2733333333333334,2.992,1.4693333333333334,1.7013333333333334,1.328,44
1013758.972,2005.696,42.61866666666667,1.9746666666666666,1.2733333333333334,2.992,1.4693333333333334,1.7013333333333334,1.328,119
1013758.972,2005.696,42.61866666666667,1.9746666666666666,1.2733333333333334,2.992,1.4693333333333334,1.7013333333333334,1.328,74
1013758.972,2005.696,42.61866666666667,1.9746666666666666,1.2733333333333334,2.992,1.4693333333333334,1.7013333333333334,1.328,127
1013758.972,2005.696,42.61866666666667,1.9746666666666666,1.2733333333333334,2.992,1.4693333333333334,1.7013333333333334,1.328,88
1013758.972,2005.696,42.61866666666667,1.9746666666666666,1.2733333333333334,2.992,1.4693333333333334,1.7013333333333334,1.328,90
1013758.972,2005.696,42.61866666666667,1.9746666666666666,1.2733333333333334,2.992,1.4693333333333334,1.7013333333333334,1.328,81
1013758.972,2005.696,42.61866666666667,1.9746666666666666,1.2733333333333334,2.992,1.4693333333333334,1.7013333333333334,1.328,79
1013758.972,2005.696,42.61866666666667,1.9746666666666666,1.2733333333333334,2.992,1.4693333333333334,1.7013333333333334,1.328,138
1013758.972,2005.696,42.61866666666667,1.9746666666666666,1.2733333333333334,2.992,1.4693333333333334,1.7013333333333334,1.328,161
1013758.972,2005.696,42.61866666666667,1.9746666666666666,1.2733333333333334,2.992,1.4693333333333334,1.7013333333333334,1.328,70
1013758.972,2005.696,42.61866666666667,1.9746666666666666,1.2733333333333334,2.992,1.4693333333333334,1.7013333333333334,1.328,135
1013758.972,2005.696,42.61866666666667,1.9746666666666666,1.2733333333333334,2.992,1.4693333333333334,1.7013333333333334,1.328,142
1013758.972,2005.696,42.61866666666667,1.9746666666666666,1.2733333333333334,2.992,1.4693333333333334,1.7013333333333334,1.328,115
1013758.972,2005.696,42.61866666666667,1.9746666666666666,1.2733333333333334,2.992,1.4693333333333334,1.7013333333333334,1.328,112
1013758.972,2005.696,42.61866666666667,1.9746666666666666,1.2733333333333334,2.992,1.4693333333333334,1.7013333333333334,1.328,114
1013758.972,2005.696,42.61866666666667,1.9746666666666666,1.2733333333333334,2.992,1.4693333333333334,1.7013333333333334,1.328,148
1013758.972,2005.696,42.61866666666667,1.9746666666666666,1.2733333333333334,2.992,1.4693333333333334,1.7013333333333334,1.328,137
1013758.972,2005.696,42.61866666666667,1.9746666666666666,1.2733333333333334,2.992,1.4693333333333334,1.7013333333333334,1.328,119
1013758.972,2005.696,42.61866666666667,1.9746666666666666,1.2733333333333334,2.992,1.4693333333333334,1.7013333333333334,1.328,55
1013758.972,2005.696,42.61866666666667,1.9746666666666666,1.2733333333333334,2.992,1.4693333333333334,1.7013333333333334,1.328,121
1013758.972,2005.696,42.61866666666667,1.9746666666666666,1.2733333333333334,2.992,1.4693333333333334,1.7013333333333334,1.328,268
1013758.972,2005.696,42.61866666666667,1.9746666666666666,1.2733333333333334,2.992,1.4693333333333334,1.7013333333333334,1.328,88
1013758.972,2005.696,42.61866666666667,1.9746666666666666,1.2733333333333334,2.992,1.4693333333333334,1.7013333333333334,1.328,148
1013758.972,2005.696,42.61866666666667,1.9746666666666666,1.2733333333333334,2.992,1.4693333333333334,1.7013333333333334,1.328,74
1013758.972,2005.696,42.61866666666667,1.9746666666666666,1.2733333333333334,2.992,1.4693333333333334,1.7013333333333334,1.328,85
1013758.972,2005.696,42.61866666666667,1.9746666666666666,1.2733333333333334,2.992,1.4693333333333334,1.7013333333333334,1.328,111
1013758.972,2005.696,42.61866666666667,1.9746666666666666,1.2733333333333334,2.992,1.4693333333333334,1.7013333333333334,1.328,148
1013758.972,2005.696,42.61866666666667,1.9746666666666666,1.2733333333333334,2.992,1.4693333333333334,1.7013333333333334,1.328,135
1013758.972,2005.696,42.61866666666667,1.9746666666666666,1.2733333333333334,2.992,1.4693333333333334,1.7013333333333334,1.328,71
1013758.972,2005.696,42.61866666666667,1.9746666666666666,1.2733333333333334,2.992,1.4693333333333334,1.7013333333333334,1.328,277
1013758.972,2005.696,42.61866666666667,1.9746666666666666,1.2733333333333334,2.992,1.4693333333333334,1.7013333333333334,1.328,114
1013758.972,2005.696,42.61866666666667,1.9746666666666666,1.2733333333333334,2.992,1.4693333333333334,1.7013333333333334,1.328,85
1013758.972,2005.696,42.61866666666667,1.9746666666666666,1.2733333333333334,2.992,1.4693333333333334,1.7013333333333334,1.328,164
1013758.972,2005.696,42.61866666666667,1.9746666666666666,1.2733333333333334,2.992,1.4693333333333334,1.7013333333333334,1.328,117
1013758.972,2005.696,42.61866666666667,1.9746666666666666,1.2733333333333334,2.992,1.4693333333333334,1.7013333333333334,1.328,88
1013758.972,2005.696,42.61866666666667,1.9746666666666666,1.2733333333333334,2.992,1.4693333333333334,1.7013333333333334,1.328,182
1013758.972,2005.696,42.61866666666667,1.9746666666666666,1.2733333333333334,2.992,1.4693333333333334,1.7013333333333334,1.328,81
1013758.972,2005.696,42.61866666666667,1.9746666666666666,1.2733333333333334,2.992,1.4693333333333334,1.7013333333333334,1.328,114
1013758.972,2005.696,42.61866666666667,1.9746666666666666,1.2733333333333334,2.992,1.4693333333333334,1.7013333333333334,1.328,138
1013758.972,2005.696,42.61866666666667,1.9746666666666666,1.2733333333333334,2.992,1.4693333333333334,1.7013333333333334,1.328,25
1013758.972,2005.696,42.61866666666667,1.9746666666666666,1.2733333333333334,2.992,1.4693333333333334,1.7013333333333334,1.328,121
1013758.972,2005.696,42.61866666666667,1.9746666666666666,1.2733333333333334,2.992,1.4693333333333334,1.7013333333333334,1.328,48
1013758.972,2005.696,42.61866666666667,1.9746666666666666,1.2733333333333334,2.992,1.4693333333333334,1.7013333333333334,1.328,114
1013758.972,2005.696,42.61866666666667,1.9746666666666666,1.2733333333333334,2.992,1.4693333333333334,1.7013333333333334,1.328,74
1013758.972,2005.696,42.61866666666667,1.9746666666666666,1.2733333333333334,2.992,1.4693333333333334,1.7013333333333334,1.328,100
1013758.972,2005.696,42.61866666666667,1.9746666666666666,1.2733333333333334,2.992,1.4693333333333334,1.7013333333333334,1.328,66
1013758.972,2005.696,42.61866666666667,1.9746666666666666,1.2733333333333334,2.992,1.4693333333333334,1.7013333333333334,1.328,74
1013758.972,2005.696,42.61866666666667,1.9746666666666666,1.2733333333333334,2.992,1.4693333333333334,1.7013333333333334,1.328,114
1013758.972,2005.696,42.61866666666667,1.9746666666666666,1.2733333333333334,2.992,1.4693333333333334,1.7013333333333334,1.328,119
1013758.972,2005.696,42.61866666666667,1.9746666666666666,1.2733333333333334,2.992,1.4693333333333334,1.7013333333333334,1.328,121
1013758.972,2005.696,42.61866666666667,1.9746666666666666,1.2733333333333334,2.992,1.4693333333333334,1.7013333333333334,1.328,164
1013758.972,2005.696,42.61866666666667,1.9746666666666666,1.2733333333333334,2.992,1.4693333333333334,1.7013333333333334,1.328,55
1013758.972,2005.696,42.61866666666667,1.9746666666666666,1.2733333333333334,2.992,1.4693333333333334,1.7013333333333334,1.328,129
1013758.972,2005.696,42.61866666666667,1.9746666666666666,1.2733333333333334,2.992,1.4693333333333334,1.7013333333333334,1.328,69
1013758.972,2005.696,42.61866666666667,1.9746666666666666,1.2733333333333334,2.992,1.4693333333333334,1.7013333333333334,1.328,127
1013758.972,2005.696,42.61866666666667,1.9746666666666666,1.2733333333333334,2.992,1.4693333333333334,1.7013333333333334,1.328,85
1013758.972,2005.696,42.61866666666667,1.9746666666666666,1.2733333333333334,2.992,1.4693333333333334,1.7013333333333334,1.328,129
1013758.972,2005.696,42.61866666666667,1.9746666666666666,1.2733333333333334,2.992,1.4693333333333334,1.7013333333333334,1.328,88
1013758.972,2005.696,42.61866666666667,1.9746666666666666,1.2733333333333334,2.992,1.4693333333333334,1.7013333333333334,1.328,97
1013758.972,2005.696,42.61866666666667,1.9746666666666666,1.2733333333333334,2.992,1.4693333333333334,1.7013333333333334,1.328,142
1013758.972,2005.696,42.61866666666667,1.9746666666666666,1.2733333333333334,2.992,1.4693333333333334,1.7013333333333334,1.328,110
1013758.972,2005.696,42.61866666666667,1.9746666666666666,1.2733333333333334,2.992,1.4693333333333334,1.7013333333333334,1.328,121
1013758.972,2005.696,42.61866666666667,1.9746666666666666,1.2733333333333334,2.992,1.4693333333333334,1.7013333333333334,1.328,93
1013758.972,2005.696,42.61866666666667,1.9746666666666666,1.2733333333333334,2.992,1.4693333333333334,1.7013333333333334,1.328,142
1013758.972,2005.696,42.61866666666667,1.9746666666666666,1.2733333333333334,2.992,1.4693333333333334,1.7013333333333334,1.328,127
1013758.972,2005.696,42.61866666666667,1.9746666666666666,1.2733333333333334,2.992,1.4693333333333334,1.7013333333333334,1.328,142
1013758.972,2005.696,42.61866666666667,1.9746666666666666,1.2733333333333334,2.992,1.4693333333333334,1.7013333333333334,1.328,148
1013758.972,2005.696,42.61866666666667,1.9746666666666666,1.2733333333333334,2.992,1.4693333333333334,1.7013333333333334,1.328,94
1013758.972,2005.696,42.61866666666667,1.9746666666666666,1.2733333333333334,2.992,1.4693333333333334,1.7013333333333334,1.328,123
1013758.972,2005.696,42.61866666666667,1.9746666666666666,1.2733333333333334,2.992,1.4693333333333334,1.7013333333333334,1.328,114
1013758.972,2005.696,42.61866666666667,1.9746666666666666,1.2733333333333334,2.992,1.4693333333333334,1.7013333333333334,1.328,164
1013758.972,2005.696,42.61866666666667,1.9746666666666666,1.2733333333333334,2.992,1.4693333333333334,1.7013333333333334,1.328,119
1013758.972,2005.696,42.61866666666667,1.9746666666666666,1.2733333333333334,2.992,1.4693333333333334,1.7013333333333334,1.328,74
1013758.972,2005.696,42.61866666666667,1.9746666666666666,1.2733333333333334,2.992,1.4693333333333334,1.7013333333333334,1.328,127
1013758.972,2005.696,42.61866666666667,1.9746666666666666,1.2733333333333334,2.992,1.4693333333333334,1.7013333333333334,1.328,119
1013758.972,2005.696,42.61866666666667,1.9746666666666666,1.2733333333333334,2.992,1.4693333333333334,1.7013333333333334,1.328,88
1013758.972,2005.696,42.61866666666667,1.9746666666666666,1.2733333333333334,2.992,1.4693333333333334,1.7013333333333334,1.328,93
1013758.972,2005.696,42.61866666666667,1.9746666666666666,1.2733333333333334,2.992,1.4693333333333334,1.7013333333333334,1.328,94
1013758.972,2005.696,42.61866666666667,1.9746666666666666,1.2733333333333334,2.992,1.4693333333333334,1.7013333333333334,1.328,97
1013758.972,2005.696,42.61866666666667,1.9746666666666666,1.2733333333333334,2.992,1.4693333333333334,1.7013333333333334,1.328,44
1013758.972,2005.696,42.61866666666667,1.9746666666666666,1.2733333333333334,2.992,1.4693333333333334,1.7013333333333334,1.328,74
1013758.972,2005.696,42.61866666666667,1.9746666666666666,1.2733333333333334,2.992,1.4693333333333334,1.7013333333333334,1.328,74
1013758.972,2005.696,42.61866666666667,1.9746666666666666,1.2733333333333334,2.992,1.4693333333333334,1.7013333333333334,1.328,85
1013758.972,2005.696,42.61866666666667,1.9746666666666666,1.2733333333333334,2.992,1.4693333333333334,1.7013333333333334,1.328,110
1013758.972,2005.696,42.61866666666667,1.9746666666666666,1.2733333333333334,2.992,1.4693333333333334,1.7013333333333334,1.328,277
1013758.972,2005.696,42.61866666666667,1.9746666666666666,1.2733333333333334,2.992,1.4693333333333334,1.7013333333333334,1.328,97
1013758.972,2005.696,42.61866666666667,1.9746666666666666,1.2733333333333334,2.992,1.4693333333333334,1.7013333333333334,1.328,88
1013758.972,2005.696,42.61866666666667,1.9746666666666666,1.2733333333333334,2.992,1.4693333333333334,1.7013333333333334,1.328,119
1013758.972,2005.696,42.61866666666667,1.9746666666666666,1.2733333333333334,2.992,1.4693333333333334,1.7013333333333334,1.328,40
1013758.972,2005.696,42.61866666666667,1.9746666666666666,1.2733333333333334,2.992,1.4693333333333334,1.7013333333333334,1.328,44
1013758.972,2005.696,42.61866666666667,1.9746666666666666,1.2733333333333334,2.992,1.4693333333333334,1.7013333333333334,1.328,111
1013758.972,2005.696,42.61866666666667,1.9746666666666666,1.2733333333333334,2.992,1.4693333333333334,1.7013333333333334,1.328,148
1013758.972,2005.696,42.61866666666667,1.9746666666666666,1.2733333333333334,2.992,1.4693333333333334,1.7013333333333334,1.328,74
1013758.972,2005.696,42.61866666666667,1.9746666666666666,1.2733333333333334,2.992,1.4693333333333334,1.7013333333333334,1.328,85
1013758.972,2005.696,42.61866666666667,1.9746666666666666,1.2733333333333334,2.992,1.4693333333333334,1.7013333333333334,1.328,85
1013758.972,2005.696,42.61866666666667,1.9746666666666666,1.2733333333333334,2.992,1.4693333333333334,1.7013333333333334,1.328,110
1013758.972,2005.696,42.61866666666667,1.9746666666666666,1.2733333333333334,2.992,1.4693333333333334,1.7013333333333334,1.328,64
1013758.972,2005.696,42.61866666666667,1.9746666666666666,1.2733333333333334,2.992,1.4693333333333334,1.7013333333333334,1.328,148
1013758.972,2005.696,42.61866666666667,1.9746666666666666,1.2733333333333334,2.992,1.4693333333333334,1.7013333333333334,1.328,121
1013758.972,2005.696,42.61866666666667,1.9746666666666666,1.2733333333333334,2.992,1.4693333333333334,1.7013333333333334,1.328,119
1013758.972,2005.696,42.61866666666667,1.9746666666666666,1.2733333333333334,2.992,1.4693333333333334,1.7013333333333334,1.328,74
1013758.972,2005.696,42.61866666666667,1.9746666666666666,1.2733333333333334,2.992,1.4693333333333334,1.7013333333333334,1.328,117
1013758.972,2005.696,42.61866666666667,1.9746666666666666,1.2733333333333334,2.992,1.4693333333333334,1.7013333333333334,1.328,119
1013758.972,2005.696,42.61866666666667,1.9746666666666666,1.2733333333333334,2.992,1.4693333333333334,1.7013333333333334,1.328,70
1013758.972,2005.696,42.61866666666667,1.9746666666666666,1.2733333333333334,2.992,1.4693333333333334,1.7013333333333334,1.328,110
1013758.972,2005.696,42.61866666666667,1.9746666666666666,1.2733333333333334,2.992,1.4693333333333334,1.7013333333333334,1.328,88
1013758.972,2005.696,42.61866666666667,1.9746666666666666,1.2733333333333334,2.992,1.4693333333333334,1.7013333333333334,1.328,74
1013758.972,2005.696,42.61866666666667,1.9746666666666666,1.2733333333333334,2.992,1.4693333333333334,1.7013333333333334,1.328,161
1013758.972,2005.696,42.61866666666667,1.9746666666666666,1.2733333333333334,2.992,1.4693333333333334,1.7013333333333334,1.328,81
1013758.972,2005.696,42.61866666666667,1.9746666666666666,1.2733333333333334,2.992,1.4693333333333334,1.7013333333333334,1.328,135
1013758.972,2005.696,42.61866666666667,1.9746666666666666,1.2733333333333334,2.992,1.4693333333333334,1.7013333333333334,1.328,55
1013758.972,2005.696,42.61866666666667,1.9746666666666666,1.2733333333333334,2.992,1.4693333333333334,1.7013333333333334,1.328,100
1013758.972,2005.696,42.61866666666667,1.9746666666666666,1.2733333333333334,2.992,1.4693333333333334,1.7013333333333334,1.328,93
1013758.972,2005.696,42.61866666666667,1.9746666666666666,1.2733333333333334,2.992,1.4693333333333334,1.7013333333333334,1.328,119
1013758.972,2005.696,42.61866666666667,1.9746666666666666,1.2733333333333334,2.992,1.4693333333333334,1.7013333333333334,1.328,148
1013758.972,2005.696,42.61866666666667,1.9746666666666666,1.2733333333333334,2.992,1.4693333333333334,1.7013333333333334,1.328,135
1013758.972,2005.696,42.61866666666667,1.9746666666666666,1.2733333333333334,2.992,1.4693333333333334,1.7013333333333334,1.328,118
1013758.972,2005.696,42.61866666666667,1.9746666666666666,1.2733333333333334,2.992,1.4693333333333334,1.7013333333333334,1.328,62
1013758.972,2005.696,42.61866666666667,1.9746666666666666,1.2733333333333334,2.992,1.4693333333333334,1.7013333333333334,1.328,131
1013758.972,2005.696,42.61866666666667,1.9746666666666666,1.2733333333333334,2.992,1.4693333333333334,1.7013333333333334,1.328,182
1013758.972,2005.696,42.61866666666667,1.9746666666666666,1.2733333333333334,2.992,1.4693333333333334,1.7013333333333334,1.328,85
1013758.972,2005.696,42.61866666666667,1.9746666666666666,1.2733333333333334,2.992,1.4693333333333334,1.7013333333333334,1.328,114
1013758.972,2005.696,42.61866666666667,1.9746666666666666,1.2733333333333334,2.992,1.4693333333333334,1.7013333333333334,1.328,138
1013758.972,2005.696,42.61866666666667,1.9746666666666666,1.2733333333333334,2.992,1.4693333333333334,1.7013333333333334,1.328,138
1013758.972,2005.696,42.61866666666667,1.9746666666666666,1.2733333333333334,2.992,1.4693333333333334,1.7013333333333334,1.328,74
1013758.972,2005.696,42.61866666666667,1.9746666666666666,1.2733333333333334,2.992,1.4693333333333334,1.7013333333333334,1.328,88
1013758.972,2005.696,42.61866666666667,1.9746666666666666,1.2733333333333334,2.992,1.4693333333333334,1.7013333333333334,1.328,85
1013758.972,2005.696,42.61866666666667,1.9746666666666666,1.2733333333333334,2.992,1.4693333333333334,1.7013333333333334,1.328,110
1013758.972,2005.696,42.61866666666667,1.9746666666666666,1.2733333333333334,2.992,1.4693333333333334,1.7013333333333334,1.328,127
1013758.972,2005.696,42.61866666666667,1.9746666666666666,1.2733333333333334,2.992,1.4693333333333334,1.7013333333333334,1.328,74
1013758.972,2005.696,42.61866666666667,1.9746666666666666,1.2733333333333334,2.992,1.4693333333333334,1.7013333333333334,1.328,74
1013758.972,2005.696,42.61866666666667,1.9746666666666666,1.2733333333333334,2.992,1.4693333333333334,1.7013333333333334,1.328,100
1013758.972,2005.696,42.61866666666667,1.9746666666666666,1.2733333333333334,2.992,1.4693333333333334,1.7013333333333334,1.328,88
1013758.972,2005.696,42.61866666666667,1.9746666666666666,1.2733333333333334,2.992,1.4693333333333334,1.7013333333333334,1.328,88
1013758.972,2005.696,42.61866666666667,1.9746666666666666,1.2733333333333334,2.992,1.4693333333333334,1.7013333333333334,1.328,129
1013758.972,2005.696,42.61866666666667,1.9746666666666666,1.2733333333333334,2.992,1.4693333333333334,1.7013333333333334,1.328,74
1013758.972,2005.696,42.61866666666667,1.9746666666666666,1.2733333333333334,2.992,1.4693333333333334,1.7013333333333334,1.328,135
1013758.972,2005.696,42.61866666666667,1.9746666666666666,1.2733333333333334,2.992,1.4693333333333334,1.7013333333333334,1.328,119
1013758.972,2005.696,42.61866666666667,1.9746666666666666,1.2733333333333334,2.992,1.4693333333333334,1.7013333333333334,1.328,50
1013758.972,2005.696,42.61866666666667,1.9746666666666666,1.2733333333333334,2.992,1.4693333333333334,1.7013333333333334,1.328,100
1013758.972,2005.696,42.61866666666667,1.9746666666666666,1.2733333333333334,2.992,1.4693333333333334,1.7013333333333334,1.328,88
1013758.972,2005.696,42.61866666666667,1.9746666666666666,1.2733333333333334,2.992,1.4693333333333334,1.7013333333333334,1.328,114
1013758.972,2005.696,42.61866666666667,1.9746666666666666,1.2733333333333334,2.992,1.4693333333333334,1.7013333333333334,1.328,88
1013758.972,2005.696,42.61866666666667,1.9746666666666666,1.2733333333333334,2.992,1.4693333333333334,1.7013333333333334,1.328,127
1013758.972,2005.696,42.61866666666667,1.9746666666666666,1.2733333333333334,2.992,1.4693333333333334,1.7013333333333334,1.328,119
1013758.972,2005.696,42.61866666666667,1.9746666666666666,1.2733333333333334,2.992,1.4693333333333334,1.7013333333333334,1.328,84
1013758.972,2005.696,42.61866666666667,1.9746666666666666,1.2733333333333334,2.992,1.4693333333333334,1.7013333333333334,1.328,69
1013758.972,2005.696,42.61866666666667,1.9746666666666666,1.2733333333333334,2.992,1.4693333333333334,1.7013333333333334,1.328,119
1013758.972,2005.696,42.61866666666667,1.9746666666666666,1.2733333333333334,2.992,1.4693333333333334,1.7013333333333334,1.328,135
1013758.972,2005.696,42.61866666666667,1.9746666666666666,1.2733333333333334,2.992,1.4693333333333334,1.7013333333333334,1.328,114
1013758.972,2005.696,42.61866666666667,1.9746666666666666,1.2733333333333334,2.992,1.4693333333333334,1.7013333333333334,1.328,268
1013758.972,2005.696,42.61866666666667,1.9746666666666666,1.2733333333333334,2.992,1.4693333333333334,1.7013333333333334,1.328,102
1013758.972,2005.696,42.61866666666667,1.9746666666666666,1.2733333333333334,2.992,1.4693333333333334,1.7013333333333334,1.328,137
1013758.972,2005.696,42.61866666666667,1.9746666666666666,1.2733333333333334,2.992,1.4693333333333334,1.7013333333333334,1.328,21
1013758.972,2005.696,42.61866666666667,1.9746666666666666,1.2733333333333334,2.992,1.4693333333333334,1.7013333333333334,1.328,148
1013758.972,2005.696,42.61866666666667,1.9746666666666666,1.2733333333333334,2.992,1.4693333333333334,1.7013333333333334,1.328,137
1013758.972,2005.696,42.61866666666667,1.9746666666666666,1.2733333333333334,2.992,1.4693333333333334,1.7013333333333334,1.328,142
1013758.972,2005.696,42.61866666666667,1.9746666666666666,1.2733333333333334,2.992,1.4693333333333334,1.7013333333333334,1.328,85
1013758.972,2005.696,42.61866666666667,1.9746666666666666,1.2733333333333334,2.992,1.4693333333333334,1.7013333333333334,1.328,97
1013758.972,2005.696,42.61866666666667,1.9746666666666666,1.2733333333333334,2.992,1.4693333333333334,1.7013333333333334,1.328,86
1013758.972,2005.696,42.61866666666667,1.9746666666666666,1.2733333333333334,2.992,1.4693333333333334,1.7013333333333334,1.328,88
1013758.972,2005.696,42.61866666666667,1.9746666666666666,1.2733333333333334,2.992,1.4693333333333334,1.7013333333333334,1.328,112
1013758.972,2005.696,42.61866666666667,1.9746666666666666,1.2733333333333334,2.992,1.4693333333333334,1.7013333333333334,1.328,119
1013758.972,2005.696,42.61866666666667,1.9746666666666666,1.2733333333333334,2.992,1.4693333333333334,1.7013333333333334,1.328,69
1013758.972,2005.696,42.61866666666667,1.9746666666666666,1.2733333333333334,2.992,1.4693333333333334,1.7013333333333334,1.328,121
1013758.972,2005.696,42.61866666666667,1.9746666666666666,1.2733333333333334,2.992,1.4693333333333334,1.7013333333333334,1.328,70
1013758.972,2005.696,42.61866666666667,1.9746666666666666,1.2733333333333334,2.992,1.4693333333333334,1.7013333333333334,1.328,115
1013758.972,2005.696,42.61866666666667,1.9746666666666666,1.2733333333333334,2.992,1.4693333333333334,1.7013333333333334,1.328,80
1013758.972,2005.696,42.61866666666667,1.9746666666666666,1.2733333333333334,2.992,1.4693333333333334,1.7013333333333334,1.328,131
1013758.972,2005.696,42.61866666666667,1.9746666666666666,1.2733333333333334,2.992,1.4693333333333334,1.7013333333333334,1.328,81
1013758.972,2005.696,42.61866666666667,1.9746666666666666,1.2733333333333334,2.992,1.4693333333333334,1.7013333333333334,1.328,100
1013758.972,2005.696,42.61866666666667,1.9746666666666666,1.2733333333333334,2.992,1.4693333333333334,1.7013333333333334,1.328,136
1013758.972,2005.696,42.61866666666667,1.9746666666666666,1.2733333333333334,2.992,1.4693333333333334,1.7013333333333334,1.328,35
1013758.972,2005.696,42.61866666666667,1.9746666666666666,1.2733333333333334,2.992,1.4693333333333334,1.7013333333333334,1.328,97
1013758.972,2005.696,42.61866666666667,1.9746666666666666,1.2733333333333334,2.992,1.4693333333333334,1.7013333333333334,1.328,114
1013758.972,2005.696,42.61866666666667,1.9746666666666666,1.2733333333333334,2.992,1.4693333333333334,1.7013333333333334,1.328,110
1013758.972,2005.696,42.61866666666667,1.9746666666666666,1.2733333333333334,2.992,1.4693333333333334,1.7013333333333334,1.328,71
1013758.972,2005.696,42.61866666666667,1.9746666666666666,1.2733333333333334,2.992,1.4693333333333334,1.7013333333333334,1.328,277
1013758.972,2005.696,42.61866666666667,1.9746666666666666,1.2733333333333334,2.992,1.4693333333333334,1.7013333333333334,1.328,142
1013758.972,2005.696,42.61866666666667,1.9746666666666666,1.2733333333333334,2.992,1.4693333333333334,1.7013333333333334,1.328,27
1013758.972,2005.696,42.61866666666667,1.9746666666666666,1.2733333333333334,2.992,1.4693333333333334,1.7013333333333334,1.328,112
1013758.972,2005.696,42.61866666666667,1.9746666666666666,1.2733333333333334,2.992,1.4693333333333334,1.7013333333333334,1.328,112
1013758.972,2005.696,42.61866666666667,1.9746666666666666,1.2733333333333334,2.992,1.4693333333333334,1.7013333333333334,1.328,164
1013758.972,2005.696,42.61866666666667,1.9746666666666666,1.2733333333333334,2.992,1.4693333333333334,1.7013333333333334,1.328,278
1013758.972,2005.696,42.61866666666667,1.9746666666666666,1.2733333333333334,2.992,1.4693333333333334,1.7013333333333334,1.328,35
1013758.972,2005.696,42.61866666666667,1.9746666666666666,1.2733333333333334,2.992,1.4693333333333334,1.7013333333333334,1.328,115
1013758.972,2005.696,42.61866666666667,1.9746666666666666,1.2733333333333334,2.992,1.4693333333333334,1.7013333333333334,1.328,93
1013758.972,2005.696,42.61866666666667,1.9746666666666666,1.2733333333333334,2.992,1.4693333333333334,1.7013333333333334,1.328,112
1013758.972,2005.696,42.61866666666667,1.9746666666666666,1.2733333333333334,2.992,1.4693333333333334,1.7013333333333334,1.328,137
1013758.972,2005.696,42.61866666666667,1.9746666666666666,1.2733333333333334,2.992,1.4693333333333334,1.7013333333333334,1.328,142
1013758.972,2005.696,42.61866666666667,1.9746666666666666,1.2733333333333334,2.992,1.4693333333333334,1.7013333333333334,1.328,131
1013758.972,2005.696,42.61866666666667,1.9746666666666666,1.2733333333333334,2.992,1.4693333333333334,1.7013333333333334,1.328,74
1013758.972,2005.696,42.61866666666667,1.9746666666666666,1.2733333333333334,2.992,1.4693333333333334,1.7013333333333334,1.328,100
1013758.972,2005.696,42.61866666666667,1.9746666666666666,1.2733333333333334,2.992,1.4693333333333334,1.7013333333333334,1.328,114
1013758.972,2005.696,42.61866666666667,1.9746666666666666,1.2733333333333334,2.992,1.4693333333333334,1.7013333333333334,1.328,148
1013758.972,2005.696,42.61866666666667,1.9746666666666666,1.2733333333333334,2.992,1.4693333333333334,1.7013333333333334,1.328,74
1013758.972,2005.696,42.61866666666667,1.9746666666666666,1.2733333333333334,2.992,1.4693333333333334,1.7013333333333334,1.328,119
1013758.972,2005.696,42.61866666666667,1.9746666666666666,1.2733333333333334,2.992,1.4693333333333334,1.7013333333333334,1.328,182
1013758.972,2005.696,42.61866666666667,1.9746666666666666,1.2733333333333334,2.992,1.4693333333333334,1.7013333333333334,1.328,85
1013758.972,2005.696,42.61866666666667,1.9746666666666666,1.2733333333333334,2.992,1.4693333333333334,1.7013333333333334,1.328,85
1013758.972,2005.696,42.61866666666667,1.9746666666666666,1.2733333333333334,2.992,1.4693333333333334,1.7013333333333334,1.328,74
1013758.972,2005.696,42.61866666666667,1.9746666666666666,1.2733333333333334,2.992,1.4693333333333334,1.7013333333333334,1.328,97
1013758.972,2005.696,42.61866666666667,1.9746666666666666,1.2733333333333334,2.992,1.4693333333333334,1.7013333333333334,1.328,129
1013758.972,2005.696,42.61866666666667,1.9746666666666666,1.2733333333333334,2.992,1.4693333333333334,1.7013333333333334,1.328,121
1013758.972,2005.696,42.61866666666667,1.9746666666666666,1.2733333333333334,2.992,1.4693333333333334,1.7013333333333334,1.328,97
1013758.972,2005.696,42.61866666666667,1.9746666666666666,1.2733333333333334,2.992,1.4693333333333334,1.7013333333333334,1.328,136
1013758.972,2005.696,42.61866666666667,1.9746666666666666,1.2733333333333334,2.992,1.4693333333333334,1.7013333333333334,1.328,123
1013758.972,2005.696,42.61866666666667,1.9746666666666666,1.2733333333333334,2.992,1.4693333333333334,1.7013333333333334,1.328,121
1013758.972,2005.696,42.61866666666667,1.9746666666666666,1.2733333333333334,2.992,1.4693333333333334,1.7013333333333334,1.328,110
1013758.972,2005.696,42.61866666666667,1.9746666666666666,1.2733333333333334,2.992,1.4693333333333334,1.7013333333333334,1.328,135
1013758.972,2005.696,42.61866666666667,1.9746666666666666,1.2733333333333334,2.992,1.4693333333333334,1.7013333333333334,1.328,116
1013758.972,2005.696,42.61866666666667,1.9746666666666666,1.2733333333333334,2.992,1.4693333333333334,1.7013333333333334,1.328,100
1013758.972,2005.696,42.61866666666667,1.9746666666666666,1.2733333333333334,2.992,1.4693333333333334,1.7013333333333334,1.328,142
1013758.972,2005.696,42.61866666666667,1.9746666666666666,1.2733333333333334,2.992,1.4693333333333334,1.7013333333333334,1.328,85
1013758.972,2005.696,42.61866666666667,1.9746666666666666,1.2733333333333334,2.992,1.4693333333333334,1.7013333333333334,1.328,81
1013758.972,2005.696,42.61866666666667,1.9746666666666666,1.2733333333333334,2.992,1.4693333333333334,1.7013333333333334,1.328,148
1013758.972,2005.696,42.61866666666667,1.9746666666666666,1.2733333333333334,2.992,1.4693333333333334,1.7013333333333334,1.328,94
1013758.972,2005.696,42.61866666666667,1.9746666666666666,1.2733333333333334,2.992,1.4693333333333334,1.7013333333333334,1.328,85
1013758.972,2005.696,42.61866666666667,1.9746666666666666,1.2733333333333334,2.992,1.4693333333333334,1.7013333333333334,1.328,89
1013758.972,2005.696,42.61866666666667,1.9746666666666666,1.2733333333333334,2.992,1.4693333333333334,1.7013333333333334,1.328,85
1013758.972,2005.696,42.61866666666667,1.9746666666666666,1.2733333333333334,2.992,1.4693333333333334,1.7013333333333334,1.328,88
1013758.972,2005.696,42.61866666666667,1.9746666666666666,1.2733333333333334,2.992,1.4693333333333334,1.7013333333333334,1.328,119
1013758.972,2005.696,42.61866666666667,1.9746666666666666,1.2733333333333334,2.992,1.4693333333333334,1.7013333333333334,1.328,135
1013758.972,2005.696,42.61866666666667,1.9746666666666666,1.2733333333333334,2.992,1.4693333333333334,1.7013333333333334,1.328,71
1013758.972,2005.696,42.61866666666667,1.9746666666666666,1.2733333333333334,2.992,1.4693333333333334,1.7013333333333334,1.328,74
1013758.972,2005.696,42.61866666666667,1.9746666666666666,1.2733333333333334,2.992,1.4693333333333334,1.7013333333333334,1.328,131
1013758.972,2005.696,42.61866666666667,1.9746666666666666,1.2733333333333334,2.992,1.4693333333333334,1.7013333333333334,1.328,74
1013758.972,2005.696,42.61866666666667,1.9746666666666666,1.2733333333333334,2.992,1.4693333333333334,1.7013333333333334,1.328,135
1013758.972,2005.696,42.61866666666667,1.9746666666666666,1.2733333333333334,2.992,1.4693333333333334,1.7013333333333334,1.328,93
1013758.972,2005.696,42.61866666666667,1.9746666666666666,1.2733333333333334,2.992,1.4693333333333334,1.7013333333333334,1.328,127
1013758.972,2005.696,42.61866666666667,1.9746666666666666,1.2733333333333334,2.992,1.4693333333333334,1.7013333333333334,1.328,110
1013758.972,2005.696,42.61866666666667,1.9746666666666666,1.2733333333333334,2.992,1.4693333333333334,1.7013333333333334,1.328,114
1013758.972,2005.696,42.61866666666667,1.9746666666666666,1.2733333333333334,2.992,1.4693333333333334,1.7013333333333334,1.328,48
1013758.972,2005.696,42.61866666666667,1.9746666666666666,1.2733333333333334,2.992,1.4693333333333334,1.7013333333333334,1.328,80
1013758.972,2005.696,42.61866666666667,1.9746666666666666,1.2733333333333334,2.992,1.4693333333333334,1.7013333333333334,1.328,129
1013758.972,2005.696,42.61866666666667,1.9746666666666666,1.2733333333333334,2.992,1.4693333333333334,1.7013333333333334,1.328,138
1013758.972,2005.696,42.61866666666667,1.9746666666666666,1.2733333333333334,2.992,1.4693333333333334,1.7013333333333334,1.328,164
1013758.972,2005.696,42.61866666666667,1.9746666666666666,1.2733333333333334,2.992,1.4693333333333334,1.7013333333333334,1.328,62
1013758.972,2005.696,42.61866666666667,1.9746666666666666,1.2733333333333334,2.992,1.4693333333333334,1.7013333333333334,1.328,110
1013758.972,2005.696,42.61866666666667,1.9746666666666666,1.2733333333333334,2.992,1.4693333333333334,1.7013333333333334,1.328,100
1013758.972,2005.696,42.61866666666667,1.9746666666666666,1.2733333333333334,2.992,1.4693333333333334,1.7013333333333334,1.328,119
1013758.972,2005.696,42.61866666666667,1.9746666666666666,1.2733333333333334,2.992,1.4693333333333334,1.7013333333333334,1.328,278
1013758.972,2005.696,42.61866666666667,1.9746666666666666,1.2733333333333334,2.992,1.4693333333333334,1.7013333333333334,1.328,165
1013758.972,2005.696,42.61866666666667,1.9746666666666666,1.2733333333333334,2.992,1.4693333333333334,1.7013333333333334,1.328,111
1013758.972,2005.696,42.61866666666667,1.9746666666666666,1.2733333333333334,2.992,1.4693333333333334,1.7013333333333334,1.328,81
1013758.972,2005.696,42.61866666666667,1.9746666666666666,1.2733333333333334,2.992,1.4693333333333334,1.7013333333333334,1.328,114
1013758.972,2005.696,42.61866666666667,1.9746666666666666,1.2733333333333334,2.992,1.4693333333333334,1.7013333333333334,1.328,94
1013758.972,2005.696,42.61866666666667,1.9746666666666666,1.2733333333333334,2.992,1.4693333333333334,1.7013333333333334,1.328,138
1013758.972,2005.696,42.61866666666667,1.9746666666666666,1.2733333333333334,2.992,1.4693333333333334,1.7013333333333334,1.328,69
1013758.972,2005.696,42.61866666666667,1.9746666666666666,1.2733333333333334,2.992,1.4693333333333334,1.7013333333333334,1.328,192
1013758.972,2005.696,42.61866666666667,1.9746666666666666,1.2733333333333334,2.992,1.4693333333333334,1.7013333333333334,1.328,148
1013758.972,2005.696,42.61866666666667,1.9746666666666666,1.2733333333333334,2.992,1.4693333333333334,1.7013333333333334,1.328,86
1013758.972,2005.696,42.61866666666667,1.9746666666666666,1.2733333333333334,2.992,1.4693333333333334,1.7013333333333334,1.328,74
1013758.972,2005.696,42.61866666666667,1.9746666666666666,1.2733333333333334,2.992,1.4693333333333334,1.7013333333333334,1.328,93
1013758.972,2005.696,42.61866666666667,1.9746666666666666,1.2733333333333334,2.992,1.4693333333333334,1.7013333333333334,1.328,70
1013758.972,2005.696,42.61866666666667,1.9746666666666666,1.2733333333333334,2.992,1.4693333333333334,1.7013333333333334,1.328,85
1013758.972,2005.696,42.61866666666667,1.9746666666666666,1.2733333333333334,2.992,1.4693333333333334,1.7013333333333334,1.328,41
1013758.972,2005.696,42.61866666666667,1.9746666666666666,1.2733333333333334,2.992,1.4693333333333334,1.7013333333333334,1.328,127
1013758.972,2005.696,42.61866666666667,1.9746666666666666,1.2733333333333334,2.992,1.4693333333333334,1.7013333333333334,1.328,112
1013758.972,2005.696,42.61866666666667,1.9746666666666666,1.2733333333333334,2.992,1.4693333333333334,1.7013333333333334,1.328,85
1013758.972,2005.696,42.61866666666667,1.9746666666666666,1.2733333333333334,2.992,1.4693333333333334,1.7013333333333334,1.328,70
1013758.972,2005.696,42.61866666666667,1.9746666666666666,1.2733333333333334,2.992,1.4693333333333334,1.7013333333333334,1.328,268
1013758.972,2005.696,42.61866666666667,1.9746666666666666,1.2733333333333334,2.992,1.4693333333333334,1.7013333333333334,1.328,142
1013758.972,2005.696,42.61866666666667,1.9746666666666666,1.2733333333333334,2.992,1.4693333333333334,1.7013333333333334,1.328,161
1013758.972,2005.696,42.61866666666667,1.9746666666666666,1.2733333333333334,2.992,1.4693333333333334,1.7013333333333334,1.328,87
1013758.972,2005.696,42.61866666666667,1.9746666666666666,1.2733333333333334,2.992,1.4693333333333334,1.7013333333333334,1.328,88
1013758.972,2005.696,42.61866666666667,1.9746666666666666,1.2733333333333334,2.992,1.4693333333333334,1.7013333333333334,1.328,40
1013758.972,2005.696,42.61866666666667,1.9746666666666666,1.2733333333333334,2.992,1.4693333333333334,1.7013333333333334,1.328,148
1013758.972,2005.696,42.61866666666667,1.9746666666666666,1.2733333333333334,2.992,1.4693333333333334,1.7013333333333334,1.328,88
1013758.972,2005.696,42.61866666666667,1.9746666666666666,1.2733333333333334,2.992,1.4693333333333334,1.7013333333333334,1.328,100
1013758.972,2005.696,42.61866666666667,1.9746666666666666,1.2733333333333334,2.992,1.4693333333333334,1.7013333333333334,1.328,88
1013758.972,2005.696,42.61866666666667,1.9746666666666666,1.2733333333333334,2.992,1.4693333333333334,1.7013333333333334,1.328,277
1013758.972,2005.696,42.61866666666667,1.9746666666666666,1.2733333333333334,2.992,1.4693333333333334,1.7013333333333334,1.328,182
1013758.972,2005.696,42.61866666666667,1.9746666666666666,1.2733333333333334,2.992,1.4693333333333334,1.7013333333333334,1.328,119
1013758.972,2005.696,42.61866666666667,1.9746666666666666,1.2733333333333334,2.992,1.4693333333333334,1.7013333333333334,1.328,119
1013758.972,2005.696,42.61866666666667,1.9746666666666666,1.2733333333333334,2.992,1.4693333333333334,1.7013333333333334,1.328,81
1013758.972,2005.696,42.61866666666667,1.9746666666666666,1.2733333333333334,2.992,1.4693333333333334,1.7013333333333334,1.328,123
1013758.972,2005.696,42.61866666666667,1.9746666666666666,1.2733333333333334,2.992,1.4693333333333334,1.7013333333333334,1.328,127
1013758.972,2005.696,42.61866666666667,1.9746666666666666,1.2733333333333334,2.992,1.4693333333333334,1.7013333333333334,1.328,112
1013758.972,2005.696,42.61866666666667,1.9746666666666666,1.2733333333333334,2.992,1.4693333333333334,1.7013333333333334,1.328,127
1013758.972,2005.696,42.61866666666667,1.9746666666666666,1.2733333333333334,2.992,1.4693333333333334,1.7013333333333334,1.328,114
1013758.972,2005.696,42.61866666666667,1.9746666666666666,1.2733333333333334,2.992,1.4693333333333334,1.7013333333333334,1.328,119
1013758.972,2005.696,42.61866666666667,1.9746666666666666,1.2733333333333334,2.992,1.4693333333333334,1.7013333333333334,1.328,137
1013758.972,2005.696,42.61866666666667,1.9746666666666666,1.2733333333333334,2.992,1.4693333333333334,1.7013333333333334,1.328,97
1013758.972,2005.696,42.61866666666667,1.9746666666666666,1.2733333333333334,2.992,1.4693333333333334,1.7013333333333334,1.328,64
1013758.972,2005.696,42.61866666666667,1.9746666666666666,1.2733333333333334,2.992,1.4693333333333334,1.7013333333333334,1.328,69
1013758.972,2005.696,42.61866666666667,1.9746666666666666,1.2733333333333334,2.992,1.4693333333333334,1.7013333333333334,1.328,100
1013758.972,2005.696,42.61866666666667,1.9746666666666666,1.2733333333333334,2.992,1.4693333333333334,1.7013333333333334,1.328,164
1013758.972,2005.696,42.61866666666667,1.9746666666666666,1.2733333333333334,2.992,1.4693333333333334,1.7013333333333334,1.328,74
1013758.972,2005.696,42.61866666666667,1.9746666666666666,1.2733333333333334,2.992,1.4693333333333334,1.7013333333333334,1.328,278
1013758.972,2005.696,42.61866666666667,1.9746666666666666,1.2733333333333334,2.992,1.4693333333333334,1.7013333333333334,1.328,81
1013758.972,2005.696,42.61866666666667,1.9746666666666666,1.2733333333333334,2.992,1.4693333333333334,1.7013333333333334,1.328,74
1013758.972,2005.696,42.61866666666667,1.9746666666666666,1.2733333333333334,2.992,1.4693333333333334,1.7013333333333334,1.328,88
1013758.972,2005.696,42.61866666666667,1.9746666666666666,1.2733333333333334,2.992,1.4693333333333334,1.7013333333333334,1.328,88
1013758.972,2005.696,42.61866666666667,1.9746666666666666,1.2733333333333334,2.992,1.4693333333333334,1.7013333333333334,1.328,119
1013758.972,2005.696,42.61866666666667,1.9746666666666666,1.2733333333333334,2.992,1.4693333333333334,1.7013333333333334,1.328,74
1013758.972,2005.696,42.61866666666667,1.9746666666666666,1.2733333333333334,2.992,1.4693333333333334,1.7013333333333334,1.328,121
1013758.972,2005.696,42.61866666666667,1.9746666666666666,1.2733333333333334,2.992,1.4693333333333334,1.7013333333333334,1.328,131
1013758.972,2005.696,42.61866666666667,1.9746666666666666,1.2733333333333334,2.992,1.4693333333333334,1.7013333333333334,1.328,135
1013758.972,2005.696,42.61866666666667,1.9746666666666666,1.2733333333333334,2.992,1.4693333333333334,1.7013333333333334,1.328,27
1013758.972,2005.696,42.61866666666667,1.9746666666666666,1.2733333333333334,2.992,1.4693333333333334,1.7013333333333334,1.328,84
1013758.972,2005.696,42.61866666666667,1.9746666666666666,1.2733333333333334,2.992,1.4693333333333334,1.7013333333333334,1.328,44
1013758.972,2005.696,42.61866666666667,1.9746666666666666,1.2733333333333334,2.992,1.4693333333333334,1.7013333333333334,1.328,74
1013758.972,2005.696,42.61866666666667,1.9746666666666666,1.2733333333333334,2.992,1.4693333333333334,1.7013333333333334,1.328,110
1013758.972,2005.696,42.61866666666667,1.9746666666666666,1.2733333333333334,2.992,1.4693333333333334,1.7013333333333334,1.328,119
1013758.972,2005.696,42.61866666666667,1.9746666666666666,1.2733333333333334,2.992,1.4693333333333334,1.7013333333333334,1.328,114
1013758.972,2005.696,42.61866666666667,1.9746666666666666,1.2733333333333334,2.992,1.4693333333333334,1.7013333333333334,1.328,97
1013758.972,2005.696,42.61866666666667,1.9746666666666666,1.2733333333333334,2.992,1.4693333333333334,1.7013333333333334,1.328,136
1013758.972,2005.696,42.61866666666667,1.9746666666666666,1.2733333333333334,2.992,1.4693333333333334,1.7013333333333334,1.328,119
1013758.972,2005.696,42.61866666666667,1.9746666666666666,1.2733333333333334,2.992,1.4693333333333334,1.7013333333333334,1.328,74
1013758.972,2005.696,42.61866666666667,1.9746666666666666,1.2733333333333334,2.992,1.4693333333333334,1.7013333333333334,1.328,164
1013758.972,2005.696,42.61866666666667,1.9746666666666666,1.2733333333333334,2.992,1.4693333333333334,1.7013333333333334,1.328,138
1013758.972,2005.696,42.61866666666667,1.9746666666666666,1.2733333333333334,2.992,1.4693333333333334,1.7013333333333334,1.328,93
1013758.972,2005.696,42.61866666666667,1.9746666666666666,1.2733333333333334,2.992,1.4693333333333334,1.7013333333333334,1.328,127
1013758.972,2005.696,42.61866666666667,1.9746666666666666,1.2733333333333334,2.992,1.4693333333333334,1.7013333333333334,1.328,71
1013758.972,2005.696,42.61866666666667,1.9746666666666666,1.2733333333333334,2.992,1.4693333333333334,1.7013333333333334,1.328,148
1013758.972,2005.696,42.61866666666667,1.9746666666666666,1.2733333333333334,2.992,1.4693333333333334,1.7013333333333334,1.328,85
1013758.972,2005.696,42.61866666666667,1.9746666666666666,1.2733333333333334,2.992,1.4693333333333334,1.7013333333333334,1.328,112
1013758.972,2005.696,42.61866666666667,1.9746666666666666,1.2733333333333334,2.992,1.4693333333333334,1.7013333333333334,1.328,94
1013758.972,2005.696,42.61866666666667,1.9746666666666666,1.2733333333333334,2.992,1.4693333333333334,1.7013333333333334,1.328,44
1013758.972,2005.696,42.61866666666667,1.9746666666666666,1.2733333333333334,2.992,1.4693333333333334,1.7013333333333334,1.328,114
1013758.972,2005.696,42.61866666666667,1.9746666666666666,1.2733333333333334,2.992,1.4693333333333334,1.7013333333333334,1.328,119
1013758.972,2005.696,42.61866666666667,1.9746666666666666,1.2733333333333334,2.992,1.4693333333333334,1.7013333333333334,1.328,55
1013758.972,2005.696,42.61866666666667,1.9746666666666666,1.2733333333333334,2.992,1.4693333333333334,1.7013333333333334,1.328,278
1013758.972,2005.696,42.61866666666667,1.9746666666666666,1.2733333333333334,2.992,1.4693333333333334,1.7013333333333334,1.328,79
1013758.972,2005.696,42.61866666666667,1.9746666666666666,1.2733333333333334,2.992,1.4693333333333334,1.7013333333333334,1.328,89
1013758.972,2005.696,42.61866666666667,1.9746666666666666,1.2733333333333334,2.992,1.4693333333333334,1.7013333333333334,1.328,93
1013758.972,2005.696,42.61866666666667,1.9746666666666666,1.2733333333333334,2.992,1.4693333333333334,1.7013333333333334,1.328,88
1013758.972,2005.696,42.61866666666667,1.9746666666666666,1.2733333333333334,2.992,1.4693333333333334,1.7013333333333334,1.328,136
1013758.972,2005.696,42.61866666666667,1.9746666666666666,1.2733333333333334,2.992,1.4693333333333334,1.7013333333333334,1.328,87
1013758.972,2005.696,42.61866666666667,1.9746666666666666,1.2733333333333334,2.992,1.4693333333333334,1.7013333333333334,1.328,84
1013758.972,2005.696,42.61866666666667,1.9746666666666666,1.2733333333333334,2.992,1.4693333333333334,1.7013333333333334,1.328,121
1013758.972,2005.696,42.61866666666667,1.9746666666666666,1.2733333333333334,2.992,1.4693333333333334,1.7013333333333334,1.328,85
1013758.972,2005.696,42.61866666666667,1.9746666666666666,1.2733333333333334,2.992,1.4693333333333334,1.7013333333333334,1.328,74
1013758.972,2005.696,42.61866666666667,1.9746666666666666,1.2733333333333334,2.992,1.4693333333333334,1.7013333333333334,1.328,161
1013758.972,2005.696,42.61866666666667,1.9746666666666666,1.2733333333333334,2.992,1.4693333333333334,1.7013333333333334,1.328,74
1013758.972,2005.696,42.61866666666667,1.9746666666666666,1.2733333333333334,2.992,1.4693333333333334,1.7013333333333334,1.328,81
1013758.972,2005.696,42.61866666666667,1.9746666666666666,1.2733333333333334,2.992,1.4693333333333334,1.7013333333333334,1.328,123
1013758.972,2005.696,42.61866666666667,1.9746666666666666,1.2733333333333334,2.992,1.4693333333333334,1.7013333333333334,1.328,131
1013758.972,2005.696,42.61866666666667,1.9746666666666666,1.2733333333333334,2.992,1.4693333333333334,1.7013333333333334,1.328,135
1013758.972,2005.696,42.61866666666667,1.9746666666666666,1.2733333333333334,2.992,1.4693333333333334,1.7013333333333334,1.328,48
1013758.972,2005.696,42.61866666666667,1.9746666666666666,1.2733333333333334,2.992,1.4693333333333334,1.7013333333333334,1.328,148
1013758.972,2005.696,42.61866666666667,1.9746666666666666,1.2733333333333334,2.992,1.4693333333333334,1.7013333333333334,1.328,135
1013758.972,2005.696,42.61866666666667,1.9746666666666666,1.2733333333333334,2.992,1.4693333333333334,1.7013333333333334,1.328,114
1013758.972,2005.696,42.61866666666667,1.9746666666666666,1.2733333333333334,2.992,1.4693333333333334,1.7013333333333334,1.328,97
1013758.972,2005.696,42.61866666666667,1.9746666666666666,1.2733333333333334,2.992,1.4693333333333334,1.7013333333333334,1.328,114
1013758.972,2005.696,42.61866666666667,1.9746666666666666,1.2733333333333334,2.992,1.4693333333333334,1.7013333333333334,1.328,127
1013758.972,2005.696,42.61866666666667,1.9746666666666666,1.2733333333333334,2.992,1.4693333333333334,1.7013333333333334,1.328,123
1013758.972,2005.696,42.61866666666667,1.9746666666666666,1.2733333333333334,2.992,1.4693333333333334,1.7013333333333334,1.328,85
1013758.972,2005.696,42.61866666666667,1.9746666666666666,1.2733333333333334,2.992,1.4693333333333334,1.7013333333333334,1.328,85
1013758.972,2005.696,42.61866666666667,1.9746666666666666,1.2733333333333334,2.992,1.4693333333333334,1.7013333333333334,1.328,268
1013758.972,2005.696,42.61866666666667,1.9746666666666666,1.2733333333333334,2.992,1.4693333333333334,1.7013333333333334,1.328,85
1013758.972,2005.696,42.61866666666667,1.9746666666666666,1.2733333333333334,2.992,1.4693333333333334,1.7013333333333334,1.328,74
1013758.972,2005.696,42.61866666666667,1.9746666666666666,1.2733333333333334,2.992,1.4693333333333334,1.7013333333333334,1.328,70
1013758.972,2005.696,42.61866666666667,1.9746666666666666,1.2733333333333334,2.992,1.4693333333333334,1.7013333333333334,1.328,182
1013758.972,2005.696,42.61866666666667,1.9746666666666666,1.2733333333333334,2.992,1.4693333333333334,1.7013333333333334,1.328,73
1013758.972,2005.696,42.61866666666667,1.9746666666666666,1.2733333333333334,2.992,1.4693333333333334,1.7013333333333334,1.328,110
1013758.972,2005.696,42.61866666666667,1.9746666666666666,1.2733333333333334,2.992,1.4693333333333334,1.7013333333333334,1.328,127
1013758.972,2005.696,42.61866666666667,1.9746666666666666,1.2733333333333334,2.992,1.4693333333333334,1.7013333333333334,1.328,87
1013758.972,2005.696,42.61866666666667,1.9746666666666666,1.2733333333333334,2.992,1.4693333333333334,1.7013333333333334,1.328,85
1013758.972,2005.696,42.61866666666667,1.9746666666666666,1.2733333333333334,2.992,1.4693333333333334,1.7013333333333334,1.328,100
1013758.972,2005.696,42.61866666666667,1.9746666666666666,1.2733333333333334,2.992,1.4693333333333334,1.7013333333333334,1.328,74
1013758.972,2005.696,42.61866666666667,1.9746666666666666,1.2733333333333334,2.992,1.4693333333333334,1.7013333333333334,1.328,148
1013758.972,2005.696,42.61866666666667,1.9746666666666666,1.2733333333333334,2.992,1.4693333333333334,1.7013333333333334,1.328,66
1013758.972,2005.696,42.61866666666667,1.9746666666666666,1.2733333333333334,2.992,1.4693333333333334,1.7013333333333334,1.328,119
1013758.972,2005.696,42.61866666666667,1.9746666666666666,1.2733333333333334,2.992,1.4693333333333334,1.7013333333333334,1.328,100
1013758.972,2005.696,42.61866666666667,1.9746666666666666,1.2733333333333334,2.992,1.4693333333333334,1.7013333333333334,1.328,27
1013758.972,2005.696,42.61866666666667,1.9746666666666666,1.2733333333333334,2.992,1.4693333333333334,1.7013333333333334,1.328,114
1013758.972,2005.696,42.61866666666667,1.9746666666666666,1.2733333333333334,2.992,1.4693333333333334,1.7013333333333334,1.328,138
1013758.972,2005.696,42.61866666666667,1.9746666666666666,1.2733333333333334,2.992,1.4693333333333334,1.7013333333333334,1.328,97
1013758.972,2005.696,42.61866666666667,1.9746666666666666,1.2733333333333334,2.992,1.4693333333333334,1.7013333333333334,1.328,85
1013758.972,2005.696,42.61866666666667,1.9746666666666666,1.2733333333333334,2.992,1.4693333333333334,1.7013333333333334,1.328,137
1013758.972,2005.696,42.61866666666667,1.9746666666666666,1.2733333333333334,2.992,1.4693333333333334,1.7013333333333334,1.328,37
1013758.972,2005.696,42.61866666666667,1.9746666666666666,1.2733333333333334,2.992,1.4693333333333334,1.7013333333333334,1.328,110
1013758.972,2005.696,42.61866666666667,1.9746666666666666,1.2733333333333334,2.992,1.4693333333333334,1.7013333333333334,1.328,74
1013758.972,2005.696,42.61866666666667,1.9746666666666666,1.2733333333333334,2.992,1.4693333333333334,1.7013333333333334,1.328,110
1013758.972,2005.696,42.61866666666667,1.9746666666666666,1.2733333333333334,2.992,1.4693333333333334,1.7013333333333334,1.328,127
1013758.972,2005.696,42.61866666666667,1.9746666666666666,1.2733333333333334,2.992,1.4693333333333334,1.7013333333333334,1.328,74
1013758.972,2005.696,42.61866666666667,1.9746666666666666,1.2733333333333334,2.992,1.4693333333333334,1.7013333333333334,1.328,74
1013758.972,2005.696,42.61866666666667,1.9746666666666666,1.2733333333333334,2.992,1.4693333333333334,1.7013333333333334,1.328,138
1013758.972,2005.696,42.61866666666667,1.9746666666666666,1.2733333333333334,2.992,1.4693333333333334,1.7013333333333334,1.328,69
1013758.972,2005.696,42.61866666666667,1.9746666666666666,1.2733333333333334,2.992,1.4693333333333334,1.7013333333333334,1.328,119
1013758.972,2005.696,42.61866666666667,1.9746666666666666,1.2733333333333334,2.992,1.4693333333333334,1.7013333333333334,1.328,81
1013758.972,2005.696,42.61866666666667,1.9746666666666666,1.2733333333333334,2.992,1.4693333333333334,1.7013333333333334,1.328,88
1013758.972,2005.696,42.61866666666667,1.9746666666666666,1.2733333333333334,2.992,1.4693333333333334,1.7013333333333334,1.328,100
1013758.972,2005.696,42.61866666666667,1.9746666666666666,1.2733333333333334,2.992,1.4693333333333334,1.7013333333333334,1.328,81
1013758.972,2005.696,42.61866666666667,1.9746666666666666,1.2733333333333334,2.992,1.4693333333333334,1.7013333333333334,1.328,119
1013758.972,2005.696,42.61866666666667,1.9746666666666666,1.2733333333333334,2.992,1.4693333333333334,1.7013333333333334,1.328,89
1013758.972,2005.696,42.61866666666667,1.9746666666666666,1.2733333333333334,2.992,1.4693333333333334,1.7013333333333334,1.328,88
1013758.972,2005.696,42.61866666666667,1.9746666666666666,1.2733333333333334,2.992,1.4693333333333334,1.7013333333333334,1.328,80
1013758.972,2005.696,42.61866666666667,1.9746666666666666,1.2733333333333334,2.992,1.4693333333333334,1.7013333333333334,1.328,123
1013758.972,2005.696,42.61866666666667,1.9746666666666666,1.2733333333333334,2.992,1.4693333333333334,1.7013333333333334,1.328,88
1013758.972,2005.696,42.61866666666667,1.9746666666666666,1.2733333333333334,2.992,1.4693333333333334,1.7013333333333334,1.328,164
1013758.972,2005.696,42.61866666666667,1.9746666666666666,1.2733333333333334,2.992,1.4693333333333334,1.7013333333333334,1.328,277
1013758.972,2005.696,42.61866666666667,1.9746666666666666,1.2733333333333334,2.992,1.4693333333333334,1.7013333333333334,1.328,55
1013758.972,2005.696,42.61866666666667,1.9746666666666666,1.2733333333333334,2.992,1.4693333333333334,1.7013333333333334,1.328,137
1013758.972,2005.696,42.61866666666667,1.9746666666666666,1.2733333333333334,2.992,1.4693333333333334,1.7013333333333334,1.328,142
1013758.972,2005.696,42.61866666666667,1.9746666666666666,1.2733333333333334,2.992,1.4693333333333334,1.7013333333333334,1.328,277
1013758.972,2005.696,42.61866666666667,1.9746666666666666,1.2733333333333334,2.992,1.4693333333333334,1.7013333333333334,1.328,135
1013758.972,2005.696,42.61866666666667,1.9746666666666666,1.2733333333333334,2.992,1.4693333333333334,1.7013333333333334,1.328,100
1013758.972,2005.696,42.61866666666667,1.9746666666666666,1.2733333333333334,2.992,1.4693333333333334,1.7013333333333334,1.328,119
1013758.972,2005.696,42.61866666666667,1.9746666666666666,1.2733333333333334,2.992,1.4693333333333334,1.7013333333333334,1.328,110
1013758.972,2005.696,42.61866666666667,1.9746666666666666,1.2733333333333334,2.992,1.4693333333333334,1.7013333333333334,1.328,70
1013758.972,2005.696,42.61866666666667,1.9746666666666666,1.2733333333333334,2.992,1.4693333333333334,1.7013333333333334,1.328,182
1013758.972,2005.696,42.61866666666667,1.9746666666666666,1.2733333333333334,2.992,1.4693333333333334,1.7013333333333334,1.328,93
1013758.972,2005.696,42.61866666666667,1.9746666666666666,1.2733333333333334,2.992,1.4693333333333334,1.7013333333333334,1.328,148
1013758.972,2005.696,42.61866666666667,1.9746666666666666,1.2733333333333334,2.992,1.4693333333333334,1.7013333333333334,1.328,114
1013758.972,2005.696,42.61866666666667,1.9746666666666666,1.2733333333333334,2.992,1.4693333333333334,1.7013333333333334,1.328,119
1013758.972,2005.696,42.61866666666667,1.9746666666666666,1.2733333333333334,2.992,1.4693333333333334,1.7013333333333334,1.328,97
1013758.972,2005.696,42.61866666666667,1.9746666666666666,1.2733333333333334,2.992,1.4693333333333334,1.7013333333333334,1.328,142
1013758.972,2005.696,42.61866666666667,1.9746666666666666,1.2733333333333334,2.992,1.4693333333333334,1.7013333333333334,1.328,119
1013758.972,2005.696,42.61866666666667,1.9746666666666666,1.2733333333333334,2.992,1.4693333333333334,1.7013333333333334,1.328,94
1013758.972,2005.696,42.61866666666667,1.9746666666666666,1.2733333333333334,2.992,1.4693333333333334,1.7013333333333334,1.328,121
1013758.972,2005.696,42.61866666666667,1.9746666666666666,1.2733333333333334,2.992,1.4693333333333334,1.7013333333333334,1.328,41
1013758.972,2005.696,42.61866666666667,1.9746666666666666,1.2733333333333334,2.992,1.4693333333333334,1.7013333333333334,1.328,81
1013758.972,2005.696,42.61866666666667,1.9746666666666666,1.2733333333333334,2.992,1.4693333333333334,1.7013333333333334,1.328,142
1013758.972,2005.696,42.61866666666667,1.9746666666666666,1.2733333333333334,2.992,1.4693333333333334,1.7013333333333334,1.328,192
1013758.972,2005.696,42.61866666666667,1.9746666666666666,1.2733333333333334,2.992,1.4693333333333334,1.7013333333333334,1.328,84
1013758.972,2005.696,42.61866666666667,1.9746666666666666,1.2733333333333334,2.992,1.4693333333333334,1.7013333333333334,1.328,121
1013758.972,2005.696,42.61866666666667,1.9746666666666666,1.2733333333333334,2.992,1.4693333333333334,1.7013333333333334,1.328,148
1013758.972,2005.696,42.61866666666667,1.9746666666666666,1.2733333333333334,2.992,1.4693333333333334,1.7013333333333334,1.328,74
1013758.972,2005.696,42.61866666666667,1.9746666666666666,1.2733333333333334,2.992,1.4693333333333334,1.7013333333333334,1.328,138
1013758.972,2005.696,42.61866666666667,1.9746666666666666,1.2733333333333334,2.992,1.4693333333333334,1.7013333333333334,1.328,278
1013758.972,2005.696,42.61866666666667,1.9746666666666666,1.2733333333333334,2.992,1.4693333333333334,1.7013333333333334,1.328,115
1013758.972,2005.696,42.61866666666667,1.9746666666666666,1.2733333333333334,2.992,1.4693333333333334,1.7013333333333334,1.328,88
1013758.972,2005.696,42.61866666666667,1.9746666666666666,1.2733333333333334,2.992,1.4693333333333334,1.7013333333333334,1.328,112
1013758.972,2005.696,42.61866666666667,1.9746666666666666,1.2733333333333334,2.992,1.4693333333333334,1.7013333333333334,1.328,100
1013758.972,2005.696,42.61866666666667,1.9746666666666666,1.2733333333333334,2.992,1.4693333333333334,1.7013333333333334,1.328,74
1013758.972,2005.696,42.61866666666667,1.9746666666666666,1.2733333333333334,2.992,1.4693333333333334,1.7013333333333334,1.328,74
1013758.972,2005.696,42.61866666666667,1.9746666666666666,1.2733333333333334,2.992,1.4693333333333334,1.7013333333333334,1.328,119
1013758.972,2005.696,42.61866666666667,1.9746666666666666,1.2733333333333334,2.992,1.4693333333333334,1.7013333333333334,1.328,64
1013758.972,2005.696,42.61866666666667,1.9746666666666666,1.2733333333333334,2.992,1.4693333333333334,1.7013333333333334,1.328,84
1013758.972,2005.696,42.61866666666667,1.9746666666666666,1.2733333333333334,2.992,1.4693333333333334,1.7013333333333334,1.328,138
1013758.972,2005.696,42.61866666666667,1.9746666666666666,1.2733333333333334,2.992,1.4693333333333334,1.7013333333333334,1.328,27
1013758.972,2005.696,42.61866666666667,1.9746666666666666,1.2733333333333334,2.992,1.4693333333333334,1.7013333333333334,1.328,127
1013758.972,2005.696,42.61866666666667,1.9746666666666666,1.2733333333333334,2.992,1.4693333333333334,1.7013333333333334,1.328,135
1013758.972,2005.696,42.61866666666667,1.9746666666666666,1.2733333333333334,2.992,1.4693333333333334,1.7013333333333334,1.328,55
1013758.972,2005.696,42.61866666666667,1.9746666666666666,1.2733333333333334,2.992,1.4693333333333334,1.7013333333333334,1.328,114
1013758.972,2005.696,42.61866666666667,1.9746666666666666,1.2733333333333334,2.992,1.4693333333333334,1.7013333333333334,1.328,136
1013758.972,2005.696,42.61866666666667,1.9746666666666666,1.2733333333333334,2.992,1.4693333333333334,1.7013333333333334,1.328,121
1013758.972,2005.696,42.61866666666667,1.9746666666666666,1.2733333333333334,2.992,1.4693333333333334,1.7013333333333334,1.328,87
1013758.972,2005.696,42.61866666666667,1.9746666666666666,1.2733333333333334,2.992,1.4693333333333334,1.7013333333333334,1.328,70
1013758.972,2005.696,42.61866666666667,1.9746666666666666,1.2733333333333334,2.992,1.4693333333333334,1.7013333333333334,1.328,93
1013758.972,2005.696,42.61866666666667,1.9746666666666666,1.2733333333333334,2.992,1.4693333333333334,1.7013333333333334,1.328,142
1013758.972,2005.696,42.61866666666667,1.9746666666666666,1.2733333333333334,2.992,1.4693333333333334,1.7013333333333334,1.328,112
1013758.972,2005.696,42.61866666666667,1.9746666666666666,1.2733333333333334,2.992,1.4693333333333334,1.7013333333333334,1.328,119
1013758.972,2005.696,42.61866666666667,1.9746666666666666,1.2733333333333334,2.992,1.4693333333333334,1.7013333333333334,1.328,97
1013758.972,2005.696,42.61866666666667,1.9746666666666666,1.2733333333333334,2.992,1.4693333333333334,1.7013333333333334,1.328,85
1013758.972,2005.696,42.61866666666667,1.9746666666666666,1.2733333333333334,2.992,1.4693333333333334,1.7013333333333334,1.328,64
1013758.972,2005.696,42.61866666666667,1.9746666666666666,1.2733333333333334,2.992,1.4693333333333334,1.7013333333333334,1.328,192
1013758.972,2005.696,42.61866666666667,1.9746666666666666,1.2733333333333334,2.992,1.4693333333333334,1.7013333333333334,1.328,55
1013758.972,2005.696,42.61866666666667,1.9746666666666666,1.2733333333333334,2.992,1.4693333333333334,1.7013333333333334,1.328,137
1013758.972,2005.696,42.61866666666667,1.9746666666666666,1.2733333333333334,2.992,1.4693333333333334,1.7013333333333334,1.328,164
1013758.972,2005.696,42.61866666666667,1.9746666666666666,1.2733333333333334,2.992,1.4693333333333334,1.7013333333333334,1.328,127
1013758.972,2005.696,42.61866666666667,1.9746666666666666,1.2733333333333334,2.992,1.4693333333333334,1.7013333333333334,1.328,88
1013758.972,2005.696,42.61866666666667,1.9746666666666666,1.2733333333333334,2.992,1.4693333333333334,1.7013333333333334,1.328,100
1013758.972,2005.696,42.61866666666667,1.9746666666666666,1.2733333333333334,2.992,1.4693333333333334,1.7013333333333334,1.328,97
1013758.972,2005.696,42.61866666666667,1.9746666666666666,1.2733333333333334,2.992,1.4693333333333334,1.7013333333333334,1.328,89
1013758.972,2005.696,42.61866666666667,1.9746666666666666,1.2733333333333334,2.992,1.4693333333333334,1.7013333333333334,1.328,85
1013758.972,2005.696,42.61866666666667,1.9746666666666666,1.2733333333333334,2.992,1.4693333333333334,1.7013333333333334,1.328,94
1013758.972,2005.696,42.61866666666667,1.9746666666666666,1.2733333333333334,2.992,1.4693333333333334,1.7013333333333334,1.328,121
1013758.972,2005.696,42.61866666666667,1.9746666666666666,1.2733333333333334,2.992,1.4693333333333334,1.7013333333333334,1.328,70
1013758.972,2005.696,42.61866666666667,1.9746666666666666,1.2733333333333334,2.992,1.4693333333333334,1.7013333333333334,1.328,81
1013758.972,2005.696,42.61866666666667,1.9746666666666666,1.2733333333333334,2.992,1.4693333333333334,1.7013333333333334,1.328,84
1013758.972,2005.696,42.61866666666667,1.9746666666666666,1.2733333333333334,2.992,1.4693333333333334,1.7013333333333334,1.328,88
1013758.972,2005.696,42.61866666666667,1.9746666666666666,1.2733333333333334,2.992,1.4693333333333334,1.7013333333333334,1.328,278
1013758.972,2005.696,42.61866666666667,1.9746666666666666,1.2733333333333334,2.992,1.4693333333333334,1.7013333333333334,1.328,119
1013758.972,2005.696,42.61866666666667,1.9746666666666666,1.2733333333333334,2.992,1.4693333333333334,1.7013333333333334,1.328,121
1013758.972,2005.696,42.61866666666667,1.9746666666666666,1.2733333333333334,2.992,1.4693333333333334,1.7013333333333334,1.328,74
1013758.972,2005.696,42.61866666666667,1.9746666666666666,1.2733333333333334,2.992,1.4693333333333334,1.7013333333333334,1.328,114
1013758.972,2005.696,42.61866666666667,1.9746666666666666,1.2733333333333334,2.992,1.4693333333333334,1.7013333333333334,1.328,44
1013758.972,2005.696,42.61866666666667,1.9746666666666666,1.2733333333333334,2.992,1.4693333333333334,1.7013333333333334,1.328,88
1013758.972,2005.696,42.61866666666667,1.9746666666666666,1.2733333333333334,2.992,1.4693333333333334,1.7013333333333334,1.328,119
1013758.972,2005.696,42.61866666666667,1.9746666666666666,1.2733333333333334,2.992,1.4693333333333334,1.7013333333333334,1.328,268
1013758.972,2005.696,42.61866666666667,1.9746666666666666,1.2733333333333334,2.992,1.4693333333333334,1.7013333333333334,1.328,79
1013758.972,2005.696,42.61866666666667,1.9746666666666666,1.2733333333333334,2.992,1.4693333333333334,1.7013333333333334,1.328,85
1013758.972,2005.696,42.61866666666667,1.9746666666666666,1.2733333333333334,2.992,1.4693333333333334,1.7013333333333334,1.328,160
1013758.972,2005.696,42.61866666666667,1.9746666666666666,1.2733333333333334,2.992,1.4693333333333334,1.7013333333333334,1.328,119
1013758.972,2005.696,42.61866666666667,1.9746666666666666,1.2733333333333334,2.992,1.4693333333333334,1.7013333333333334,1.328,85
1013758.972,2005.696,42.61866666666667,1.9746666666666666,1.2733333333333334,2.992,1.4693333333333334,1.7013333333333334,1.328,138
1013758.972,2005.696,42.61866666666667,1.9746666666666666,1.2733333333333334,2.992,1.4693333333333334,1.7013333333333334,1.328,116
1013758.972,2005.696,42.61866666666667,1.9746666666666666,1.2733333333333334,2.992,1.4693333333333334,1.7013333333333334,1.328,129
1013758.972,2005.696,42.61866666666667,1.9746666666666666,1.2733333333333334,2.992,1.4693333333333334,1.7013333333333334,1.328,138
1013758.972,2005.696,42.61866666666667,1.9746666666666666,1.2733333333333334,2.992,1.4693333333333334,1.7013333333333334,1.328,164
1013758.972,2005.696,42.61866666666667,1.9746666666666666,1.2733333333333334,2.992,1.4693333333333334,1.7013333333333334,1.328,37
1013758.972,2005.696,42.61866666666667,1.9746666666666666,1.2733333333333334,2.992,1.4693333333333334,1.7013333333333334,1.328,112
1013758.972,2005.696,42.61866666666667,1.9746666666666666,1.2733333333333334,2.992,1.4693333333333334,1.7013333333333334,1.328,123
1013758.972,2005.696,42.61866666666667,1.9746666666666666,1.2733333333333334,2.992,1.4693333333333334,1.7013333333333334,1.328,110
1013758.972,2005.696,42.61866666666667,1.9746666666666666,1.2733333333333334,2.992,1.4693333333333334,1.7013333333333334,1.328,74
1013758.972,2005.696,42.61866666666667,1.9746666666666666,1.2733333333333334,2.992,1.4693333333333334,1.7013333333333334,1.328,127
1013758.972,2005.696,42.61866666666667,1.9746666666666666,1.2733333333333334,2.992,1.4693333333333334,1.7013333333333334,1.328,278
1013758.972,2005.696,42.61866666666667,1.9746666666666666,1.2733333333333334,2.992,1.4693333333333334,1.7013333333333334,1.328,74
1013758.972,2005.696,42.61866666666667,1.9746666666666666,1.2733333333333334,2.992,1.4693333333333334,1.7013333333333334,1.328,119
1013758.972,2005.696,42.61866666666667,1.9746666666666666,1.2733333333333334,2.992,1.4693333333333334,1.7013333333333334,1.328,119
1013758.972,2005.696,42.61866666666667,1.9746666666666666,1.2733333333333334,2.992,1.4693333333333334,1.7013333333333334,1.328,81
1013758.972,2005.696,42.61866666666667,1.9746666666666666,1.2733333333333334,2.992,1.4693333333333334,1.7013333333333334,1.328,94
1013758.972,2005.696,42.61866666666667,1.9746666666666666,1.2733333333333334,2.992,1.4693333333333334,1.7013333333333334,1.328,100
1013758.972,2005.696,42.61866666666667,1.9746666666666666,1.2733333333333334,2.992,1.4693333333333334,1.7013333333333334,1.328,121
1013758.972,2005.696,42.61866666666667,1.9746666666666666,1.2733333333333334,2.992,1.4693333333333334,1.7013333333333334,1.328,74
1013758.972,2005.696,42.61866666666667,1.9746666666666666,1.2733333333333334,2.992,1.4693333333333334,1.7013333333333334,1.328,81
1013758.972,2005.696,42.61866666666667,1.9746666666666666,1.2733333333333334,2.992,1.4693333333333334,1.7013333333333334,1.328,138
1013758.972,2005.696,42.61866666666667,1.9746666666666666,1.2733333333333334,2.992,1.4693333333333334,1.7013333333333334,1.328,182
1013758.972,2005.696,42.61866666666667,1.9746666666666666,1.2733333333333334,2.992,1.4693333333333334,1.7013333333333334,1.328,148
1013758.972,2005.696,42.61866666666667,1.9746666666666666,1.2733333333333334,2.992,1.4693333333333334,1.7013333333333334,1.328,135
1013758.972,2005.696,42.61866666666667,1.9746666666666666,1.2733333333333334,2.992,1.4693333333333334,1.7013333333333334,1.328,74
1013758.972,2005.696,42.61866666666667,1.9746666666666666,1.2733333333333334,2.992,1.4693333333333334,1.7013333333333334,1.328,88
1013758.972,2005.696,42.61866666666667,1.9746666666666666,1.2733333333333334,2.992,1.4693333333333334,1.7013333333333334,1.328,81
1013758.972,2005.696,42.61866666666667,1.9746666666666666,1.2733333333333334,2.992,1.4693333333333334,1.7013333333333334,1.328,88
1013758.972,2005.696,42.61866666666667,1.9746666666666666,1.2733333333333334,2.992,1.4693333333333334,1.7013333333333334,1.328,161
1013758.972,2005.696,42.61866666666667,1.9746666666666666,1.2733333333333334,2.992,1.4693333333333334,1.7013333333333334,1.328,94
1013758.972,2005.696,42.61866666666667,1.9746666666666666,1.2733333333333334,2.992,1.4693333333333334,1.7013333333333334,1.328,97
1013758.972,2005.696,42.61866666666667,1.9746666666666666,1.2733333333333334,2.992,1.4693333333333334,1.7013333333333334,1.328,161
1013758.972,2005.696,42.61866666666667,1.9746666666666666,1.2733333333333334,2.992,1.4693333333333334,1.7013333333333334,1.328,136
1013758.972,2005.696,42.61866666666667,1.9746666666666666,1.2733333333333334,2.992,1.4693333333333334,1.7013333333333334,1.328,127
1013758.972,2005.696,42.61866666666667,1.9746666666666666,1.2733333333333334,2.992,1.4693333333333334,1.7013333333333334,1.328,100
1013758.972,2005.696,42.61866666666667,1.9746666666666666,1.2733333333333334,2.992,1.4693333333333334,1.7013333333333334,1.328,93
1013758.972,2005.696,42.61866666666667,1.9746666666666666,1.2733333333333334,2.992,1.4693333333333334,1.7013333333333334,1.328,161
1013758.972,2005.696,42.61866666666667,1.9746666666666666,1.2733333333333334,2.992,1.4693333333333334,1.7013333333333334,1.328,69
1013758.972,2005.696,42.61866666666667,1.9746666666666666,1.2733333333333334,2.992,1.4693333333333334,1.7013333333333334,1.328,66
1013758.972,2005.696,42.61866666666667,1.9746666666666666,1.2733333333333334,2.992,1.4693333333333334,1.7013333333333334,1.328,87
1013758.972,2005.696,42.61866666666667,1.9746666666666666,1.2733333333333334,2.992,1.4693333333333334,1.7013333333333334,1.328,114
1013758.972,2005.696,42.61866666666667,1.9746666666666666,1.2733333333333334,2.992,1.4693333333333334,1.7013333333333334,1.328,148
1013758.972,2005.696,42.61866666666667,1.9746666666666666,1.2733333333333334,2.992,1.4693333333333334,1.7013333333333334,1.328,74
1013758.972,2005.696,42.61866666666667,1.9746666666666666,1.2733333333333334,2.992,1.4693333333333334,1.7013333333333334,1.328,148
1013758.972,2005.696,42.61866666666667,1.9746666666666666,1.2733333333333334,2.992,1.4693333333333334,1.7013333333333334,1.328,74
1013758.972,2005.696,42.61866666666667,1.9746666666666666,1.2733333333333334,2.992,1.4693333333333334,1.7013333333333334,1.328,100
1013758.972,2005.696,42.61866666666667,1.9746666666666666,1.2733333333333334,2.992,1.4693333333333334,1.7013333333333334,1.328,81
1013758.972,2005.696,42.61866666666667,1.9746666666666666,1.2733333333333334,2.992,1.4693333333333334,1.7013333333333334,1.328,100
1013758.972,2005.696,42.61866666666667,1.9746666666666666,1.2733333333333334,2.992,1.4693333333333334,1.7013333333333334,1.328,88
1013758.972,2005.696,42.61866666666667,1.9746666666666666,1.2733333333333334,2.992,1.4693333333333334,1.7013333333333334,1.328,123
1013758.972,2005.696,42.61866666666667,1.9746666666666666,1.2733333333333334,2.992,1.4693333333333334,1.7013333333333334,1.328,148
1013758.972,2005.696,42.61866666666667,1.9746666666666666,1.2733333333333334,2.992,1.4693333333333334,1.7013333333333334,1.328,85
1013758.972,2005.696,42.61866666666667,1.9746666666666666,1.2733333333333334,2.992,1.4693333333333334,1.7013333333333334,1.328,148
1013758.972,2005.696,42.61866666666667,1.9746666666666666,1.2733333333333334,2.992,1.4693333333333334,1.7013333333333334,1.328,114
1013758.972,2005.696,42.61866666666667,1.9746666666666666,1.2733333333333334,2.992,1.4693333333333334,1.7013333333333334,1.328,81
1013758.972,2005.696,42.61866666666667,1.9746666666666666,1.2733333333333334,2.992,1.4693333333333334,1.7013333333333334,1.328,74
1013758.972,2005.696,42.61866666666667,1.9746666666666666,1.2733333333333334,2.992,1.4693333333333334,1.7013333333333334,1.328,119
1013758.972,2005.696,42.61866666666667,1.9746666666666666,1.2733333333333334,2.992,1.4693333333333334,1.7013333333333334,1.328,88
1013758.972,2005.696,42.61866666666667,1.9746666666666666,1.2733333333333334,2.992,1.4693333333333334,1.7013333333333334,1.328,97
1013758.972,2005.696,42.61866666666667,1.9746666666666666,1.2733333333333334,2.992,1.4693333333333334,1.7013333333333334,1.328,135
1013758.972,2005.696,42.61866666666667,1.9746666666666666,1.2733333333333334,2.992,1.4693333333333334,1.7013333333333334,1.328,74
1013758.972,2005.696,42.61866666666667,1.9746666666666666,1.2733333333333334,2.992,1.4693333333333334,1.7013333333333334,1.328,114
1013758.972,2005.696,42.61866666666667,1.9746666666666666,1.2733333333333334,2.992,1.4693333333333334,1.7013333333333334,1.328,48
1013758.972,2005.696,42.61866666666667,1.9746666666666666,1.2733333333333334,2.992,1.4693333333333334,1.7013333333333334,1.328,148
1013758.972,2005.696,42.61866666666667,1.9746666666666666,1.2733333333333334,2.992,1.4693333333333334,1.7013333333333334,1.328,74
1013758.972,2005.696,42.61866666666667,1.9746666666666666,1.2733333333333334,2.992,1.4693333333333334,1.7013333333333334,1.328,110
1013758.972,2005.696,42.61866666666667,1.9746666666666666,1.2733333333333334,2.992,1.4693333333333334,1.7013333333333334,1.328,89
1013758.972,2005.696,42.61866666666667,1.9746666666666666,1.2733333333333334,2.992,1.4693333333333334,1.7013333333333334,1.328,110
1013758.972,2005.696,42.61866666666667,1.9746666666666666,1.2733333333333334,2.992,1.4693333333333334,1.7013333333333334,1.328,131
1013758.972,2005.696,42.61866666666667,1.9746666666666666,1.2733333333333334,2.992,1.4693333333333334,1.7013333333333334,1.328,74
1013758.972,2005.696,42.61866666666667,1.9746666666666666,1.2733333333333334,2.992,1.4693333333333334,1.7013333333333334,1.328,85
1013758.972,2005.696,42.61866666666667,1.9746666666666666,1.2733333333333334,2.992,1.4693333333333334,1.7013333333333334,1.328,24
1013758.972,2005.696,42.61866666666667,1.9746666666666666,1.2733333333333334,2.992,1.4693333333333334,1.7013333333333334,1.328,182
1013758.972,2005.696,42.61866666666667,1.9746666666666666,1.2733333333333334,2.992,1.4693333333333334,1.7013333333333334,1.328,93
1013758.972,2005.696,42.61866666666667,1.9746666666666666,1.2733333333333334,2.992,1.4693333333333334,1.7013333333333334,1.328,35
1013758.972,2005.696,42.61866666666667,1.9746666666666666,1.2733333333333334,2.992,1.4693333333333334,1.7013333333333334,1.328,69
1013758.972,2005.696,42.61866666666667,1.9746666666666666,1.2733333333333334,2.992,1.4693333333333334,1.7013333333333334,1.328,137
1013758.972,2005.696,42.61866666666667,1.9746666666666666,1.2733333333333334,2.992,1.4693333333333334,1.7013333333333334,1.328,114
1013758.972,2005.696,42.61866666666667,1.9746666666666666,1.2733333333333334,2.992,1.4693333333333334,1.7013333333333334,1.328,85
1013758.972,2005.696,42.61866666666667,1.9746666666666666,1.2733333333333334,2.992,1.4693333333333334,1.7013333333333334,1.328,88
1013758.972,2005.696,42.61866666666667,1.9746666666666666,1.2733333333333334,2.992,1.4693333333333334,1.7013333333333334,1.328,100
1013758.972,2005.696,42.61866666666667,1.9746666666666666,1.2733333333333334,2.992,1.4693333333333334,1.7013333333333334,1.328,148
1013758.972,2005.696,42.61866666666667,1.9746666666666666,1.2733333333333334,2.992,1.4693333333333334,1.7013333333333334,1.328,81
1013758.972,2005.696,42.61866666666667,1.9746666666666666,1.2733333333333334,2.992,1.4693333333333334,1.7013333333333334,1.328,114
1013758.972,2005.696,42.61866666666667,1.9746666666666666,1.2733333333333334,2.992,1.4693333333333334,1.7013333333333334,1.328,161
1013758.972,2005.696,42.61866666666667,1.9746666666666666,1.2733333333333334,2.992,1.4693333333333334,1.7013333333333334,1.328,85
1013758.972,2005.696,42.61866666666667,1.9746666666666666,1.2733333333333334,2.992,1.4693333333333334,1.7013333333333334,1.328,74
1013758.972,2005.696,42.61866666666667,1.9746666666666666,1.2733333333333334,2.992,1.4693333333333334,1.7013333333333334,1.328,29
1013758.972,2005.696,42.61866666666667,1.9746666666666666,1.2733333333333334,2.992,1.4693333333333334,1.7013333333333334,1.328,74
1013758.972,2005.696,42.61866666666667,1.9746666666666666,1.2733333333333334,2.992,1.4693333333333334,1.7013333333333334,1.328,88
1013758.972,2005.696,42.61866666666667,1.9746666666666666,1.2733333333333334,2.992,1.4693333333333334,1.7013333333333334,1.328,148
1013758.972,2005.696,42.61866666666667,1.9746666666666666,1.2733333333333334,2.992,1.4693333333333334,1.7013333333333334,1.328,100
1013758.972,2005.696,42.61866666666667,1.9746666666666666,1.2733333333333334,2.992,1.4693333333333334,1.7013333333333334,1.328,88
1013758.972,2005.696,42.61866666666667,1.9746666666666666,1.2733333333333334,2.992,1.4693333333333334,1.7013333333333334,1.328,127
1013758.972,2005.696,42.61866666666667,1.9746666666666666,1.2733333333333334,2.992,1.4693333333333334,1.7013333333333334,1.328,24
1013758.972,2005.696,42.61866666666667,1.9746666666666666,1.2733333333333334,2.992,1.4693333333333334,1.7013333333333334,1.328,121
1013758.972,2005.696,42.61866666666667,1.9746666666666666,1.2733333333333334,2.992,1.4693333333333334,1.7013333333333334,1.328,55
1013758.972,2005.696,42.61866666666667,1.9746666666666666,1.2733333333333334,2.992,1.4693333333333334,1.7013333333333334,1.328,55
1013758.972,2005.696,42.61866666666667,1.9746666666666666,1.2733333333333334,2.992,1.4693333333333334,1.7013333333333334,1.328,88
1013758.972,2005.696,42.61866666666667,1.9746666666666666,1.2733333333333334,2.992,1.4693333333333334,1.7013333333333334,1.328,127
1013758.972,2005.696,42.61866666666667,1.9746666666666666,1.2733333333333334,2.992,1.4693333333333334,1.7013333333333334,1.328,137
1013758.972,2005.696,42.61866666666667,1.9746666666666666,1.2733333333333334,2.992,1.4693333333333334,1.7013333333333334,1.328,70
1013758.972,2005.696,42.61866666666667,1.9746666666666666,1.2733333333333334,2.992,1.4693333333333334,1.7013333333333334,1.328,142
1013758.972,2005.696,42.61866666666667,1.9746666666666666,1.2733333333333334,2.992,1.4693333333333334,1.7013333333333334,1.328,97
1013758.972,2005.696,42.61866666666667,1.9746666666666666,1.2733333333333334,2.992,1.4693333333333334,1.7013333333333334,1.328,114
1013758.972,2005.696,42.61866666666667,1.9746666666666666,1.2733333333333334,2.992,1.4693333333333334,1.7013333333333334,1.328,127
1013758.972,2005.696,42.61866666666667,1.9746666666666666,1.2733333333333334,2.992,1.4693333333333334,1.7013333333333334,1.328,114
1013758.972,2005.696,42.61866666666667,1.9746666666666666,1.2733333333333334,2.992,1.4693333333333334,1.7013333333333334,1.328,97
1013758.972,2005.696,42.61866666666667,1.9746666666666666,1.2733333333333334,2.992,1.4693333333333334,1.7013333333333334,1.328,100
1013758.972,2005.696,42.61866666666667,1.9746666666666666,1.2733333333333334,2.992,1.4693333333333334,1.7013333333333334,1.328,84
1013758.972,2005.696,42.61866666666667,1.9746666666666666,1.2733333333333334,2.992,1.4693333333333334,1.7013333333333334,1.328,115
1013758.972,2005.696,42.61866666666667,1.9746666666666666,1.2733333333333334,2.992,1.4693333333333334,1.7013333333333334,1.328,119
1013758.972,2005.696,42.61866666666667,1.9746666666666666,1.2733333333333334,2.992,1.4693333333333334,1.7013333333333334,1.328,278
1013758.972,2005.696,42.61866666666667,1.9746666666666666,1.2733333333333334,2.992,1.4693333333333334,1.7013333333333334,1.328,90
1013758.972,2005.696,42.61866666666667,1.9746666666666666,1.2733333333333334,2.992,1.4693333333333334,1.7013333333333334,1.328,161
1013758.972,2005.696,42.61866666666667,1.9746666666666666,1.2733333333333334,2.992,1.4693333333333334,1.7013333333333334,1.328,100
1013758.972,2005.696,42.61866666666667,1.9746666666666666,1.2733333333333334,2.992,1.4693333333333334,1.7013333333333334,1.328,192
1013758.972,2005.696,42.61866666666667,1.9746666666666666,1.2733333333333334,2.992,1.4693333333333334,1.7013333333333334,1.328,100
1013758.972,2005.696,42.61866666666667,1.9746666666666666,1.2733333333333334,2.992,1.4693333333333334,1.7013333333333334,1.328,268
1013758.972,2005.696,42.61866666666667,1.9746666666666666,1.2733333333333334,2.992,1.4693333333333334,1.7013333333333334,1.328,138
1013758.972,2005.696,42.61866666666667,1.9746666666666666,1.2733333333333334,2.992,1.4693333333333334,1.7013333333333334,1.328,123
1013758.972,2005.696,42.61866666666667,1.9746666666666666,1.2733333333333334,2.992,1.4693333333333334,1.7013333333333334,1.328,85
1013758.972,2005.696,42.61866666666667,1.9746666666666666,1.2733333333333334,2.992,1.4693333333333334,1.7013333333333334,1.328,74
1013758.972,2005.696,42.61866666666667,1.9746666666666666,1.2733333333333334,2.992,1.4693333333333334,1.7013333333333334,1.328,148
1013758.972,2005.696,42.61866666666667,1.9746666666666666,1.2733333333333334,2.992,1.4693333333333334,1.7013333333333334,1.328,136
1013758.972,2005.696,42.61866666666667,1.9746666666666666,1.2733333333333334,2.992,1.4693333333333334,1.7013333333333334,1.328,93
1013758.972,2005.696,42.61866666666667,1.9746666666666666,1.2733333333333334,2.992,1.4693333333333334,1.7013333333333334,1.328,164
1013758.972,2005.696,42.61866666666667,1.9746666666666666,1.2733333333333334,2.992,1.4693333333333334,1.7013333333333334,1.328,180
1013758.972,2005.696,42.61866666666667,1.9746666666666666,1.2733333333333334,2.992,1.4693333333333334,1.7013333333333334,1.328,37
1013758.972,2005.696,42.61866666666667,1.9746666666666666,1.2733333333333334,2.992,1.4693333333333334,1.7013333333333334,1.328,117
1013758.972,2005.696,42.61866666666667,1.9746666666666666,1.2733333333333334,2.992,1.4693333333333334,1.7013333333333334,1.328,88
1013758.972,2005.696,42.61866666666667,1.9746666666666666,1.2733333333333334,2.992,1.4693333333333334,1.7013333333333334,1.328,142
1013758.972,2005.696,42.61866666666667,1.9746666666666666,1.2733333333333334,2.992,1.4693333333333334,1.7013333333333334,1.328,277
1013758.972,2005.696,42.61866666666667,1.9746666666666666,1.2733333333333334,2.992,1.4693333333333334,1.7013333333333334,1.328,79
1013758.972,2005.696,42.61866666666667,1.9746666666666666,1.2733333333333334,2.992,1.4693333333333334,1.7013333333333334,1.328,148
1013758.972,2005.696,42.61866666666667,1.9746666666666666,1.2733333333333334,2.992,1.4693333333333334,1.7013333333333334,1.328,97
1013758.972,2005.696,42.61866666666667,1.9746666666666666,1.2733333333333334,2.992,1.4693333333333334,1.7013333333333334,1.328,110
1013758.972,2005.696,42.61866666666667,1.9746666666666666,1.2733333333333334,2.992,1.4693333333333334,1.7013333333333334,1.328,110
1013758.972,2005.696,42.61866666666667,1.9746666666666666,1.2733333333333334,2.992,1.4693333333333334,1.7013333333333334,1.328,121
1013758.972,2005.696,42.61866666666667,1.9746666666666666,1.2733333333333334,2.992,1.4693333333333334,1.7013333333333334,1.328,164
1013758.972,2005.696,42.61866666666667,1.9746666666666666,1.2733333333333334,2.992,1.4693333333333334,1.7013333333333334,1.328,119
1013758.972,2005.696,42.61866666666667,1.9746666666666666,1.2733333333333334,2.992,1.4693333333333334,1.7013333333333334,1.328,74
1013758.972,2005.696,42.61866666666667,1.9746666666666666,1.2733333333333334,2.992,1.4693333333333334,1.7013333333333334,1.328,94
1013758.972,2005.696,42.61866666666667,1.9746666666666666,1.2733333333333334,2.992,1.4693333333333334,1.7013333333333334,1.328,74
1013758.972,2005.696,42.61866666666667,1.9746666666666666,1.2733333333333334,2.992,1.4693333333333334,1.7013333333333334,1.328,100
1013758.972,2005.696,42.61866666666667,1.9746666666666666,1.2733333333333334,2.992,1.4693333333333334,1.7013333333333334,1.328,44
1013758.972,2005.696,42.61866666666667,1.9746666666666666,1.2733333333333334,2.992,1.4693333333333334,1.7013333333333334,1.328,74
1013758.972,2005.696,42.61866666666667,1.9746666666666666,1.2733333333333334,2.992,1.4693333333333334,1.7013333333333334,1.328,85
1013758.972,2005.696,42.61866666666667,1.9746666666666666,1.2733333333333334,2.992,1.4693333333333334,1.7013333333333334,1.328,121
1013758.972,2005.696,42.61866666666667,1.9746666666666666,1.2733333333333334,2.992,1.4693333333333334,1.7013333333333334,1.328,112
1013758.972,2005.696,42.61866666666667,1.9746666666666666,1.2733333333333334,2.992,1.4693333333333334,1.7013333333333334,1.328,111
1013758.972,2005.696,42.61866666666667,1.9746666666666666,1.2733333333333334,2.992,1.4693333333333334,1.7013333333333334,1.328,138
1013758.972,2005.696,42.61866666666667,1.9746666666666666,1.2733333333333334,2.992,1.4693333333333334,1.7013333333333334,1.328,70
1013758.972,2005.696,42.61866666666667,1.9746666666666666,1.2733333333333334,2.992,1.4693333333333334,1.7013333333333334,1.328,74
1013758.972,2005.696,42.61866666666667,1.9746666666666666,1.2733333333333334,2.992,1.4693333333333334,1.7013333333333334,1.328,121
1013758.972,2005.696,42.61866666666667,1.9746666666666666,1.2733333333333334,2.992,1.4693333333333334,1.7013333333333334,1.328,110
1013758.972,2005.696,42.61866666666667,1.9746666666666666,1.2733333333333334,2.992,1.4693333333333334,1.7013333333333334,1.328,135
1013758.972,2005.696,42.61866666666667,1.9746666666666666,1.2733333333333334,2.992,1.4693333333333334,1.7013333333333334,1.328,85
1013758.972,2005.696,42.61866666666667,1.9746666666666666,1.2733333333333334,2.992,1.4693333333333334,1.7013333333333334,1.328,148
1013758.972,2005.696,42.61866666666667,1.9746666666666666,1.2733333333333334,2.992,1.4693333333333334,1.7013333333333334,1.328,148
1013758.972,2005.696,42.61866666666667,1.9746666666666666,1.2733333333333334,2.992,1.4693333333333334,1.7013333333333334,1.328,112
1013758.972,2005.696,42.61866666666667,1.9746666666666666,1.2733333333333334,2.992,1.4693333333333334,1.7013333333333334,1.328,135
1013758.972,2005.696,42.61866666666667,1.9746666666666666,1.2733333333333334,2.992,1.4693333333333334,1.7013333333333334,1.328,127
1013758.972,2005.696,42.61866666666667,1.9746666666666666,1.2733333333333334,2.992,1.4693333333333334,1.7013333333333334,1.328,74
1013758.972,2005.696,42.61866666666667,1.9746666666666666,1.2733333333333334,2.992,1.4693333333333334,1.7013333333333334,1.328,66
1013758.972,2005.696,42.61866666666667,1.9746666666666666,1.2733333333333334,2.992,1.4693333333333334,1.7013333333333334,1.328,119
1013758.972,2005.696,42.61866666666667,1.9746666666666666,1.2733333333333334,2.992,1.4693333333333334,1.7013333333333334,1.328,88
1013758.972,2005.696,42.61866666666667,1.9746666666666666,1.2733333333333334,2.992,1.4693333333333334,1.7013333333333334,1.328,97
1013758.972,2005.696,42.61866666666667,1.9746666666666666,1.2733333333333334,2.992,1.4693333333333334,1.7013333333333334,1.328,119
1013758.972,2005.696,42.61866666666667,1.9746666666666666,1.2733333333333334,2.992,1.4693333333333334,1.7013333333333334,1.328,110
1013758.972,2005.696,42.61866666666667,1.9746666666666666,1.2733333333333334,2.992,1.4693333333333334,1.7013333333333334,1.328,182
1013758.972,2005.696,42.61866666666667,1.9746666666666666,1.2733333333333334,2.992,1.4693333333333334,1.7013333333333334,1.328,48
1013758.972,2005.696,42.61866666666667,1.9746666666666666,1.2733333333333334,2.992,1.4693333333333334,1.7013333333333334,1.328,81
1013758.972,2005.696,42.61866666666667,1.9746666666666666,1.2733333333333334,2.992,1.4693333333333334,1.7013333333333334,1.328,74
1013758.972,2005.696,42.61866666666667,1.9746666666666666,1.2733333333333334,2.992,1.4693333333333334,1.7013333333333334,1.328,85
1013758.972,2005.696,42.61866666666667,1.9746666666666666,1.2733333333333334,2.992,1.4693333333333334,1.7013333333333334,1.328,88
1013758.972,2005.696,42.61866666666667,1.9746666666666666,1.2733333333333334,2.992,1.4693333333333334,1.7013333333333334,1.328,64
1013758.972,2005.696,42.61866666666667,1.9746666666666666,1.2733333333333334,2.992,1.4693333333333334,1.7013333333333334,1.328,119
1013758.972,2005.696,42.61866666666667,1.9746666666666666,1.2733333333333334,2.992,1.4693333333333334,1.7013333333333334,1.328,84
1013758.972,2005.696,42.61866666666667,1.9746666666666666,1.2733333333333334,2.992,1.4693333333333334,1.7013333333333334,1.328,119
1013758.972,2005.696,42.61866666666667,1.9746666666666666,1.2733333333333334,2.992,1.4693333333333334,1.7013333333333334,1.328,94
1013758.972,2005.696,42.61866666666667,1.9746666666666666,1.2733333333333334,2.992,1.4693333333333334,1.7013333333333334,1.328,119
1013758.972,2005.696,42.61866666666667,1.9746666666666666,1.2733333333333334,2.992,1.4693333333333334,1.7013333333333334,1.328,135
1013758.972,2005.696,42.61866666666667,1.9746666666666666,1.2733333333333334,2.992,1.4693333333333334,1.7013333333333334,1.328,278
1013758.972,2005.696,42.61866666666667,1.9746666666666666,1.2733333333333334,2.992,1.4693333333333334,1.7013333333333334,1.328,94
1013758.972,2005.696,42.61866666666667,1.9746666666666666,1.2733333333333334,2.992,1.4693333333333334,1.7013333333333334,1.328,94
1013758.972,2005.696,42.61866666666667,1.9746666666666666,1.2733333333333334,2.992,1.4693333333333334,1.7013333333333334,1.328,74
1013758.972,2005.696,42.61866666666667,1.9746666666666666,1.2733333333333334,2.992,1.4693333333333334,1.7013333333333334,1.328,138
1013758.972,2005.696,42.61866666666667,1.9746666666666666,1.2733333333333334,2.992,1.4693333333333334,1.7013333333333334,1.328,74
1013758.972,2005.696,42.61866666666667,1.9746666666666666,1.2733333333333334,2.992,1.4693333333333334,1.7013333333333334,1.328,89
1013758.972,2005.696,42.61866666666667,1.9746666666666666,1.2733333333333334,2.992,1.4693333333333334,1.7013333333333334,1.328,164
1013758.972,2005.696,42.61866666666667,1.9746666666666666,1.2733333333333334,2.992,1.4693333333333334,1.7013333333333334,1.328,81
1013758.972,2005.696,42.61866666666667,1.9746666666666666,1.2733333333333334,2.992,1.4693333333333334,1.7013333333333334,1.328,88
1013758.972,2005.696,42.61866666666667,1.9746666666666666,1.2733333333333334,2.992,1.4693333333333334,1.7013333333333334,1.328,114
1013758.972,2005.696,42.61866666666667,1.9746666666666666,1.2733333333333334,2.992,1.4693333333333334,1.7013333333333334,1.328,119
1013758.972,2005.696,42.61866666666667,1.9746666666666666,1.2733333333333334,2.992,1.4693333333333334,1.7013333333333334,1.328,123
1013758.972,2005.696,42.61866666666667,1.9746666666666666,1.2733333333333334,2.992,1.4693333333333334,1.7013333333333334,1.328,89
