979304.8210784313,2005.7941176470588,42.705882352941174,1.9142156862745099,1.2696078431372548,3.3676470588235294,1.536764705882353,1.7475490196078431,1.2794117647058822,88
979304.8210784313,2005.7941176470588,42.705882352941174,1.9142156862745099,1.2696078431372548,3.3676470588235294,1.536764705882353,1.7475490196078431,1.2794117647058822,23
979304.8210784313,2005.7941176470588,42.705882352941174,1.9142156862745099,1.2696078431372548,3.3676470588235294,1.536764705882353,1.7475490196078431,1.2794117647058822,129
979304.8210784313,2005.7941176470588,42.705882352941174,1.9142156862745099,1.2696078431372548,3.3676470588235294,1.536764705882353,1.7475490196078431,1.2794117647058822,119
979304.8210784313,2005.7941176470588,42.705882352941174,1.9142156862745099,1.2696078431372548,3.3676470588235294,1.536764705882353,1.7475490196078431,1.2794117647058822,123
979304.8210784313,2005.7941176470588,42.705882352941174,1.9142156862745099,1.2696078431372548,3.3676470588235294,1.536764705882353,1.7475490196078431,1.2794117647058822,140
979304.8210784313,2005.7941176470588,42.705882352941174,1.9142156862745099,1.2696078431372548,3.3676470588235294,1.536764705882353,1.7475490196078431,1.2794117647058822,158
979304.8210784313,2005.7941176470588,42.705882352941174,1.9142156862745099,1.2696078431372548,3.3676470588235294,1.536764705882353,1.7475490196078431,1.2794117647058822,152
979304.8210784313,2005.7941176470588,42.705882352941174,1.9142156862745099,1.2696078431372548,3.3676470588235294,1.536764705882353,1.7475490196078431,1.2794117647058822,119
979304.8210784313,2005.7941176470588,42.705882352941174,1.9142156862745099,1.2696078431372548,3.3676470588235294,1.536764705882353,1.7475490196078431,1.2794117647058822,119
979304.8210784313,2005.7941176470588,42.705882352941174,1.9142156862745099,1.2696078431372548,3.3676470588235294,1.536764705882353,1.7475490196078431,1.2794117647058822,129
979304.8210784313,2005.7941176470588,42.705882352941174,1.9142156862745099,1.2696078431372548,3.3676470588235294,1.536764705882353,1.7475490196078431,1.2794117647058822,177
979304.8210784313,2005.7941176470588,42.705882352941174,1.9142156862745099,1.2696078431372548,3.3676470588235294,1.536764705882353,1.7475490196078431,1.2794117647058822,131
979304.8210784313,2005.7941176470588,42.705882352941174,1.9142156862745099,1.2696078431372548,3.3676470588235294,1.536764705882353,1.7475490196078431,1.2794117647058822,100
979304.8210784313,2005.7941176470588,42.705882352941174,1.9142156862745099,1.2696078431372548,3.3676470588235294,1.536764705882353,1.7475490196078431,1.2794117647058822,131
979304.8210784313,2005.7941176470588,42.705882352941174,1.9142156862745099,1.2696078431372548,3.3676470588235294,1.536764705882353,1.7475490196078431,1.2794117647058822,116
979304.8210784313,2005.7941176470588,42.705882352941174,1.9142156862745099,1.2696078431372548,3.3676470588235294,1.536764705882353,1.7475490196078431,1.2794117647058822,272
979304.8210784313,2005.7941176470588,42.705882352941174,1.9142156862745099,1.2696078431372548,3.3676470588235294,1.536764705882353,1.7475490196078431,1.2794117647058822,117
979304.8210784313,2005.7941176470588,42.705882352941174,1.9142156862745099,1.2696078431372548,3.3676470588235294,1.536764705882353,1.7475490196078431,1.2794117647058822,100
979304.8210784313,2005.7941176470588,42.705882352941174,1.9142156862745099,1.2696078431372548,3.3676470588235294,1.536764705882353,1.7475490196078431,1.2794117647058822,80
979304.8210784313,2005.7941176470588,42.705882352941174,1.9142156862745099,1.2696078431372548,3.3676470588235294,1.536764705882353,1.7475490196078431,1.2794117647058822,148
979304.8210784313,2005.7941176470588,42.705882352941174,1.9142156862745099,1.2696078431372548,3.3676470588235294,1.536764705882353,1.7475490196078431,1.2794117647058822,65
979304.8210784313,2005.7941176470588,42.705882352941174,1.9142156862745099,1.2696078431372548,3.3676470588235294,1.536764705882353,1.7475490196078431,1.2794117647058822,201
979304.8210784313,2005.7941176470588,42.705882352941174,1.9142156862745099,1.2696078431372548,3.3676470588235294,1.536764705882353,1.7475490196078431,1.2794117647058822,129
979304.8210784313,2005.7941176470588,42.705882352941174,1.9142156862745099,1.2696078431372548,3.3676470588235294,1.536764705882353,1.7475490196078431,1.2794117647058822,119
979304.8210784313,2005.7941176470588,42.705882352941174,1.9142156862745099,1.2696078431372548,3.3676470588235294,1.536764705882353,1.7475490196078431,1.2794117647058822,90
979304.8210784313,2005.7941176470588,42.705882352941174,1.9142156862745099,1.2696078431372548,3.3676470588235294,1.536764705882353,1.7475490196078431,1.2794117647058822,127
979304.8210784313,2005.7941176470588,42.705882352941174,1.9142156862745099,1.2696078431372548,3.3676470588235294,1.536764705882353,1.7475490196078431,1.2794117647058822,201
979304.8210784313,2005.7941176470588,42.705882352941174,1.9142156862745099,1.2696078431372548,3.3676470588235294,1.536764705882353,1.7475490196078431,1.2794117647058822,129
979304.8210784313,2005.7941176470588,42.705882352941174,1.9142156862745099,1.2696078431372548,3.3676470588235294,1.536764705882353,1.7475490196078431,1.2794117647058822,84
979304.8210784313,2005.7941176470588,42.705882352941174,1.9142156862745099,1.2696078431372548,3.3676470588235294,1.536764705882353,1.7475490196078431,1.2794117647058822,153
979304.8210784313,2005.7941176470588,42.705882352941174,1.9142156862745099,1.2696078431372548,3.3676470588235294,1.536764705882353,1.7475490196078431,1.2794117647058822,119
979304.8210784313,2005.7941176470588,42.705882352941174,1.9142156862745099,1.2696078431372548,3.3676470588235294,1.536764705882353,1.7475490196078431,1.2794117647058822,81
979304.8210784313,2005.7941176470588,42.705882352941174,1.9142156862745099,1.2696078431372548,3.3676470588235294,1.536764705882353,1.7475490196078431,1.2794117647058822,155
979304.8210784313,2005.7941176470588,42.705882352941174,1.9142156862745099,1.2696078431372548,3.3676470588235294,1.536764705882353,1.7475490196078431,1.2794117647058822,116
979304.8210784313,2005.7941176470588,42.705882352941174,1.9142156862745099,1.2696078431372548,3.3676470588235294,1.536764705882353,1.7475490196078431,1.2794117647058822,114
979304.8210784313,2005.7941176470588,42.705882352941174,1.9142156862745099,1.2696078431372548,3.3676470588235294,1.536764705882353,1.7475490196078431,1.2794117647058822,201
979304.8210784313,2005.7941176470588,42.705882352941174,1.9142156862745099,1.2696078431372548,3.3676470588235294,1.536764705882353,1.7475490196078431,1.2794117647058822,182
979304.8210784313,2005.7941176470588,42.705882352941174,1.9142156862745099,1.2696078431372548,3.3676470588235294,1.536764705882353,1.7475490196078431,1.2794117647058822,187
979304.8210784313,2005.7941176470588,42.705882352941174,1.9142156862745099,1.2696078431372548,3.3676470588235294,1.536764705882353,1.7475490196078431,1.2794117647058822,72
979304.8210784313,2005.7941176470588,42.705882352941174,1.9142156862745099,1.2696078431372548,3.3676470588235294,1.536764705882353,1.7475490196078431,1.2794117647058822,152
979304.8210784313,2005.7941176470588,42.705882352941174,1.9142156862745099,1.2696078431372548,3.3676470588235294,1.536764705882353,1.7475490196078431,1.2794117647058822,161
979304.8210784313,2005.7941176470588,42.705882352941174,1.9142156862745099,1.2696078431372548,3.3676470588235294,1.536764705882353,1.7475490196078431,1.2794117647058822,129
979304.8210784313,2005.7941176470588,42.705882352941174,1.9142156862745099,1.2696078431372548,3.3676470588235294,1.536764705882353,1.7475490196078431,1.2794117647058822,88
979304.8210784313,2005.7941176470588,42.705882352941174,1.9142156862745099,1.2696078431372548,3.3676470588235294,1.536764705882353,1.7475490196078431,1.2794117647058822,94
979304.8210784313,2005.7941176470588,42.705882352941174,1.9142156862745099,1.2696078431372548,3.3676470588235294,1.536764705882353,1.7475490196078431,1.2794117647058822,129
979304.8210784313,2005.7941176470588,42.705882352941174,1.9142156862745099,1.2696078431372548,3.3676470588235294,1.536764705882353,1.7475490196078431,1.2794117647058822,268
979304.8210784313,2005.7941176470588,42.705882352941174,1.9142156862745099,1.2696078431372548,3.3676470588235294,1.536764705882353,1.7475490196078431,1.2794117647058822,272
979304.8210784313,2005.7941176470588,42.705882352941174,1.9142156862745099,1.2696078431372548,3.3676470588235294,1.536764705882353,1.7475490196078431,1.2794117647058822,131
979304.8210784313,2005.7941176470588,42.705882352941174,1.9142156862745099,1.2696078431372548,3.3676470588235294,1.536764705882353,1.7475490196078431,1.2794117647058822,94
979304.8210784313,2005.7941176470588,42.705882352941174,1.9142156862745099,1.2696078431372548,3.3676470588235294,1.536764705882353,1.7475490196078431,1.2794117647058822,72
979304.8210784313,2005.7941176470588,42.705882352941174,1.9142156862745099,1.2696078431372548,3.3676470588235294,1.536764705882353,1.7475490196078431,1.2794117647058822,142
979304.8210784313,2005.7941176470588,42.705882352941174,1.9142156862745099,1.2696078431372548,3.3676470588235294,1.536764705882353,1.7475490196078431,1.2794117647058822,158
979304.8210784313,2005.7941176470588,42.705882352941174,1.9142156862745099,1.2696078431372548,3.3676470588235294,1.536764705882353,1.7475490196078431,1.2794117647058822,112
979304.8210784313,2005.7941176470588,42.705882352941174,1.9142156862745099,1.2696078431372548,3.3676470588235294,1.536764705882353,1.7475490196078431,1.2794117647058822,142
979304.8210784313,2005.7941176470588,42.705882352941174,1.9142156862745099,1.2696078431372548,3.3676470588235294,1.536764705882353,1.7475490196078431,1.2794117647058822,117
979304.8210784313,2005.7941176470588,42.705882352941174,1.9142156862745099,1.2696078431372548,3.3676470588235294,1.536764705882353,1.7475490196078431,1.2794117647058822,119
979304.8210784313,2005.7941176470588,42.705882352941174,1.9142156862745099,1.2696078431372548,3.3676470588235294,1.536764705882353,1.7475490196078431,1.2794117647058822,155
979304.8210784313,2005.7941176470588,42.705882352941174,1.9142156862745099,1.2696078431372548,3.3676470588235294,1.536764705882353,1.7475490196078431,1.2794117647058822,148
979304.8210784313,2005.7941176470588,42.705882352941174,1.9142156862745099,1.2696078431372548,3.3676470588235294,1.536764705882353,1.7475490196078431,1.2794117647058822,155
979304.8210784313,2005.7941176470588,42.705882352941174,1.9142156862745099,1.2696078431372548,3.3676470588235294,1.536764705882353,1.7475490196078431,1.2794117647058822,50
979304.8210784313,2005.7941176470588,42.705882352941174,1.9142156862745099,1.2696078431372548,3.3676470588235294,1.536764705882353,1.7475490196078431,1.2794117647058822,123
979304.8210784313,2005.7941176470588,42.705882352941174,1.9142156862745099,1.2696078431372548,3.3676470588235294,1.536764705882353,1.7475490196078431,1.2794117647058822,119
979304.8210784313,2005.7941176470588,42.705882352941174,1.9142156862745099,1.2696078431372548,3.3676470588235294,1.536764705882353,1.7475490196078431,1.2794117647058822,102
979304.8210784313,2005.7941176470588,42.705882352941174,1.9142156862745099,1.2696078431372548,3.3676470588235294,1.536764705882353,1.7475490196078431,1.2794117647058822,89
979304.8210784313,2005.7941176470588,42.705882352941174,1.9142156862745099,1.2696078431372548,3.3676470588235294,1.536764705882353,1.7475490196078431,1.2794117647058822,161
979304.8210784313,2005.7941176470588,42.705882352941174,1.9142156862745099,1.2696078431372548,3.3676470588235294,1.536764705882353,1.7475490196078431,1.2794117647058822,115
979304.8210784313,2005.7941176470588,42.705882352941174,1.9142156862745099,1.2696078431372548,3.3676470588235294,1.536764705882353,1.7475490196078431,1.2794117647058822,152
979304.8210784313,2005.7941176470588,42.705882352941174,1.9142156862745099,1.2696078431372548,3.3676470588235294,1.536764705882353,1.7475490196078431,1.2794117647058822,100
979304.8210784313,2005.7941176470588,42.705882352941174,1.9142156862745099,1.2696078431372548,3.3676470588235294,1.536764705882353,1.7475490196078431,1.2794117647058822,72
979304.8210784313,2005.7941176470588,42.705882352941174,1.9142156862745099,1.2696078431372548,3.3676470588235294,1.536764705882353,1.7475490196078431,1.2794117647058822,94
979304.8210784313,2005.7941176470588,42.705882352941174,1.9142156862745099,1.2696078431372548,3.3676470588235294,1.536764705882353,1.7475490196078431,1.2794117647058822,131
979304.8210784313,2005.7941176470588,42.705882352941174,1.9142156862745099,1.2696078431372548,3.3676470588235294,1.536764705882353,1.7475490196078431,1.2794117647058822,129
979304.8210784313,2005.7941176470588,42.705882352941174,1.9142156862745099,1.2696078431372548,3.3676470588235294,1.536764705882353,1.7475490196078431,1.2794117647058822,201
979304.8210784313,2005.7941176470588,42.705882352941174,1.9142156862745099,1.2696078431372548,3.3676470588235294,1.536764705882353,1.7475490196078431,1.2794117647058822,135
979304.8210784313,2005.7941176470588,42.705882352941174,1.9142156862745099,1.2696078431372548,3.3676470588235294,1.536764705882353,1.7475490196078431,1.2794117647058822,81
979304.8210784313,2005.7941176470588,42.705882352941174,1.9142156862745099,1.2696078431372548,3.3676470588235294,1.536764705882353,1.7475490196078431,1.2794117647058822,201
979304.8210784313,2005.7941176470588,42.705882352941174,1.9142156862745099,1.2696078431372548,3.3676470588235294,1.536764705882353,1.7475490196078431,1.2794117647058822,131
979304.8210784313,2005.7941176470588,42.705882352941174,1.9142156862745099,1.2696078431372548,3.3676470588235294,1.536764705882353,1.7475490196078431,1.2794117647058822,100
979304.8210784313,2005.7941176470588,42.705882352941174,1.9142156862745099,1.2696078431372548,3.3676470588235294,1.536764705882353,1.7475490196078431,1.2794117647058822,119
979304.8210784313,2005.7941176470588,42.705882352941174,1.9142156862745099,1.2696078431372548,3.3676470588235294,1.536764705882353,1.7475490196078431,1.2794117647058822,140
979304.8210784313,2005.7941176470588,42.705882352941174,1.9142156862745099,1.2696078431372548,3.3676470588235294,1.536764705882353,1.7475490196078431,1.2794117647058822,187
979304.8210784313,2005.7941176470588,42.705882352941174,1.9142156862745099,1.2696078431372548,3.3676470588235294,1.536764705882353,1.7475490196078431,1.2794117647058822,268
979304.8210784313,2005.7941176470588,42.705882352941174,1.9142156862745099,1.2696078431372548,3.3676470588235294,1.536764705882353,1.7475490196078431,1.2794117647058822,80
979304.8210784313,2005.7941176470588,42.705882352941174,1.9142156862745099,1.2696078431372548,3.3676470588235294,1.536764705882353,1.7475490196078431,1.2794117647058822,117
979304.8210784313,2005.7941176470588,42.705882352941174,1.9142156862745099,1.2696078431372548,3.3676470588235294,1.536764705882353,1.7475490196078431,1.2794117647058822,272
979304.8210784313,2005.7941176470588,42.705882352941174,1.9142156862745099,1.2696078431372548,3.3676470588235294,1.536764705882353,1.7475490196078431,1.2794117647058822,129
979304.8210784313,2005.7941176470588,42.705882352941174,1.9142156862745099,1.2696078431372548,3.3676470588235294,1.536764705882353,1.7475490196078431,1.2794117647058822,89
979304.8210784313,2005.7941176470588,42.705882352941174,1.9142156862745099,1.2696078431372548,3.3676470588235294,1.536764705882353,1.7475490196078431,1.2794117647058822,177
979304.8210784313,2005.7941176470588,42.705882352941174,1.9142156862745099,1.2696078431372548,3.3676470588235294,1.536764705882353,1.7475490196078431,1.2794117647058822,153
979304.8210784313,2005.7941176470588,42.705882352941174,1.9142156862745099,1.2696078431372548,3.3676470588235294,1.536764705882353,1.7475490196078431,1.2794117647058822,152
979304.8210784313,2005.7941176470588,42.705882352941174,1.9142156862745099,1.2696078431372548,3.3676470588235294,1.536764705882353,1.7475490196078431,1.2794117647058822,155
979304.8210784313,2005.7941176470588,42.705882352941174,1.9142156862745099,1.2696078431372548,3.3676470588235294,1.536764705882353,1.7475490196078431,1.2794117647058822,138
979304.8210784313,2005.7941176470588,42.705882352941174,1.9142156862745099,1.2696078431372548,3.3676470588235294,1.536764705882353,1.7475490196078431,1.2794117647058822,182
979304.8210784313,2005.7941176470588,42.705882352941174,1.9142156862745099,1.2696078431372548,3.3676470588235294,1.536764705882353,1.7475490196078431,1.2794117647058822,55
979304.8210784313,2005.7941176470588,42.705882352941174,1.9142156862745099,1.2696078431372548,3.3676470588235294,1.536764705882353,1.7475490196078431,1.2794117647058822,129
979304.8210784313,2005.7941176470588,42.705882352941174,1.9142156862745099,1.2696078431372548,3.3676470588235294,1.536764705882353,1.7475490196078431,1.2794117647058822,114
979304.8210784313,2005.7941176470588,42.705882352941174,1.9142156862745099,1.2696078431372548,3.3676470588235294,1.536764705882353,1.7475490196078431,1.2794117647058822,116
979304.8210784313,2005.7941176470588,42.705882352941174,1.9142156862745099,1.2696078431372548,3.3676470588235294,1.536764705882353,1.7475490196078431,1.2794117647058822,119
979304.8210784313,2005.7941176470588,42.705882352941174,1.9142156862745099,1.2696078431372548,3.3676470588235294,1.536764705882353,1.7475490196078431,1.2794117647058822,90
979304.8210784313,2005.7941176470588,42.705882352941174,1.9142156862745099,1.2696078431372548,3.3676470588235294,1.536764705882353,1.7475490196078431,1.2794117647058822,142
979304.8210784313,2005.7941176470588,42.705882352941174,1.9142156862745099,1.2696078431372548,3.3676470588235294,1.536764705882353,1.7475490196078431,1.2794117647058822,65
979304.8210784313,2005.7941176470588,42.705882352941174,1.9142156862745099,1.2696078431372548,3.3676470588235294,1.536764705882353,1.7475490196078431,1.2794117647058822,66
979304.8210784313,2005.7941176470588,42.705882352941174,1.9142156862745099,1.2696078431372548,3.3676470588235294,1.536764705882353,1.7475490196078431,1.2794117647058822,72
979304.8210784313,2005.7941176470588,42.705882352941174,1.9142156862745099,1.2696078431372548,3.3676470588235294,1.536764705882353,1.7475490196078431,1.2794117647058822,161
979304.8210784313,2005.7941176470588,42.705882352941174,1.9142156862745099,1.2696078431372548,3.3676470588235294,1.536764705882353,1.7475490196078431,1.2794117647058822,84
979304.8210784313,2005.7941176470588,42.705882352941174,1.9142156862745099,1.2696078431372548,3.3676470588235294,1.536764705882353,1.7475490196078431,1.2794117647058822,142
979304.8210784313,2005.7941176470588,42.705882352941174,1.9142156862745099,1.2696078431372548,3.3676470588235294,1.536764705882353,1.7475490196078431,1.2794117647058822,129
979304.8210784313,2005.7941176470588,42.705882352941174,1.9142156862745099,1.2696078431372548,3.3676470588235294,1.536764705882353,1.7475490196078431,1.2794117647058822,94
979304.8210784313,2005.7941176470588,42.705882352941174,1.9142156862745099,1.2696078431372548,3.3676470588235294,1.536764705882353,1.7475490196078431,1.2794117647058822,277
979304.8210784313,2005.7941176470588,42.705882352941174,1.9142156862745099,1.2696078431372548,3.3676470588235294,1.536764705882353,1.7475490196078431,1.2794117647058822,127
979304.8210784313,2005.7941176470588,42.705882352941174,1.9142156862745099,1.2696078431372548,3.3676470588235294,1.536764705882353,1.7475490196078431,1.2794117647058822,94
979304.8210784313,2005.7941176470588,42.705882352941174,1.9142156862745099,1.2696078431372548,3.3676470588235294,1.536764705882353,1.7475490196078431,1.2794117647058822,155
979304.8210784313,2005.7941176470588,42.705882352941174,1.9142156862745099,1.2696078431372548,3.3676470588235294,1.536764705882353,1.7475490196078431,1.2794117647058822,123
979304.8210784313,2005.7941176470588,42.705882352941174,1.9142156862745099,1.2696078431372548,3.3676470588235294,1.536764705882353,1.7475490196078431,1.2794117647058822,74
979304.8210784313,2005.7941176470588,42.705882352941174,1.9142156862745099,1.2696078431372548,3.3676470588235294,1.536764705882353,1.7475490196078431,1.2794117647058822,148
979304.8210784313,2005.7941176470588,42.705882352941174,1.9142156862745099,1.2696078431372548,3.3676470588235294,1.536764705882353,1.7475490196078431,1.2794117647058822,94
979304.8210784313,2005.7941176470588,42.705882352941174,1.9142156862745099,1.2696078431372548,3.3676470588235294,1.536764705882353,1.7475490196078431,1.2794117647058822,123
979304.8210784313,2005.7941176470588,42.705882352941174,1.9142156862745099,1.2696078431372548,3.3676470588235294,1.536764705882353,1.7475490196078431,1.2794117647058822,88
979304.8210784313,2005.7941176470588,42.705882352941174,1.9142156862745099,1.2696078431372548,3.3676470588235294,1.536764705882353,1.7475490196078431,1.2794117647058822,71
979304.8210784313,2005.7941176470588,42.705882352941174,1.9142156862745099,1.2696078431372548,3.3676470588235294,1.536764705882353,1.7475490196078431,1.2794117647058822,158
979304.8210784313,2005.7941176470588,42.705882352941174,1.9142156862745099,1.2696078431372548,3.3676470588235294,1.536764705882353,1.7475490196078431,1.2794117647058822,110
979304.8210784313,2005.7941176470588,42.705882352941174,1.9142156862745099,1.2696078431372548,3.3676470588235294,1.536764705882353,1.7475490196078431,1.2794117647058822,88
979304.8210784313,2005.7941176470588,42.705882352941174,1.9142156862745099,1.2696078431372548,3.3676470588235294,1.536764705882353,1.7475490196078431,1.2794117647058822,142
979304.8210784313,2005.7941176470588,42.705882352941174,1.9142156862745099,1.2696078431372548,3.3676470588235294,1.536764705882353,1.7475490196078431,1.2794117647058822,119
979304.8210784313,2005.7941176470588,42.705882352941174,1.9142156862745099,1.2696078431372548,3.3676470588235294,1.536764705882353,1.7475490196078431,1.2794117647058822,102
979304.8210784313,2005.7941176470588,42.705882352941174,1.9142156862745099,1.2696078431372548,3.3676470588235294,1.536764705882353,1.7475490196078431,1.2794117647058822,227
979304.8210784313,2005.7941176470588,42.705882352941174,1.9142156862745099,1.2696078431372548,3.3676470588235294,1.536764705882353,1.7475490196078431,1.2794117647058822,119
979304.8210784313,2005.7941176470588,42.705882352941174,1.9142156862745099,1.2696078431372548,3.3676470588235294,1.536764705882353,1.7475490196078431,1.2794117647058822,158
979304.8210784313,2005.7941176470588,42.705882352941174,1.9142156862745099,1.2696078431372548,3.3676470588235294,1.536764705882353,1.7475490196078431,1.2794117647058822,148
979304.8210784313,2005.7941176470588,42.705882352941174,1.9142156862745099,1.2696078431372548,3.3676470588235294,1.536764705882353,1.7475490196078431,1.2794117647058822,119
979304.8210784313,2005.7941176470588,42.705882352941174,1.9142156862745099,1.2696078431372548,3.3676470588235294,1.536764705882353,1.7475490196078431,1.2794117647058822,90
979304.8210784313,2005.7941176470588,42.705882352941174,1.9142156862745099,1.2696078431372548,3.3676470588235294,1.536764705882353,1.7475490196078431,1.2794117647058822,102
979304.8210784313,2005.7941176470588,42.705882352941174,1.9142156862745099,1.2696078431372548,3.3676470588235294,1.536764705882353,1.7475490196078431,1.2794117647058822,272
979304.8210784313,2005.7941176470588,42.705882352941174,1.9142156862745099,1.2696078431372548,3.3676470588235294,1.536764705882353,1.7475490196078431,1.2794117647058822,119
979304.8210784313,2005.7941176470588,42.705882352941174,1.9142156862745099,1.2696078431372548,3.3676470588235294,1.536764705882353,1.7475490196078431,1.2794117647058822,119
979304.8210784313,2005.7941176470588,42.705882352941174,1.9142156862745099,1.2696078431372548,3.3676470588235294,1.536764705882353,1.7475490196078431,1.2794117647058822,72
979304.8210784313,2005.7941176470588,42.705882352941174,1.9142156862745099,1.2696078431372548,3.3676470588235294,1.536764705882353,1.7475490196078431,1.2794117647058822,148
979304.8210784313,2005.7941176470588,42.705882352941174,1.9142156862745099,1.2696078431372548,3.3676470588235294,1.536764705882353,1.7475490196078431,1.2794117647058822,158
979304.8210784313,2005.7941176470588,42.705882352941174,1.9142156862745099,1.2696078431372548,3.3676470588235294,1.536764705882353,1.7475490196078431,1.2794117647058822,88
979304.8210784313,2005.7941176470588,42.705882352941174,1.9142156862745099,1.2696078431372548,3.3676470588235294,1.536764705882353,1.7475490196078431,1.2794117647058822,119
979304.8210784313,2005.7941176470588,42.705882352941174,1.9142156862745099,1.2696078431372548,3.3676470588235294,1.536764705882353,1.7475490196078431,1.2794117647058822,182
979304.8210784313,2005.7941176470588,42.705882352941174,1.9142156862745099,1.2696078431372548,3.3676470588235294,1.536764705882353,1.7475490196078431,1.2794117647058822,131
979304.8210784313,2005.7941176470588,42.705882352941174,1.9142156862745099,1.2696078431372548,3.3676470588235294,1.536764705882353,1.7475490196078431,1.2794117647058822,272
979304.8210784313,2005.7941176470588,42.705882352941174,1.9142156862745099,1.2696078431372548,3.3676470588235294,1.536764705882353,1.7475490196078431,1.2794117647058822,55
979304.8210784313,2005.7941176470588,42.705882352941174,1.9142156862745099,1.2696078431372548,3.3676470588235294,1.536764705882353,1.7475490196078431,1.2794117647058822,119
979304.8210784313,2005.7941176470588,42.705882352941174,1.9142156862745099,1.2696078431372548,3.3676470588235294,1.536764705882353,1.7475490196078431,1.2794117647058822,272
979304.8210784313,2005.7941176470588,42.705882352941174,1.9142156862745099,1.2696078431372548,3.3676470588235294,1.536764705882353,1.7475490196078431,1.2794117647058822,152
979304.8210784313,2005.7941176470588,42.705882352941174,1.9142156862745099,1.2696078431372548,3.3676470588235294,1.536764705882353,1.7475490196078431,1.2794117647058822,88
979304.8210784313,2005.7941176470588,42.705882352941174,1.9142156862745099,1.2696078431372548,3.3676470588235294,1.536764705882353,1.7475490196078431,1.2794117647058822,90
979304.8210784313,2005.7941176470588,42.705882352941174,1.9142156862745099,1.2696078431372548,3.3676470588235294,1.536764705882353,1.7475490196078431,1.2794117647058822,155
979304.8210784313,2005.7941176470588,42.705882352941174,1.9142156862745099,1.2696078431372548,3.3676470588235294,1.536764705882353,1.7475490196078431,1.2794117647058822,153
979304.8210784313,2005.7941176470588,42.705882352941174,1.9142156862745099,1.2696078431372548,3.3676470588235294,1.536764705882353,1.7475490196078431,1.2794117647058822,135
979304.8210784313,2005.7941176470588,42.705882352941174,1.9142156862745099,1.2696078431372548,3.3676470588235294,1.536764705882353,1.7475490196078431,1.2794117647058822,119
979304.8210784313,2005.7941176470588,42.705882352941174,1.9142156862745099,1.2696078431372548,3.3676470588235294,1.536764705882353,1.7475490196078431,1.2794117647058822,155
979304.8210784313,2005.7941176470588,42.705882352941174,1.9142156862745099,1.2696078431372548,3.3676470588235294,1.536764705882353,1.7475490196078431,1.2794117647058822,129
979304.8210784313,2005.7941176470588,42.705882352941174,1.9142156862745099,1.2696078431372548,3.3676470588235294,1.536764705882353,1.7475490196078431,1.2794117647058822,84
979304.8210784313,2005.7941176470588,42.705882352941174,1.9142156862745099,1.2696078431372548,3.3676470588235294,1.536764705882353,1.7475490196078431,1.2794117647058822,177
979304.8210784313,2005.7941176470588,42.705882352941174,1.9142156862745099,1.2696078431372548,3.3676470588235294,1.536764705882353,1.7475490196078431,1.2794117647058822,116
979304.8210784313,2005.7941176470588,42.705882352941174,1.9142156862745099,1.2696078431372548,3.3676470588235294,1.536764705882353,1.7475490196078431,1.2794117647058822,148
979304.8210784313,2005.7941176470588,42.705882352941174,1.9142156862745099,1.2696078431372548,3.3676470588235294,1.536764705882353,1.7475490196078431,1.2794117647058822,90
979304.8210784313,2005.7941176470588,42.705882352941174,1.9142156862745099,1.2696078431372548,3.3676470588235294,1.536764705882353,1.7475490196078431,1.2794117647058822,129
979304.8210784313,2005.7941176470588,42.705882352941174,1.9142156862745099,1.2696078431372548,3.3676470588235294,1.536764705882353,1.7475490196078431,1.2794117647058822,72
979304.8210784313,2005.7941176470588,42.705882352941174,1.9142156862745099,1.2696078431372548,3.3676470588235294,1.536764705882353,1.7475490196078431,1.2794117647058822,94
979304.8210784313,2005.7941176470588,42.705882352941174,1.9142156862745099,1.2696078431372548,3.3676470588235294,1.536764705882353,1.7475490196078431,1.2794117647058822,72
979304.8210784313,2005.7941176470588,42.705882352941174,1.9142156862745099,1.2696078431372548,3.3676470588235294,1.536764705882353,1.7475490196078431,1.2794117647058822,114
979304.8210784313,2005.7941176470588,42.705882352941174,1.9142156862745099,1.2696078431372548,3.3676470588235294,1.536764705882353,1.7475490196078431,1.2794117647058822,102
979304.8210784313,2005.7941176470588,42.705882352941174,1.9142156862745099,1.2696078431372548,3.3676470588235294,1.536764705882353,1.7475490196078431,1.2794117647058822,90
979304.8210784313,2005.7941176470588,42.705882352941174,1.9142156862745099,1.2696078431372548,3.3676470588235294,1.536764705882353,1.7475490196078431,1.2794117647058822,201
979304.8210784313,2005.7941176470588,42.705882352941174,1.9142156862745099,1.2696078431372548,3.3676470588235294,1.536764705882353,1.7475490196078431,1.2794117647058822,129
979304.8210784313,2005.7941176470588,42.705882352941174,1.9142156862745099,1.2696078431372548,3.3676470588235294,1.536764705882353,1.7475490196078431,1.2794117647058822,140
979304.8210784313,2005.7941176470588,42.705882352941174,1.9142156862745099,1.2696078431372548,3.3676470588235294,1.536764705882353,1.7475490196078431,1.2794117647058822,161
979304.8210784313,2005.7941176470588,42.705882352941174,1.9142156862745099,1.2696078431372548,3.3676470588235294,1.536764705882353,1.7475490196078431,1.2794117647058822,81
979304.8210784313,2005.7941176470588,42.705882352941174,1.9142156862745099,1.2696078431372548,3.3676470588235294,1.536764705882353,1.7475490196078431,1.2794117647058822,201
979304.8210784313,2005.7941176470588,42.705882352941174,1.9142156862745099,1.2696078431372548,3.3676470588235294,1.536764705882353,1.7475490196078431,1.2794117647058822,74
979304.8210784313,2005.7941176470588,42.705882352941174,1.9142156862745099,1.2696078431372548,3.3676470588235294,1.536764705882353,1.7475490196078431,1.2794117647058822,65
979304.8210784313,2005.7941176470588,42.705882352941174,1.9142156862745099,1.2696078431372548,3.3676470588235294,1.536764705882353,1.7475490196078431,1.2794117647058822,115
979304.8210784313,2005.7941176470588,42.705882352941174,1.9142156862745099,1.2696078431372548,3.3676470588235294,1.536764705882353,1.7475490196078431,1.2794117647058822,123
979304.8210784313,2005.7941176470588,42.705882352941174,1.9142156862745099,1.2696078431372548,3.3676470588235294,1.536764705882353,1.7475490196078431,1.2794117647058822,131
979304.8210784313,2005.7941176470588,42.705882352941174,1.9142156862745099,1.2696078431372548,3.3676470588235294,1.536764705882353,1.7475490196078431,1.2794117647058822,155
979304.8210784313,2005.7941176470588,42.705882352941174,1.9142156862745099,1.2696078431372548,3.3676470588235294,1.536764705882353,1.7475490196078431,1.2794117647058822,100
979304.8210784313,2005.7941176470588,42.705882352941174,1.9142156862745099,1.2696078431372548,3.3676470588235294,1.536764705882353,1.7475490196078431,1.2794117647058822,65
979304.8210784313,2005.7941176470588,42.705882352941174,1.9142156862745099,1.2696078431372548,3.3676470588235294,1.536764705882353,1.7475490196078431,1.2794117647058822,201
979304.8210784313,2005.7941176470588,42.705882352941174,1.9142156862745099,1.2696078431372548,3.3676470588235294,1.536764705882353,1.7475490196078431,1.2794117647058822,119
979304.8210784313,2005.7941176470588,42.705882352941174,1.9142156862745099,1.2696078431372548,3.3676470588235294,1.536764705882353,1.7475490196078431,1.2794117647058822,142
979304.8210784313,2005.7941176470588,42.705882352941174,1.9142156862745099,1.2696078431372548,3.3676470588235294,1.536764705882353,1.7475490196078431,1.2794117647058822,129
979304.8210784313,2005.7941176470588,42.705882352941174,1.9142156862745099,1.2696078431372548,3.3676470588235294,1.536764705882353,1.7475490196078431,1.2794117647058822,187
979304.8210784313,2005.7941176470588,42.705882352941174,1.9142156862745099,1.2696078431372548,3.3676470588235294,1.536764705882353,1.7475490196078431,1.2794117647058822,268
979304.8210784313,2005.7941176470588,42.705882352941174,1.9142156862745099,1.2696078431372548,3.3676470588235294,1.536764705882353,1.7475490196078431,1.2794117647058822,131
979304.8210784313,2005.7941176470588,42.705882352941174,1.9142156862745099,1.2696078431372548,3.3676470588235294,1.536764705882353,1.7475490196078431,1.2794117647058822,100
979304.8210784313,2005.7941176470588,42.705882352941174,1.9142156862745099,1.2696078431372548,3.3676470588235294,1.536764705882353,1.7475490196078431,1.2794117647058822,100
979304.8210784313,2005.7941176470588,42.705882352941174,1.9142156862745099,1.2696078431372548,3.3676470588235294,1.536764705882353,1.7475490196078431,1.2794117647058822,158
979304.8210784313,2005.7941176470588,42.705882352941174,1.9142156862745099,1.2696078431372548,3.3676470588235294,1.536764705882353,1.7475490196078431,1.2794117647058822,100
979304.8210784313,2005.7941176470588,42.705882352941174,1.9142156862745099,1.2696078431372548,3.3676470588235294,1.536764705882353,1.7475490196078431,1.2794117647058822,94
979304.8210784313,2005.7941176470588,42.705882352941174,1.9142156862745099,1.2696078431372548,3.3676470588235294,1.536764705882353,1.7475490196078431,1.2794117647058822,89
979304.8210784313,2005.7941176470588,42.705882352941174,1.9142156862745099,1.2696078431372548,3.3676470588235294,1.536764705882353,1.7475490196078431,1.2794117647058822,94
979304.8210784313,2005.7941176470588,42.705882352941174,1.9142156862745099,1.2696078431372548,3.3676470588235294,1.536764705882353,1.7475490196078431,1.2794117647058822,112
979304.8210784313,2005.7941176470588,42.705882352941174,1.9142156862745099,1.2696078431372548,3.3676470588235294,1.536764705882353,1.7475490196078431,1.2794117647058822,80
979304.8210784313,2005.7941176470588,42.705882352941174,1.9142156862745099,1.2696078431372548,3.3676470588235294,1.536764705882353,1.7475490196078431,1.2794117647058822,102
979304.8210784313,2005.7941176470588,42.705882352941174,1.9142156862745099,1.2696078431372548,3.3676470588235294,1.536764705882353,1.7475490196078431,1.2794117647058822,88
979304.8210784313,2005.7941176470588,42.705882352941174,1.9142156862745099,1.2696078431372548,3.3676470588235294,1.536764705882353,1.7475490196078431,1.2794117647058822,142
979304.8210784313,2005.7941176470588,42.705882352941174,1.9142156862745099,1.2696078431372548,3.3676470588235294,1.536764705882353,1.7475490196078431,1.2794117647058822,66
979304.8210784313,2005.7941176470588,42.705882352941174,1.9142156862745099,1.2696078431372548,3.3676470588235294,1.536764705882353,1.7475490196078431,1.2794117647058822,119
979304.8210784313,2005.7941176470588,42.705882352941174,1.9142156862745099,1.2696078431372548,3.3676470588235294,1.536764705882353,1.7475490196078431,1.2794117647058822,115
979304.8210784313,2005.7941176470588,42.705882352941174,1.9142156862745099,1.2696078431372548,3.3676470588235294,1.536764705882353,1.7475490196078431,1.2794117647058822,152
979304.8210784313,2005.7941176470588,42.705882352941174,1.9142156862745099,1.2696078431372548,3.3676470588235294,1.536764705882353,1.7475490196078431,1.2794117647058822,155
979304.8210784313,2005.7941176470588,42.705882352941174,1.9142156862745099,1.2696078431372548,3.3676470588235294,1.536764705882353,1.7475490196078431,1.2794117647058822,111
979304.8210784313,2005.7941176470588,42.705882352941174,1.9142156862745099,1.2696078431372548,3.3676470588235294,1.536764705882353,1.7475490196078431,1.2794117647058822,100
979304.8210784313,2005.7941176470588,42.705882352941174,1.9142156862745099,1.2696078431372548,3.3676470588235294,1.536764705882353,1.7475490196078431,1.2794117647058822,272
979304.8210784313,2005.7941176470588,42.705882352941174,1.9142156862745099,1.2696078431372548,3.3676470588235294,1.536764705882353,1.7475490196078431,1.2794117647058822,88
979304.8210784313,2005.7941176470588,42.705882352941174,1.9142156862745099,1.2696078431372548,3.3676470588235294,1.536764705882353,1.7475490196078431,1.2794117647058822,201
979304.8210784313,2005.7941176470588,42.705882352941174,1.9142156862745099,1.2696078431372548,3.3676470588235294,1.536764705882353,1.7475490196078431,1.2794117647058822,119
979304.8210784313,2005.7941176470588,42.705882352941174,1.9142156862745099,1.2696078431372548,3.3676470588235294,1.536764705882353,1.7475490196078431,1.2794117647058822,65
979304.8210784313,2005.7941176470588,42.705882352941174,1.9142156862745099,1.2696078431372548,3.3676470588235294,1.536764705882353,1.7475490196078431,1.2794117647058822,142
979304.8210784313,2005.7941176470588,42.705882352941174,1.9142156862745099,1.2696078431372548,3.3676470588235294,1.536764705882353,1.7475490196078431,1.2794117647058822,129
979304.8210784313,2005.7941176470588,42.705882352941174,1.9142156862745099,1.2696078431372548,3.3676470588235294,1.536764705882353,1.7475490196078431,1.2794117647058822,119
979304.8210784313,2005.7941176470588,42.705882352941174,1.9142156862745099,1.2696078431372548,3.3676470588235294,1.536764705882353,1.7475490196078431,1.2794117647058822,81
979304.8210784313,2005.7941176470588,42.705882352941174,1.9142156862745099,1.2696078431372548,3.3676470588235294,1.536764705882353,1.7475490196078431,1.2794117647058822,187
979304.8210784313,2005.7941176470588,42.705882352941174,1.9142156862745099,1.2696078431372548,3.3676470588235294,1.536764705882353,1.7475490196078431,1.2794117647058822,201
979304.8210784313,2005.7941176470588,42.705882352941174,1.9142156862745099,1.2696078431372548,3.3676470588235294,1.536764705882353,1.7475490196078431,1.2794117647058822,161
979304.8210784313,2005.7941176470588,42.705882352941174,1.9142156862745099,1.2696078431372548,3.3676470588235294,1.536764705882353,1.7475490196078431,1.2794117647058822,72
979304.8210784313,2005.7941176470588,42.705882352941174,1.9142156862745099,1.2696078431372548,3.3676470588235294,1.536764705882353,1.7475490196078431,1.2794117647058822,89
979304.8210784313,2005.7941176470588,42.705882352941174,1.9142156862745099,1.2696078431372548,3.3676470588235294,1.536764705882353,1.7475490196078431,1.2794117647058822,131
979304.8210784313,2005.7941176470588,42.705882352941174,1.9142156862745099,1.2696078431372548,3.3676470588235294,1.536764705882353,1.7475490196078431,1.2794117647058822,127
979304.8210784313,2005.7941176470588,42.705882352941174,1.9142156862745099,1.2696078431372548,3.3676470588235294,1.536764705882353,1.7475490196078431,1.2794117647058822,94
979304.8210784313,2005.7941176470588,42.705882352941174,1.9142156862745099,1.2696078431372548,3.3676470588235294,1.536764705882353,1.7475490196078431,1.2794117647058822,89
979304.8210784313,2005.7941176470588,42.705882352941174,1.9142156862745099,1.2696078431372548,3.3676470588235294,1.536764705882353,1.7475490196078431,1.2794117647058822,148
979304.8210784313,2005.7941176470588,42.705882352941174,1.9142156862745099,1.2696078431372548,3.3676470588235294,1.536764705882353,1.7475490196078431,1.2794117647058822,119
979304.8210784313,2005.7941176470588,42.705882352941174,1.9142156862745099,1.2696078431372548,3.3676470588235294,1.536764705882353,1.7475490196078431,1.2794117647058822,131
979304.8210784313,2005.7941176470588,42.705882352941174,1.9142156862745099,1.2696078431372548,3.3676470588235294,1.536764705882353,1.7475490196078431,1.2794117647058822,94
979304.8210784313,2005.7941176470588,42.705882352941174,1.9142156862745099,1.2696078431372548,3.3676470588235294,1.536764705882353,1.7475490196078431,1.2794117647058822,119
979304.8210784313,2005.7941176470588,42.705882352941174,1.9142156862745099,1.2696078431372548,3.3676470588235294,1.536764705882353,1.7475490196078431,1.2794117647058822,129
979304.8210784313,2005.7941176470588,42.705882352941174,1.9142156862745099,1.2696078431372548,3.3676470588235294,1.536764705882353,1.7475490196078431,1.2794117647058822,72
979304.8210784313,2005.7941176470588,42.705882352941174,1.9142156862745099,1.2696078431372548,3.3676470588235294,1.536764705882353,1.7475490196078431,1.2794117647058822,129
979304.8210784313,2005.7941176470588,42.705882352941174,1.9142156862745099,1.2696078431372548,3.3676470588235294,1.536764705882353,1.7475490196078431,1.2794117647058822,153
979304.8210784313,2005.7941176470588,42.705882352941174,1.9142156862745099,1.2696078431372548,3.3676470588235294,1.536764705882353,1.7475490196078431,1.2794117647058822,135
979304.8210784313,2005.7941176470588,42.705882352941174,1.9142156862745099,1.2696078431372548,3.3676470588235294,1.536764705882353,1.7475490196078431,1.2794117647058822,158
979304.8210784313,2005.7941176470588,42.705882352941174,1.9142156862745099,1.2696078431372548,3.3676470588235294,1.536764705882353,1.7475490196078431,1.2794117647058822,88
979304.8210784313,2005.7941176470588,42.705882352941174,1.9142156862745099,1.2696078431372548,3.3676470588235294,1.536764705882353,1.7475490196078431,1.2794117647058822,88
979304.8210784313,2005.7941176470588,42.705882352941174,1.9142156862745099,1.2696078431372548,3.3676470588235294,1.536764705882353,1.7475490196078431,1.2794117647058822,182
979304.8210784313,2005.7941176470588,42.705882352941174,1.9142156862745099,1.2696078431372548,3.3676470588235294,1.536764705882353,1.7475490196078431,1.2794117647058822,123
979304.8210784313,2005.7941176470588,42.705882352941174,1.9142156862745099,1.2696078431372548,3.3676470588235294,1.536764705882353,1.7475490196078431,1.2794117647058822,100
979304.8210784313,2005.7941176470588,42.705882352941174,1.9142156862745099,1.2696078431372548,3.3676470588235294,1.536764705882353,1.7475490196078431,1.2794117647058822,119
979304.8210784313,2005.7941176470588,42.705882352941174,1.9142156862745099,1.2696078431372548,3.3676470588235294,1.536764705882353,1.7475490196078431,1.2794117647058822,129
979304.8210784313,2005.7941176470588,42.705882352941174,1.9142156862745099,1.2696078431372548,3.3676470588235294,1.536764705882353,1.7475490196078431,1.2794117647058822,155
979304.8210784313,2005.7941176470588,42.705882352941174,1.9142156862745099,1.2696078431372548,3.3676470588235294,1.536764705882353,1.7475490196078431,1.2794117647058822,84
979304.8210784313,2005.7941176470588,42.705882352941174,1.9142156862745099,1.2696078431372548,3.3676470588235294,1.536764705882353,1.7475490196078431,1.2794117647058822,152
979304.8210784313,2005.7941176470588,42.705882352941174,1.9142156862745099,1.2696078431372548,3.3676470588235294,1.536764705882353,1.7475490196078431,1.2794117647058822,155
979304.8210784313,2005.7941176470588,42.705882352941174,1.9142156862745099,1.2696078431372548,3.3676470588235294,1.536764705882353,1.7475490196078431,1.2794117647058822,110
979304.8210784313,2005.7941176470588,42.705882352941174,1.9142156862745099,1.2696078431372548,3.3676470588235294,1.536764705882353,1.7475490196078431,1.2794117647058822,177
979304.8210784313,2005.7941176470588,42.705882352941174,1.9142156862745099,1.2696078431372548,3.3676470588235294,1.536764705882353,1.7475490196078431,1.2794117647058822,94
979304.8210784313,2005.7941176470588,42.705882352941174,1.9142156862745099,1.2696078431372548,3.3676470588235294,1.536764705882353,1.7475490196078431,1.2794117647058822,102
979304.8210784313,2005.7941176470588,42.705882352941174,1.9142156862745099,1.2696078431372548,3.3676470588235294,1.536764705882353,1.7475490196078431,1.2794117647058822,155
979304.8210784313,2005.7941176470588,42.705882352941174,1.9142156862745099,1.2696078431372548,3.3676470588235294,1.536764705882353,1.7475490196078431,1.2794117647058822,74
979304.8210784313,2005.7941176470588,42.705882352941174,1.9142156862745099,1.2696078431372548,3.3676470588235294,1.536764705882353,1.7475490196078431,1.2794117647058822,100
979304.8210784313,2005.7941176470588,42.705882352941174,1.9142156862745099,1.2696078431372548,3.3676470588235294,1.536764705882353,1.7475490196078431,1.2794117647058822,88
979304.8210784313,2005.7941176470588,42.705882352941174,1.9142156862745099,1.2696078431372548,3.3676470588235294,1.536764705882353,1.7475490196078431,1.2794117647058822,74
979304.8210784313,2005.7941176470588,42.705882352941174,1.9142156862745099,1.2696078431372548,3.3676470588235294,1.536764705882353,1.7475490196078431,1.2794117647058822,90
979304.8210784313,2005.7941176470588,42.705882352941174,1.9142156862745099,1.2696078431372548,3.3676470588235294,1.536764705882353,1.7475490196078431,1.2794117647058822,100
979304.8210784313,2005.7941176470588,42.705882352941174,1.9142156862745099,1.2696078431372548,3.3676470588235294,1.536764705882353,1.7475490196078431,1.2794117647058822,50
979304.8210784313,2005.7941176470588,42.705882352941174,1.9142156862745099,1.2696078431372548,3.3676470588235294,1.536764705882353,1.7475490196078431,1.2794117647058822,81
979304.8210784313,2005.7941176470588,42.705882352941174,1.9142156862745099,1.2696078431372548,3.3676470588235294,1.536764705882353,1.7475490196078431,1.2794117647058822,119
979304.8210784313,2005.7941176470588,42.705882352941174,1.9142156862745099,1.2696078431372548,3.3676470588235294,1.536764705882353,1.7475490196078431,1.2794117647058822,65
979304.8210784313,2005.7941176470588,42.705882352941174,1.9142156862745099,1.2696078431372548,3.3676470588235294,1.536764705882353,1.7475490196078431,1.2794117647058822,35
979304.8210784313,2005.7941176470588,42.705882352941174,1.9142156862745099,1.2696078431372548,3.3676470588235294,1.536764705882353,1.7475490196078431,1.2794117647058822,94
979304.8210784313,2005.7941176470588,42.705882352941174,1.9142156862745099,1.2696078431372548,3.3676470588235294,1.536764705882353,1.7475490196078431,1.2794117647058822,80
979304.8210784313,2005.7941176470588,42.705882352941174,1.9142156862745099,1.2696078431372548,3.3676470588235294,1.536764705882353,1.7475490196078431,1.2794117647058822,201
979304.8210784313,2005.7941176470588,42.705882352941174,1.9142156862745099,1.2696078431372548,3.3676470588235294,1.536764705882353,1.7475490196078431,1.2794117647058822,142
979304.8210784313,2005.7941176470588,42.705882352941174,1.9142156862745099,1.2696078431372548,3.3676470588235294,1.536764705882353,1.7475490196078431,1.2794117647058822,115
979304.8210784313,2005.7941176470588,42.705882352941174,1.9142156862745099,1.2696078431372548,3.3676470588235294,1.536764705882353,1.7475490196078431,1.2794117647058822,129
979304.8210784313,2005.7941176470588,42.705882352941174,1.9142156862745099,1.2696078431372548,3.3676470588235294,1.536764705882353,1.7475490196078431,1.2794117647058822,74
979304.8210784313,2005.7941176470588,42.705882352941174,1.9142156862745099,1.2696078431372548,3.3676470588235294,1.536764705882353,1.7475490196078431,1.2794117647058822,81
979304.8210784313,2005.7941176470588,42.705882352941174,1.9142156862745099,1.2696078431372548,3.3676470588235294,1.536764705882353,1.7475490196078431,1.2794117647058822,142
979304.8210784313,2005.7941176470588,42.705882352941174,1.9142156862745099,1.2696078431372548,3.3676470588235294,1.536764705882353,1.7475490196078431,1.2794117647058822,94
979304.8210784313,2005.7941176470588,42.705882352941174,1.9142156862745099,1.2696078431372548,3.3676470588235294,1.536764705882353,1.7475490196078431,1.2794117647058822,90
979304.8210784313,2005.7941176470588,42.705882352941174,1.9142156862745099,1.2696078431372548,3.3676470588235294,1.536764705882353,1.7475490196078431,1.2794117647058822,110
979304.8210784313,2005.7941176470588,42.705882352941174,1.9142156862745099,1.2696078431372548,3.3676470588235294,1.536764705882353,1.7475490196078431,1.2794117647058822,152
979304.8210784313,2005.7941176470588,42.705882352941174,1.9142156862745099,1.2696078431372548,3.3676470588235294,1.536764705882353,1.7475490196078431,1.2794117647058822,155
979304.8210784313,2005.7941176470588,42.705882352941174,1.9142156862745099,1.2696078431372548,3.3676470588235294,1.536764705882353,1.7475490196078431,1.2794117647058822,117
979304.8210784313,2005.7941176470588,42.705882352941174,1.9142156862745099,1.2696078431372548,3.3676470588235294,1.536764705882353,1.7475490196078431,1.2794117647058822,119
979304.8210784313,2005.7941176470588,42.705882352941174,1.9142156862745099,1.2696078431372548,3.3676470588235294,1.536764705882353,1.7475490196078431,1.2794117647058822,102
979304.8210784313,2005.7941176470588,42.705882352941174,1.9142156862745099,1.2696078431372548,3.3676470588235294,1.536764705882353,1.7475490196078431,1.2794117647058822,201
979304.8210784313,2005.7941176470588,42.705882352941174,1.9142156862745099,1.2696078431372548,3.3676470588235294,1.536764705882353,1.7475490196078431,1.2794117647058822,201
979304.8210784313,2005.7941176470588,42.705882352941174,1.9142156862745099,1.2696078431372548,3.3676470588235294,1.536764705882353,1.7475490196078431,1.2794117647058822,119
979304.8210784313,2005.7941176470588,42.705882352941174,1.9142156862745099,1.2696078431372548,3.3676470588235294,1.536764705882353,1.7475490196078431,1.2794117647058822,131
979304.8210784313,2005.7941176470588,42.705882352941174,1.9142156862745099,1.2696078431372548,3.3676470588235294,1.536764705882353,1.7475490196078431,1.2794117647058822,155
979304.8210784313,2005.7941176470588,42.705882352941174,1.9142156862745099,1.2696078431372548,3.3676470588235294,1.536764705882353,1.7475490196078431,1.2794117647058822,89
979304.8210784313,2005.7941176470588,42.705882352941174,1.9142156862745099,1.2696078431372548,3.3676470588235294,1.536764705882353,1.7475490196078431,1.2794117647058822,84
979304.8210784313,2005.7941176470588,42.705882352941174,1.9142156862745099,1.2696078431372548,3.3676470588235294,1.536764705882353,1.7475490196078431,1.2794117647058822,155
979304.8210784313,2005.7941176470588,42.705882352941174,1.9142156862745099,1.2696078431372548,3.3676470588235294,1.536764705882353,1.7475490196078431,1.2794117647058822,72
979304.8210784313,2005.7941176470588,42.705882352941174,1.9142156862745099,1.2696078431372548,3.3676470588235294,1.536764705882353,1.7475490196078431,1.2794117647058822,119
979304.8210784313,2005.7941176470588,42.705882352941174,1.9142156862745099,1.2696078431372548,3.3676470588235294,1.536764705882353,1.7475490196078431,1.2794117647058822,100
979304.8210784313,2005.7941176470588,42.705882352941174,1.9142156862745099,1.2696078431372548,3.3676470588235294,1.536764705882353,1.7475490196078431,1.2794117647058822,74
979304.8210784313,2005.7941176470588,42.705882352941174,1.9142156862745099,1.2696078431372548,3.3676470588235294,1.536764705882353,1.7475490196078431,1.2794117647058822,129
979304.8210784313,2005.7941176470588,42.705882352941174,1.9142156862745099,1.2696078431372548,3.3676470588235294,1.536764705882353,1.7475490196078431,1.2794117647058822,65
979304.8210784313,2005.7941176470588,42.705882352941174,1.9142156862745099,1.2696078431372548,3.3676470588235294,1.536764705882353,1.7475490196078431,1.2794117647058822,81
979304.8210784313,2005.7941176470588,42.705882352941174,1.9142156862745099,1.2696078431372548,3.3676470588235294,1.536764705882353,1.7475490196078431,1.2794117647058822,127
979304.8210784313,2005.7941176470588,42.705882352941174,1.9142156862745099,1.2696078431372548,3.3676470588235294,1.536764705882353,1.7475490196078431,1.2794117647058822,100
979304.8210784313,2005.7941176470588,42.705882352941174,1.9142156862745099,1.2696078431372548,3.3676470588235294,1.536764705882353,1.7475490196078431,1.2794117647058822,88
979304.8210784313,2005.7941176470588,42.705882352941174,1.9142156862745099,1.2696078431372548,3.3676470588235294,1.536764705882353,1.7475490196078431,1.2794117647058822,80
979304.8210784313,2005.7941176470588,42.705882352941174,1.9142156862745099,1.2696078431372548,3.3676470588235294,1.536764705882353,1.7475490196078431,1.2794117647058822,81
979304.8210784313,2005.7941176470588,42.705882352941174,1.9142156862745099,1.2696078431372548,3.3676470588235294,1.536764705882353,1.7475490196078431,1.2794117647058822,50
979304.8210784313,2005.7941176470588,42.705882352941174,1.9142156862745099,1.2696078431372548,3.3676470588235294,1.536764705882353,1.7475490196078431,1.2794117647058822,119
979304.8210784313,2005.7941176470588,42.705882352941174,1.9142156862745099,1.2696078431372548,3.3676470588235294,1.536764705882353,1.7475490196078431,1.2794117647058822,35
979304.8210784313,2005.7941176470588,42.705882352941174,1.9142156862745099,1.2696078431372548,3.3676470588235294,1.536764705882353,1.7475490196078431,1.2794117647058822,272
979304.8210784313,2005.7941176470588,42.705882352941174,1.9142156862745099,1.2696078431372548,3.3676470588235294,1.536764705882353,1.7475490196078431,1.2794117647058822,80
979304.8210784313,2005.7941176470588,42.705882352941174,1.9142156862745099,1.2696078431372548,3.3676470588235294,1.536764705882353,1.7475490196078431,1.2794117647058822,74
979304.8210784313,2005.7941176470588,42.705882352941174,1.9142156862745099,1.2696078431372548,3.3676470588235294,1.536764705882353,1.7475490196078431,1.2794117647058822,112
979304.8210784313,2005.7941176470588,42.705882352941174,1.9142156862745099,1.2696078431372548,3.3676470588235294,1.536764705882353,1.7475490196078431,1.2794117647058822,89
979304.8210784313,2005.7941176470588,42.705882352941174,1.9142156862745099,1.2696078431372548,3.3676470588235294,1.536764705882353,1.7475490196078431,1.2794117647058822,165
979304.8210784313,2005.7941176470588,42.705882352941174,1.9142156862745099,1.2696078431372548,3.3676470588235294,1.536764705882353,1.7475490196078431,1.2794117647058822,129
979304.8210784313,2005.7941176470588,42.705882352941174,1.9142156862745099,1.2696078431372548,3.3676470588235294,1.536764705882353,1.7475490196078431,1.2794117647058822,187
979304.8210784313,2005.7941176470588,42.705882352941174,1.9142156862745099,1.2696078431372548,3.3676470588235294,1.536764705882353,1.7475490196078431,1.2794117647058822,161
979304.8210784313,2005.7941176470588,42.705882352941174,1.9142156862745099,1.2696078431372548,3.3676470588235294,1.536764705882353,1.7475490196078431,1.2794117647058822,100
979304.8210784313,2005.7941176470588,42.705882352941174,1.9142156862745099,1.2696078431372548,3.3676470588235294,1.536764705882353,1.7475490196078431,1.2794117647058822,158
979304.8210784313,2005.7941176470588,42.705882352941174,1.9142156862745099,1.2696078431372548,3.3676470588235294,1.536764705882353,1.7475490196078431,1.2794117647058822,119
979304.8210784313,2005.7941176470588,42.705882352941174,1.9142156862745099,1.2696078431372548,3.3676470588235294,1.536764705882353,1.7475490196078431,1.2794117647058822,90
979304.8210784313,2005.7941176470588,42.705882352941174,1.9142156862745099,1.2696078431372548,3.3676470588235294,1.536764705882353,1.7475490196078431,1.2794117647058822,129
979304.8210784313,2005.7941176470588,42.705882352941174,1.9142156862745099,1.2696078431372548,3.3676470588235294,1.536764705882353,1.7475490196078431,1.2794117647058822,88
979304.8210784313,2005.7941176470588,42.705882352941174,1.9142156862745099,1.2696078431372548,3.3676470588235294,1.536764705882353,1.7475490196078431,1.2794117647058822,116
979304.8210784313,2005.7941176470588,42.705882352941174,1.9142156862745099,1.2696078431372548,3.3676470588235294,1.536764705882353,1.7475490196078431,1.2794117647058822,81
979304.8210784313,2005.7941176470588,42.705882352941174,1.9142156862745099,1.2696078431372548,3.3676470588235294,1.536764705882353,1.7475490196078431,1.2794117647058822,100
979304.8210784313,2005.7941176470588,42.705882352941174,1.9142156862745099,1.2696078431372548,3.3676470588235294,1.536764705882353,1.7475490196078431,1.2794117647058822,65
979304.8210784313,2005.7941176470588,42.705882352941174,1.9142156862745099,1.2696078431372548,3.3676470588235294,1.536764705882353,1.7475490196078431,1.2794117647058822,131
979304.8210784313,2005.7941176470588,42.705882352941174,1.9142156862745099,1.2696078431372548,3.3676470588235294,1.536764705882353,1.7475490196078431,1.2794117647058822,72
979304.8210784313,2005.7941176470588,42.705882352941174,1.9142156862745099,1.2696078431372548,3.3676470588235294,1.536764705882353,1.7475490196078431,1.2794117647058822,135
979304.8210784313,2005.7941176470588,42.705882352941174,1.9142156862745099,1.2696078431372548,3.3676470588235294,1.536764705882353,1.7475490196078431,1.2794117647058822,201
979304.8210784313,2005.7941176470588,42.705882352941174,1.9142156862745099,1.2696078431372548,3.3676470588235294,1.536764705882353,1.7475490196078431,1.2794117647058822,131
979304.8210784313,2005.7941176470588,42.705882352941174,1.9142156862745099,1.2696078431372548,3.3676470588235294,1.536764705882353,1.7475490196078431,1.2794117647058822,177
979304.8210784313,2005.7941176470588,42.705882352941174,1.9142156862745099,1.2696078431372548,3.3676470588235294,1.536764705882353,1.7475490196078431,1.2794117647058822,111
979304.8210784313,2005.7941176470588,42.705882352941174,1.9142156862745099,1.2696078431372548,3.3676470588235294,1.536764705882353,1.7475490196078431,1.2794117647058822,142
979304.8210784313,2005.7941176470588,42.705882352941174,1.9142156862745099,1.2696078431372548,3.3676470588235294,1.536764705882353,1.7475490196078431,1.2794117647058822,152
979304.8210784313,2005.7941176470588,42.705882352941174,1.9142156862745099,1.2696078431372548,3.3676470588235294,1.536764705882353,1.7475490196078431,1.2794117647058822,110
979304.8210784313,2005.7941176470588,42.705882352941174,1.9142156862745099,1.2696078431372548,3.3676470588235294,1.536764705882353,1.7475490196078431,1.2794117647058822,155
979304.8210784313,2005.7941176470588,42.705882352941174,1.9142156862745099,1.2696078431372548,3.3676470588235294,1.536764705882353,1.7475490196078431,1.2794117647058822,182
979304.8210784313,2005.7941176470588,42.705882352941174,1.9142156862745099,1.2696078431372548,3.3676470588235294,1.536764705882353,1.7475490196078431,1.2794117647058822,94
979304.8210784313,2005.7941176470588,42.705882352941174,1.9142156862745099,1.2696078431372548,3.3676470588235294,1.536764705882353,1.7475490196078431,1.2794117647058822,177
979304.8210784313,2005.7941176470588,42.705882352941174,1.9142156862745099,1.2696078431372548,3.3676470588235294,1.536764705882353,1.7475490196078431,1.2794117647058822,148
979304.8210784313,2005.7941176470588,42.705882352941174,1.9142156862745099,1.2696078431372548,3.3676470588235294,1.536764705882353,1.7475490196078431,1.2794117647058822,161
979304.8210784313,2005.7941176470588,42.705882352941174,1.9142156862745099,1.2696078431372548,3.3676470588235294,1.536764705882353,1.7475490196078431,1.2794117647058822,119
979304.8210784313,2005.7941176470588,42.705882352941174,1.9142156862745099,1.2696078431372548,3.3676470588235294,1.536764705882353,1.7475490196078431,1.2794117647058822,94
979304.8210784313,2005.7941176470588,42.705882352941174,1.9142156862745099,1.2696078431372548,3.3676470588235294,1.536764705882353,1.7475490196078431,1.2794117647058822,65
979304.8210784313,2005.7941176470588,42.705882352941174,1.9142156862745099,1.2696078431372548,3.3676470588235294,1.536764705882353,1.7475490196078431,1.2794117647058822,161
979304.8210784313,2005.7941176470588,42.705882352941174,1.9142156862745099,1.2696078431372548,3.3676470588235294,1.536764705882353,1.7475490196078431,1.2794117647058822,81
979304.8210784313,2005.7941176470588,42.705882352941174,1.9142156862745099,1.2696078431372548,3.3676470588235294,1.536764705882353,1.7475490196078431,1.2794117647058822,119
979304.8210784313,2005.7941176470588,42.705882352941174,1.9142156862745099,1.2696078431372548,3.3676470588235294,1.536764705882353,1.7475490196078431,1.2794117647058822,155
979304.8210784313,2005.7941176470588,42.705882352941174,1.9142156862745099,1.2696078431372548,3.3676470588235294,1.536764705882353,1.7475490196078431,1.2794117647058822,88
979304.8210784313,2005.7941176470588,42.705882352941174,1.9142156862745099,1.2696078431372548,3.3676470588235294,1.536764705882353,1.7475490196078431,1.2794117647058822,161
979304.8210784313,2005.7941176470588,42.705882352941174,1.9142156862745099,1.2696078431372548,3.3676470588235294,1.536764705882353,1.7475490196078431,1.2794117647058822,100
979304.8210784313,2005.7941176470588,42.705882352941174,1.9142156862745099,1.2696078431372548,3.3676470588235294,1.536764705882353,1.7475490196078431,1.2794117647058822,142
979304.8210784313,2005.7941176470588,42.705882352941174,1.9142156862745099,1.2696078431372548,3.3676470588235294,1.536764705882353,1.7475490196078431,1.2794117647058822,158
979304.8210784313,2005.7941176470588,42.705882352941174,1.9142156862745099,1.2696078431372548,3.3676470588235294,1.536764705882353,1.7475490196078431,1.2794117647058822,40
979304.8210784313,2005.7941176470588,42.705882352941174,1.9142156862745099,1.2696078431372548,3.3676470588235294,1.536764705882353,1.7475490196078431,1.2794117647058822,117
979304.8210784313,2005.7941176470588,42.705882352941174,1.9142156862745099,1.2696078431372548,3.3676470588235294,1.536764705882353,1.7475490196078431,1.2794117647058822,117
979304.8210784313,2005.7941176470588,42.705882352941174,1.9142156862745099,1.2696078431372548,3.3676470588235294,1.536764705882353,1.7475490196078431,1.2794117647058822,119
979304.8210784313,2005.7941176470588,42.705882352941174,1.9142156862745099,1.2696078431372548,3.3676470588235294,1.536764705882353,1.7475490196078431,1.2794117647058822,131
979304.8210784313,2005.7941176470588,42.705882352941174,1.9142156862745099,1.2696078431372548,3.3676470588235294,1.536764705882353,1.7475490196078431,1.2794117647058822,71
979304.8210784313,2005.7941176470588,42.705882352941174,1.9142156862745099,1.2696078431372548,3.3676470588235294,1.536764705882353,1.7475490196078431,1.2794117647058822,100
979304.8210784313,2005.7941176470588,42.705882352941174,1.9142156862745099,1.2696078431372548,3.3676470588235294,1.536764705882353,1.7475490196078431,1.2794117647058822,119
979304.8210784313,2005.7941176470588,42.705882352941174,1.9142156862745099,1.2696078431372548,3.3676470588235294,1.536764705882353,1.7475490196078431,1.2794117647058822,123
979304.8210784313,2005.7941176470588,42.705882352941174,1.9142156862745099,1.2696078431372548,3.3676470588235294,1.536764705882353,1.7475490196078431,1.2794117647058822,90
979304.8210784313,2005.7941176470588,42.705882352941174,1.9142156862745099,1.2696078431372548,3.3676470588235294,1.536764705882353,1.7475490196078431,1.2794117647058822,161
979304.8210784313,2005.7941176470588,42.705882352941174,1.9142156862745099,1.2696078431372548,3.3676470588235294,1.536764705882353,1.7475490196078431,1.2794117647058822,182
979304.8210784313,2005.7941176470588,42.705882352941174,1.9142156862745099,1.2696078431372548,3.3676470588235294,1.536764705882353,1.7475490196078431,1.2794117647058822,50
979304.8210784313,2005.7941176470588,42.705882352941174,1.9142156862745099,1.2696078431372548,3.3676470588235294,1.536764705882353,1.7475490196078431,1.2794117647058822,201
979304.8210784313,2005.7941176470588,42.705882352941174,1.9142156862745099,1.2696078431372548,3.3676470588235294,1.536764705882353,1.7475490196078431,1.2794117647058822,155
979304.8210784313,2005.7941176470588,42.705882352941174,1.9142156862745099,1.2696078431372548,3.3676470588235294,1.536764705882353,1.7475490196078431,1.2794117647058822,127
979304.8210784313,2005.7941176470588,42.705882352941174,1.9142156862745099,1.2696078431372548,3.3676470588235294,1.536764705882353,1.7475490196078431,1.2794117647058822,73
979304.8210784313,2005.7941176470588,42.705882352941174,1.9142156862745099,1.2696078431372548,3.3676470588235294,1.536764705882353,1.7475490196078431,1.2794117647058822,115
979304.8210784313,2005.7941176470588,42.705882352941174,1.9142156862745099,1.2696078431372548,3.3676470588235294,1.536764705882353,1.7475490196078431,1.2794117647058822,182
979304.8210784313,2005.7941176470588,42.705882352941174,1.9142156862745099,1.2696078431372548,3.3676470588235294,1.536764705882353,1.7475490196078431,1.2794117647058822,142
979304.8210784313,2005.7941176470588,42.705882352941174,1.9142156862745099,1.2696078431372548,3.3676470588235294,1.536764705882353,1.7475490196078431,1.2794117647058822,74
979304.8210784313,2005.7941176470588,42.705882352941174,1.9142156862745099,1.2696078431372548,3.3676470588235294,1.536764705882353,1.7475490196078431,1.2794117647058822,177
979304.8210784313,2005.7941176470588,42.705882352941174,1.9142156862745099,1.2696078431372548,3.3676470588235294,1.536764705882353,1.7475490196078431,1.2794117647058822,272
979304.8210784313,2005.7941176470588,42.705882352941174,1.9142156862745099,1.2696078431372548,3.3676470588235294,1.536764705882353,1.7475490196078431,1.2794117647058822,277
979304.8210784313,2005.7941176470588,42.705882352941174,1.9142156862745099,1.2696078431372548,3.3676470588235294,1.536764705882353,1.7475490196078431,1.2794117647058822,119
979304.8210784313,2005.7941176470588,42.705882352941174,1.9142156862745099,1.2696078431372548,3.3676470588235294,1.536764705882353,1.7475490196078431,1.2794117647058822,129
979304.8210784313,2005.7941176470588,42.705882352941174,1.9142156862745099,1.2696078431372548,3.3676470588235294,1.536764705882353,1.7475490196078431,1.2794117647058822,129
979304.8210784313,2005.7941176470588,42.705882352941174,1.9142156862745099,1.2696078431372548,3.3676470588235294,1.536764705882353,1.7475490196078431,1.2794117647058822,155
979304.8210784313,2005.7941176470588,42.705882352941174,1.9142156862745099,1.2696078431372548,3.3676470588235294,1.536764705882353,1.7475490196078431,1.2794117647058822,81
979304.8210784313,2005.7941176470588,42.705882352941174,1.9142156862745099,1.2696078431372548,3.3676470588235294,1.536764705882353,1.7475490196078431,1.2794117647058822,272
979304.8210784313,2005.7941176470588,42.705882352941174,1.9142156862745099,1.2696078431372548,3.3676470588235294,1.536764705882353,1.7475490196078431,1.2794117647058822,102
979304.8210784313,2005.7941176470588,42.705882352941174,1.9142156862745099,1.2696078431372548,3.3676470588235294,1.536764705882353,1.7475490196078431,1.2794117647058822,88
979304.8210784313,2005.7941176470588,42.705882352941174,1.9142156862745099,1.2696078431372548,3.3676470588235294,1.536764705882353,1.7475490196078431,1.2794117647058822,148
979304.8210784313,2005.7941176470588,42.705882352941174,1.9142156862745099,1.2696078431372548,3.3676470588235294,1.536764705882353,1.7475490196078431,1.2794117647058822,72
979304.8210784313,2005.7941176470588,42.705882352941174,1.9142156862745099,1.2696078431372548,3.3676470588235294,1.536764705882353,1.7475490196078431,1.2794117647058822,110
979304.8210784313,2005.7941176470588,42.705882352941174,1.9142156862745099,1.2696078431372548,3.3676470588235294,1.536764705882353,1.7475490196078431,1.2794117647058822,80
979304.8210784313,2005.7941176470588,42.705882352941174,1.9142156862745099,1.2696078431372548,3.3676470588235294,1.536764705882353,1.7475490196078431,1.2794117647058822,119
979304.8210784313,2005.7941176470588,42.705882352941174,1.9142156862745099,1.2696078431372548,3.3676470588235294,1.536764705882353,1.7475490196078431,1.2794117647058822,148
979304.8210784313,2005.7941176470588,42.705882352941174,1.9142156862745099,1.2696078431372548,3.3676470588235294,1.536764705882353,1.7475490196078431,1.2794117647058822,152
979304.8210784313,2005.7941176470588,42.705882352941174,1.9142156862745099,1.2696078431372548,3.3676470588235294,1.536764705882353,1.7475490196078431,1.2794117647058822,89
979304.8210784313,2005.7941176470588,42.705882352941174,1.9142156862745099,1.2696078431372548,3.3676470588235294,1.536764705882353,1.7475490196078431,1.2794117647058822,102
979304.8210784313,2005.7941176470588,42.705882352941174,1.9142156862745099,1.2696078431372548,3.3676470588235294,1.536764705882353,1.7475490196078431,1.2794117647058822,152
979304.8210784313,2005.7941176470588,42.705882352941174,1.9142156862745099,1.2696078431372548,3.3676470588235294,1.536764705882353,1.7475490196078431,1.2794117647058822,153
979304.8210784313,2005.7941176470588,42.705882352941174,1.9142156862745099,1.2696078431372548,3.3676470588235294,1.536764705882353,1.7475490196078431,1.2794117647058822,84
979304.8210784313,2005.7941176470588,42.705882352941174,1.9142156862745099,1.2696078431372548,3.3676470588235294,1.536764705882353,1.7475490196078431,1.2794117647058822,177
979304.8210784313,2005.7941176470588,42.705882352941174,1.9142156862745099,1.2696078431372548,3.3676470588235294,1.536764705882353,1.7475490196078431,1.2794117647058822,74
979304.8210784313,2005.7941176470588,42.705882352941174,1.9142156862745099,1.2696078431372548,3.3676470588235294,1.536764705882353,1.7475490196078431,1.2794117647058822,142
979304.8210784313,2005.7941176470588,42.705882352941174,1.9142156862745099,1.2696078431372548,3.3676470588235294,1.536764705882353,1.7475490196078431,1.2794117647058822,65
979304.8210784313,2005.7941176470588,42.705882352941174,1.9142156862745099,1.2696078431372548,3.3676470588235294,1.536764705882353,1.7475490196078431,1.2794117647058822,201
979304.8210784313,2005.7941176470588,42.705882352941174,1.9142156862745099,1.2696078431372548,3.3676470588235294,1.536764705882353,1.7475490196078431,1.2794117647058822,119
979304.8210784313,2005.7941176470588,42.705882352941174,1.9142156862745099,1.2696078431372548,3.3676470588235294,1.536764705882353,1.7475490196078431,1.2794117647058822,201
979304.8210784313,2005.7941176470588,42.705882352941174,1.9142156862745099,1.2696078431372548,3.3676470588235294,1.536764705882353,1.7475490196078431,1.2794117647058822,94
979304.8210784313,2005.7941176470588,42.705882352941174,1.9142156862745099,1.2696078431372548,3.3676470588235294,1.536764705882353,1.7475490196078431,1.2794117647058822,131
979304.8210784313,2005.7941176470588,42.705882352941174,1.9142156862745099,1.2696078431372548,3.3676470588235294,1.536764705882353,1.7475490196078431,1.2794117647058822,135
979304.8210784313,2005.7941176470588,42.705882352941174,1.9142156862745099,1.2696078431372548,3.3676470588235294,1.536764705882353,1.7475490196078431,1.2794117647058822,129
979304.8210784313,2005.7941176470588,42.705882352941174,1.9142156862745099,1.2696078431372548,3.3676470588235294,1.536764705882353,1.7475490196078431,1.2794117647058822,72
979304.8210784313,2005.7941176470588,42.705882352941174,1.9142156862745099,1.2696078431372548,3.3676470588235294,1.536764705882353,1.7475490196078431,1.2794117647058822,88
