1142177.9444444445,2005.9814814814815,43.851851851851855,1.9814814814814814,1.2407407407407407,3.1296296296296298,1.4074074074074074,1.6851851851851851,1.2407407407407407,70
1142177.9444444445,2005.9814814814815,43.851851851851855,1.9814814814814814,1.2407407407407407,3.1296296296296298,1.4074074074074074,1.6851851851851851,1.2407407407407407,129
1142177.9444444445,2005.9814814814815,43.851851851851855,1.9814814814814814,1.2407407407407407,3.1296296296296298,1.4074074074074074,1.6851851851851851,1.2407407407407407,74
1142177.9444444445,2005.9814814814815,43.851851851851855,1.9814814814814814,1.2407407407407407,3.1296296296296298,1.4074074074074074,1.6851851851851851,1.2407407407407407,88
1142177.9444444445,2005.9814814814815,43.851851851851855,1.9814814814814814,1.2407407407407407,3.1296296296296298,1.4074074074074074,1.6851851851851851,1.2407407407407407,97
1142177.9444444445,2005.9814814814815,43.851851851851855,1.9814814814814814,1.2407407407407407,3.1296296296296298,1.4074074074074074,1.6851851851851851,1.2407407407407407,81
1142177.9444444445,2005.9814814814815,43.851851851851855,1.9814814814814814,1.2407407407407407,3.1296296296296298,1.4074074074074074,1.6851851851851851,1.2407407407407407,148
1142177.9444444445,2005.9814814814815,43.851851851851855,1.9814814814814814,1.2407407407407407,3.1296296296296298,1.4074074074074074,1.6851851851851851,1.2407407407407407,114
1142177.9444444445,2005.9814814814815,43.851851851851855,1.9814814814814814,1.2407407407407407,3.1296296296296298,1.4074074074074074,1.6851851851851851,1.2407407407407407,119
1142177.9444444445,2005.9814814814815,43.851851851851855,1.9814814814814814,1.2407407407407407,3.1296296296296298,1.4074074074074074,1.6851851851851851,1.2407407407407407,100
1142177.9444444445,2005.9814814814815,43.851851851851855,1.9814814814814814,1.2407407407407407,3.1296296296296298,1.4074074074074074,1.6851851851851851,1.2407407407407407,127
1142177.9444444445,2005.9814814814815,43.851851851851855,1.9814814814814814,1.2407407407407407,3.1296296296296298,1.4074074074074074,1.6851851851851851,1.2407407407407407,119
1142177.9444444445,2005.9814814814815,43.851851851851855,1.9814814814814814,1.2407407407407407,3.1296296296296298,1.4074074074074074,1.6851851851851851,1.2407407407407407,105
1142177.9444444445,2005.9814814814815,43.851851851851855,1.9814814814814814,1.2407407407407407,3.1296296296296298,1.4074074074074074,1.6851851851851851,1.2407407407407407,108
1142177.9444444445,2005.9814814814815,43.851851851851855,1.9814814814814814,1.2407407407407407,3.1296296296296298,1.4074074074074074,1.6851851851851851,1.2407407407407407,81
1142177.9444444445,2005.9814814814815,43.851851851851855,1.9814814814814814,1.2407407407407407,3.1296296296296298,1.4074074074074074,1.6851851851851851,1.2407407407407407,100
1142177.9444444445,2005.9814814814815,43.851851851851855,1.9814814814814814,1.2407407407407407,3.1296296296296298,1.4074074074074074,1.6851851851851851,1.2407407407407407,177
1142177.9444444445,2005.9814814814815,43.851851851851855,1.9814814814814814,1.2407407407407407,3.1296296296296298,1.4074074074074074,1.6851851851851851,1.2407407407407407,142
1142177.9444444445,2005.9814814814815,43.851851851851855,1.9814814814814814,1.2407407407407407,3.1296296296296298,1.4074074074074074,1.6851851851851851,1.2407407407407407,161
1142177.9444444445,2005.9814814814815,43.851851851851855,1.9814814814814814,1.2407407407407407,3.1296296296296298,1.4074074074074074,1.6851851851851851,1.2407407407407407,123
1142177.9444444445,2005.9814814814815,43.851851851851855,1.9814814814814814,1.2407407407407407,3.1296296296296298,1.4074074074074074,1.6851851851851851,1.2407407407407407,100
1142177.9444444445,2005.9814814814815,43.851851851851855,1.9814814814814814,1.2407407407407407,3.1296296296296298,1.4074074074074074,1.6851851851851851,1.2407407407407407,92
1142177.9444444445,2005.9814814814815,43.851851851851855,1.9814814814814814,1.2407407407407407,3.1296296296296298,1.4074074074074074,1.6851851851851851,1.2407407407407407,81
1142177.9444444445,2005.9814814814815,43.851851851851855,1.9814814814814814,1.2407407407407407,3.1296296296296298,1.4074074074074074,1.6851851851851851,1.2407407407407407,138
1142177.9444444445,2005.9814814814815,43.851851851851855,1.9814814814814814,1.2407407407407407,3.1296296296296298,1.4074074074074074,1.6851851851851851,1.2407407407407407,93
1142177.9444444445,2005.9814814814815,43.851851851851855,1.9814814814814814,1.2407407407407407,3.1296296296296298,1.4074074074074074,1.6851851851851851,1.2407407407407407,105
1142177.9444444445,2005.9814814814815,43.851851851851855,1.9814814814814814,1.2407407407407407,3.1296296296296298,1.4074074074074074,1.6851851851851851,1.2407407407407407,77
1142177.9444444445,2005.9814814814815,43.851851851851855,1.9814814814814814,1.2407407407407407,3.1296296296296298,1.4074074074074074,1.6851851851851851,1.2407407407407407,119
1142177.9444444445,2005.9814814814815,43.851851851851855,1.9814814814814814,1.2407407407407407,3.1296296296296298,1.4074074074074074,1.6851851851851851,1.2407407407407407,65
1142177.9444444445,2005.9814814814815,43.851851851851855,1.9814814814814814,1.2407407407407407,3.1296296296296298,1.4074074074074074,1.6851851851851851,1.2407407407407407,110
1142177.9444444445,2005.9814814814815,43.851851851851855,1.9814814814814814,1.2407407407407407,3.1296296296296298,1.4074074074074074,1.6851851851851851,1.2407407407407407,94
1142177.9444444445,2005.9814814814815,43.851851851851855,1.9814814814814814,1.2407407407407407,3.1296296296296298,1.4074074074074074,1.6851851851851851,1.2407407407407407,75
1142177.9444444445,2005.9814814814815,43.851851851851855,1.9814814814814814,1.2407407407407407,3.1296296296296298,1.4074074074074074,1.6851851851851851,1.2407407407407407,135
1142177.9444444445,2005.9814814814815,43.851851851851855,1.9814814814814814,1.2407407407407407,3.1296296296296298,1.4074074074074074,1.6851851851851851,1.2407407407407407,94
1142177.9444444445,2005.9814814814815,43.851851851851855,1.9814814814814814,1.2407407407407407,3.1296296296296298,1.4074074074074074,1.6851851851851851,1.2407407407407407,131
1142177.9444444445,2005.9814814814815,43.851851851851855,1.9814814814814814,1.2407407407407407,3.1296296296296298,1.4074074074074074,1.6851851851851851,1.2407407407407407,85
1142177.9444444445,2005.9814814814815,43.851851851851855,1.9814814814814814,1.2407407407407407,3.1296296296296298,1.4074074074074074,1.6851851851851851,1.2407407407407407,110
1142177.9444444445,2005.9814814814815,43.851851851851855,1.9814814814814814,1.2407407407407407,3.1296296296296298,1.4074074074074074,1.6851851851851851,1.2407407407407407,90
1142177.9444444445,2005.9814814814815,43.851851851851855,1.9814814814814814,1.2407407407407407,3.1296296296296298,1.4074074074074074,1.6851851851851851,1.2407407407407407,88
1142177.9444444445,2005.9814814814815,43.851851851851855,1.9814814814814814,1.2407407407407407,3.1296296296296298,1.4074074074074074,1.6851851851851851,1.2407407407407407,117
1142177.9444444445,2005.9814814814815,43.851851851851855,1.9814814814814814,1.2407407407407407,3.1296296296296298,1.4074074074074074,1.6851851851851851,1.2407407407407407,80
1142177.9444444445,2005.9814814814815,43.851851851851855,1.9814814814814814,1.2407407407407407,3.1296296296296298,1.4074074074074074,1.6851851851851851,1.2407407407407407,112
1142177.9444444445,2005.9814814814815,43.851851851851855,1.9814814814814814,1.2407407407407407,3.1296296296296298,1.4074074074074074,1.6851851851851851,1.2407407407407407,89
1142177.9444444445,2005.9814814814815,43.851851851851855,1.9814814814814814,1.2407407407407407,3.1296296296296298,1.4074074074074074,1.6851851851851851,1.2407407407407407,74
1142177.9444444445,2005.9814814814815,43.851851851851855,1.9814814814814814,1.2407407407407407,3.1296296296296298,1.4074074074074074,1.6851851851851851,1.2407407407407407,148
1142177.9444444445,2005.9814814814815,43.851851851851855,1.9814814814814814,1.2407407407407407,3.1296296296296298,1.4074074074074074,1.6851851851851851,1.2407407407407407,100
1142177.9444444445,2005.9814814814815,43.851851851851855,1.9814814814814814,1.2407407407407407,3.1296296296296298,1.4074074074074074,1.6851851851851851,1.2407407407407407,83
1142177.9444444445,2005.9814814814815,43.851851851851855,1.9814814814814814,1.2407407407407407,3.1296296296296298,1.4074074074074074,1.6851851851851851,1.2407407407407407,127
1142177.9444444445,2005.9814814814815,43.851851851851855,1.9814814814814814,1.2407407407407407,3.1296296296296298,1.4074074074074074,1.6851851851851851,1.2407407407407407,88
1142177.9444444445,2005.9814814814815,43.851851851851855,1.9814814814814814,1.2407407407407407,3.1296296296296298,1.4074074074074074,1.6851851851851851,1.2407407407407407,102
1142177.9444444445,2005.9814814814815,43.851851851851855,1.9814814814814814,1.2407407407407407,3.1296296296296298,1.4074074074074074,1.6851851851851851,1.2407407407407407,119
1142177.9444444445,2005.9814814814815,43.851851851851855,1.9814814814814814,1.2407407407407407,3.1296296296296298,1.4074074074074074,1.6851851851851851,1.2407407407407407,114
1142177.9444444445,2005.9814814814815,43.851851851851855,1.9814814814814814,1.2407407407407407,3.1296296296296298,1.4074074074074074,1.6851851851851851,1.2407407407407407,110
1142177.9444444445,2005.9814814814815,43.851851851851855,1.9814814814814814,1.2407407407407407,3.1296296296296298,1.4074074074074074,1.6851851851851851,1.2407407407407407,95
1247026.29,2005.73,41.35,1.91,1.28,2.98,1.47,1.65,1.29,88
1247026.29,2005.73,41.35,1.91,1.28,2.98,1.47,1.65,1.29,119
1247026.29,2005.73,41.35,1.91,1.28,2.98,1.47,1.65,1.29,115
1247026.29,2005.73,41.35,1.91,1.28,2.98,1.47,1.65,1.29,127
1247026.29,2005.73,41.35,1.91,1.28,2.98,1.47,1.65,1.29,75
1247026.29,2005.73,41.35,1.91,1.28,2.98,1.47,1.65,1.29,278
1247026.29,2005.73,41.35,1.91,1.28,2.98,1.47,1.65,1.29,131
1247026.29,2005.73,41.35,1.91,1.28,2.98,1.47,1.65,1.29,114
1247026.29,2005.73,41.35,1.91,1.28,2.98,1.47,1.65,1.29,121
1247026.29,2005.73,41.35,1.91,1.28,2.98,1.47,1.65,1.29,126
1247026.29,2005.73,41.35,1.91,1.28,2.98,1.47,1.65,1.29,94
1247026.29,2005.73,41.35,1.91,1.28,2.98,1.47,1.65,1.29,106
1247026.29,2005.73,41.35,1.91,1.28,2.98,1.47,1.65,1.29,74
1247026.29,2005.73,41.35,1.91,1.28,2.98,1.47,1.65,1.29,105
1247026.29,2005.73,41.35,1.91,1.28,2.98,1.47,1.65,1.29,155
1247026.29,2005.73,41.35,1.91,1.28,2.98,1.47,1.65,1.29,110
1247026.29,2005.73,41.35,1.91,1.28,2.98,1.47,1.65,1.29,112
1247026.29,2005.73,41.35,1.91,1.28,2.98,1.47,1.65,1.29,61
1247026.29,2005.73,41.35,1.91,1.28,2.98,1.47,1.65,1.29,100
1247026.29,2005.73,41.35,1.91,1.28,2.98,1.47,1.65,1.29,55
1247026.29,2005.73,41.35,1.91,1.28,2.98,1.47,1.65,1.29,94
1247026.29,2005.73,41.35,1.91,1.28,2.98,1.47,1.65,1.29,85
1247026.29,2005.73,41.35,1.91,1.28,2.98,1.47,1.65,1.29,119
1247026.29,2005.73,41.35,1.91,1.28,2.98,1.47,1.65,1.29,80
1247026.29,2005.73,41.35,1.91,1.28,2.98,1.47,1.65,1.29,90
1247026.29,2005.73,41.35,1.91,1.28,2.98,1.47,1.65,1.29,114
1247026.29,2005.73,41.35,1.91,1.28,2.98,1.47,1.65,1.29,89
1247026.29,2005.73,41.35,1.91,1.28,2.98,1.47,1.65,1.29,96
1247026.29,2005.73,41.35,1.91,1.28,2.98,1.47,1.65,1.29,111
1247026.29,2005.73,41.35,1.91,1.28,2.98,1.47,1.65,1.29,110
1247026.29,2005.73,41.35,1.91,1.28,2.98,1.47,1.65,1.29,99
1247026.29,2005.73,41.35,1.91,1.28,2.98,1.47,1.65,1.29,117
1247026.29,2005.73,41.35,1.91,1.28,2.98,1.47,1.65,1.29,101
1247026.29,2005.73,41.35,1.91,1.28,2.98,1.47,1.65,1.29,88
1247026.29,2005.73,41.35,1.91,1.28,2.98,1.47,1.65,1.29,74
1247026.29,2005.73,41.35,1.91,1.28,2.98,1.47,1.65,1.29,95
1247026.29,2005.73,41.35,1.91,1.28,2.98,1.47,1.65,1.29,83
1247026.29,2005.73,41.35,1.91,1.28,2.98,1.47,1.65,1.29,88
1247026.29,2005.73,41.35,1.91,1.28,2.98,1.47,1.65,1.29,74
1247026.29,2005.73,41.35,1.91,1.28,2.98,1.47,1.65,1.29,110
1247026.29,2005.73,41.35,1.91,1.28,2.98,1.47,1.65,1.29,119
1247026.29,2005.73,41.35,1.91,1.28,2.98,1.47,1.65,1.29,103
1247026.29,2005.73,41.35,1.91,1.28,2.98,1.47,1.65,1.29,65
1247026.29,2005.73,41.35,1.91,1.28,2.98,1.47,1.65,1.29,63
1247026.29,2005.73,41.35,1.91,1.28,2.98,1.47,1.65,1.29,102
1247026.29,2005.73,41.35,1.91,1.28,2.98,1.47,1.65,1.29,148
1247026.29,2005.73,41.35,1.91,1.28,2.98,1.47,1.65,1.29,94
1247026.29,2005.73,41.35,1.91,1.28,2.98,1.47,1.65,1.29,114
1247026.29,2005.73,41.35,1.91,1.28,2.98,1.47,1.65,1.29,100
1247026.29,2005.73,41.35,1.91,1.28,2.98,1.47,1.65,1.29,104
1247026.29,2005.73,41.35,1.91,1.28,2.98,1.47,1.65,1.29,66
1247026.29,2005.73,41.35,1.91,1.28,2.98,1.47,1.65,1.29,88
1247026.29,2005.73,41.35,1.91,1.28,2.98,1.47,1.65,1.29,148
1247026.29,2005.73,41.35,1.91,1.28,2.98,1.47,1.65,1.29,69
1247026.29,2005.73,41.35,1.91,1.28,2.98,1.47,1.65,1.29,65
1247026.29,2005.73,41.35,1.91,1.28,2.98,1.47,1.65,1.29,70
1247026.29,2005.73,41.35,1.91,1.28,2.98,1.47,1.65,1.29,129
1247026.29,2005.73,41.35,1.91,1.28,2.98,1.47,1.65,1.29,87
1247026.29,2005.73,41.35,1.91,1.28,2.98,1.47,1.65,1.29,144
1247026.29,2005.73,41.35,1.91,1.28,2.98,1.47,1.65,1.29,201
1247026.29,2005.73,41.35,1.91,1.28,2.98,1.47,1.65,1.29,81
1247026.29,2005.73,41.35,1.91,1.28,2.98,1.47,1.65,1.29,97
1247026.29,2005.73,41.35,1.91,1.28,2.98,1.47,1.65,1.29,100
1247026.29,2005.73,41.35,1.91,1.28,2.98,1.47,1.65,1.29,78
1247026.29,2005.73,41.35,1.91,1.28,2.98,1.47,1.65,1.29,109
1247026.29,2005.73,41.35,1.91,1.28,2.98,1.47,1.65,1.29,81
1247026.29,2005.73,41.35,1.91,1.28,2.98,1.47,1.65,1.29,84
1247026.29,2005.73,41.35,1.91,1.28,2.98,1.47,1.65,1.29,107
1247026.29,2005.73,41.35,1.91,1.28,2.98,1.47,1.65,1.29,148
1247026.29,2005.73,41.35,1.91,1.28,2.98,1.47,1.65,1.29,100
1247026.29,2005.73,41.35,1.91,1.28,2.98,1.47,1.65,1.29,72
1247026.29,2005.73,41.35,1.91,1.28,2.98,1.47,1.65,1.29,50
1247026.29,2005.73,41.35,1.91,1.28,2.98,1.47,1.65,1.29,161
1247026.29,2005.73,41.35,1.91,1.28,2.98,1.47,1.65,1.29,108
1247026.29,2005.73,41.35,1.91,1.28,2.98,1.47,1.65,1.29,135
1247026.29,2005.73,41.35,1.91,1.28,2.98,1.47,1.65,1.29,145
1247026.29,2005.73,41.35,1.91,1.28,2.98,1.47,1.65,1.29,116
1247026.29,2005.73,41.35,1.91,1.28,2.98,1.47,1.65,1.29,123
1247026.29,2005.73,41.35,1.91,1.28,2.98,1.47,1.65,1.29,164
1247026.29,2005.73,41.35,1.91,1.28,2.98,1.47,1.65,1.29,59
1247026.29,2005.73,41.35,1.91,1.28,2.98,1.47,1.65,1.29,177
1247026.29,2005.73,41.35,1.91,1.28,2.98,1.47,1.65,1.29,142
1247026.29,2005.73,41.35,1.91,1.28,2.98,1.47,1.65,1.29,138
1247026.29,2005.73,41.35,1.91,1.28,2.98,1.47,1.65,1.29,81
1247026.29,2005.73,41.35,1.91,1.28,2.98,1.47,1.65,1.29,268
1247026.29,2005.73,41.35,1.91,1.28,2.98,1.47,1.65,1.29,77
1247026.29,2005.73,41.35,1.91,1.28,2.98,1.47,1.65,1.29,67
1247026.29,2005.73,41.35,1.91,1.28,2.98,1.47,1.65,1.29,119
1247026.29,2005.73,41.35,1.91,1.28,2.98,1.47,1.65,1.29,93
1247026.29,2005.73,41.35,1.91,1.28,2.98,1.47,1.65,1.29,135
1247026.29,2005.73,41.35,1.91,1.28,2.98,1.47,1.65,1.29,127
1247026.29,2005.73,41.35,1.91,1.28,2.98,1.47,1.65,1.29,105
1247026.29,2005.73,41.35,1.91,1.28,2.98,1.47,1.65,1.29,166
1247026.29,2005.73,41.35,1.91,1.28,2.98,1.47,1.65,1.29,133
1247026.29,2005.73,41.35,1.91,1.28,2.98,1.47,1.65,1.29,92
1247026.29,2005.73,41.35,1.91,1.28,2.98,1.47,1.65,1.29,132
1247026.29,2005.73,41.35,1.91,1.28,2.98,1.47,1.65,1.29,272
1247026.29,2005.73,41.35,1.91,1.28,2.98,1.47,1.65,1.29,71
1247026.29,2005.73,41.35,1.91,1.28,2.98,1.47,1.65,1.29,131
1247026.29,2005.73,41.35,1.91,1.28,2.98,1.47,1.65,1.29,140
977298.6923076923,2005.7564102564102,41.756410256410255,1.8974358974358974,1.3333333333333333,2.9871794871794872,1.4102564102564104,1.7179487179487178,1.3076923076923077,102
977298.6923076923,2005.7564102564102,41.756410256410255,1.8974358974358974,1.3333333333333333,2.9871794871794872,1.4102564102564104,1.7179487179487178,1.3076923076923077,127
977298.6923076923,2005.7564102564102,41.756410256410255,1.8974358974358974,1.3333333333333333,2.9871794871794872,1.4102564102564104,1.7179487179487178,1.3076923076923077,70
977298.6923076923,2005.7564102564102,41.756410256410255,1.8974358974358974,1.3333333333333333,2.9871794871794872,1.4102564102564104,1.7179487179487178,1.3076923076923077,268
977298.6923076923,2005.7564102564102,41.756410256410255,1.8974358974358974,1.3333333333333333,2.9871794871794872,1.4102564102564104,1.7179487179487178,1.3076923076923077,148
977298.6923076923,2005.7564102564102,41.756410256410255,1.8974358974358974,1.3333333333333333,2.9871794871794872,1.4102564102564104,1.7179487179487178,1.3076923076923077,114
977298.6923076923,2005.7564102564102,41.756410256410255,1.8974358974358974,1.3333333333333333,2.9871794871794872,1.4102564102564104,1.7179487179487178,1.3076923076923077,95
977298.6923076923,2005.7564102564102,41.756410256410255,1.8974358974358974,1.3333333333333333,2.9871794871794872,1.4102564102564104,1.7179487179487178,1.3076923076923077,133
977298.6923076923,2005.7564102564102,41.756410256410255,1.8974358974358974,1.3333333333333333,2.9871794871794872,1.4102564102564104,1.7179487179487178,1.3076923076923077,110
977298.6923076923,2005.7564102564102,41.756410256410255,1.8974358974358974,1.3333333333333333,2.9871794871794872,1.4102564102564104,1.7179487179487178,1.3076923076923077,74
977298.6923076923,2005.7564102564102,41.756410256410255,1.8974358974358974,1.3333333333333333,2.9871794871794872,1.4102564102564104,1.7179487179487178,1.3076923076923077,83
977298.6923076923,2005.7564102564102,41.756410256410255,1.8974358974358974,1.3333333333333333,2.9871794871794872,1.4102564102564104,1.7179487179487178,1.3076923076923077,135
977298.6923076923,2005.7564102564102,41.756410256410255,1.8974358974358974,1.3333333333333333,2.9871794871794872,1.4102564102564104,1.7179487179487178,1.3076923076923077,119
977298.6923076923,2005.7564102564102,41.756410256410255,1.8974358974358974,1.3333333333333333,2.9871794871794872,1.4102564102564104,1.7179487179487178,1.3076923076923077,135
977298.6923076923,2005.7564102564102,41.756410256410255,1.8974358974358974,1.3333333333333333,2.9871794871794872,1.4102564102564104,1.7179487179487178,1.3076923076923077,155
977298.6923076923,2005.7564102564102,41.756410256410255,1.8974358974358974,1.3333333333333333,2.9871794871794872,1.4102564102564104,1.7179487179487178,1.3076923076923077,88
977298.6923076923,2005.7564102564102,41.756410256410255,1.8974358974358974,1.3333333333333333,2.9871794871794872,1.4102564102564104,1.7179487179487178,1.3076923076923077,110
977298.6923076923,2005.7564102564102,41.756410256410255,1.8974358974358974,1.3333333333333333,2.9871794871794872,1.4102564102564104,1.7179487179487178,1.3076923076923077,115
977298.6923076923,2005.7564102564102,41.756410256410255,1.8974358974358974,1.3333333333333333,2.9871794871794872,1.4102564102564104,1.7179487179487178,1.3076923076923077,131
977298.6923076923,2005.7564102564102,41.756410256410255,1.8974358974358974,1.3333333333333333,2.9871794871794872,1.4102564102564104,1.7179487179487178,1.3076923076923077,121
977298.6923076923,2005.7564102564102,41.756410256410255,1.8974358974358974,1.3333333333333333,2.9871794871794872,1.4102564102564104,1.7179487179487178,1.3076923076923077,106
977298.6923076923,2005.7564102564102,41.756410256410255,1.8974358974358974,1.3333333333333333,2.9871794871794872,1.4102564102564104,1.7179487179487178,1.3076923076923077,129
977298.6923076923,2005.7564102564102,41.756410256410255,1.8974358974358974,1.3333333333333333,2.9871794871794872,1.4102564102564104,1.7179487179487178,1.3076923076923077,108
977298.6923076923,2005.7564102564102,41.756410256410255,1.8974358974358974,1.3333333333333333,2.9871794871794872,1.4102564102564104,1.7179487179487178,1.3076923076923077,126
977298.6923076923,2005.7564102564102,41.756410256410255,1.8974358974358974,1.3333333333333333,2.9871794871794872,1.4102564102564104,1.7179487179487178,1.3076923076923077,148
977298.6923076923,2005.7564102564102,41.756410256410255,1.8974358974358974,1.3333333333333333,2.9871794871794872,1.4102564102564104,1.7179487179487178,1.3076923076923077,119
977298.6923076923,2005.7564102564102,41.756410256410255,1.8974358974358974,1.3333333333333333,2.9871794871794872,1.4102564102564104,1.7179487179487178,1.3076923076923077,97
977298.6923076923,2005.7564102564102,41.756410256410255,1.8974358974358974,1.3333333333333333,2.9871794871794872,1.4102564102564104,1.7179487179487178,1.3076923076923077,100
977298.6923076923,2005.7564102564102,41.756410256410255,1.8974358974358974,1.3333333333333333,2.9871794871794872,1.4102564102564104,1.7179487179487178,1.3076923076923077,101
977298.6923076923,2005.7564102564102,41.756410256410255,1.8974358974358974,1.3333333333333333,2.9871794871794872,1.4102564102564104,1.7179487179487178,1.3076923076923077,100
977298.6923076923,2005.7564102564102,41.756410256410255,1.8974358974358974,1.3333333333333333,2.9871794871794872,1.4102564102564104,1.7179487179487178,1.3076923076923077,119
977298.6923076923,2005.7564102564102,41.756410256410255,1.8974358974358974,1.3333333333333333,2.9871794871794872,1.4102564102564104,1.7179487179487178,1.3076923076923077,131
977298.6923076923,2005.7564102564102,41.756410256410255,1.8974358974358974,1.3333333333333333,2.9871794871794872,1.4102564102564104,1.7179487179487178,1.3076923076923077,177
977298.6923076923,2005.7564102564102,41.756410256410255,1.8974358974358974,1.3333333333333333,2.9871794871794872,1.4102564102564104,1.7179487179487178,1.3076923076923077,55
977298.6923076923,2005.7564102564102,41.756410256410255,1.8974358974358974,1.3333333333333333,2.9871794871794872,1.4102564102564104,1.7179487179487178,1.3076923076923077,161
977298.6923076923,2005.7564102564102,41.756410256410255,1.8974358974358974,1.3333333333333333,2.9871794871794872,1.4102564102564104,1.7179487179487178,1.3076923076923077,96
977298.6923076923,2005.7564102564102,41.756410256410255,1.8974358974358974,1.3333333333333333,2.9871794871794872,1.4102564102564104,1.7179487179487178,1.3076923076923077,110
977298.6923076923,2005.7564102564102,41.756410256410255,1.8974358974358974,1.3333333333333333,2.9871794871794872,1.4102564102564104,1.7179487179487178,1.3076923076923077,142
977298.6923076923,2005.7564102564102,41.756410256410255,1.8974358974358974,1.3333333333333333,2.9871794871794872,1.4102564102564104,1.7179487179487178,1.3076923076923077,88
977298.6923076923,2005.7564102564102,41.756410256410255,1.8974358974358974,1.3333333333333333,2.9871794871794872,1.4102564102564104,1.7179487179487178,1.3076923076923077,93
977298.6923076923,2005.7564102564102,41.756410256410255,1.8974358974358974,1.3333333333333333,2.9871794871794872,1.4102564102564104,1.7179487179487178,1.3076923076923077,92
977298.6923076923,2005.7564102564102,41.756410256410255,1.8974358974358974,1.3333333333333333,2.9871794871794872,1.4102564102564104,1.7179487179487178,1.3076923076923077,94
977298.6923076923,2005.7564102564102,41.756410256410255,1.8974358974358974,1.3333333333333333,2.9871794871794872,1.4102564102564104,1.7179487179487178,1.3076923076923077,77
977298.6923076923,2005.7564102564102,41.756410256410255,1.8974358974358974,1.3333333333333333,2.9871794871794872,1.4102564102564104,1.7179487179487178,1.3076923076923077,105
977298.6923076923,2005.7564102564102,41.756410256410255,1.8974358974358974,1.3333333333333333,2.9871794871794872,1.4102564102564104,1.7179487179487178,1.3076923076923077,138
977298.6923076923,2005.7564102564102,41.756410256410255,1.8974358974358974,1.3333333333333333,2.9871794871794872,1.4102564102564104,1.7179487179487178,1.3076923076923077,100
977298.6923076923,2005.7564102564102,41.756410256410255,1.8974358974358974,1.3333333333333333,2.9871794871794872,1.4102564102564104,1.7179487179487178,1.3076923076923077,88
977298.6923076923,2005.7564102564102,41.756410256410255,1.8974358974358974,1.3333333333333333,2.9871794871794872,1.4102564102564104,1.7179487179487178,1.3076923076923077,81
977298.6923076923,2005.7564102564102,41.756410256410255,1.8974358974358974,1.3333333333333333,2.9871794871794872,1.4102564102564104,1.7179487179487178,1.3076923076923077,103
977298.6923076923,2005.7564102564102,41.756410256410255,1.8974358974358974,1.3333333333333333,2.9871794871794872,1.4102564102564104,1.7179487179487178,1.3076923076923077,123
977298.6923076923,2005.7564102564102,41.756410256410255,1.8974358974358974,1.3333333333333333,2.9871794871794872,1.4102564102564104,1.7179487179487178,1.3076923076923077,94
977298.6923076923,2005.7564102564102,41.756410256410255,1.8974358974358974,1.3333333333333333,2.9871794871794872,1.4102564102564104,1.7179487179487178,1.3076923076923077,81
977298.6923076923,2005.7564102564102,41.756410256410255,1.8974358974358974,1.3333333333333333,2.9871794871794872,1.4102564102564104,1.7179487179487178,1.3076923076923077,100
977298.6923076923,2005.7564102564102,41.756410256410255,1.8974358974358974,1.3333333333333333,2.9871794871794872,1.4102564102564104,1.7179487179487178,1.3076923076923077,117
977298.6923076923,2005.7564102564102,41.756410256410255,1.8974358974358974,1.3333333333333333,2.9871794871794872,1.4102564102564104,1.7179487179487178,1.3076923076923077,75
977298.6923076923,2005.7564102564102,41.756410256410255,1.8974358974358974,1.3333333333333333,2.9871794871794872,1.4102564102564104,1.7179487179487178,1.3076923076923077,105
977298.6923076923,2005.7564102564102,41.756410256410255,1.8974358974358974,1.3333333333333333,2.9871794871794872,1.4102564102564104,1.7179487179487178,1.3076923076923077,78
977298.6923076923,2005.7564102564102,41.756410256410255,1.8974358974358974,1.3333333333333333,2.9871794871794872,1.4102564102564104,1.7179487179487178,1.3076923076923077,201
977298.6923076923,2005.7564102564102,41.756410256410255,1.8974358974358974,1.3333333333333333,2.9871794871794872,1.4102564102564104,1.7179487179487178,1.3076923076923077,69
977298.6923076923,2005.7564102564102,41.756410256410255,1.8974358974358974,1.3333333333333333,2.9871794871794872,1.4102564102564104,1.7179487179487178,1.3076923076923077,127
977298.6923076923,2005.7564102564102,41.756410256410255,1.8974358974358974,1.3333333333333333,2.9871794871794872,1.4102564102564104,1.7179487179487178,1.3076923076923077,109
977298.6923076923,2005.7564102564102,41.756410256410255,1.8974358974358974,1.3333333333333333,2.9871794871794872,1.4102564102564104,1.7179487179487178,1.3076923076923077,85
977298.6923076923,2005.7564102564102,41.756410256410255,1.8974358974358974,1.3333333333333333,2.9871794871794872,1.4102564102564104,1.7179487179487178,1.3076923076923077,114
977298.6923076923,2005.7564102564102,41.756410256410255,1.8974358974358974,1.3333333333333333,2.9871794871794872,1.4102564102564104,1.7179487179487178,1.3076923076923077,89
977298.6923076923,2005.7564102564102,41.756410256410255,1.8974358974358974,1.3333333333333333,2.9871794871794872,1.4102564102564104,1.7179487179487178,1.3076923076923077,90
977298.6923076923,2005.7564102564102,41.756410256410255,1.8974358974358974,1.3333333333333333,2.9871794871794872,1.4102564102564104,1.7179487179487178,1.3076923076923077,72
977298.6923076923,2005.7564102564102,41.756410256410255,1.8974358974358974,1.3333333333333333,2.9871794871794872,1.4102564102564104,1.7179487179487178,1.3076923076923077,80
977298.6923076923,2005.7564102564102,41.756410256410255,1.8974358974358974,1.3333333333333333,2.9871794871794872,1.4102564102564104,1.7179487179487178,1.3076923076923077,148
977298.6923076923,2005.7564102564102,41.756410256410255,1.8974358974358974,1.3333333333333333,2.9871794871794872,1.4102564102564104,1.7179487179487178,1.3076923076923077,84
977298.6923076923,2005.7564102564102,41.756410256410255,1.8974358974358974,1.3333333333333333,2.9871794871794872,1.4102564102564104,1.7179487179487178,1.3076923076923077,145
977298.6923076923,2005.7564102564102,41.756410256410255,1.8974358974358974,1.3333333333333333,2.9871794871794872,1.4102564102564104,1.7179487179487178,1.3076923076923077,107
977298.6923076923,2005.7564102564102,41.756410256410255,1.8974358974358974,1.3333333333333333,2.9871794871794872,1.4102564102564104,1.7179487179487178,1.3076923076923077,119
977298.6923076923,2005.7564102564102,41.756410256410255,1.8974358974358974,1.3333333333333333,2.9871794871794872,1.4102564102564104,1.7179487179487178,1.3076923076923077,94
977298.6923076923,2005.7564102564102,41.756410256410255,1.8974358974358974,1.3333333333333333,2.9871794871794872,1.4102564102564104,1.7179487179487178,1.3076923076923077,65
977298.6923076923,2005.7564102564102,41.756410256410255,1.8974358974358974,1.3333333333333333,2.9871794871794872,1.4102564102564104,1.7179487179487178,1.3076923076923077,74
977298.6923076923,2005.7564102564102,41.756410256410255,1.8974358974358974,1.3333333333333333,2.9871794871794872,1.4102564102564104,1.7179487179487178,1.3076923076923077,59
977298.6923076923,2005.7564102564102,41.756410256410255,1.8974358974358974,1.3333333333333333,2.9871794871794872,1.4102564102564104,1.7179487179487178,1.3076923076923077,81
977298.6923076923,2005.7564102564102,41.756410256410255,1.8974358974358974,1.3333333333333333,2.9871794871794872,1.4102564102564104,1.7179487179487178,1.3076923076923077,112
1134298.326923077,2006.1923076923076,44.05769230769231,1.9807692307692308,1.3076923076923077,3.0576923076923075,1.5,1.7307692307692308,1.2692307692307692,94
1134298.326923077,2006.1923076923076,44.05769230769231,1.9807692307692308,1.3076923076923077,3.0576923076923075,1.5,1.7307692307692308,1.2692307692307692,81
1134298.326923077,2006.1923076923076,44.05769230769231,1.9807692307692308,1.3076923076923077,3.0576923076923075,1.5,1.7307692307692308,1.2692307692307692,89
1134298.326923077,2006.1923076923076,44.05769230769231,1.9807692307692308,1.3076923076923077,3.0576923076923075,1.5,1.7307692307692308,1.2692307692307692,112
1134298.326923077,2006.1923076923076,44.05769230769231,1.9807692307692308,1.3076923076923077,3.0576923076923075,1.5,1.7307692307692308,1.2692307692307692,100
1134298.326923077,2006.1923076923076,44.05769230769231,1.9807692307692308,1.3076923076923077,3.0576923076923075,1.5,1.7307692307692308,1.2692307692307692,90
1134298.326923077,2006.1923076923076,44.05769230769231,1.9807692307692308,1.3076923076923077,3.0576923076923075,1.5,1.7307692307692308,1.2692307692307692,85
1134298.326923077,2006.1923076923076,44.05769230769231,1.9807692307692308,1.3076923076923077,3.0576923076923075,1.5,1.7307692307692308,1.2692307692307692,80
1134298.326923077,2006.1923076923076,44.05769230769231,1.9807692307692308,1.3076923076923077,3.0576923076923075,1.5,1.7307692307692308,1.2692307692307692,117
1134298.326923077,2006.1923076923076,44.05769230769231,1.9807692307692308,1.3076923076923077,3.0576923076923075,1.5,1.7307692307692308,1.2692307692307692,102
1134298.326923077,2006.1923076923076,44.05769230769231,1.9807692307692308,1.3076923076923077,3.0576923076923075,1.5,1.7307692307692308,1.2692307692307692,119
1134298.326923077,2006.1923076923076,44.05769230769231,1.9807692307692308,1.3076923076923077,3.0576923076923075,1.5,1.7307692307692308,1.2692307692307692,81
1134298.326923077,2006.1923076923076,44.05769230769231,1.9807692307692308,1.3076923076923077,3.0576923076923075,1.5,1.7307692307692308,1.2692307692307692,83
1134298.326923077,2006.1923076923076,44.05769230769231,1.9807692307692308,1.3076923076923077,3.0576923076923075,1.5,1.7307692307692308,1.2692307692307692,95
1134298.326923077,2006.1923076923076,44.05769230769231,1.9807692307692308,1.3076923076923077,3.0576923076923075,1.5,1.7307692307692308,1.2692307692307692,114
1134298.326923077,2006.1923076923076,44.05769230769231,1.9807692307692308,1.3076923076923077,3.0576923076923075,1.5,1.7307692307692308,1.2692307692307692,88
1134298.326923077,2006.1923076923076,44.05769230769231,1.9807692307692308,1.3076923076923077,3.0576923076923075,1.5,1.7307692307692308,1.2692307692307692,148
1134298.326923077,2006.1923076923076,44.05769230769231,1.9807692307692308,1.3076923076923077,3.0576923076923075,1.5,1.7307692307692308,1.2692307692307692,100
1134298.326923077,2006.1923076923076,44.05769230769231,1.9807692307692308,1.3076923076923077,3.0576923076923075,1.5,1.7307692307692308,1.2692307692307692,74
1134298.326923077,2006.1923076923076,44.05769230769231,1.9807692307692308,1.3076923076923077,3.0576923076923075,1.5,1.7307692307692308,1.2692307692307692,129
1134298.326923077,2006.1923076923076,44.05769230769231,1.9807692307692308,1.3076923076923077,3.0576923076923075,1.5,1.7307692307692308,1.2692307692307692,70
1134298.326923077,2006.1923076923076,44.05769230769231,1.9807692307692308,1.3076923076923077,3.0576923076923075,1.5,1.7307692307692308,1.2692307692307692,114
1134298.326923077,2006.1923076923076,44.05769230769231,1.9807692307692308,1.3076923076923077,3.0576923076923075,1.5,1.7307692307692308,1.2692307692307692,119
1134298.326923077,2006.1923076923076,44.05769230769231,1.9807692307692308,1.3076923076923077,3.0576923076923075,1.5,1.7307692307692308,1.2692307692307692,88
1134298.326923077,2006.1923076923076,44.05769230769231,1.9807692307692308,1.3076923076923077,3.0576923076923075,1.5,1.7307692307692308,1.2692307692307692,97
1134298.326923077,2006.1923076923076,44.05769230769231,1.9807692307692308,1.3076923076923077,3.0576923076923075,1.5,1.7307692307692308,1.2692307692307692,74
1134298.326923077,2006.1923076923076,44.05769230769231,1.9807692307692308,1.3076923076923077,3.0576923076923075,1.5,1.7307692307692308,1.2692307692307692,148
1134298.326923077,2006.1923076923076,44.05769230769231,1.9807692307692308,1.3076923076923077,3.0576923076923075,1.5,1.7307692307692308,1.2692307692307692,81
1134298.326923077,2006.1923076923076,44.05769230769231,1.9807692307692308,1.3076923076923077,3.0576923076923075,1.5,1.7307692307692308,1.2692307692307692,123
1134298.326923077,2006.1923076923076,44.05769230769231,1.9807692307692308,1.3076923076923077,3.0576923076923075,1.5,1.7307692307692308,1.2692307692307692,127
1134298.326923077,2006.1923076923076,44.05769230769231,1.9807692307692308,1.3076923076923077,3.0576923076923075,1.5,1.7307692307692308,1.2692307692307692,108
1134298.326923077,2006.1923076923076,44.05769230769231,1.9807692307692308,1.3076923076923077,3.0576923076923075,1.5,1.7307692307692308,1.2692307692307692,177
1134298.326923077,2006.1923076923076,44.05769230769231,1.9807692307692308,1.3076923076923077,3.0576923076923075,1.5,1.7307692307692308,1.2692307692307692,110
1134298.326923077,2006.1923076923076,44.05769230769231,1.9807692307692308,1.3076923076923077,3.0576923076923075,1.5,1.7307692307692308,1.2692307692307692,88
1134298.326923077,2006.1923076923076,44.05769230769231,1.9807692307692308,1.3076923076923077,3.0576923076923075,1.5,1.7307692307692308,1.2692307692307692,142
1134298.326923077,2006.1923076923076,44.05769230769231,1.9807692307692308,1.3076923076923077,3.0576923076923075,1.5,1.7307692307692308,1.2692307692307692,161
1134298.326923077,2006.1923076923076,44.05769230769231,1.9807692307692308,1.3076923076923077,3.0576923076923075,1.5,1.7307692307692308,1.2692307692307692,65
1134298.326923077,2006.1923076923076,44.05769230769231,1.9807692307692308,1.3076923076923077,3.0576923076923075,1.5,1.7307692307692308,1.2692307692307692,119
1134298.326923077,2006.1923076923076,44.05769230769231,1.9807692307692308,1.3076923076923077,3.0576923076923075,1.5,1.7307692307692308,1.2692307692307692,105
1134298.326923077,2006.1923076923076,44.05769230769231,1.9807692307692308,1.3076923076923077,3.0576923076923075,1.5,1.7307692307692308,1.2692307692307692,110
1134298.326923077,2006.1923076923076,44.05769230769231,1.9807692307692308,1.3076923076923077,3.0576923076923075,1.5,1.7307692307692308,1.2692307692307692,127
1134298.326923077,2006.1923076923076,44.05769230769231,1.9807692307692308,1.3076923076923077,3.0576923076923075,1.5,1.7307692307692308,1.2692307692307692,105
1134298.326923077,2006.1923076923076,44.05769230769231,1.9807692307692308,1.3076923076923077,3.0576923076923075,1.5,1.7307692307692308,1.2692307692307692,92
1134298.326923077,2006.1923076923076,44.05769230769231,1.9807692307692308,1.3076923076923077,3.0576923076923075,1.5,1.7307692307692308,1.2692307692307692,93
1134298.326923077,2006.1923076923076,44.05769230769231,1.9807692307692308,1.3076923076923077,3.0576923076923075,1.5,1.7307692307692308,1.2692307692307692,119
1134298.326923077,2006.1923076923076,44.05769230769231,1.9807692307692308,1.3076923076923077,3.0576923076923075,1.5,1.7307692307692308,1.2692307692307692,135
1134298.326923077,2006.1923076923076,44.05769230769231,1.9807692307692308,1.3076923076923077,3.0576923076923075,1.5,1.7307692307692308,1.2692307692307692,77
1134298.326923077,2006.1923076923076,44.05769230769231,1.9807692307692308,1.3076923076923077,3.0576923076923075,1.5,1.7307692307692308,1.2692307692307692,131
1134298.326923077,2006.1923076923076,44.05769230769231,1.9807692307692308,1.3076923076923077,3.0576923076923075,1.5,1.7307692307692308,1.2692307692307692,94
1134298.326923077,2006.1923076923076,44.05769230769231,1.9807692307692308,1.3076923076923077,3.0576923076923075,1.5,1.7307692307692308,1.2692307692307692,100
1134298.326923077,2006.1923076923076,44.05769230769231,1.9807692307692308,1.3076923076923077,3.0576923076923075,1.5,1.7307692307692308,1.2692307692307692,75
1134298.326923077,2006.1923076923076,44.05769230769231,1.9807692307692308,1.3076923076923077,3.0576923076923075,1.5,1.7307692307692308,1.2692307692307692,110
988658.3402366864,2005.8224852071005,41.328402366863905,1.9615384615384615,1.2603550295857988,2.9940828402366866,1.5,1.7248520710059172,1.301775147928994,99
988658.3402366864,2005.8224852071005,41.328402366863905,1.9615384615384615,1.2603550295857988,2.9940828402366866,1.5,1.7248520710059172,1.301775147928994,88
988658.3402366864,2005.8224852071005,41.328402366863905,1.9615384615384615,1.2603550295857988,2.9940828402366866,1.5,1.7248520710059172,1.301775147928994,65
988658.3402366864,2005.8224852071005,41.328402366863905,1.9615384615384615,1.2603550295857988,2.9940828402366866,1.5,1.7248520710059172,1.301775147928994,94
988658.3402366864,2005.8224852071005,41.328402366863905,1.9615384615384615,1.2603550295857988,2.9940828402366866,1.5,1.7248520710059172,1.301775147928994,55
988658.3402366864,2005.8224852071005,41.328402366863905,1.9615384615384615,1.2603550295857988,2.9940828402366866,1.5,1.7248520710059172,1.301775147928994,158
988658.3402366864,2005.8224852071005,41.328402366863905,1.9615384615384615,1.2603550295857988,2.9940828402366866,1.5,1.7248520710059172,1.301775147928994,107
988658.3402366864,2005.8224852071005,41.328402366863905,1.9615384615384615,1.2603550295857988,2.9940828402366866,1.5,1.7248520710059172,1.301775147928994,119
988658.3402366864,2005.8224852071005,41.328402366863905,1.9615384615384615,1.2603550295857988,2.9940828402366866,1.5,1.7248520710059172,1.301775147928994,282
988658.3402366864,2005.8224852071005,41.328402366863905,1.9615384615384615,1.2603550295857988,2.9940828402366866,1.5,1.7248520710059172,1.301775147928994,88
988658.3402366864,2005.8224852071005,41.328402366863905,1.9615384615384615,1.2603550295857988,2.9940828402366866,1.5,1.7248520710059172,1.301775147928994,100
988658.3402366864,2005.8224852071005,41.328402366863905,1.9615384615384615,1.2603550295857988,2.9940828402366866,1.5,1.7248520710059172,1.301775147928994,117
988658.3402366864,2005.8224852071005,41.328402366863905,1.9615384615384615,1.2603550295857988,2.9940828402366866,1.5,1.7248520710059172,1.301775147928994,150
988658.3402366864,2005.8224852071005,41.328402366863905,1.9615384615384615,1.2603550295857988,2.9940828402366866,1.5,1.7248520710059172,1.301775147928994,70
988658.3402366864,2005.8224852071005,41.328402366863905,1.9615384615384615,1.2603550295857988,2.9940828402366866,1.5,1.7248520710059172,1.301775147928994,83
988658.3402366864,2005.8224852071005,41.328402366863905,1.9615384615384615,1.2603550295857988,2.9940828402366866,1.5,1.7248520710059172,1.301775147928994,74
988658.3402366864,2005.8224852071005,41.328402366863905,1.9615384615384615,1.2603550295857988,2.9940828402366866,1.5,1.7248520710059172,1.301775147928994,85
988658.3402366864,2005.8224852071005,41.328402366863905,1.9615384615384615,1.2603550295857988,2.9940828402366866,1.5,1.7248520710059172,1.301775147928994,142
988658.3402366864,2005.8224852071005,41.328402366863905,1.9615384615384615,1.2603550295857988,2.9940828402366866,1.5,1.7248520710059172,1.301775147928994,129
988658.3402366864,2005.8224852071005,41.328402366863905,1.9615384615384615,1.2603550295857988,2.9940828402366866,1.5,1.7248520710059172,1.301775147928994,131
988658.3402366864,2005.8224852071005,41.328402366863905,1.9615384615384615,1.2603550295857988,2.9940828402366866,1.5,1.7248520710059172,1.301775147928994,177
988658.3402366864,2005.8224852071005,41.328402366863905,1.9615384615384615,1.2603550295857988,2.9940828402366866,1.5,1.7248520710059172,1.301775147928994,74
988658.3402366864,2005.8224852071005,41.328402366863905,1.9615384615384615,1.2603550295857988,2.9940828402366866,1.5,1.7248520710059172,1.301775147928994,139
988658.3402366864,2005.8224852071005,41.328402366863905,1.9615384615384615,1.2603550295857988,2.9940828402366866,1.5,1.7248520710059172,1.301775147928994,148
988658.3402366864,2005.8224852071005,41.328402366863905,1.9615384615384615,1.2603550295857988,2.9940828402366866,1.5,1.7248520710059172,1.301775147928994,35
988658.3402366864,2005.8224852071005,41.328402366863905,1.9615384615384615,1.2603550295857988,2.9940828402366866,1.5,1.7248520710059172,1.301775147928994,81
988658.3402366864,2005.8224852071005,41.328402366863905,1.9615384615384615,1.2603550295857988,2.9940828402366866,1.5,1.7248520710059172,1.301775147928994,112
988658.3402366864,2005.8224852071005,41.328402366863905,1.9615384615384615,1.2603550295857988,2.9940828402366866,1.5,1.7248520710059172,1.301775147928994,94
988658.3402366864,2005.8224852071005,41.328402366863905,1.9615384615384615,1.2603550295857988,2.9940828402366866,1.5,1.7248520710059172,1.301775147928994,123
988658.3402366864,2005.8224852071005,41.328402366863905,1.9615384615384615,1.2603550295857988,2.9940828402366866,1.5,1.7248520710059172,1.301775147928994,153
988658.3402366864,2005.8224852071005,41.328402366863905,1.9615384615384615,1.2603550295857988,2.9940828402366866,1.5,1.7248520710059172,1.301775147928994,81
988658.3402366864,2005.8224852071005,41.328402366863905,1.9615384615384615,1.2603550295857988,2.9940828402366866,1.5,1.7248520710059172,1.301775147928994,105
988658.3402366864,2005.8224852071005,41.328402366863905,1.9615384615384615,1.2603550295857988,2.9940828402366866,1.5,1.7248520710059172,1.301775147928994,127
988658.3402366864,2005.8224852071005,41.328402366863905,1.9615384615384615,1.2603550295857988,2.9940828402366866,1.5,1.7248520710059172,1.301775147928994,75
988658.3402366864,2005.8224852071005,41.328402366863905,1.9615384615384615,1.2603550295857988,2.9940828402366866,1.5,1.7248520710059172,1.301775147928994,152
988658.3402366864,2005.8224852071005,41.328402366863905,1.9615384615384615,1.2603550295857988,2.9940828402366866,1.5,1.7248520710059172,1.301775147928994,138
988658.3402366864,2005.8224852071005,41.328402366863905,1.9615384615384615,1.2603550295857988,2.9940828402366866,1.5,1.7248520710059172,1.301775147928994,103
988658.3402366864,2005.8224852071005,41.328402366863905,1.9615384615384615,1.2603550295857988,2.9940828402366866,1.5,1.7248520710059172,1.301775147928994,93
988658.3402366864,2005.8224852071005,41.328402366863905,1.9615384615384615,1.2603550295857988,2.9940828402366866,1.5,1.7248520710059172,1.301775147928994,102
988658.3402366864,2005.8224852071005,41.328402366863905,1.9615384615384615,1.2603550295857988,2.9940828402366866,1.5,1.7248520710059172,1.301775147928994,161
988658.3402366864,2005.8224852071005,41.328402366863905,1.9615384615384615,1.2603550295857988,2.9940828402366866,1.5,1.7248520710059172,1.301775147928994,145
988658.3402366864,2005.8224852071005,41.328402366863905,1.9615384615384615,1.2603550295857988,2.9940828402366866,1.5,1.7248520710059172,1.301775147928994,119
988658.3402366864,2005.8224852071005,41.328402366863905,1.9615384615384615,1.2603550295857988,2.9940828402366866,1.5,1.7248520710059172,1.301775147928994,100
988658.3402366864,2005.8224852071005,41.328402366863905,1.9615384615384615,1.2603550295857988,2.9940828402366866,1.5,1.7248520710059172,1.301775147928994,92
988658.3402366864,2005.8224852071005,41.328402366863905,1.9615384615384615,1.2603550295857988,2.9940828402366866,1.5,1.7248520710059172,1.301775147928994,268
988658.3402366864,2005.8224852071005,41.328402366863905,1.9615384615384615,1.2603550295857988,2.9940828402366866,1.5,1.7248520710059172,1.301775147928994,278
988658.3402366864,2005.8224852071005,41.328402366863905,1.9615384615384615,1.2603550295857988,2.9940828402366866,1.5,1.7248520710059172,1.301775147928994,114
988658.3402366864,2005.8224852071005,41.328402366863905,1.9615384615384615,1.2603550295857988,2.9940828402366866,1.5,1.7248520710059172,1.301775147928994,201
988658.3402366864,2005.8224852071005,41.328402366863905,1.9615384615384615,1.2603550295857988,2.9940828402366866,1.5,1.7248520710059172,1.301775147928994,110
988658.3402366864,2005.8224852071005,41.328402366863905,1.9615384615384615,1.2603550295857988,2.9940828402366866,1.5,1.7248520710059172,1.301775147928994,110
988658.3402366864,2005.8224852071005,41.328402366863905,1.9615384615384615,1.2603550295857988,2.9940828402366866,1.5,1.7248520710059172,1.301775147928994,135
988658.3402366864,2005.8224852071005,41.328402366863905,1.9615384615384615,1.2603550295857988,2.9940828402366866,1.5,1.7248520710059172,1.301775147928994,131
988658.3402366864,2005.8224852071005,41.328402366863905,1.9615384615384615,1.2603550295857988,2.9940828402366866,1.5,1.7248520710059172,1.301775147928994,115
988658.3402366864,2005.8224852071005,41.328402366863905,1.9615384615384615,1.2603550295857988,2.9940828402366866,1.5,1.7248520710059172,1.301775147928994,65
988658.3402366864,2005.8224852071005,41.328402366863905,1.9615384615384615,1.2603550295857988,2.9940828402366866,1.5,1.7248520710059172,1.301775147928994,143
988658.3402366864,2005.8224852071005,41.328402366863905,1.9615384615384615,1.2603550295857988,2.9940828402366866,1.5,1.7248520710059172,1.301775147928994,56
988658.3402366864,2005.8224852071005,41.328402366863905,1.9615384615384615,1.2603550295857988,2.9940828402366866,1.5,1.7248520710059172,1.301775147928994,100
988658.3402366864,2005.8224852071005,41.328402366863905,1.9615384615384615,1.2603550295857988,2.9940828402366866,1.5,1.7248520710059172,1.301775147928994,77
988658.3402366864,2005.8224852071005,41.328402366863905,1.9615384615384615,1.2603550295857988,2.9940828402366866,1.5,1.7248520710059172,1.301775147928994,268
988658.3402366864,2005.8224852071005,41.328402366863905,1.9615384615384615,1.2603550295857988,2.9940828402366866,1.5,1.7248520710059172,1.301775147928994,103
988658.3402366864,2005.8224852071005,41.328402366863905,1.9615384615384615,1.2603550295857988,2.9940828402366866,1.5,1.7248520710059172,1.301775147928994,201
988658.3402366864,2005.8224852071005,41.328402366863905,1.9615384615384615,1.2603550295857988,2.9940828402366866,1.5,1.7248520710059172,1.301775147928994,105
988658.3402366864,2005.8224852071005,41.328402366863905,1.9615384615384615,1.2603550295857988,2.9940828402366866,1.5,1.7248520710059172,1.301775147928994,110
988658.3402366864,2005.8224852071005,41.328402366863905,1.9615384615384615,1.2603550295857988,2.9940828402366866,1.5,1.7248520710059172,1.301775147928994,155
988658.3402366864,2005.8224852071005,41.328402366863905,1.9615384615384615,1.2603550295857988,2.9940828402366866,1.5,1.7248520710059172,1.301775147928994,142
988658.3402366864,2005.8224852071005,41.328402366863905,1.9615384615384615,1.2603550295857988,2.9940828402366866,1.5,1.7248520710059172,1.301775147928994,81
988658.3402366864,2005.8224852071005,41.328402366863905,1.9615384615384615,1.2603550295857988,2.9940828402366866,1.5,1.7248520710059172,1.301775147928994,90
988658.3402366864,2005.8224852071005,41.328402366863905,1.9615384615384615,1.2603550295857988,2.9940828402366866,1.5,1.7248520710059172,1.301775147928994,272
988658.3402366864,2005.8224852071005,41.328402366863905,1.9615384615384615,1.2603550295857988,2.9940828402366866,1.5,1.7248520710059172,1.301775147928994,127
988658.3402366864,2005.8224852071005,41.328402366863905,1.9615384615384615,1.2603550295857988,2.9940828402366866,1.5,1.7248520710059172,1.301775147928994,135
988658.3402366864,2005.8224852071005,41.328402366863905,1.9615384615384615,1.2603550295857988,2.9940828402366866,1.5,1.7248520710059172,1.301775147928994,119
988658.3402366864,2005.8224852071005,41.328402366863905,1.9615384615384615,1.2603550295857988,2.9940828402366866,1.5,1.7248520710059172,1.301775147928994,100
988658.3402366864,2005.8224852071005,41.328402366863905,1.9615384615384615,1.2603550295857988,2.9940828402366866,1.5,1.7248520710059172,1.301775147928994,93
988658.3402366864,2005.8224852071005,41.328402366863905,1.9615384615384615,1.2603550295857988,2.9940828402366866,1.5,1.7248520710059172,1.301775147928994,129
988658.3402366864,2005.8224852071005,41.328402366863905,1.9615384615384615,1.2603550295857988,2.9940828402366866,1.5,1.7248520710059172,1.301775147928994,136
988658.3402366864,2005.8224852071005,41.328402366863905,1.9615384615384615,1.2603550295857988,2.9940828402366866,1.5,1.7248520710059172,1.301775147928994,69
988658.3402366864,2005.8224852071005,41.328402366863905,1.9615384615384615,1.2603550295857988,2.9940828402366866,1.5,1.7248520710059172,1.301775147928994,74
988658.3402366864,2005.8224852071005,41.328402366863905,1.9615384615384615,1.2603550295857988,2.9940828402366866,1.5,1.7248520710059172,1.301775147928994,92
988658.3402366864,2005.8224852071005,41.328402366863905,1.9615384615384615,1.2603550295857988,2.9940828402366866,1.5,1.7248520710059172,1.301775147928994,66
988658.3402366864,2005.8224852071005,41.328402366863905,1.9615384615384615,1.2603550295857988,2.9940828402366866,1.5,1.7248520710059172,1.301775147928994,88
988658.3402366864,2005.8224852071005,41.328402366863905,1.9615384615384615,1.2603550295857988,2.9940828402366866,1.5,1.7248520710059172,1.301775147928994,114
988658.3402366864,2005.8224852071005,41.328402366863905,1.9615384615384615,1.2603550295857988,2.9940828402366866,1.5,1.7248520710059172,1.301775147928994,117
988658.3402366864,2005.8224852071005,41.328402366863905,1.9615384615384615,1.2603550295857988,2.9940828402366866,1.5,1.7248520710059172,1.301775147928994,85
988658.3402366864,2005.8224852071005,41.328402366863905,1.9615384615384615,1.2603550295857988,2.9940828402366866,1.5,1.7248520710059172,1.301775147928994,94
988658.3402366864,2005.8224852071005,41.328402366863905,1.9615384615384615,1.2603550295857988,2.9940828402366866,1.5,1.7248520710059172,1.301775147928994,80
988658.3402366864,2005.8224852071005,41.328402366863905,1.9615384615384615,1.2603550295857988,2.9940828402366866,1.5,1.7248520710059172,1.301775147928994,83
988658.3402366864,2005.8224852071005,41.328402366863905,1.9615384615384615,1.2603550295857988,2.9940828402366866,1.5,1.7248520710059172,1.301775147928994,172
988658.3402366864,2005.8224852071005,41.328402366863905,1.9615384615384615,1.2603550295857988,2.9940828402366866,1.5,1.7248520710059172,1.301775147928994,119
988658.3402366864,2005.8224852071005,41.328402366863905,1.9615384615384615,1.2603550295857988,2.9940828402366866,1.5,1.7248520710059172,1.301775147928994,94
988658.3402366864,2005.8224852071005,41.328402366863905,1.9615384615384615,1.2603550295857988,2.9940828402366866,1.5,1.7248520710059172,1.301775147928994,123
988658.3402366864,2005.8224852071005,41.328402366863905,1.9615384615384615,1.2603550295857988,2.9940828402366866,1.5,1.7248520710059172,1.301775147928994,72
988658.3402366864,2005.8224852071005,41.328402366863905,1.9615384615384615,1.2603550295857988,2.9940828402366866,1.5,1.7248520710059172,1.301775147928994,110
988658.3402366864,2005.8224852071005,41.328402366863905,1.9615384615384615,1.2603550295857988,2.9940828402366866,1.5,1.7248520710059172,1.301775147928994,70
988658.3402366864,2005.8224852071005,41.328402366863905,1.9615384615384615,1.2603550295857988,2.9940828402366866,1.5,1.7248520710059172,1.301775147928994,88
988658.3402366864,2005.8224852071005,41.328402366863905,1.9615384615384615,1.2603550295857988,2.9940828402366866,1.5,1.7248520710059172,1.301775147928994,55
988658.3402366864,2005.8224852071005,41.328402366863905,1.9615384615384615,1.2603550295857988,2.9940828402366866,1.5,1.7248520710059172,1.301775147928994,75
988658.3402366864,2005.8224852071005,41.328402366863905,1.9615384615384615,1.2603550295857988,2.9940828402366866,1.5,1.7248520710059172,1.301775147928994,102
988658.3402366864,2005.8224852071005,41.328402366863905,1.9615384615384615,1.2603550295857988,2.9940828402366866,1.5,1.7248520710059172,1.301775147928994,138
988658.3402366864,2005.8224852071005,41.328402366863905,1.9615384615384615,1.2603550295857988,2.9940828402366866,1.5,1.7248520710059172,1.301775147928994,104
988658.3402366864,2005.8224852071005,41.328402366863905,1.9615384615384615,1.2603550295857988,2.9940828402366866,1.5,1.7248520710059172,1.301775147928994,148
988658.3402366864,2005.8224852071005,41.328402366863905,1.9615384615384615,1.2603550295857988,2.9940828402366866,1.5,1.7248520710059172,1.301775147928994,114
988658.3402366864,2005.8224852071005,41.328402366863905,1.9615384615384615,1.2603550295857988,2.9940828402366866,1.5,1.7248520710059172,1.301775147928994,81
988658.3402366864,2005.8224852071005,41.328402366863905,1.9615384615384615,1.2603550295857988,2.9940828402366866,1.5,1.7248520710059172,1.301775147928994,85
988658.3402366864,2005.8224852071005,41.328402366863905,1.9615384615384615,1.2603550295857988,2.9940828402366866,1.5,1.7248520710059172,1.301775147928994,277
988658.3402366864,2005.8224852071005,41.328402366863905,1.9615384615384615,1.2603550295857988,2.9940828402366866,1.5,1.7248520710059172,1.301775147928994,119
988658.3402366864,2005.8224852071005,41.328402366863905,1.9615384615384615,1.2603550295857988,2.9940828402366866,1.5,1.7248520710059172,1.301775147928994,105
988658.3402366864,2005.8224852071005,41.328402366863905,1.9615384615384615,1.2603550295857988,2.9940828402366866,1.5,1.7248520710059172,1.301775147928994,80
988658.3402366864,2005.8224852071005,41.328402366863905,1.9615384615384615,1.2603550295857988,2.9940828402366866,1.5,1.7248520710059172,1.301775147928994,81
988658.3402366864,2005.8224852071005,41.328402366863905,1.9615384615384615,1.2603550295857988,2.9940828402366866,1.5,1.7248520710059172,1.301775147928994,135
988658.3402366864,2005.8224852071005,41.328402366863905,1.9615384615384615,1.2603550295857988,2.9940828402366866,1.5,1.7248520710059172,1.301775147928994,144
988658.3402366864,2005.8224852071005,41.328402366863905,1.9615384615384615,1.2603550295857988,2.9940828402366866,1.5,1.7248520710059172,1.301775147928994,90
988658.3402366864,2005.8224852071005,41.328402366863905,1.9615384615384615,1.2603550295857988,2.9940828402366866,1.5,1.7248520710059172,1.301775147928994,100
988658.3402366864,2005.8224852071005,41.328402366863905,1.9615384615384615,1.2603550295857988,2.9940828402366866,1.5,1.7248520710059172,1.301775147928994,77
988658.3402366864,2005.8224852071005,41.328402366863905,1.9615384615384615,1.2603550295857988,2.9940828402366866,1.5,1.7248520710059172,1.301775147928994,106
988658.3402366864,2005.8224852071005,41.328402366863905,1.9615384615384615,1.2603550295857988,2.9940828402366866,1.5,1.7248520710059172,1.301775147928994,83
988658.3402366864,2005.8224852071005,41.328402366863905,1.9615384615384615,1.2603550295857988,2.9940828402366866,1.5,1.7248520710059172,1.301775147928994,104
988658.3402366864,2005.8224852071005,41.328402366863905,1.9615384615384615,1.2603550295857988,2.9940828402366866,1.5,1.7248520710059172,1.301775147928994,110
988658.3402366864,2005.8224852071005,41.328402366863905,1.9615384615384615,1.2603550295857988,2.9940828402366866,1.5,1.7248520710059172,1.301775147928994,88
988658.3402366864,2005.8224852071005,41.328402366863905,1.9615384615384615,1.2603550295857988,2.9940828402366866,1.5,1.7248520710059172,1.301775147928994,93
988658.3402366864,2005.8224852071005,41.328402366863905,1.9615384615384615,1.2603550295857988,2.9940828402366866,1.5,1.7248520710059172,1.301775147928994,119
988658.3402366864,2005.8224852071005,41.328402366863905,1.9615384615384615,1.2603550295857988,2.9940828402366866,1.5,1.7248520710059172,1.301775147928994,123
988658.3402366864,2005.8224852071005,41.328402366863905,1.9615384615384615,1.2603550295857988,2.9940828402366866,1.5,1.7248520710059172,1.301775147928994,95
988658.3402366864,2005.8224852071005,41.328402366863905,1.9615384615384615,1.2603550295857988,2.9940828402366866,1.5,1.7248520710059172,1.301775147928994,182
988658.3402366864,2005.8224852071005,41.328402366863905,1.9615384615384615,1.2603550295857988,2.9940828402366866,1.5,1.7248520710059172,1.301775147928994,111
988658.3402366864,2005.8224852071005,41.328402366863905,1.9615384615384615,1.2603550295857988,2.9940828402366866,1.5,1.7248520710059172,1.301775147928994,146
988658.3402366864,2005.8224852071005,41.328402366863905,1.9615384615384615,1.2603550295857988,2.9940828402366866,1.5,1.7248520710059172,1.301775147928994,94
988658.3402366864,2005.8224852071005,41.328402366863905,1.9615384615384615,1.2603550295857988,2.9940828402366866,1.5,1.7248520710059172,1.301775147928994,89
988658.3402366864,2005.8224852071005,41.328402366863905,1.9615384615384615,1.2603550295857988,2.9940828402366866,1.5,1.7248520710059172,1.301775147928994,129
988658.3402366864,2005.8224852071005,41.328402366863905,1.9615384615384615,1.2603550295857988,2.9940828402366866,1.5,1.7248520710059172,1.301775147928994,105
988658.3402366864,2005.8224852071005,41.328402366863905,1.9615384615384615,1.2603550295857988,2.9940828402366866,1.5,1.7248520710059172,1.301775147928994,114
988658.3402366864,2005.8224852071005,41.328402366863905,1.9615384615384615,1.2603550295857988,2.9940828402366866,1.5,1.7248520710059172,1.301775147928994,44
988658.3402366864,2005.8224852071005,41.328402366863905,1.9615384615384615,1.2603550295857988,2.9940828402366866,1.5,1.7248520710059172,1.301775147928994,66
988658.3402366864,2005.8224852071005,41.328402366863905,1.9615384615384615,1.2603550295857988,2.9940828402366866,1.5,1.7248520710059172,1.301775147928994,92
988658.3402366864,2005.8224852071005,41.328402366863905,1.9615384615384615,1.2603550295857988,2.9940828402366866,1.5,1.7248520710059172,1.301775147928994,131
988658.3402366864,2005.8224852071005,41.328402366863905,1.9615384615384615,1.2603550295857988,2.9940828402366866,1.5,1.7248520710059172,1.301775147928994,117
988658.3402366864,2005.8224852071005,41.328402366863905,1.9615384615384615,1.2603550295857988,2.9940828402366866,1.5,1.7248520710059172,1.301775147928994,110
988658.3402366864,2005.8224852071005,41.328402366863905,1.9615384615384615,1.2603550295857988,2.9940828402366866,1.5,1.7248520710059172,1.301775147928994,76
988658.3402366864,2005.8224852071005,41.328402366863905,1.9615384615384615,1.2603550295857988,2.9940828402366866,1.5,1.7248520710059172,1.301775147928994,102
988658.3402366864,2005.8224852071005,41.328402366863905,1.9615384615384615,1.2603550295857988,2.9940828402366866,1.5,1.7248520710059172,1.301775147928994,137
988658.3402366864,2005.8224852071005,41.328402366863905,1.9615384615384615,1.2603550295857988,2.9940828402366866,1.5,1.7248520710059172,1.301775147928994,84
988658.3402366864,2005.8224852071005,41.328402366863905,1.9615384615384615,1.2603550295857988,2.9940828402366866,1.5,1.7248520710059172,1.301775147928994,109
988658.3402366864,2005.8224852071005,41.328402366863905,1.9615384615384615,1.2603550295857988,2.9940828402366866,1.5,1.7248520710059172,1.301775147928994,119
988658.3402366864,2005.8224852071005,41.328402366863905,1.9615384615384615,1.2603550295857988,2.9940828402366866,1.5,1.7248520710059172,1.301775147928994,94
988658.3402366864,2005.8224852071005,41.328402366863905,1.9615384615384615,1.2603550295857988,2.9940828402366866,1.5,1.7248520710059172,1.301775147928994,114
988658.3402366864,2005.8224852071005,41.328402366863905,1.9615384615384615,1.2603550295857988,2.9940828402366866,1.5,1.7248520710059172,1.301775147928994,88
988658.3402366864,2005.8224852071005,41.328402366863905,1.9615384615384615,1.2603550295857988,2.9940828402366866,1.5,1.7248520710059172,1.301775147928994,81
988658.3402366864,2005.8224852071005,41.328402366863905,1.9615384615384615,1.2603550295857988,2.9940828402366866,1.5,1.7248520710059172,1.301775147928994,69
988658.3402366864,2005.8224852071005,41.328402366863905,1.9615384615384615,1.2603550295857988,2.9940828402366866,1.5,1.7248520710059172,1.301775147928994,121
988658.3402366864,2005.8224852071005,41.328402366863905,1.9615384615384615,1.2603550295857988,2.9940828402366866,1.5,1.7248520710059172,1.301775147928994,148
988658.3402366864,2005.8224852071005,41.328402366863905,1.9615384615384615,1.2603550295857988,2.9940828402366866,1.5,1.7248520710059172,1.301775147928994,124
988658.3402366864,2005.8224852071005,41.328402366863905,1.9615384615384615,1.2603550295857988,2.9940828402366866,1.5,1.7248520710059172,1.301775147928994,100
988658.3402366864,2005.8224852071005,41.328402366863905,1.9615384615384615,1.2603550295857988,2.9940828402366866,1.5,1.7248520710059172,1.301775147928994,87
988658.3402366864,2005.8224852071005,41.328402366863905,1.9615384615384615,1.2603550295857988,2.9940828402366866,1.5,1.7248520710059172,1.301775147928994,88
988658.3402366864,2005.8224852071005,41.328402366863905,1.9615384615384615,1.2603550295857988,2.9940828402366866,1.5,1.7248520710059172,1.301775147928994,70
988658.3402366864,2005.8224852071005,41.328402366863905,1.9615384615384615,1.2603550295857988,2.9940828402366866,1.5,1.7248520710059172,1.301775147928994,103
988658.3402366864,2005.8224852071005,41.328402366863905,1.9615384615384615,1.2603550295857988,2.9940828402366866,1.5,1.7248520710059172,1.301775147928994,127
988658.3402366864,2005.8224852071005,41.328402366863905,1.9615384615384615,1.2603550295857988,2.9940828402366866,1.5,1.7248520710059172,1.301775147928994,65
988658.3402366864,2005.8224852071005,41.328402366863905,1.9615384615384615,1.2603550295857988,2.9940828402366866,1.5,1.7248520710059172,1.301775147928994,155
988658.3402366864,2005.8224852071005,41.328402366863905,1.9615384615384615,1.2603550295857988,2.9940828402366866,1.5,1.7248520710059172,1.301775147928994,74
988658.3402366864,2005.8224852071005,41.328402366863905,1.9615384615384615,1.2603550295857988,2.9940828402366866,1.5,1.7248520710059172,1.301775147928994,72
988658.3402366864,2005.8224852071005,41.328402366863905,1.9615384615384615,1.2603550295857988,2.9940828402366866,1.5,1.7248520710059172,1.301775147928994,59
988658.3402366864,2005.8224852071005,41.328402366863905,1.9615384615384615,1.2603550295857988,2.9940828402366866,1.5,1.7248520710059172,1.301775147928994,97
988658.3402366864,2005.8224852071005,41.328402366863905,1.9615384615384615,1.2603550295857988,2.9940828402366866,1.5,1.7248520710059172,1.301775147928994,68
988658.3402366864,2005.8224852071005,41.328402366863905,1.9615384615384615,1.2603550295857988,2.9940828402366866,1.5,1.7248520710059172,1.301775147928994,75
988658.3402366864,2005.8224852071005,41.328402366863905,1.9615384615384615,1.2603550295857988,2.9940828402366866,1.5,1.7248520710059172,1.301775147928994,148
988658.3402366864,2005.8224852071005,41.328402366863905,1.9615384615384615,1.2603550295857988,2.9940828402366866,1.5,1.7248520710059172,1.301775147928994,115
988658.3402366864,2005.8224852071005,41.328402366863905,1.9615384615384615,1.2603550295857988,2.9940828402366866,1.5,1.7248520710059172,1.301775147928994,84
988658.3402366864,2005.8224852071005,41.328402366863905,1.9615384615384615,1.2603550295857988,2.9940828402366866,1.5,1.7248520710059172,1.301775147928994,119
988658.3402366864,2005.8224852071005,41.328402366863905,1.9615384615384615,1.2603550295857988,2.9940828402366866,1.5,1.7248520710059172,1.301775147928994,116
988658.3402366864,2005.8224852071005,41.328402366863905,1.9615384615384615,1.2603550295857988,2.9940828402366866,1.5,1.7248520710059172,1.301775147928994,132
988658.3402366864,2005.8224852071005,41.328402366863905,1.9615384615384615,1.2603550295857988,2.9940828402366866,1.5,1.7248520710059172,1.301775147928994,126
988658.3402366864,2005.8224852071005,41.328402366863905,1.9615384615384615,1.2603550295857988,2.9940828402366866,1.5,1.7248520710059172,1.301775147928994,88
988658.3402366864,2005.8224852071005,41.328402366863905,1.9615384615384615,1.2603550295857988,2.9940828402366866,1.5,1.7248520710059172,1.301775147928994,142
988658.3402366864,2005.8224852071005,41.328402366863905,1.9615384615384615,1.2603550295857988,2.9940828402366866,1.5,1.7248520710059172,1.301775147928994,90
988658.3402366864,2005.8224852071005,41.328402366863905,1.9615384615384615,1.2603550295857988,2.9940828402366866,1.5,1.7248520710059172,1.301775147928994,112
988658.3402366864,2005.8224852071005,41.328402366863905,1.9615384615384615,1.2603550295857988,2.9940828402366866,1.5,1.7248520710059172,1.301775147928994,119
988658.3402366864,2005.8224852071005,41.328402366863905,1.9615384615384615,1.2603550295857988,2.9940828402366866,1.5,1.7248520710059172,1.301775147928994,93
988658.3402366864,2005.8224852071005,41.328402366863905,1.9615384615384615,1.2603550295857988,2.9940828402366866,1.5,1.7248520710059172,1.301775147928994,114
988658.3402366864,2005.8224852071005,41.328402366863905,1.9615384615384615,1.2603550295857988,2.9940828402366866,1.5,1.7248520710059172,1.301775147928994,106
988658.3402366864,2005.8224852071005,41.328402366863905,1.9615384615384615,1.2603550295857988,2.9940828402366866,1.5,1.7248520710059172,1.301775147928994,65
988658.3402366864,2005.8224852071005,41.328402366863905,1.9615384615384615,1.2603550295857988,2.9940828402366866,1.5,1.7248520710059172,1.301775147928994,62
988658.3402366864,2005.8224852071005,41.328402366863905,1.9615384615384615,1.2603550295857988,2.9940828402366866,1.5,1.7248520710059172,1.301775147928994,114
988658.3402366864,2005.8224852071005,41.328402366863905,1.9615384615384615,1.2603550295857988,2.9940828402366866,1.5,1.7248520710059172,1.301775147928994,119
988658.3402366864,2005.8224852071005,41.328402366863905,1.9615384615384615,1.2603550295857988,2.9940828402366866,1.5,1.7248520710059172,1.301775147928994,100
988658.3402366864,2005.8224852071005,41.328402366863905,1.9615384615384615,1.2603550295857988,2.9940828402366866,1.5,1.7248520710059172,1.301775147928994,74
988658.3402366864,2005.8224852071005,41.328402366863905,1.9615384615384615,1.2603550295857988,2.9940828402366866,1.5,1.7248520710059172,1.301775147928994,81
988658.3402366864,2005.8224852071005,41.328402366863905,1.9615384615384615,1.2603550295857988,2.9940828402366866,1.5,1.7248520710059172,1.301775147928994,88
988658.3402366864,2005.8224852071005,41.328402366863905,1.9615384615384615,1.2603550295857988,2.9940828402366866,1.5,1.7248520710059172,1.301775147928994,61
988658.3402366864,2005.8224852071005,41.328402366863905,1.9615384615384615,1.2603550295857988,2.9940828402366866,1.5,1.7248520710059172,1.301775147928994,148
988658.3402366864,2005.8224852071005,41.328402366863905,1.9615384615384615,1.2603550295857988,2.9940828402366866,1.5,1.7248520710059172,1.301775147928994,87
988658.3402366864,2005.8224852071005,41.328402366863905,1.9615384615384615,1.2603550295857988,2.9940828402366866,1.5,1.7248520710059172,1.301775147928994,95
988658.3402366864,2005.8224852071005,41.328402366863905,1.9615384615384615,1.2603550295857988,2.9940828402366866,1.5,1.7248520710059172,1.301775147928994,164
988658.3402366864,2005.8224852071005,41.328402366863905,1.9615384615384615,1.2603550295857988,2.9940828402366866,1.5,1.7248520710059172,1.301775147928994,88
988658.3402366864,2005.8224852071005,41.328402366863905,1.9615384615384615,1.2603550295857988,2.9940828402366866,1.5,1.7248520710059172,1.301775147928994,110
988658.3402366864,2005.8224852071005,41.328402366863905,1.9615384615384615,1.2603550295857988,2.9940828402366866,1.5,1.7248520710059172,1.301775147928994,80
988658.3402366864,2005.8224852071005,41.328402366863905,1.9615384615384615,1.2603550295857988,2.9940828402366866,1.5,1.7248520710059172,1.301775147928994,148
988658.3402366864,2005.8224852071005,41.328402366863905,1.9615384615384615,1.2603550295857988,2.9940828402366866,1.5,1.7248520710059172,1.301775147928994,59
988658.3402366864,2005.8224852071005,41.328402366863905,1.9615384615384615,1.2603550295857988,2.9940828402366866,1.5,1.7248520710059172,1.301775147928994,110
988658.3402366864,2005.8224852071005,41.328402366863905,1.9615384615384615,1.2603550295857988,2.9940828402366866,1.5,1.7248520710059172,1.301775147928994,72
988658.3402366864,2005.8224852071005,41.328402366863905,1.9615384615384615,1.2603550295857988,2.9940828402366866,1.5,1.7248520710059172,1.301775147928994,133
988658.3402366864,2005.8224852071005,41.328402366863905,1.9615384615384615,1.2603550295857988,2.9940828402366866,1.5,1.7248520710059172,1.301775147928994,131
988658.3402366864,2005.8224852071005,41.328402366863905,1.9615384615384615,1.2603550295857988,2.9940828402366866,1.5,1.7248520710059172,1.301775147928994,96
988658.3402366864,2005.8224852071005,41.328402366863905,1.9615384615384615,1.2603550295857988,2.9940828402366866,1.5,1.7248520710059172,1.301775147928994,97
988658.3402366864,2005.8224852071005,41.328402366863905,1.9615384615384615,1.2603550295857988,2.9940828402366866,1.5,1.7248520710059172,1.301775147928994,105
988658.3402366864,2005.8224852071005,41.328402366863905,1.9615384615384615,1.2603550295857988,2.9940828402366866,1.5,1.7248520710059172,1.301775147928994,144
988658.3402366864,2005.8224852071005,41.328402366863905,1.9615384615384615,1.2603550295857988,2.9940828402366866,1.5,1.7248520710059172,1.301775147928994,135
988658.3402366864,2005.8224852071005,41.328402366863905,1.9615384615384615,1.2603550295857988,2.9940828402366866,1.5,1.7248520710059172,1.301775147928994,74
988658.3402366864,2005.8224852071005,41.328402366863905,1.9615384615384615,1.2603550295857988,2.9940828402366866,1.5,1.7248520710059172,1.301775147928994,57
988658.3402366864,2005.8224852071005,41.328402366863905,1.9615384615384615,1.2603550295857988,2.9940828402366866,1.5,1.7248520710059172,1.301775147928994,92
988658.3402366864,2005.8224852071005,41.328402366863905,1.9615384615384615,1.2603550295857988,2.9940828402366866,1.5,1.7248520710059172,1.301775147928994,100
988658.3402366864,2005.8224852071005,41.328402366863905,1.9615384615384615,1.2603550295857988,2.9940828402366866,1.5,1.7248520710059172,1.301775147928994,70
988658.3402366864,2005.8224852071005,41.328402366863905,1.9615384615384615,1.2603550295857988,2.9940828402366866,1.5,1.7248520710059172,1.301775147928994,109
988658.3402366864,2005.8224852071005,41.328402366863905,1.9615384615384615,1.2603550295857988,2.9940828402366866,1.5,1.7248520710059172,1.301775147928994,108
988658.3402366864,2005.8224852071005,41.328402366863905,1.9615384615384615,1.2603550295857988,2.9940828402366866,1.5,1.7248520710059172,1.301775147928994,121
988658.3402366864,2005.8224852071005,41.328402366863905,1.9615384615384615,1.2603550295857988,2.9940828402366866,1.5,1.7248520710059172,1.301775147928994,110
988658.3402366864,2005.8224852071005,41.328402366863905,1.9615384615384615,1.2603550295857988,2.9940828402366866,1.5,1.7248520710059172,1.301775147928994,77
988658.3402366864,2005.8224852071005,41.328402366863905,1.9615384615384615,1.2603550295857988,2.9940828402366866,1.5,1.7248520710059172,1.301775147928994,177
988658.3402366864,2005.8224852071005,41.328402366863905,1.9615384615384615,1.2603550295857988,2.9940828402366866,1.5,1.7248520710059172,1.301775147928994,94
988658.3402366864,2005.8224852071005,41.328402366863905,1.9615384615384615,1.2603550295857988,2.9940828402366866,1.5,1.7248520710059172,1.301775147928994,127
988658.3402366864,2005.8224852071005,41.328402366863905,1.9615384615384615,1.2603550295857988,2.9940828402366866,1.5,1.7248520710059172,1.301775147928994,105
988658.3402366864,2005.8224852071005,41.328402366863905,1.9615384615384615,1.2603550295857988,2.9940828402366866,1.5,1.7248520710059172,1.301775147928994,81
988658.3402366864,2005.8224852071005,41.328402366863905,1.9615384615384615,1.2603550295857988,2.9940828402366866,1.5,1.7248520710059172,1.301775147928994,85
988658.3402366864,2005.8224852071005,41.328402366863905,1.9615384615384615,1.2603550295857988,2.9940828402366866,1.5,1.7248520710059172,1.301775147928994,89
988658.3402366864,2005.8224852071005,41.328402366863905,1.9615384615384615,1.2603550295857988,2.9940828402366866,1.5,1.7248520710059172,1.301775147928994,161
988658.3402366864,2005.8224852071005,41.328402366863905,1.9615384615384615,1.2603550295857988,2.9940828402366866,1.5,1.7248520710059172,1.301775147928994,129
988658.3402366864,2005.8224852071005,41.328402366863905,1.9615384615384615,1.2603550295857988,2.9940828402366866,1.5,1.7248520710059172,1.301775147928994,100
988658.3402366864,2005.8224852071005,41.328402366863905,1.9615384615384615,1.2603550295857988,2.9940828402366866,1.5,1.7248520710059172,1.301775147928994,112
988658.3402366864,2005.8224852071005,41.328402366863905,1.9615384615384615,1.2603550295857988,2.9940828402366866,1.5,1.7248520710059172,1.301775147928994,85
988658.3402366864,2005.8224852071005,41.328402366863905,1.9615384615384615,1.2603550295857988,2.9940828402366866,1.5,1.7248520710059172,1.301775147928994,135
988658.3402366864,2005.8224852071005,41.328402366863905,1.9615384615384615,1.2603550295857988,2.9940828402366866,1.5,1.7248520710059172,1.301775147928994,119
988658.3402366864,2005.8224852071005,41.328402366863905,1.9615384615384615,1.2603550295857988,2.9940828402366866,1.5,1.7248520710059172,1.301775147928994,105
988658.3402366864,2005.8224852071005,41.328402366863905,1.9615384615384615,1.2603550295857988,2.9940828402366866,1.5,1.7248520710059172,1.301775147928994,81
988658.3402366864,2005.8224852071005,41.328402366863905,1.9615384615384615,1.2603550295857988,2.9940828402366866,1.5,1.7248520710059172,1.301775147928994,96
988658.3402366864,2005.8224852071005,41.328402366863905,1.9615384615384615,1.2603550295857988,2.9940828402366866,1.5,1.7248520710059172,1.301775147928994,166
988658.3402366864,2005.8224852071005,41.328402366863905,1.9615384615384615,1.2603550295857988,2.9940828402366866,1.5,1.7248520710059172,1.301775147928994,88
988658.3402366864,2005.8224852071005,41.328402366863905,1.9615384615384615,1.2603550295857988,2.9940828402366866,1.5,1.7248520710059172,1.301775147928994,108
988658.3402366864,2005.8224852071005,41.328402366863905,1.9615384615384615,1.2603550295857988,2.9940828402366866,1.5,1.7248520710059172,1.301775147928994,148
988658.3402366864,2005.8224852071005,41.328402366863905,1.9615384615384615,1.2603550295857988,2.9940828402366866,1.5,1.7248520710059172,1.301775147928994,63
988658.3402366864,2005.8224852071005,41.328402366863905,1.9615384615384615,1.2603550295857988,2.9940828402366866,1.5,1.7248520710059172,1.301775147928994,126
988658.3402366864,2005.8224852071005,41.328402366863905,1.9615384615384615,1.2603550295857988,2.9940828402366866,1.5,1.7248520710059172,1.301775147928994,140
988658.3402366864,2005.8224852071005,41.328402366863905,1.9615384615384615,1.2603550295857988,2.9940828402366866,1.5,1.7248520710059172,1.301775147928994,142
988658.3402366864,2005.8224852071005,41.328402366863905,1.9615384615384615,1.2603550295857988,2.9940828402366866,1.5,1.7248520710059172,1.301775147928994,71
988658.3402366864,2005.8224852071005,41.328402366863905,1.9615384615384615,1.2603550295857988,2.9940828402366866,1.5,1.7248520710059172,1.301775147928994,161
988658.3402366864,2005.8224852071005,41.328402366863905,1.9615384615384615,1.2603550295857988,2.9940828402366866,1.5,1.7248520710059172,1.301775147928994,83
988658.3402366864,2005.8224852071005,41.328402366863905,1.9615384615384615,1.2603550295857988,2.9940828402366866,1.5,1.7248520710059172,1.301775147928994,67
988658.3402366864,2005.8224852071005,41.328402366863905,1.9615384615384615,1.2603550295857988,2.9940828402366866,1.5,1.7248520710059172,1.301775147928994,164
988658.3402366864,2005.8224852071005,41.328402366863905,1.9615384615384615,1.2603550295857988,2.9940828402366866,1.5,1.7248520710059172,1.301775147928994,100
988658.3402366864,2005.8224852071005,41.328402366863905,1.9615384615384615,1.2603550295857988,2.9940828402366866,1.5,1.7248520710059172,1.301775147928994,110
988658.3402366864,2005.8224852071005,41.328402366863905,1.9615384615384615,1.2603550295857988,2.9940828402366866,1.5,1.7248520710059172,1.301775147928994,123
988658.3402366864,2005.8224852071005,41.328402366863905,1.9615384615384615,1.2603550295857988,2.9940828402366866,1.5,1.7248520710059172,1.301775147928994,101
988658.3402366864,2005.8224852071005,41.328402366863905,1.9615384615384615,1.2603550295857988,2.9940828402366866,1.5,1.7248520710059172,1.301775147928994,105
988658.3402366864,2005.8224852071005,41.328402366863905,1.9615384615384615,1.2603550295857988,2.9940828402366866,1.5,1.7248520710059172,1.301775147928994,119
988658.3402366864,2005.8224852071005,41.328402366863905,1.9615384615384615,1.2603550295857988,2.9940828402366866,1.5,1.7248520710059172,1.301775147928994,110
988658.3402366864,2005.8224852071005,41.328402366863905,1.9615384615384615,1.2603550295857988,2.9940828402366866,1.5,1.7248520710059172,1.301775147928994,97
988658.3402366864,2005.8224852071005,41.328402366863905,1.9615384615384615,1.2603550295857988,2.9940828402366866,1.5,1.7248520710059172,1.301775147928994,84
988658.3402366864,2005.8224852071005,41.328402366863905,1.9615384615384615,1.2603550295857988,2.9940828402366866,1.5,1.7248520710059172,1.301775147928994,148
988658.3402366864,2005.8224852071005,41.328402366863905,1.9615384615384615,1.2603550295857988,2.9940828402366866,1.5,1.7248520710059172,1.301775147928994,127
988658.3402366864,2005.8224852071005,41.328402366863905,1.9615384615384615,1.2603550295857988,2.9940828402366866,1.5,1.7248520710059172,1.301775147928994,100
988658.3402366864,2005.8224852071005,41.328402366863905,1.9615384615384615,1.2603550295857988,2.9940828402366866,1.5,1.7248520710059172,1.301775147928994,74
988658.3402366864,2005.8224852071005,41.328402366863905,1.9615384615384615,1.2603550295857988,2.9940828402366866,1.5,1.7248520710059172,1.301775147928994,74
988658.3402366864,2005.8224852071005,41.328402366863905,1.9615384615384615,1.2603550295857988,2.9940828402366866,1.5,1.7248520710059172,1.301775147928994,78
988658.3402366864,2005.8224852071005,41.328402366863905,1.9615384615384615,1.2603550295857988,2.9940828402366866,1.5,1.7248520710059172,1.301775147928994,94
988658.3402366864,2005.8224852071005,41.328402366863905,1.9615384615384615,1.2603550295857988,2.9940828402366866,1.5,1.7248520710059172,1.301775147928994,114
988658.3402366864,2005.8224852071005,41.328402366863905,1.9615384615384615,1.2603550295857988,2.9940828402366866,1.5,1.7248520710059172,1.301775147928994,88
988658.3402366864,2005.8224852071005,41.328402366863905,1.9615384615384615,1.2603550295857988,2.9940828402366866,1.5,1.7248520710059172,1.301775147928994,80
988658.3402366864,2005.8224852071005,41.328402366863905,1.9615384615384615,1.2603550295857988,2.9940828402366866,1.5,1.7248520710059172,1.301775147928994,90
988658.3402366864,2005.8224852071005,41.328402366863905,1.9615384615384615,1.2603550295857988,2.9940828402366866,1.5,1.7248520710059172,1.301775147928994,121
988658.3402366864,2005.8224852071005,41.328402366863905,1.9615384615384615,1.2603550295857988,2.9940828402366866,1.5,1.7248520710059172,1.301775147928994,81
988658.3402366864,2005.8224852071005,41.328402366863905,1.9615384615384615,1.2603550295857988,2.9940828402366866,1.5,1.7248520710059172,1.301775147928994,131
988658.3402366864,2005.8224852071005,41.328402366863905,1.9615384615384615,1.2603550295857988,2.9940828402366866,1.5,1.7248520710059172,1.301775147928994,127
988658.3402366864,2005.8224852071005,41.328402366863905,1.9615384615384615,1.2603550295857988,2.9940828402366866,1.5,1.7248520710059172,1.301775147928994,177
988658.3402366864,2005.8224852071005,41.328402366863905,1.9615384615384615,1.2603550295857988,2.9940828402366866,1.5,1.7248520710059172,1.301775147928994,116
988658.3402366864,2005.8224852071005,41.328402366863905,1.9615384615384615,1.2603550295857988,2.9940828402366866,1.5,1.7248520710059172,1.301775147928994,77
988658.3402366864,2005.8224852071005,41.328402366863905,1.9615384615384615,1.2603550295857988,2.9940828402366866,1.5,1.7248520710059172,1.301775147928994,94
988658.3402366864,2005.8224852071005,41.328402366863905,1.9615384615384615,1.2603550295857988,2.9940828402366866,1.5,1.7248520710059172,1.301775147928994,133
988658.3402366864,2005.8224852071005,41.328402366863905,1.9615384615384615,1.2603550295857988,2.9940828402366866,1.5,1.7248520710059172,1.301775147928994,100
988658.3402366864,2005.8224852071005,41.328402366863905,1.9615384615384615,1.2603550295857988,2.9940828402366866,1.5,1.7248520710059172,1.301775147928994,119
988658.3402366864,2005.8224852071005,41.328402366863905,1.9615384615384615,1.2603550295857988,2.9940828402366866,1.5,1.7248520710059172,1.301775147928994,106
988658.3402366864,2005.8224852071005,41.328402366863905,1.9615384615384615,1.2603550295857988,2.9940828402366866,1.5,1.7248520710059172,1.301775147928994,102
988658.3402366864,2005.8224852071005,41.328402366863905,1.9615384615384615,1.2603550295857988,2.9940828402366866,1.5,1.7248520710059172,1.301775147928994,89
988658.3402366864,2005.8224852071005,41.328402366863905,1.9615384615384615,1.2603550295857988,2.9940828402366866,1.5,1.7248520710059172,1.301775147928994,132
988658.3402366864,2005.8224852071005,41.328402366863905,1.9615384615384615,1.2603550295857988,2.9940828402366866,1.5,1.7248520710059172,1.301775147928994,95
988658.3402366864,2005.8224852071005,41.328402366863905,1.9615384615384615,1.2603550295857988,2.9940828402366866,1.5,1.7248520710059172,1.301775147928994,65
988658.3402366864,2005.8224852071005,41.328402366863905,1.9615384615384615,1.2603550295857988,2.9940828402366866,1.5,1.7248520710059172,1.301775147928994,118
988658.3402366864,2005.8224852071005,41.328402366863905,1.9615384615384615,1.2603550295857988,2.9940828402366866,1.5,1.7248520710059172,1.301775147928994,107
988658.3402366864,2005.8224852071005,41.328402366863905,1.9615384615384615,1.2603550295857988,2.9940828402366866,1.5,1.7248520710059172,1.301775147928994,196
988658.3402366864,2005.8224852071005,41.328402366863905,1.9615384615384615,1.2603550295857988,2.9940828402366866,1.5,1.7248520710059172,1.301775147928994,89
988658.3402366864,2005.8224852071005,41.328402366863905,1.9615384615384615,1.2603550295857988,2.9940828402366866,1.5,1.7248520710059172,1.301775147928994,74
988658.3402366864,2005.8224852071005,41.328402366863905,1.9615384615384615,1.2603550295857988,2.9940828402366866,1.5,1.7248520710059172,1.301775147928994,113
988658.3402366864,2005.8224852071005,41.328402366863905,1.9615384615384615,1.2603550295857988,2.9940828402366866,1.5,1.7248520710059172,1.301775147928994,148
988658.3402366864,2005.8224852071005,41.328402366863905,1.9615384615384615,1.2603550295857988,2.9940828402366866,1.5,1.7248520710059172,1.301775147928994,112
988658.3402366864,2005.8224852071005,41.328402366863905,1.9615384615384615,1.2603550295857988,2.9940828402366866,1.5,1.7248520710059172,1.301775147928994,71
988658.3402366864,2005.8224852071005,41.328402366863905,1.9615384615384615,1.2603550295857988,2.9940828402366866,1.5,1.7248520710059172,1.301775147928994,81
988658.3402366864,2005.8224852071005,41.328402366863905,1.9615384615384615,1.2603550295857988,2.9940828402366866,1.5,1.7248520710059172,1.301775147928994,94
988658.3402366864,2005.8224852071005,41.328402366863905,1.9615384615384615,1.2603550295857988,2.9940828402366866,1.5,1.7248520710059172,1.301775147928994,119
988658.3402366864,2005.8224852071005,41.328402366863905,1.9615384615384615,1.2603550295857988,2.9940828402366866,1.5,1.7248520710059172,1.301775147928994,125
988658.3402366864,2005.8224852071005,41.328402366863905,1.9615384615384615,1.2603550295857988,2.9940828402366866,1.5,1.7248520710059172,1.301775147928994,127
988658.3402366864,2005.8224852071005,41.328402366863905,1.9615384615384615,1.2603550295857988,2.9940828402366866,1.5,1.7248520710059172,1.301775147928994,110
988658.3402366864,2005.8224852071005,41.328402366863905,1.9615384615384615,1.2603550295857988,2.9940828402366866,1.5,1.7248520710059172,1.301775147928994,95
988658.3402366864,2005.8224852071005,41.328402366863905,1.9615384615384615,1.2603550295857988,2.9940828402366866,1.5,1.7248520710059172,1.301775147928994,278
988658.3402366864,2005.8224852071005,41.328402366863905,1.9615384615384615,1.2603550295857988,2.9940828402366866,1.5,1.7248520710059172,1.301775147928994,50
988658.3402366864,2005.8224852071005,41.328402366863905,1.9615384615384615,1.2603550295857988,2.9940828402366866,1.5,1.7248520710059172,1.301775147928994,55
988658.3402366864,2005.8224852071005,41.328402366863905,1.9615384615384615,1.2603550295857988,2.9940828402366866,1.5,1.7248520710059172,1.301775147928994,88
988658.3402366864,2005.8224852071005,41.328402366863905,1.9615384615384615,1.2603550295857988,2.9940828402366866,1.5,1.7248520710059172,1.301775147928994,78
988658.3402366864,2005.8224852071005,41.328402366863905,1.9615384615384615,1.2603550295857988,2.9940828402366866,1.5,1.7248520710059172,1.301775147928994,161
988658.3402366864,2005.8224852071005,41.328402366863905,1.9615384615384615,1.2603550295857988,2.9940828402366866,1.5,1.7248520710059172,1.301775147928994,138
988658.3402366864,2005.8224852071005,41.328402366863905,1.9615384615384615,1.2603550295857988,2.9940828402366866,1.5,1.7248520710059172,1.301775147928994,166
988658.3402366864,2005.8224852071005,41.328402366863905,1.9615384615384615,1.2603550295857988,2.9940828402366866,1.5,1.7248520710059172,1.301775147928994,145
988658.3402366864,2005.8224852071005,41.328402366863905,1.9615384615384615,1.2603550295857988,2.9940828402366866,1.5,1.7248520710059172,1.301775147928994,105
988658.3402366864,2005.8224852071005,41.328402366863905,1.9615384615384615,1.2603550295857988,2.9940828402366866,1.5,1.7248520710059172,1.301775147928994,94
988658.3402366864,2005.8224852071005,41.328402366863905,1.9615384615384615,1.2603550295857988,2.9940828402366866,1.5,1.7248520710059172,1.301775147928994,74
988658.3402366864,2005.8224852071005,41.328402366863905,1.9615384615384615,1.2603550295857988,2.9940828402366866,1.5,1.7248520710059172,1.301775147928994,177
988658.3402366864,2005.8224852071005,41.328402366863905,1.9615384615384615,1.2603550295857988,2.9940828402366866,1.5,1.7248520710059172,1.301775147928994,100
988658.3402366864,2005.8224852071005,41.328402366863905,1.9615384615384615,1.2603550295857988,2.9940828402366866,1.5,1.7248520710059172,1.301775147928994,140
988658.3402366864,2005.8224852071005,41.328402366863905,1.9615384615384615,1.2603550295857988,2.9940828402366866,1.5,1.7248520710059172,1.301775147928994,100
988658.3402366864,2005.8224852071005,41.328402366863905,1.9615384615384615,1.2603550295857988,2.9940828402366866,1.5,1.7248520710059172,1.301775147928994,102
988658.3402366864,2005.8224852071005,41.328402366863905,1.9615384615384615,1.2603550295857988,2.9940828402366866,1.5,1.7248520710059172,1.301775147928994,127
988658.3402366864,2005.8224852071005,41.328402366863905,1.9615384615384615,1.2603550295857988,2.9940828402366866,1.5,1.7248520710059172,1.301775147928994,119
988658.3402366864,2005.8224852071005,41.328402366863905,1.9615384615384615,1.2603550295857988,2.9940828402366866,1.5,1.7248520710059172,1.301775147928994,108
988658.3402366864,2005.8224852071005,41.328402366863905,1.9615384615384615,1.2603550295857988,2.9940828402366866,1.5,1.7248520710059172,1.301775147928994,148
988658.3402366864,2005.8224852071005,41.328402366863905,1.9615384615384615,1.2603550295857988,2.9940828402366866,1.5,1.7248520710059172,1.301775147928994,88
988658.3402366864,2005.8224852071005,41.328402366863905,1.9615384615384615,1.2603550295857988,2.9940828402366866,1.5,1.7248520710059172,1.301775147928994,67
988658.3402366864,2005.8224852071005,41.328402366863905,1.9615384615384615,1.2603550295857988,2.9940828402366866,1.5,1.7248520710059172,1.301775147928994,114
988658.3402366864,2005.8224852071005,41.328402366863905,1.9615384615384615,1.2603550295857988,2.9940828402366866,1.5,1.7248520710059172,1.301775147928994,81
988658.3402366864,2005.8224852071005,41.328402366863905,1.9615384615384615,1.2603550295857988,2.9940828402366866,1.5,1.7248520710059172,1.301775147928994,119
988658.3402366864,2005.8224852071005,41.328402366863905,1.9615384615384615,1.2603550295857988,2.9940828402366866,1.5,1.7248520710059172,1.301775147928994,142
988658.3402366864,2005.8224852071005,41.328402366863905,1.9615384615384615,1.2603550295857988,2.9940828402366866,1.5,1.7248520710059172,1.301775147928994,128
988658.3402366864,2005.8224852071005,41.328402366863905,1.9615384615384615,1.2603550295857988,2.9940828402366866,1.5,1.7248520710059172,1.301775147928994,123
988658.3402366864,2005.8224852071005,41.328402366863905,1.9615384615384615,1.2603550295857988,2.9940828402366866,1.5,1.7248520710059172,1.301775147928994,99
988658.3402366864,2005.8224852071005,41.328402366863905,1.9615384615384615,1.2603550295857988,2.9940828402366866,1.5,1.7248520710059172,1.301775147928994,110
988658.3402366864,2005.8224852071005,41.328402366863905,1.9615384615384615,1.2603550295857988,2.9940828402366866,1.5,1.7248520710059172,1.301775147928994,131
988658.3402366864,2005.8224852071005,41.328402366863905,1.9615384615384615,1.2603550295857988,2.9940828402366866,1.5,1.7248520710059172,1.301775147928994,75
988658.3402366864,2005.8224852071005,41.328402366863905,1.9615384615384615,1.2603550295857988,2.9940828402366866,1.5,1.7248520710059172,1.301775147928994,129
988658.3402366864,2005.8224852071005,41.328402366863905,1.9615384615384615,1.2603550295857988,2.9940828402366866,1.5,1.7248520710059172,1.301775147928994,135
988658.3402366864,2005.8224852071005,41.328402366863905,1.9615384615384615,1.2603550295857988,2.9940828402366866,1.5,1.7248520710059172,1.301775147928994,100
988658.3402366864,2005.8224852071005,41.328402366863905,1.9615384615384615,1.2603550295857988,2.9940828402366866,1.5,1.7248520710059172,1.301775147928994,97
988658.3402366864,2005.8224852071005,41.328402366863905,1.9615384615384615,1.2603550295857988,2.9940828402366866,1.5,1.7248520710059172,1.301775147928994,101
988658.3402366864,2005.8224852071005,41.328402366863905,1.9615384615384615,1.2603550295857988,2.9940828402366866,1.5,1.7248520710059172,1.301775147928994,83
