1043210.0603448276,2005.4741379310344,43.741379310344826,2.0172413793103448,1.2155172413793103,3.0344827586206895,1.543103448275862,1.646551724137931,1.3275862068965518,152
1043210.0603448276,2005.4741379310344,43.741379310344826,2.0172413793103448,1.2155172413793103,3.0344827586206895,1.543103448275862,1.646551724137931,1.3275862068965518,106
1043210.0603448276,2005.4741379310344,43.741379310344826,2.0172413793103448,1.2155172413793103,3.0344827586206895,1.543103448275862,1.646551724137931,1.3275862068965518,121
1043210.0603448276,2005.4741379310344,43.741379310344826,2.0172413793103448,1.2155172413793103,3.0344827586206895,1.543103448275862,1.646551724137931,1.3275862068965518,155
1043210.0603448276,2005.4741379310344,43.741379310344826,2.0172413793103448,1.2155172413793103,3.0344827586206895,1.543103448275862,1.646551724137931,1.3275862068965518,81
1043210.0603448276,2005.4741379310344,43.741379310344826,2.0172413793103448,1.2155172413793103,3.0344827586206895,1.543103448275862,1.646551724137931,1.3275862068965518,97
1043210.0603448276,2005.4741379310344,43.741379310344826,2.0172413793103448,1.2155172413793103,3.0344827586206895,1.543103448275862,1.646551724137931,1.3275862068965518,88
1043210.0603448276,2005.4741379310344,43.741379310344826,2.0172413793103448,1.2155172413793103,3.0344827586206895,1.543103448275862,1.646551724137931,1.3275862068965518,67
1043210.0603448276,2005.4741379310344,43.741379310344826,2.0172413793103448,1.2155172413793103,3.0344827586206895,1.543103448275862,1.646551724137931,1.3275862068965518,126
1043210.0603448276,2005.4741379310344,43.741379310344826,2.0172413793103448,1.2155172413793103,3.0344827586206895,1.543103448275862,1.646551724137931,1.3275862068965518,94
1043210.0603448276,2005.4741379310344,43.741379310344826,2.0172413793103448,1.2155172413793103,3.0344827586206895,1.543103448275862,1.646551724137931,1.3275862068965518,140
1043210.0603448276,2005.4741379310344,43.741379310344826,2.0172413793103448,1.2155172413793103,3.0344827586206895,1.543103448275862,1.646551724137931,1.3275862068965518,129
1043210.0603448276,2005.4741379310344,43.741379310344826,2.0172413793103448,1.2155172413793103,3.0344827586206895,1.543103448275862,1.646551724137931,1.3275862068965518,132
1043210.0603448276,2005.4741379310344,43.741379310344826,2.0172413793103448,1.2155172413793103,3.0344827586206895,1.543103448275862,1.646551724137931,1.3275862068965518,166
1043210.0603448276,2005.4741379310344,43.741379310344826,2.0172413793103448,1.2155172413793103,3.0344827586206895,1.543103448275862,1.646551724137931,1.3275862068965518,100
1043210.0603448276,2005.4741379310344,43.741379310344826,2.0172413793103448,1.2155172413793103,3.0344827586206895,1.543103448275862,1.646551724137931,1.3275862068965518,131
1043210.0603448276,2005.4741379310344,43.741379310344826,2.0172413793103448,1.2155172413793103,3.0344827586206895,1.543103448275862,1.646551724137931,1.3275862068965518,71
1043210.0603448276,2005.4741379310344,43.741379310344826,2.0172413793103448,1.2155172413793103,3.0344827586206895,1.543103448275862,1.646551724137931,1.3275862068965518,108
1043210.0603448276,2005.4741379310344,43.741379310344826,2.0172413793103448,1.2155172413793103,3.0344827586206895,1.543103448275862,1.646551724137931,1.3275862068965518,115
1043210.0603448276,2005.4741379310344,43.741379310344826,2.0172413793103448,1.2155172413793103,3.0344827586206895,1.543103448275862,1.646551724137931,1.3275862068965518,139
1043210.0603448276,2005.4741379310344,43.741379310344826,2.0172413793103448,1.2155172413793103,3.0344827586206895,1.543103448275862,1.646551724137931,1.3275862068965518,158
1043210.0603448276,2005.4741379310344,43.741379310344826,2.0172413793103448,1.2155172413793103,3.0344827586206895,1.543103448275862,1.646551724137931,1.3275862068965518,105
1043210.0603448276,2005.4741379310344,43.741379310344826,2.0172413793103448,1.2155172413793103,3.0344827586206895,1.543103448275862,1.646551724137931,1.3275862068965518,93
1043210.0603448276,2005.4741379310344,43.741379310344826,2.0172413793103448,1.2155172413793103,3.0344827586206895,1.543103448275862,1.646551724137931,1.3275862068965518,81
1043210.0603448276,2005.4741379310344,43.741379310344826,2.0172413793103448,1.2155172413793103,3.0344827586206895,1.543103448275862,1.646551724137931,1.3275862068965518,88
1043210.0603448276,2005.4741379310344,43.741379310344826,2.0172413793103448,1.2155172413793103,3.0344827586206895,1.543103448275862,1.646551724137931,1.3275862068965518,143
1043210.0603448276,2005.4741379310344,43.741379310344826,2.0172413793103448,1.2155172413793103,3.0344827586206895,1.543103448275862,1.646551724137931,1.3275862068965518,272
1043210.0603448276,2005.4741379310344,43.741379310344826,2.0172413793103448,1.2155172413793103,3.0344827586206895,1.543103448275862,1.646551724137931,1.3275862068965518,142
1043210.0603448276,2005.4741379310344,43.741379310344826,2.0172413793103448,1.2155172413793103,3.0344827586206895,1.543103448275862,1.646551724137931,1.3275862068965518,96
1043210.0603448276,2005.4741379310344,43.741379310344826,2.0172413793103448,1.2155172413793103,3.0344827586206895,1.543103448275862,1.646551724137931,1.3275862068965518,101
1043210.0603448276,2005.4741379310344,43.741379310344826,2.0172413793103448,1.2155172413793103,3.0344827586206895,1.543103448275862,1.646551724137931,1.3275862068965518,119
1043210.0603448276,2005.4741379310344,43.741379310344826,2.0172413793103448,1.2155172413793103,3.0344827586206895,1.543103448275862,1.646551724137931,1.3275862068965518,161
1043210.0603448276,2005.4741379310344,43.741379310344826,2.0172413793103448,1.2155172413793103,3.0344827586206895,1.543103448275862,1.646551724137931,1.3275862068965518,172
1043210.0603448276,2005.4741379310344,43.741379310344826,2.0172413793103448,1.2155172413793103,3.0344827586206895,1.543103448275862,1.646551724137931,1.3275862068965518,177
1043210.0603448276,2005.4741379310344,43.741379310344826,2.0172413793103448,1.2155172413793103,3.0344827586206895,1.543103448275862,1.646551724137931,1.3275862068965518,55
1043210.0603448276,2005.4741379310344,43.741379310344826,2.0172413793103448,1.2155172413793103,3.0344827586206895,1.543103448275862,1.646551724137931,1.3275862068965518,278
1043210.0603448276,2005.4741379310344,43.741379310344826,2.0172413793103448,1.2155172413793103,3.0344827586206895,1.543103448275862,1.646551724137931,1.3275862068965518,92
1043210.0603448276,2005.4741379310344,43.741379310344826,2.0172413793103448,1.2155172413793103,3.0344827586206895,1.543103448275862,1.646551724137931,1.3275862068965518,94
1043210.0603448276,2005.4741379310344,43.741379310344826,2.0172413793103448,1.2155172413793103,3.0344827586206895,1.543103448275862,1.646551724137931,1.3275862068965518,137
1043210.0603448276,2005.4741379310344,43.741379310344826,2.0172413793103448,1.2155172413793103,3.0344827586206895,1.543103448275862,1.646551724137931,1.3275862068965518,94
1043210.0603448276,2005.4741379310344,43.741379310344826,2.0172413793103448,1.2155172413793103,3.0344827586206895,1.543103448275862,1.646551724137931,1.3275862068965518,103
1043210.0603448276,2005.4741379310344,43.741379310344826,2.0172413793103448,1.2155172413793103,3.0344827586206895,1.543103448275862,1.646551724137931,1.3275862068965518,138
1043210.0603448276,2005.4741379310344,43.741379310344826,2.0172413793103448,1.2155172413793103,3.0344827586206895,1.543103448275862,1.646551724137931,1.3275862068965518,81
1043210.0603448276,2005.4741379310344,43.741379310344826,2.0172413793103448,1.2155172413793103,3.0344827586206895,1.543103448275862,1.646551724137931,1.3275862068965518,119
1043210.0603448276,2005.4741379310344,43.741379310344826,2.0172413793103448,1.2155172413793103,3.0344827586206895,1.543103448275862,1.646551724137931,1.3275862068965518,111
1043210.0603448276,2005.4741379310344,43.741379310344826,2.0172413793103448,1.2155172413793103,3.0344827586206895,1.543103448275862,1.646551724137931,1.3275862068965518,148
1043210.0603448276,2005.4741379310344,43.741379310344826,2.0172413793103448,1.2155172413793103,3.0344827586206895,1.543103448275862,1.646551724137931,1.3275862068965518,76
1043210.0603448276,2005.4741379310344,43.741379310344826,2.0172413793103448,1.2155172413793103,3.0344827586206895,1.543103448275862,1.646551724137931,1.3275862068965518,99
1043210.0603448276,2005.4741379310344,43.741379310344826,2.0172413793103448,1.2155172413793103,3.0344827586206895,1.543103448275862,1.646551724137931,1.3275862068965518,277
1043210.0603448276,2005.4741379310344,43.741379310344826,2.0172413793103448,1.2155172413793103,3.0344827586206895,1.543103448275862,1.646551724137931,1.3275862068965518,77
1043210.0603448276,2005.4741379310344,43.741379310344826,2.0172413793103448,1.2155172413793103,3.0344827586206895,1.543103448275862,1.646551724137931,1.3275862068965518,123
1043210.0603448276,2005.4741379310344,43.741379310344826,2.0172413793103448,1.2155172413793103,3.0344827586206895,1.543103448275862,1.646551724137931,1.3275862068965518,182
1043210.0603448276,2005.4741379310344,43.741379310344826,2.0172413793103448,1.2155172413793103,3.0344827586206895,1.543103448275862,1.646551724137931,1.3275862068965518,104
1043210.0603448276,2005.4741379310344,43.741379310344826,2.0172413793103448,1.2155172413793103,3.0344827586206895,1.543103448275862,1.646551724137931,1.3275862068965518,61
1043210.0603448276,2005.4741379310344,43.741379310344826,2.0172413793103448,1.2155172413793103,3.0344827586206895,1.543103448275862,1.646551724137931,1.3275862068965518,75
1043210.0603448276,2005.4741379310344,43.741379310344826,2.0172413793103448,1.2155172413793103,3.0344827586206895,1.543103448275862,1.646551724137931,1.3275862068965518,57
1043210.0603448276,2005.4741379310344,43.741379310344826,2.0172413793103448,1.2155172413793103,3.0344827586206895,1.543103448275862,1.646551724137931,1.3275862068965518,201
1043210.0603448276,2005.4741379310344,43.741379310344826,2.0172413793103448,1.2155172413793103,3.0344827586206895,1.543103448275862,1.646551724137931,1.3275862068965518,78
1043210.0603448276,2005.4741379310344,43.741379310344826,2.0172413793103448,1.2155172413793103,3.0344827586206895,1.543103448275862,1.646551724137931,1.3275862068965518,114
1043210.0603448276,2005.4741379310344,43.741379310344826,2.0172413793103448,1.2155172413793103,3.0344827586206895,1.543103448275862,1.646551724137931,1.3275862068965518,148
1043210.0603448276,2005.4741379310344,43.741379310344826,2.0172413793103448,1.2155172413793103,3.0344827586206895,1.543103448275862,1.646551724137931,1.3275862068965518,123
1043210.0603448276,2005.4741379310344,43.741379310344826,2.0172413793103448,1.2155172413793103,3.0344827586206895,1.543103448275862,1.646551724137931,1.3275862068965518,117
1043210.0603448276,2005.4741379310344,43.741379310344826,2.0172413793103448,1.2155172413793103,3.0344827586206895,1.543103448275862,1.646551724137931,1.3275862068965518,127
1043210.0603448276,2005.4741379310344,43.741379310344826,2.0172413793103448,1.2155172413793103,3.0344827586206895,1.543103448275862,1.646551724137931,1.3275862068965518,100
1043210.0603448276,2005.4741379310344,43.741379310344826,2.0172413793103448,1.2155172413793103,3.0344827586206895,1.543103448275862,1.646551724137931,1.3275862068965518,69
1043210.0603448276,2005.4741379310344,43.741379310344826,2.0172413793103448,1.2155172413793103,3.0344827586206895,1.543103448275862,1.646551724137931,1.3275862068965518,110
1043210.0603448276,2005.4741379310344,43.741379310344826,2.0172413793103448,1.2155172413793103,3.0344827586206895,1.543103448275862,1.646551724137931,1.3275862068965518,74
1043210.0603448276,2005.4741379310344,43.741379310344826,2.0172413793103448,1.2155172413793103,3.0344827586206895,1.543103448275862,1.646551724137931,1.3275862068965518,119
1043210.0603448276,2005.4741379310344,43.741379310344826,2.0172413793103448,1.2155172413793103,3.0344827586206895,1.543103448275862,1.646551724137931,1.3275862068965518,107
1043210.0603448276,2005.4741379310344,43.741379310344826,2.0172413793103448,1.2155172413793103,3.0344827586206895,1.543103448275862,1.646551724137931,1.3275862068965518,87
1043210.0603448276,2005.4741379310344,43.741379310344826,2.0172413793103448,1.2155172413793103,3.0344827586206895,1.543103448275862,1.646551724137931,1.3275862068965518,105
1043210.0603448276,2005.4741379310344,43.741379310344826,2.0172413793103448,1.2155172413793103,3.0344827586206895,1.543103448275862,1.646551724137931,1.3275862068965518,88
1043210.0603448276,2005.4741379310344,43.741379310344826,2.0172413793103448,1.2155172413793103,3.0344827586206895,1.543103448275862,1.646551724137931,1.3275862068965518,127
1043210.0603448276,2005.4741379310344,43.741379310344826,2.0172413793103448,1.2155172413793103,3.0344827586206895,1.543103448275862,1.646551724137931,1.3275862068965518,59
1043210.0603448276,2005.4741379310344,43.741379310344826,2.0172413793103448,1.2155172413793103,3.0344827586206895,1.543103448275862,1.646551724137931,1.3275862068965518,148
1043210.0603448276,2005.4741379310344,43.741379310344826,2.0172413793103448,1.2155172413793103,3.0344827586206895,1.543103448275862,1.646551724137931,1.3275862068965518,72
1043210.0603448276,2005.4741379310344,43.741379310344826,2.0172413793103448,1.2155172413793103,3.0344827586206895,1.543103448275862,1.646551724137931,1.3275862068965518,112
1043210.0603448276,2005.4741379310344,43.741379310344826,2.0172413793103448,1.2155172413793103,3.0344827586206895,1.543103448275862,1.646551724137931,1.3275862068965518,110
1043210.0603448276,2005.4741379310344,43.741379310344826,2.0172413793103448,1.2155172413793103,3.0344827586206895,1.543103448275862,1.646551724137931,1.3275862068965518,85
1043210.0603448276,2005.4741379310344,43.741379310344826,2.0172413793103448,1.2155172413793103,3.0344827586206895,1.543103448275862,1.646551724137931,1.3275862068965518,89
1043210.0603448276,2005.4741379310344,43.741379310344826,2.0172413793103448,1.2155172413793103,3.0344827586206895,1.543103448275862,1.646551724137931,1.3275862068965518,65
1043210.0603448276,2005.4741379310344,43.741379310344826,2.0172413793103448,1.2155172413793103,3.0344827586206895,1.543103448275862,1.646551724137931,1.3275862068965518,114
1043210.0603448276,2005.4741379310344,43.741379310344826,2.0172413793103448,1.2155172413793103,3.0344827586206895,1.543103448275862,1.646551724137931,1.3275862068965518,100
1043210.0603448276,2005.4741379310344,43.741379310344826,2.0172413793103448,1.2155172413793103,3.0344827586206895,1.543103448275862,1.646551724137931,1.3275862068965518,135
1043210.0603448276,2005.4741379310344,43.741379310344826,2.0172413793103448,1.2155172413793103,3.0344827586206895,1.543103448275862,1.646551724137931,1.3275862068965518,109
1043210.0603448276,2005.4741379310344,43.741379310344826,2.0172413793103448,1.2155172413793103,3.0344827586206895,1.543103448275862,1.646551724137931,1.3275862068965518,80
1043210.0603448276,2005.4741379310344,43.741379310344826,2.0172413793103448,1.2155172413793103,3.0344827586206895,1.543103448275862,1.646551724137931,1.3275862068965518,145
1043210.0603448276,2005.4741379310344,43.741379310344826,2.0172413793103448,1.2155172413793103,3.0344827586206895,1.543103448275862,1.646551724137931,1.3275862068965518,84
1043210.0603448276,2005.4741379310344,43.741379310344826,2.0172413793103448,1.2155172413793103,3.0344827586206895,1.543103448275862,1.646551724137931,1.3275862068965518,144
1043210.0603448276,2005.4741379310344,43.741379310344826,2.0172413793103448,1.2155172413793103,3.0344827586206895,1.543103448275862,1.646551724137931,1.3275862068965518,66
1043210.0603448276,2005.4741379310344,43.741379310344826,2.0172413793103448,1.2155172413793103,3.0344827586206895,1.543103448275862,1.646551724137931,1.3275862068965518,90
1043210.0603448276,2005.4741379310344,43.741379310344826,2.0172413793103448,1.2155172413793103,3.0344827586206895,1.543103448275862,1.646551724137931,1.3275862068965518,63
1043210.0603448276,2005.4741379310344,43.741379310344826,2.0172413793103448,1.2155172413793103,3.0344827586206895,1.543103448275862,1.646551724137931,1.3275862068965518,119
1043210.0603448276,2005.4741379310344,43.741379310344826,2.0172413793103448,1.2155172413793103,3.0344827586206895,1.543103448275862,1.646551724137931,1.3275862068965518,74
1043210.0603448276,2005.4741379310344,43.741379310344826,2.0172413793103448,1.2155172413793103,3.0344827586206895,1.543103448275862,1.646551724137931,1.3275862068965518,88
1043210.0603448276,2005.4741379310344,43.741379310344826,2.0172413793103448,1.2155172413793103,3.0344827586206895,1.543103448275862,1.646551724137931,1.3275862068965518,110
1043210.0603448276,2005.4741379310344,43.741379310344826,2.0172413793103448,1.2155172413793103,3.0344827586206895,1.543103448275862,1.646551724137931,1.3275862068965518,128
1043210.0603448276,2005.4741379310344,43.741379310344826,2.0172413793103448,1.2155172413793103,3.0344827586206895,1.543103448275862,1.646551724137931,1.3275862068965518,65
1043210.0603448276,2005.4741379310344,43.741379310344826,2.0172413793103448,1.2155172413793103,3.0344827586206895,1.543103448275862,1.646551724137931,1.3275862068965518,50
1043210.0603448276,2005.4741379310344,43.741379310344826,2.0172413793103448,1.2155172413793103,3.0344827586206895,1.543103448275862,1.646551724137931,1.3275862068965518,164
1043210.0603448276,2005.4741379310344,43.741379310344826,2.0172413793103448,1.2155172413793103,3.0344827586206895,1.543103448275862,1.646551724137931,1.3275862068965518,105
1043210.0603448276,2005.4741379310344,43.741379310344826,2.0172413793103448,1.2155172413793103,3.0344827586206895,1.543103448275862,1.646551724137931,1.3275862068965518,102
1043210.0603448276,2005.4741379310344,43.741379310344826,2.0172413793103448,1.2155172413793103,3.0344827586206895,1.543103448275862,1.646551724137931,1.3275862068965518,268
1043210.0603448276,2005.4741379310344,43.741379310344826,2.0172413793103448,1.2155172413793103,3.0344827586206895,1.543103448275862,1.646551724137931,1.3275862068965518,118
1043210.0603448276,2005.4741379310344,43.741379310344826,2.0172413793103448,1.2155172413793103,3.0344827586206895,1.543103448275862,1.646551724137931,1.3275862068965518,131
1043210.0603448276,2005.4741379310344,43.741379310344826,2.0172413793103448,1.2155172413793103,3.0344827586206895,1.543103448275862,1.646551724137931,1.3275862068965518,116
1043210.0603448276,2005.4741379310344,43.741379310344826,2.0172413793103448,1.2155172413793103,3.0344827586206895,1.543103448275862,1.646551724137931,1.3275862068965518,114
1043210.0603448276,2005.4741379310344,43.741379310344826,2.0172413793103448,1.2155172413793103,3.0344827586206895,1.543103448275862,1.646551724137931,1.3275862068965518,113
1043210.0603448276,2005.4741379310344,43.741379310344826,2.0172413793103448,1.2155172413793103,3.0344827586206895,1.543103448275862,1.646551724137931,1.3275862068965518,74
1043210.0603448276,2005.4741379310344,43.741379310344826,2.0172413793103448,1.2155172413793103,3.0344827586206895,1.543103448275862,1.646551724137931,1.3275862068965518,95
1043210.0603448276,2005.4741379310344,43.741379310344826,2.0172413793103448,1.2155172413793103,3.0344827586206895,1.543103448275862,1.646551724137931,1.3275862068965518,135
1043210.0603448276,2005.4741379310344,43.741379310344826,2.0172413793103448,1.2155172413793103,3.0344827586206895,1.543103448275862,1.646551724137931,1.3275862068965518,125
1043210.0603448276,2005.4741379310344,43.741379310344826,2.0172413793103448,1.2155172413793103,3.0344827586206895,1.543103448275862,1.646551724137931,1.3275862068965518,133
1043210.0603448276,2005.4741379310344,43.741379310344826,2.0172413793103448,1.2155172413793103,3.0344827586206895,1.543103448275862,1.646551724137931,1.3275862068965518,70
1043210.0603448276,2005.4741379310344,43.741379310344826,2.0172413793103448,1.2155172413793103,3.0344827586206895,1.543103448275862,1.646551724137931,1.3275862068965518,83
1043210.0603448276,2005.4741379310344,43.741379310344826,2.0172413793103448,1.2155172413793103,3.0344827586206895,1.543103448275862,1.646551724137931,1.3275862068965518,100
1037287.6748768473,2005.7487684729065,42.70935960591133,2.019704433497537,1.2857142857142858,3.0098522167487687,1.522167487684729,1.7389162561576355,1.2807881773399015,117
1037287.6748768473,2005.7487684729065,42.70935960591133,2.019704433497537,1.2857142857142858,3.0098522167487687,1.522167487684729,1.7389162561576355,1.2807881773399015,109
1037287.6748768473,2005.7487684729065,42.70935960591133,2.019704433497537,1.2857142857142858,3.0098522167487687,1.522167487684729,1.7389162561576355,1.2807881773399015,119
1037287.6748768473,2005.7487684729065,42.70935960591133,2.019704433497537,1.2857142857142858,3.0098522167487687,1.522167487684729,1.7389162561576355,1.2807881773399015,196
1037287.6748768473,2005.7487684729065,42.70935960591133,2.019704433497537,1.2857142857142858,3.0098522167487687,1.522167487684729,1.7389162561576355,1.2807881773399015,94
1037287.6748768473,2005.7487684729065,42.70935960591133,2.019704433497537,1.2857142857142858,3.0098522167487687,1.522167487684729,1.7389162561576355,1.2807881773399015,138
1037287.6748768473,2005.7487684729065,42.70935960591133,2.019704433497537,1.2857142857142858,3.0098522167487687,1.522167487684729,1.7389162561576355,1.2807881773399015,127
1037287.6748768473,2005.7487684729065,42.70935960591133,2.019704433497537,1.2857142857142858,3.0098522167487687,1.522167487684729,1.7389162561576355,1.2807881773399015,131
1037287.6748768473,2005.7487684729065,42.70935960591133,2.019704433497537,1.2857142857142858,3.0098522167487687,1.522167487684729,1.7389162561576355,1.2807881773399015,55
1037287.6748768473,2005.7487684729065,42.70935960591133,2.019704433497537,1.2857142857142858,3.0098522167487687,1.522167487684729,1.7389162561576355,1.2807881773399015,63
1037287.6748768473,2005.7487684729065,42.70935960591133,2.019704433497537,1.2857142857142858,3.0098522167487687,1.522167487684729,1.7389162561576355,1.2807881773399015,59
1037287.6748768473,2005.7487684729065,42.70935960591133,2.019704433497537,1.2857142857142858,3.0098522167487687,1.522167487684729,1.7389162561576355,1.2807881773399015,65
1037287.6748768473,2005.7487684729065,42.70935960591133,2.019704433497537,1.2857142857142858,3.0098522167487687,1.522167487684729,1.7389162561576355,1.2807881773399015,81
1037287.6748768473,2005.7487684729065,42.70935960591133,2.019704433497537,1.2857142857142858,3.0098522167487687,1.522167487684729,1.7389162561576355,1.2807881773399015,148
1037287.6748768473,2005.7487684729065,42.70935960591133,2.019704433497537,1.2857142857142858,3.0098522167487687,1.522167487684729,1.7389162561576355,1.2807881773399015,201
1037287.6748768473,2005.7487684729065,42.70935960591133,2.019704433497537,1.2857142857142858,3.0098522167487687,1.522167487684729,1.7389162561576355,1.2807881773399015,110
1037287.6748768473,2005.7487684729065,42.70935960591133,2.019704433497537,1.2857142857142858,3.0098522167487687,1.522167487684729,1.7389162561576355,1.2807881773399015,88
1037287.6748768473,2005.7487684729065,42.70935960591133,2.019704433497537,1.2857142857142858,3.0098522167487687,1.522167487684729,1.7389162561576355,1.2807881773399015,60
1037287.6748768473,2005.7487684729065,42.70935960591133,2.019704433497537,1.2857142857142858,3.0098522167487687,1.522167487684729,1.7389162561576355,1.2807881773399015,144
1037287.6748768473,2005.7487684729065,42.70935960591133,2.019704433497537,1.2857142857142858,3.0098522167487687,1.522167487684729,1.7389162561576355,1.2807881773399015,87
1037287.6748768473,2005.7487684729065,42.70935960591133,2.019704433497537,1.2857142857142858,3.0098522167487687,1.522167487684729,1.7389162561576355,1.2807881773399015,66
1037287.6748768473,2005.7487684729065,42.70935960591133,2.019704433497537,1.2857142857142858,3.0098522167487687,1.522167487684729,1.7389162561576355,1.2807881773399015,142
1037287.6748768473,2005.7487684729065,42.70935960591133,2.019704433497537,1.2857142857142858,3.0098522167487687,1.522167487684729,1.7389162561576355,1.2807881773399015,100
1037287.6748768473,2005.7487684729065,42.70935960591133,2.019704433497537,1.2857142857142858,3.0098522167487687,1.522167487684729,1.7389162561576355,1.2807881773399015,64
1037287.6748768473,2005.7487684729065,42.70935960591133,2.019704433497537,1.2857142857142858,3.0098522167487687,1.522167487684729,1.7389162561576355,1.2807881773399015,112
1037287.6748768473,2005.7487684729065,42.70935960591133,2.019704433497537,1.2857142857142858,3.0098522167487687,1.522167487684729,1.7389162561576355,1.2807881773399015,103
1037287.6748768473,2005.7487684729065,42.70935960591133,2.019704433497537,1.2857142857142858,3.0098522167487687,1.522167487684729,1.7389162561576355,1.2807881773399015,105
1037287.6748768473,2005.7487684729065,42.70935960591133,2.019704433497537,1.2857142857142858,3.0098522167487687,1.522167487684729,1.7389162561576355,1.2807881773399015,88
1037287.6748768473,2005.7487684729065,42.70935960591133,2.019704433497537,1.2857142857142858,3.0098522167487687,1.522167487684729,1.7389162561576355,1.2807881773399015,35
1037287.6748768473,2005.7487684729065,42.70935960591133,2.019704433497537,1.2857142857142858,3.0098522167487687,1.522167487684729,1.7389162561576355,1.2807881773399015,135
1037287.6748768473,2005.7487684729065,42.70935960591133,2.019704433497537,1.2857142857142858,3.0098522167487687,1.522167487684729,1.7389162561576355,1.2807881773399015,94
1037287.6748768473,2005.7487684729065,42.70935960591133,2.019704433497537,1.2857142857142858,3.0098522167487687,1.522167487684729,1.7389162561576355,1.2807881773399015,165
1037287.6748768473,2005.7487684729065,42.70935960591133,2.019704433497537,1.2857142857142858,3.0098522167487687,1.522167487684729,1.7389162561576355,1.2807881773399015,113
1037287.6748768473,2005.7487684729065,42.70935960591133,2.019704433497537,1.2857142857142858,3.0098522167487687,1.522167487684729,1.7389162561576355,1.2807881773399015,150
1037287.6748768473,2005.7487684729065,42.70935960591133,2.019704433497537,1.2857142857142858,3.0098522167487687,1.522167487684729,1.7389162561576355,1.2807881773399015,119
1037287.6748768473,2005.7487684729065,42.70935960591133,2.019704433497537,1.2857142857142858,3.0098522167487687,1.522167487684729,1.7389162561576355,1.2807881773399015,100
1037287.6748768473,2005.7487684729065,42.70935960591133,2.019704433497537,1.2857142857142858,3.0098522167487687,1.522167487684729,1.7389162561576355,1.2807881773399015,103
1037287.6748768473,2005.7487684729065,42.70935960591133,2.019704433497537,1.2857142857142858,3.0098522167487687,1.522167487684729,1.7389162561576355,1.2807881773399015,50
1037287.6748768473,2005.7487684729065,42.70935960591133,2.019704433497537,1.2857142857142858,3.0098522167487687,1.522167487684729,1.7389162561576355,1.2807881773399015,147
1037287.6748768473,2005.7487684729065,42.70935960591133,2.019704433497537,1.2857142857142858,3.0098522167487687,1.522167487684729,1.7389162561576355,1.2807881773399015,81
1037287.6748768473,2005.7487684729065,42.70935960591133,2.019704433497537,1.2857142857142858,3.0098522167487687,1.522167487684729,1.7389162561576355,1.2807881773399015,148
1037287.6748768473,2005.7487684729065,42.70935960591133,2.019704433497537,1.2857142857142858,3.0098522167487687,1.522167487684729,1.7389162561576355,1.2807881773399015,114
1037287.6748768473,2005.7487684729065,42.70935960591133,2.019704433497537,1.2857142857142858,3.0098522167487687,1.522167487684729,1.7389162561576355,1.2807881773399015,118
1037287.6748768473,2005.7487684729065,42.70935960591133,2.019704433497537,1.2857142857142858,3.0098522167487687,1.522167487684729,1.7389162561576355,1.2807881773399015,97
1037287.6748768473,2005.7487684729065,42.70935960591133,2.019704433497537,1.2857142857142858,3.0098522167487687,1.522167487684729,1.7389162561576355,1.2807881773399015,133
1037287.6748768473,2005.7487684729065,42.70935960591133,2.019704433497537,1.2857142857142858,3.0098522167487687,1.522167487684729,1.7389162561576355,1.2807881773399015,164
1037287.6748768473,2005.7487684729065,42.70935960591133,2.019704433497537,1.2857142857142858,3.0098522167487687,1.522167487684729,1.7389162561576355,1.2807881773399015,131
1037287.6748768473,2005.7487684729065,42.70935960591133,2.019704433497537,1.2857142857142858,3.0098522167487687,1.522167487684729,1.7389162561576355,1.2807881773399015,89
1037287.6748768473,2005.7487684729065,42.70935960591133,2.019704433497537,1.2857142857142858,3.0098522167487687,1.522167487684729,1.7389162561576355,1.2807881773399015,128
1037287.6748768473,2005.7487684729065,42.70935960591133,2.019704433497537,1.2857142857142858,3.0098522167487687,1.522167487684729,1.7389162561576355,1.2807881773399015,88
1037287.6748768473,2005.7487684729065,42.70935960591133,2.019704433497537,1.2857142857142858,3.0098522167487687,1.522167487684729,1.7389162561576355,1.2807881773399015,110
1037287.6748768473,2005.7487684729065,42.70935960591133,2.019704433497537,1.2857142857142858,3.0098522167487687,1.522167487684729,1.7389162561576355,1.2807881773399015,74
1037287.6748768473,2005.7487684729065,42.70935960591133,2.019704433497537,1.2857142857142858,3.0098522167487687,1.522167487684729,1.7389162561576355,1.2807881773399015,117
1037287.6748768473,2005.7487684729065,42.70935960591133,2.019704433497537,1.2857142857142858,3.0098522167487687,1.522167487684729,1.7389162561576355,1.2807881773399015,85
1037287.6748768473,2005.7487684729065,42.70935960591133,2.019704433497537,1.2857142857142858,3.0098522167487687,1.522167487684729,1.7389162561576355,1.2807881773399015,116
1037287.6748768473,2005.7487684729065,42.70935960591133,2.019704433497537,1.2857142857142858,3.0098522167487687,1.522167487684729,1.7389162561576355,1.2807881773399015,119
1037287.6748768473,2005.7487684729065,42.70935960591133,2.019704433497537,1.2857142857142858,3.0098522167487687,1.522167487684729,1.7389162561576355,1.2807881773399015,125
1037287.6748768473,2005.7487684729065,42.70935960591133,2.019704433497537,1.2857142857142858,3.0098522167487687,1.522167487684729,1.7389162561576355,1.2807881773399015,132
1037287.6748768473,2005.7487684729065,42.70935960591133,2.019704433497537,1.2857142857142858,3.0098522167487687,1.522167487684729,1.7389162561576355,1.2807881773399015,78
1037287.6748768473,2005.7487684729065,42.70935960591133,2.019704433497537,1.2857142857142858,3.0098522167487687,1.522167487684729,1.7389162561576355,1.2807881773399015,102
1037287.6748768473,2005.7487684729065,42.70935960591133,2.019704433497537,1.2857142857142858,3.0098522167487687,1.522167487684729,1.7389162561576355,1.2807881773399015,94
1037287.6748768473,2005.7487684729065,42.70935960591133,2.019704433497537,1.2857142857142858,3.0098522167487687,1.522167487684729,1.7389162561576355,1.2807881773399015,177
1037287.6748768473,2005.7487684729065,42.70935960591133,2.019704433497537,1.2857142857142858,3.0098522167487687,1.522167487684729,1.7389162561576355,1.2807881773399015,148
1037287.6748768473,2005.7487684729065,42.70935960591133,2.019704433497537,1.2857142857142858,3.0098522167487687,1.522167487684729,1.7389162561576355,1.2807881773399015,135
1037287.6748768473,2005.7487684729065,42.70935960591133,2.019704433497537,1.2857142857142858,3.0098522167487687,1.522167487684729,1.7389162561576355,1.2807881773399015,71
1037287.6748768473,2005.7487684729065,42.70935960591133,2.019704433497537,1.2857142857142858,3.0098522167487687,1.522167487684729,1.7389162561576355,1.2807881773399015,119
1037287.6748768473,2005.7487684729065,42.70935960591133,2.019704433497537,1.2857142857142858,3.0098522167487687,1.522167487684729,1.7389162561576355,1.2807881773399015,100
1037287.6748768473,2005.7487684729065,42.70935960591133,2.019704433497537,1.2857142857142858,3.0098522167487687,1.522167487684729,1.7389162561576355,1.2807881773399015,83
1037287.6748768473,2005.7487684729065,42.70935960591133,2.019704433497537,1.2857142857142858,3.0098522167487687,1.522167487684729,1.7389162561576355,1.2807881773399015,119
1037287.6748768473,2005.7487684729065,42.70935960591133,2.019704433497537,1.2857142857142858,3.0098522167487687,1.522167487684729,1.7389162561576355,1.2807881773399015,67
1037287.6748768473,2005.7487684729065,42.70935960591133,2.019704433497537,1.2857142857142858,3.0098522167487687,1.522167487684729,1.7389162561576355,1.2807881773399015,161
1037287.6748768473,2005.7487684729065,42.70935960591133,2.019704433497537,1.2857142857142858,3.0098522167487687,1.522167487684729,1.7389162561576355,1.2807881773399015,158
1037287.6748768473,2005.7487684729065,42.70935960591133,2.019704433497537,1.2857142857142858,3.0098522167487687,1.522167487684729,1.7389162561576355,1.2807881773399015,110
1037287.6748768473,2005.7487684729065,42.70935960591133,2.019704433497537,1.2857142857142858,3.0098522167487687,1.522167487684729,1.7389162561576355,1.2807881773399015,282
1037287.6748768473,2005.7487684729065,42.70935960591133,2.019704433497537,1.2857142857142858,3.0098522167487687,1.522167487684729,1.7389162561576355,1.2807881773399015,84
1037287.6748768473,2005.7487684729065,42.70935960591133,2.019704433497537,1.2857142857142858,3.0098522167487687,1.522167487684729,1.7389162561576355,1.2807881773399015,81
1037287.6748768473,2005.7487684729065,42.70935960591133,2.019704433497537,1.2857142857142858,3.0098522167487687,1.522167487684729,1.7389162561576355,1.2807881773399015,56
1037287.6748768473,2005.7487684729065,42.70935960591133,2.019704433497537,1.2857142857142858,3.0098522167487687,1.522167487684729,1.7389162561576355,1.2807881773399015,105
1037287.6748768473,2005.7487684729065,42.70935960591133,2.019704433497537,1.2857142857142858,3.0098522167487687,1.522167487684729,1.7389162561576355,1.2807881773399015,123
1037287.6748768473,2005.7487684729065,42.70935960591133,2.019704433497537,1.2857142857142858,3.0098522167487687,1.522167487684729,1.7389162561576355,1.2807881773399015,70
1037287.6748768473,2005.7487684729065,42.70935960591133,2.019704433497537,1.2857142857142858,3.0098522167487687,1.522167487684729,1.7389162561576355,1.2807881773399015,85
1037287.6748768473,2005.7487684729065,42.70935960591133,2.019704433497537,1.2857142857142858,3.0098522167487687,1.522167487684729,1.7389162561576355,1.2807881773399015,97
1037287.6748768473,2005.7487684729065,42.70935960591133,2.019704433497537,1.2857142857142858,3.0098522167487687,1.522167487684729,1.7389162561576355,1.2807881773399015,114
1037287.6748768473,2005.7487684729065,42.70935960591133,2.019704433497537,1.2857142857142858,3.0098522167487687,1.522167487684729,1.7389162561576355,1.2807881773399015,139
1037287.6748768473,2005.7487684729065,42.70935960591133,2.019704433497537,1.2857142857142858,3.0098522167487687,1.522167487684729,1.7389162561576355,1.2807881773399015,166
1037287.6748768473,2005.7487684729065,42.70935960591133,2.019704433497537,1.2857142857142858,3.0098522167487687,1.522167487684729,1.7389162561576355,1.2807881773399015,89
1037287.6748768473,2005.7487684729065,42.70935960591133,2.019704433497537,1.2857142857142858,3.0098522167487687,1.522167487684729,1.7389162561576355,1.2807881773399015,140
1037287.6748768473,2005.7487684729065,42.70935960591133,2.019704433497537,1.2857142857142858,3.0098522167487687,1.522167487684729,1.7389162561576355,1.2807881773399015,72
1037287.6748768473,2005.7487684729065,42.70935960591133,2.019704433497537,1.2857142857142858,3.0098522167487687,1.522167487684729,1.7389162561576355,1.2807881773399015,153
1037287.6748768473,2005.7487684729065,42.70935960591133,2.019704433497537,1.2857142857142858,3.0098522167487687,1.522167487684729,1.7389162561576355,1.2807881773399015,88
1037287.6748768473,2005.7487684729065,42.70935960591133,2.019704433497537,1.2857142857142858,3.0098522167487687,1.522167487684729,1.7389162561576355,1.2807881773399015,74
1037287.6748768473,2005.7487684729065,42.70935960591133,2.019704433497537,1.2857142857142858,3.0098522167487687,1.522167487684729,1.7389162561576355,1.2807881773399015,152
1037287.6748768473,2005.7487684729065,42.70935960591133,2.019704433497537,1.2857142857142858,3.0098522167487687,1.522167487684729,1.7389162561576355,1.2807881773399015,114
1037287.6748768473,2005.7487684729065,42.70935960591133,2.019704433497537,1.2857142857142858,3.0098522167487687,1.522167487684729,1.7389162561576355,1.2807881773399015,102
1037287.6748768473,2005.7487684729065,42.70935960591133,2.019704433497537,1.2857142857142858,3.0098522167487687,1.522167487684729,1.7389162561576355,1.2807881773399015,126
1037287.6748768473,2005.7487684729065,42.70935960591133,2.019704433497537,1.2857142857142858,3.0098522167487687,1.522167487684729,1.7389162561576355,1.2807881773399015,177
1037287.6748768473,2005.7487684729065,42.70935960591133,2.019704433497537,1.2857142857142858,3.0098522167487687,1.522167487684729,1.7389162561576355,1.2807881773399015,107
1037287.6748768473,2005.7487684729065,42.70935960591133,2.019704433497537,1.2857142857142858,3.0098522167487687,1.522167487684729,1.7389162561576355,1.2807881773399015,105
1037287.6748768473,2005.7487684729065,42.70935960591133,2.019704433497537,1.2857142857142858,3.0098522167487687,1.522167487684729,1.7389162561576355,1.2807881773399015,90
1037287.6748768473,2005.7487684729065,42.70935960591133,2.019704433497537,1.2857142857142858,3.0098522167487687,1.522167487684729,1.7389162561576355,1.2807881773399015,83
1037287.6748768473,2005.7487684729065,42.70935960591133,2.019704433497537,1.2857142857142858,3.0098522167487687,1.522167487684729,1.7389162561576355,1.2807881773399015,272
1037287.6748768473,2005.7487684729065,42.70935960591133,2.019704433497537,1.2857142857142858,3.0098522167487687,1.522167487684729,1.7389162561576355,1.2807881773399015,110
1037287.6748768473,2005.7487684729065,42.70935960591133,2.019704433497537,1.2857142857142858,3.0098522167487687,1.522167487684729,1.7389162561576355,1.2807881773399015,40
1037287.6748768473,2005.7487684729065,42.70935960591133,2.019704433497537,1.2857142857142858,3.0098522167487687,1.522167487684729,1.7389162561576355,1.2807881773399015,72
1037287.6748768473,2005.7487684729065,42.70935960591133,2.019704433497537,1.2857142857142858,3.0098522167487687,1.522167487684729,1.7389162561576355,1.2807881773399015,85
1037287.6748768473,2005.7487684729065,42.70935960591133,2.019704433497537,1.2857142857142858,3.0098522167487687,1.522167487684729,1.7389162561576355,1.2807881773399015,88
1037287.6748768473,2005.7487684729065,42.70935960591133,2.019704433497537,1.2857142857142858,3.0098522167487687,1.522167487684729,1.7389162561576355,1.2807881773399015,123
1037287.6748768473,2005.7487684729065,42.70935960591133,2.019704433497537,1.2857142857142858,3.0098522167487687,1.522167487684729,1.7389162561576355,1.2807881773399015,80
1037287.6748768473,2005.7487684729065,42.70935960591133,2.019704433497537,1.2857142857142858,3.0098522167487687,1.522167487684729,1.7389162561576355,1.2807881773399015,129
1037287.6748768473,2005.7487684729065,42.70935960591133,2.019704433497537,1.2857142857142858,3.0098522167487687,1.522167487684729,1.7389162561576355,1.2807881773399015,77
1037287.6748768473,2005.7487684729065,42.70935960591133,2.019704433497537,1.2857142857142858,3.0098522167487687,1.522167487684729,1.7389162561576355,1.2807881773399015,70
1037287.6748768473,2005.7487684729065,42.70935960591133,2.019704433497537,1.2857142857142858,3.0098522167487687,1.522167487684729,1.7389162561576355,1.2807881773399015,127
1037287.6748768473,2005.7487684729065,42.70935960591133,2.019704433497537,1.2857142857142858,3.0098522167487687,1.522167487684729,1.7389162561576355,1.2807881773399015,119
1037287.6748768473,2005.7487684729065,42.70935960591133,2.019704433497537,1.2857142857142858,3.0098522167487687,1.522167487684729,1.7389162561576355,1.2807881773399015,74
1037287.6748768473,2005.7487684729065,42.70935960591133,2.019704433497537,1.2857142857142858,3.0098522167487687,1.522167487684729,1.7389162561576355,1.2807881773399015,146
1037287.6748768473,2005.7487684729065,42.70935960591133,2.019704433497537,1.2857142857142858,3.0098522167487687,1.522167487684729,1.7389162561576355,1.2807881773399015,84
1037287.6748768473,2005.7487684729065,42.70935960591133,2.019704433497537,1.2857142857142858,3.0098522167487687,1.522167487684729,1.7389162561576355,1.2807881773399015,161
1037287.6748768473,2005.7487684729065,42.70935960591133,2.019704433497537,1.2857142857142858,3.0098522167487687,1.522167487684729,1.7389162561576355,1.2807881773399015,81
1037287.6748768473,2005.7487684729065,42.70935960591133,2.019704433497537,1.2857142857142858,3.0098522167487687,1.522167487684729,1.7389162561576355,1.2807881773399015,108
1037287.6748768473,2005.7487684729065,42.70935960591133,2.019704433497537,1.2857142857142858,3.0098522167487687,1.522167487684729,1.7389162561576355,1.2807881773399015,100
1037287.6748768473,2005.7487684729065,42.70935960591133,2.019704433497537,1.2857142857142858,3.0098522167487687,1.522167487684729,1.7389162561576355,1.2807881773399015,136
1037287.6748768473,2005.7487684729065,42.70935960591133,2.019704433497537,1.2857142857142858,3.0098522167487687,1.522167487684729,1.7389162561576355,1.2807881773399015,145
1037287.6748768473,2005.7487684729065,42.70935960591133,2.019704433497537,1.2857142857142858,3.0098522167487687,1.522167487684729,1.7389162561576355,1.2807881773399015,143
1037287.6748768473,2005.7487684729065,42.70935960591133,2.019704433497537,1.2857142857142858,3.0098522167487687,1.522167487684729,1.7389162561576355,1.2807881773399015,94
1037287.6748768473,2005.7487684729065,42.70935960591133,2.019704433497537,1.2857142857142858,3.0098522167487687,1.522167487684729,1.7389162561576355,1.2807881773399015,278
1037287.6748768473,2005.7487684729065,42.70935960591133,2.019704433497537,1.2857142857142858,3.0098522167487687,1.522167487684729,1.7389162561576355,1.2807881773399015,172
1037287.6748768473,2005.7487684729065,42.70935960591133,2.019704433497537,1.2857142857142858,3.0098522167487687,1.522167487684729,1.7389162561576355,1.2807881773399015,135
1037287.6748768473,2005.7487684729065,42.70935960591133,2.019704433497537,1.2857142857142858,3.0098522167487687,1.522167487684729,1.7389162561576355,1.2807881773399015,100
1037287.6748768473,2005.7487684729065,42.70935960591133,2.019704433497537,1.2857142857142858,3.0098522167487687,1.522167487684729,1.7389162561576355,1.2807881773399015,65
1037287.6748768473,2005.7487684729065,42.70935960591133,2.019704433497537,1.2857142857142858,3.0098522167487687,1.522167487684729,1.7389162561576355,1.2807881773399015,77
1037287.6748768473,2005.7487684729065,42.70935960591133,2.019704433497537,1.2857142857142858,3.0098522167487687,1.522167487684729,1.7389162561576355,1.2807881773399015,148
1037287.6748768473,2005.7487684729065,42.70935960591133,2.019704433497537,1.2857142857142858,3.0098522167487687,1.522167487684729,1.7389162561576355,1.2807881773399015,105
1037287.6748768473,2005.7487684729065,42.70935960591133,2.019704433497537,1.2857142857142858,3.0098522167487687,1.522167487684729,1.7389162561576355,1.2807881773399015,74
1037287.6748768473,2005.7487684729065,42.70935960591133,2.019704433497537,1.2857142857142858,3.0098522167487687,1.522167487684729,1.7389162561576355,1.2807881773399015,111
1037287.6748768473,2005.7487684729065,42.70935960591133,2.019704433497537,1.2857142857142858,3.0098522167487687,1.522167487684729,1.7389162561576355,1.2807881773399015,110
1037287.6748768473,2005.7487684729065,42.70935960591133,2.019704433497537,1.2857142857142858,3.0098522167487687,1.522167487684729,1.7389162561576355,1.2807881773399015,127
1037287.6748768473,2005.7487684729065,42.70935960591133,2.019704433497537,1.2857142857142858,3.0098522167487687,1.522167487684729,1.7389162561576355,1.2807881773399015,100
1037287.6748768473,2005.7487684729065,42.70935960591133,2.019704433497537,1.2857142857142858,3.0098522167487687,1.522167487684729,1.7389162561576355,1.2807881773399015,108
1037287.6748768473,2005.7487684729065,42.70935960591133,2.019704433497537,1.2857142857142858,3.0098522167487687,1.522167487684729,1.7389162561576355,1.2807881773399015,268
1037287.6748768473,2005.7487684729065,42.70935960591133,2.019704433497537,1.2857142857142858,3.0098522167487687,1.522167487684729,1.7389162561576355,1.2807881773399015,68
1037287.6748768473,2005.7487684729065,42.70935960591133,2.019704433497537,1.2857142857142858,3.0098522167487687,1.522167487684729,1.7389162561576355,1.2807881773399015,83
1037287.6748768473,2005.7487684729065,42.70935960591133,2.019704433497537,1.2857142857142858,3.0098522167487687,1.522167487684729,1.7389162561576355,1.2807881773399015,94
1037287.6748768473,2005.7487684729065,42.70935960591133,2.019704433497537,1.2857142857142858,3.0098522167487687,1.522167487684729,1.7389162561576355,1.2807881773399015,119
1037287.6748768473,2005.7487684729065,42.70935960591133,2.019704433497537,1.2857142857142858,3.0098522167487687,1.522167487684729,1.7389162561576355,1.2807881773399015,277
1037287.6748768473,2005.7487684729065,42.70935960591133,2.019704433497537,1.2857142857142858,3.0098522167487687,1.522167487684729,1.7389162561576355,1.2807881773399015,88
1037287.6748768473,2005.7487684729065,42.70935960591133,2.019704433497537,1.2857142857142858,3.0098522167487687,1.522167487684729,1.7389162561576355,1.2807881773399015,123
1037287.6748768473,2005.7487684729065,42.70935960591133,2.019704433497537,1.2857142857142858,3.0098522167487687,1.522167487684729,1.7389162561576355,1.2807881773399015,48
1037287.6748768473,2005.7487684729065,42.70935960591133,2.019704433497537,1.2857142857142858,3.0098522167487687,1.522167487684729,1.7389162561576355,1.2807881773399015,121
1037287.6748768473,2005.7487684729065,42.70935960591133,2.019704433497537,1.2857142857142858,3.0098522167487687,1.522167487684729,1.7389162561576355,1.2807881773399015,137
1037287.6748768473,2005.7487684729065,42.70935960591133,2.019704433497537,1.2857142857142858,3.0098522167487687,1.522167487684729,1.7389162561576355,1.2807881773399015,114
1037287.6748768473,2005.7487684729065,42.70935960591133,2.019704433497537,1.2857142857142858,3.0098522167487687,1.522167487684729,1.7389162561576355,1.2807881773399015,100
1037287.6748768473,2005.7487684729065,42.70935960591133,2.019704433497537,1.2857142857142858,3.0098522167487687,1.522167487684729,1.7389162561576355,1.2807881773399015,75
1037287.6748768473,2005.7487684729065,42.70935960591133,2.019704433497537,1.2857142857142858,3.0098522167487687,1.522167487684729,1.7389162561576355,1.2807881773399015,95
1037287.6748768473,2005.7487684729065,42.70935960591133,2.019704433497537,1.2857142857142858,3.0098522167487687,1.522167487684729,1.7389162561576355,1.2807881773399015,106
1037287.6748768473,2005.7487684729065,42.70935960591133,2.019704433497537,1.2857142857142858,3.0098522167487687,1.522167487684729,1.7389162561576355,1.2807881773399015,81
1037287.6748768473,2005.7487684729065,42.70935960591133,2.019704433497537,1.2857142857142858,3.0098522167487687,1.522167487684729,1.7389162561576355,1.2807881773399015,142
1037287.6748768473,2005.7487684729065,42.70935960591133,2.019704433497537,1.2857142857142858,3.0098522167487687,1.522167487684729,1.7389162561576355,1.2807881773399015,44
1037287.6748768473,2005.7487684729065,42.70935960591133,2.019704433497537,1.2857142857142858,3.0098522167487687,1.522167487684729,1.7389162561576355,1.2807881773399015,110
1037287.6748768473,2005.7487684729065,42.70935960591133,2.019704433497537,1.2857142857142858,3.0098522167487687,1.522167487684729,1.7389162561576355,1.2807881773399015,102
1037287.6748768473,2005.7487684729065,42.70935960591133,2.019704433497537,1.2857142857142858,3.0098522167487687,1.522167487684729,1.7389162561576355,1.2807881773399015,101
1037287.6748768473,2005.7487684729065,42.70935960591133,2.019704433497537,1.2857142857142858,3.0098522167487687,1.522167487684729,1.7389162561576355,1.2807881773399015,129
1037287.6748768473,2005.7487684729065,42.70935960591133,2.019704433497537,1.2857142857142858,3.0098522167487687,1.522167487684729,1.7389162561576355,1.2807881773399015,124
1037287.6748768473,2005.7487684729065,42.70935960591133,2.019704433497537,1.2857142857142858,3.0098522167487687,1.522167487684729,1.7389162561576355,1.2807881773399015,92
1037287.6748768473,2005.7487684729065,42.70935960591133,2.019704433497537,1.2857142857142858,3.0098522167487687,1.522167487684729,1.7389162561576355,1.2807881773399015,99
1037287.6748768473,2005.7487684729065,42.70935960591133,2.019704433497537,1.2857142857142858,3.0098522167487687,1.522167487684729,1.7389162561576355,1.2807881773399015,80
1037287.6748768473,2005.7487684729065,42.70935960591133,2.019704433497537,1.2857142857142858,3.0098522167487687,1.522167487684729,1.7389162561576355,1.2807881773399015,182
1037287.6748768473,2005.7487684729065,42.70935960591133,2.019704433497537,1.2857142857142858,3.0098522167487687,1.522167487684729,1.7389162561576355,1.2807881773399015,76
1037287.6748768473,2005.7487684729065,42.70935960591133,2.019704433497537,1.2857142857142858,3.0098522167487687,1.522167487684729,1.7389162561576355,1.2807881773399015,90
1037287.6748768473,2005.7487684729065,42.70935960591133,2.019704433497537,1.2857142857142858,3.0098522167487687,1.522167487684729,1.7389162561576355,1.2807881773399015,93
1037287.6748768473,2005.7487684729065,42.70935960591133,2.019704433497537,1.2857142857142858,3.0098522167487687,1.522167487684729,1.7389162561576355,1.2807881773399015,95
1037287.6748768473,2005.7487684729065,42.70935960591133,2.019704433497537,1.2857142857142858,3.0098522167487687,1.522167487684729,1.7389162561576355,1.2807881773399015,138
1037287.6748768473,2005.7487684729065,42.70935960591133,2.019704433497537,1.2857142857142858,3.0098522167487687,1.522167487684729,1.7389162561576355,1.2807881773399015,55
1037287.6748768473,2005.7487684729065,42.70935960591133,2.019704433497537,1.2857142857142858,3.0098522167487687,1.522167487684729,1.7389162561576355,1.2807881773399015,100
1037287.6748768473,2005.7487684729065,42.70935960591133,2.019704433497537,1.2857142857142858,3.0098522167487687,1.522167487684729,1.7389162561576355,1.2807881773399015,106
1037287.6748768473,2005.7487684729065,42.70935960591133,2.019704433497537,1.2857142857142858,3.0098522167487687,1.522167487684729,1.7389162561576355,1.2807881773399015,104
1037287.6748768473,2005.7487684729065,42.70935960591133,2.019704433497537,1.2857142857142858,3.0098522167487687,1.522167487684729,1.7389162561576355,1.2807881773399015,129
1037287.6748768473,2005.7487684729065,42.70935960591133,2.019704433497537,1.2857142857142858,3.0098522167487687,1.522167487684729,1.7389162561576355,1.2807881773399015,121
1037287.6748768473,2005.7487684729065,42.70935960591133,2.019704433497537,1.2857142857142858,3.0098522167487687,1.522167487684729,1.7389162561576355,1.2807881773399015,69
1037287.6748768473,2005.7487684729065,42.70935960591133,2.019704433497537,1.2857142857142858,3.0098522167487687,1.522167487684729,1.7389162561576355,1.2807881773399015,187
1037287.6748768473,2005.7487684729065,42.70935960591133,2.019704433497537,1.2857142857142858,3.0098522167487687,1.522167487684729,1.7389162561576355,1.2807881773399015,88
1037287.6748768473,2005.7487684729065,42.70935960591133,2.019704433497537,1.2857142857142858,3.0098522167487687,1.522167487684729,1.7389162561576355,1.2807881773399015,131
1037287.6748768473,2005.7487684729065,42.70935960591133,2.019704433497537,1.2857142857142858,3.0098522167487687,1.522167487684729,1.7389162561576355,1.2807881773399015,62
1037287.6748768473,2005.7487684729065,42.70935960591133,2.019704433497537,1.2857142857142858,3.0098522167487687,1.522167487684729,1.7389162561576355,1.2807881773399015,65
1037287.6748768473,2005.7487684729065,42.70935960591133,2.019704433497537,1.2857142857142858,3.0098522167487687,1.522167487684729,1.7389162561576355,1.2807881773399015,110
1037287.6748768473,2005.7487684729065,42.70935960591133,2.019704433497537,1.2857142857142858,3.0098522167487687,1.522167487684729,1.7389162561576355,1.2807881773399015,74
1037287.6748768473,2005.7487684729065,42.70935960591133,2.019704433497537,1.2857142857142858,3.0098522167487687,1.522167487684729,1.7389162561576355,1.2807881773399015,81
1037287.6748768473,2005.7487684729065,42.70935960591133,2.019704433497537,1.2857142857142858,3.0098522167487687,1.522167487684729,1.7389162561576355,1.2807881773399015,105
1037287.6748768473,2005.7487684729065,42.70935960591133,2.019704433497537,1.2857142857142858,3.0098522167487687,1.522167487684729,1.7389162561576355,1.2807881773399015,94
1037287.6748768473,2005.7487684729065,42.70935960591133,2.019704433497537,1.2857142857142858,3.0098522167487687,1.522167487684729,1.7389162561576355,1.2807881773399015,148
1037287.6748768473,2005.7487684729065,42.70935960591133,2.019704433497537,1.2857142857142858,3.0098522167487687,1.522167487684729,1.7389162561576355,1.2807881773399015,57
1037287.6748768473,2005.7487684729065,42.70935960591133,2.019704433497537,1.2857142857142858,3.0098522167487687,1.522167487684729,1.7389162561576355,1.2807881773399015,96
1037287.6748768473,2005.7487684729065,42.70935960591133,2.019704433497537,1.2857142857142858,3.0098522167487687,1.522167487684729,1.7389162561576355,1.2807881773399015,114
1037287.6748768473,2005.7487684729065,42.70935960591133,2.019704433497537,1.2857142857142858,3.0098522167487687,1.522167487684729,1.7389162561576355,1.2807881773399015,93
1037287.6748768473,2005.7487684729065,42.70935960591133,2.019704433497537,1.2857142857142858,3.0098522167487687,1.522167487684729,1.7389162561576355,1.2807881773399015,127
1037287.6748768473,2005.7487684729065,42.70935960591133,2.019704433497537,1.2857142857142858,3.0098522167487687,1.522167487684729,1.7389162561576355,1.2807881773399015,155
1037287.6748768473,2005.7487684729065,42.70935960591133,2.019704433497537,1.2857142857142858,3.0098522167487687,1.522167487684729,1.7389162561576355,1.2807881773399015,112
1037287.6748768473,2005.7487684729065,42.70935960591133,2.019704433497537,1.2857142857142858,3.0098522167487687,1.522167487684729,1.7389162561576355,1.2807881773399015,92
1037287.6748768473,2005.7487684729065,42.70935960591133,2.019704433497537,1.2857142857142858,3.0098522167487687,1.522167487684729,1.7389162561576355,1.2807881773399015,75
1037287.6748768473,2005.7487684729065,42.70935960591133,2.019704433497537,1.2857142857142858,3.0098522167487687,1.522167487684729,1.7389162561576355,1.2807881773399015,115
1037287.6748768473,2005.7487684729065,42.70935960591133,2.019704433497537,1.2857142857142858,3.0098522167487687,1.522167487684729,1.7389162561576355,1.2807881773399015,61
1037287.6748768473,2005.7487684729065,42.70935960591133,2.019704433497537,1.2857142857142858,3.0098522167487687,1.522167487684729,1.7389162561576355,1.2807881773399015,142
1037287.6748768473,2005.7487684729065,42.70935960591133,2.019704433497537,1.2857142857142858,3.0098522167487687,1.522167487684729,1.7389162561576355,1.2807881773399015,52
1037287.6748768473,2005.7487684729065,42.70935960591133,2.019704433497537,1.2857142857142858,3.0098522167487687,1.522167487684729,1.7389162561576355,1.2807881773399015,119
1037397.5875,2005.884375,41.6875,2.01875,1.278125,2.953125,1.49375,1.69375,1.275,81
1037397.5875,2005.884375,41.6875,2.01875,1.278125,2.953125,1.49375,1.69375,1.275,119
1037397.5875,2005.884375,41.6875,2.01875,1.278125,2.953125,1.49375,1.69375,1.275,75
1037397.5875,2005.884375,41.6875,2.01875,1.278125,2.953125,1.49375,1.69375,1.275,116
1037397.5875,2005.884375,41.6875,2.01875,1.278125,2.953125,1.49375,1.69375,1.275,70
1037397.5875,2005.884375,41.6875,2.01875,1.278125,2.953125,1.49375,1.69375,1.275,108
1037397.5875,2005.884375,41.6875,2.01875,1.278125,2.953125,1.49375,1.69375,1.275,132
1037397.5875,2005.884375,41.6875,2.01875,1.278125,2.953125,1.49375,1.69375,1.275,129
1037397.5875,2005.884375,41.6875,2.01875,1.278125,2.953125,1.49375,1.69375,1.275,83
1037397.5875,2005.884375,41.6875,2.01875,1.278125,2.953125,1.49375,1.69375,1.275,135
1037397.5875,2005.884375,41.6875,2.01875,1.278125,2.953125,1.49375,1.69375,1.275,90
1037397.5875,2005.884375,41.6875,2.01875,1.278125,2.953125,1.49375,1.69375,1.275,119
1037397.5875,2005.884375,41.6875,2.01875,1.278125,2.953125,1.49375,1.69375,1.275,105
1037397.5875,2005.884375,41.6875,2.01875,1.278125,2.953125,1.49375,1.69375,1.275,96
1037397.5875,2005.884375,41.6875,2.01875,1.278125,2.953125,1.49375,1.69375,1.275,148
1037397.5875,2005.884375,41.6875,2.01875,1.278125,2.953125,1.49375,1.69375,1.275,164
1037397.5875,2005.884375,41.6875,2.01875,1.278125,2.953125,1.49375,1.69375,1.275,133
1037397.5875,2005.884375,41.6875,2.01875,1.278125,2.953125,1.49375,1.69375,1.275,121
1037397.5875,2005.884375,41.6875,2.01875,1.278125,2.953125,1.49375,1.69375,1.275,85
1037397.5875,2005.884375,41.6875,2.01875,1.278125,2.953125,1.49375,1.69375,1.275,114
1037397.5875,2005.884375,41.6875,2.01875,1.278125,2.953125,1.49375,1.69375,1.275,94
1037397.5875,2005.884375,41.6875,2.01875,1.278125,2.953125,1.49375,1.69375,1.275,100
1037397.5875,2005.884375,41.6875,2.01875,1.278125,2.953125,1.49375,1.69375,1.275,125
1037397.5875,2005.884375,41.6875,2.01875,1.278125,2.953125,1.49375,1.69375,1.275,110
1037397.5875,2005.884375,41.6875,2.01875,1.278125,2.953125,1.49375,1.69375,1.275,101
1037397.5875,2005.884375,41.6875,2.01875,1.278125,2.953125,1.49375,1.69375,1.275,127
1037397.5875,2005.884375,41.6875,2.01875,1.278125,2.953125,1.49375,1.69375,1.275,123
1037397.5875,2005.884375,41.6875,2.01875,1.278125,2.953125,1.49375,1.69375,1.275,89
1037397.5875,2005.884375,41.6875,2.01875,1.278125,2.953125,1.49375,1.69375,1.275,88
1037397.5875,2005.884375,41.6875,2.01875,1.278125,2.953125,1.49375,1.69375,1.275,80
1037397.5875,2005.884375,41.6875,2.01875,1.278125,2.953125,1.49375,1.69375,1.275,74
1037397.5875,2005.884375,41.6875,2.01875,1.278125,2.953125,1.49375,1.69375,1.275,97
1037397.5875,2005.884375,41.6875,2.01875,1.278125,2.953125,1.49375,1.69375,1.275,65
1037397.5875,2005.884375,41.6875,2.01875,1.278125,2.953125,1.49375,1.69375,1.275,148
1037397.5875,2005.884375,41.6875,2.01875,1.278125,2.953125,1.49375,1.69375,1.275,84
1037397.5875,2005.884375,41.6875,2.01875,1.278125,2.953125,1.49375,1.69375,1.275,100
1037397.5875,2005.884375,41.6875,2.01875,1.278125,2.953125,1.49375,1.69375,1.275,131
1037397.5875,2005.884375,41.6875,2.01875,1.278125,2.953125,1.49375,1.69375,1.275,126
1037397.5875,2005.884375,41.6875,2.01875,1.278125,2.953125,1.49375,1.69375,1.275,81
1037397.5875,2005.884375,41.6875,2.01875,1.278125,2.953125,1.49375,1.69375,1.275,128
1037397.5875,2005.884375,41.6875,2.01875,1.278125,2.953125,1.49375,1.69375,1.275,142
1037397.5875,2005.884375,41.6875,2.01875,1.278125,2.953125,1.49375,1.69375,1.275,78
1037397.5875,2005.884375,41.6875,2.01875,1.278125,2.953125,1.49375,1.69375,1.275,77
1037397.5875,2005.884375,41.6875,2.01875,1.278125,2.953125,1.49375,1.69375,1.275,95
1037397.5875,2005.884375,41.6875,2.01875,1.278125,2.953125,1.49375,1.69375,1.275,119
1037397.5875,2005.884375,41.6875,2.01875,1.278125,2.953125,1.49375,1.69375,1.275,50
1037397.5875,2005.884375,41.6875,2.01875,1.278125,2.953125,1.49375,1.69375,1.275,74
1037397.5875,2005.884375,41.6875,2.01875,1.278125,2.953125,1.49375,1.69375,1.275,100
1037397.5875,2005.884375,41.6875,2.01875,1.278125,2.953125,1.49375,1.69375,1.275,94
1037397.5875,2005.884375,41.6875,2.01875,1.278125,2.953125,1.49375,1.69375,1.275,118
1037397.5875,2005.884375,41.6875,2.01875,1.278125,2.953125,1.49375,1.69375,1.275,110
1037397.5875,2005.884375,41.6875,2.01875,1.278125,2.953125,1.49375,1.69375,1.275,102
1037397.5875,2005.884375,41.6875,2.01875,1.278125,2.953125,1.49375,1.69375,1.275,106
1037397.5875,2005.884375,41.6875,2.01875,1.278125,2.953125,1.49375,1.69375,1.275,88
1037397.5875,2005.884375,41.6875,2.01875,1.278125,2.953125,1.49375,1.69375,1.275,127
1037397.5875,2005.884375,41.6875,2.01875,1.278125,2.953125,1.49375,1.69375,1.275,72
1037397.5875,2005.884375,41.6875,2.01875,1.278125,2.953125,1.49375,1.69375,1.275,114
1037397.5875,2005.884375,41.6875,2.01875,1.278125,2.953125,1.49375,1.69375,1.275,166
1037397.5875,2005.884375,41.6875,2.01875,1.278125,2.953125,1.49375,1.69375,1.275,113
1037397.5875,2005.884375,41.6875,2.01875,1.278125,2.953125,1.49375,1.69375,1.275,105
1037397.5875,2005.884375,41.6875,2.01875,1.278125,2.953125,1.49375,1.69375,1.275,139
1037397.5875,2005.884375,41.6875,2.01875,1.278125,2.953125,1.49375,1.69375,1.275,100
1037397.5875,2005.884375,41.6875,2.01875,1.278125,2.953125,1.49375,1.69375,1.275,100
1037397.5875,2005.884375,41.6875,2.01875,1.278125,2.953125,1.49375,1.69375,1.275,81
1037397.5875,2005.884375,41.6875,2.01875,1.278125,2.953125,1.49375,1.69375,1.275,93
1037397.5875,2005.884375,41.6875,2.01875,1.278125,2.953125,1.49375,1.69375,1.275,105
1037397.5875,2005.884375,41.6875,2.01875,1.278125,2.953125,1.49375,1.69375,1.275,81
1037397.5875,2005.884375,41.6875,2.01875,1.278125,2.953125,1.49375,1.69375,1.275,119
1037397.5875,2005.884375,41.6875,2.01875,1.278125,2.953125,1.49375,1.69375,1.275,127
1037397.5875,2005.884375,41.6875,2.01875,1.278125,2.953125,1.49375,1.69375,1.275,119
1037397.5875,2005.884375,41.6875,2.01875,1.278125,2.953125,1.49375,1.69375,1.275,89
1037397.5875,2005.884375,41.6875,2.01875,1.278125,2.953125,1.49375,1.69375,1.275,129
1037397.5875,2005.884375,41.6875,2.01875,1.278125,2.953125,1.49375,1.69375,1.275,101
1037397.5875,2005.884375,41.6875,2.01875,1.278125,2.953125,1.49375,1.69375,1.275,145
1037397.5875,2005.884375,41.6875,2.01875,1.278125,2.953125,1.49375,1.69375,1.275,282
1037397.5875,2005.884375,41.6875,2.01875,1.278125,2.953125,1.49375,1.69375,1.275,110
1037397.5875,2005.884375,41.6875,2.01875,1.278125,2.953125,1.49375,1.69375,1.275,152
1037397.5875,2005.884375,41.6875,2.01875,1.278125,2.953125,1.49375,1.69375,1.275,92
1037397.5875,2005.884375,41.6875,2.01875,1.278125,2.953125,1.49375,1.69375,1.275,105
1037397.5875,2005.884375,41.6875,2.01875,1.278125,2.953125,1.49375,1.69375,1.275,106
1037397.5875,2005.884375,41.6875,2.01875,1.278125,2.953125,1.49375,1.69375,1.275,90
1037397.5875,2005.884375,41.6875,2.01875,1.278125,2.953125,1.49375,1.69375,1.275,119
1037397.5875,2005.884375,41.6875,2.01875,1.278125,2.953125,1.49375,1.69375,1.275,95
1037397.5875,2005.884375,41.6875,2.01875,1.278125,2.953125,1.49375,1.69375,1.275,88
1037397.5875,2005.884375,41.6875,2.01875,1.278125,2.953125,1.49375,1.69375,1.275,158
1037397.5875,2005.884375,41.6875,2.01875,1.278125,2.953125,1.49375,1.69375,1.275,123
1037397.5875,2005.884375,41.6875,2.01875,1.278125,2.953125,1.49375,1.69375,1.275,110
1037397.5875,2005.884375,41.6875,2.01875,1.278125,2.953125,1.49375,1.69375,1.275,71
1037397.5875,2005.884375,41.6875,2.01875,1.278125,2.953125,1.49375,1.69375,1.275,142
1037397.5875,2005.884375,41.6875,2.01875,1.278125,2.953125,1.49375,1.69375,1.275,135
1037397.5875,2005.884375,41.6875,2.01875,1.278125,2.953125,1.49375,1.69375,1.275,97
1037397.5875,2005.884375,41.6875,2.01875,1.278125,2.953125,1.49375,1.69375,1.275,88
1037397.5875,2005.884375,41.6875,2.01875,1.278125,2.953125,1.49375,1.69375,1.275,166
1037397.5875,2005.884375,41.6875,2.01875,1.278125,2.953125,1.49375,1.69375,1.275,148
1037397.5875,2005.884375,41.6875,2.01875,1.278125,2.953125,1.49375,1.69375,1.275,70
1037397.5875,2005.884375,41.6875,2.01875,1.278125,2.953125,1.49375,1.69375,1.275,107
1037397.5875,2005.884375,41.6875,2.01875,1.278125,2.953125,1.49375,1.69375,1.275,177
1037397.5875,2005.884375,41.6875,2.01875,1.278125,2.953125,1.49375,1.69375,1.275,77
1037397.5875,2005.884375,41.6875,2.01875,1.278125,2.953125,1.49375,1.69375,1.275,114
1037397.5875,2005.884375,41.6875,2.01875,1.278125,2.953125,1.49375,1.69375,1.275,67
1037397.5875,2005.884375,41.6875,2.01875,1.278125,2.953125,1.49375,1.69375,1.275,127
1037397.5875,2005.884375,41.6875,2.01875,1.278125,2.953125,1.49375,1.69375,1.275,102
1037397.5875,2005.884375,41.6875,2.01875,1.278125,2.953125,1.49375,1.69375,1.275,74
1037397.5875,2005.884375,41.6875,2.01875,1.278125,2.953125,1.49375,1.69375,1.275,121
1037397.5875,2005.884375,41.6875,2.01875,1.278125,2.953125,1.49375,1.69375,1.275,131
1037397.5875,2005.884375,41.6875,2.01875,1.278125,2.953125,1.49375,1.69375,1.275,80
1037397.5875,2005.884375,41.6875,2.01875,1.278125,2.953125,1.49375,1.69375,1.275,148
1037397.5875,2005.884375,41.6875,2.01875,1.278125,2.953125,1.49375,1.69375,1.275,65
1037397.5875,2005.884375,41.6875,2.01875,1.278125,2.953125,1.49375,1.69375,1.275,94
1037397.5875,2005.884375,41.6875,2.01875,1.278125,2.953125,1.49375,1.69375,1.275,78
1037397.5875,2005.884375,41.6875,2.01875,1.278125,2.953125,1.49375,1.69375,1.275,140
1037397.5875,2005.884375,41.6875,2.01875,1.278125,2.953125,1.49375,1.69375,1.275,161
1037397.5875,2005.884375,41.6875,2.01875,1.278125,2.953125,1.49375,1.69375,1.275,108
1037397.5875,2005.884375,41.6875,2.01875,1.278125,2.953125,1.49375,1.69375,1.275,100
1037397.5875,2005.884375,41.6875,2.01875,1.278125,2.953125,1.49375,1.69375,1.275,278
1037397.5875,2005.884375,41.6875,2.01875,1.278125,2.953125,1.49375,1.69375,1.275,99
1037397.5875,2005.884375,41.6875,2.01875,1.278125,2.953125,1.49375,1.69375,1.275,83
1037397.5875,2005.884375,41.6875,2.01875,1.278125,2.953125,1.49375,1.69375,1.275,112
1037397.5875,2005.884375,41.6875,2.01875,1.278125,2.953125,1.49375,1.69375,1.275,72
1037397.5875,2005.884375,41.6875,2.01875,1.278125,2.953125,1.49375,1.69375,1.275,153
1037397.5875,2005.884375,41.6875,2.01875,1.278125,2.953125,1.49375,1.69375,1.275,84
1037397.5875,2005.884375,41.6875,2.01875,1.278125,2.953125,1.49375,1.69375,1.275,94
1037397.5875,2005.884375,41.6875,2.01875,1.278125,2.953125,1.49375,1.69375,1.275,94
1037397.5875,2005.884375,41.6875,2.01875,1.278125,2.953125,1.49375,1.69375,1.275,142
1037397.5875,2005.884375,41.6875,2.01875,1.278125,2.953125,1.49375,1.69375,1.275,268
1037397.5875,2005.884375,41.6875,2.01875,1.278125,2.953125,1.49375,1.69375,1.275,278
1037397.5875,2005.884375,41.6875,2.01875,1.278125,2.953125,1.49375,1.69375,1.275,148
1037397.5875,2005.884375,41.6875,2.01875,1.278125,2.953125,1.49375,1.69375,1.275,148
1037397.5875,2005.884375,41.6875,2.01875,1.278125,2.953125,1.49375,1.69375,1.275,77
1037397.5875,2005.884375,41.6875,2.01875,1.278125,2.953125,1.49375,1.69375,1.275,112
1037397.5875,2005.884375,41.6875,2.01875,1.278125,2.953125,1.49375,1.69375,1.275,272
1037397.5875,2005.884375,41.6875,2.01875,1.278125,2.953125,1.49375,1.69375,1.275,177
1037397.5875,2005.884375,41.6875,2.01875,1.278125,2.953125,1.49375,1.69375,1.275,100
1037397.5875,2005.884375,41.6875,2.01875,1.278125,2.953125,1.49375,1.69375,1.275,161
1037397.5875,2005.884375,41.6875,2.01875,1.278125,2.953125,1.49375,1.69375,1.275,81
1037397.5875,2005.884375,41.6875,2.01875,1.278125,2.953125,1.49375,1.69375,1.275,110
1037397.5875,2005.884375,41.6875,2.01875,1.278125,2.953125,1.49375,1.69375,1.275,143
1037397.5875,2005.884375,41.6875,2.01875,1.278125,2.953125,1.49375,1.69375,1.275,110
1037397.5875,2005.884375,41.6875,2.01875,1.278125,2.953125,1.49375,1.69375,1.275,99
1037397.5875,2005.884375,41.6875,2.01875,1.278125,2.953125,1.49375,1.69375,1.275,138
1037397.5875,2005.884375,41.6875,2.01875,1.278125,2.953125,1.49375,1.69375,1.275,127
1037397.5875,2005.884375,41.6875,2.01875,1.278125,2.953125,1.49375,1.69375,1.275,95
1037397.5875,2005.884375,41.6875,2.01875,1.278125,2.953125,1.49375,1.69375,1.275,145
1037397.5875,2005.884375,41.6875,2.01875,1.278125,2.953125,1.49375,1.69375,1.275,119
1037397.5875,2005.884375,41.6875,2.01875,1.278125,2.953125,1.49375,1.69375,1.275,97
1037397.5875,2005.884375,41.6875,2.01875,1.278125,2.953125,1.49375,1.69375,1.275,80
1037397.5875,2005.884375,41.6875,2.01875,1.278125,2.953125,1.49375,1.69375,1.275,136
1037397.5875,2005.884375,41.6875,2.01875,1.278125,2.953125,1.49375,1.69375,1.275,55
1037397.5875,2005.884375,41.6875,2.01875,1.278125,2.953125,1.49375,1.69375,1.275,129
1037397.5875,2005.884375,41.6875,2.01875,1.278125,2.953125,1.49375,1.69375,1.275,107
1037397.5875,2005.884375,41.6875,2.01875,1.278125,2.953125,1.49375,1.69375,1.275,135
1037397.5875,2005.884375,41.6875,2.01875,1.278125,2.953125,1.49375,1.69375,1.275,88
1037397.5875,2005.884375,41.6875,2.01875,1.278125,2.953125,1.49375,1.69375,1.275,90
1037397.5875,2005.884375,41.6875,2.01875,1.278125,2.953125,1.49375,1.69375,1.275,108
1037397.5875,2005.884375,41.6875,2.01875,1.278125,2.953125,1.49375,1.69375,1.275,119
1037397.5875,2005.884375,41.6875,2.01875,1.278125,2.953125,1.49375,1.69375,1.275,201
1037397.5875,2005.884375,41.6875,2.01875,1.278125,2.953125,1.49375,1.69375,1.275,74
1037397.5875,2005.884375,41.6875,2.01875,1.278125,2.953125,1.49375,1.69375,1.275,114
1037397.5875,2005.884375,41.6875,2.01875,1.278125,2.953125,1.49375,1.69375,1.275,100
1037397.5875,2005.884375,41.6875,2.01875,1.278125,2.953125,1.49375,1.69375,1.275,88
1037397.5875,2005.884375,41.6875,2.01875,1.278125,2.953125,1.49375,1.69375,1.275,100
1037397.5875,2005.884375,41.6875,2.01875,1.278125,2.953125,1.49375,1.69375,1.275,92
1037397.5875,2005.884375,41.6875,2.01875,1.278125,2.953125,1.49375,1.69375,1.275,65
1037397.5875,2005.884375,41.6875,2.01875,1.278125,2.953125,1.49375,1.69375,1.275,105
1037397.5875,2005.884375,41.6875,2.01875,1.278125,2.953125,1.49375,1.69375,1.275,119
1037397.5875,2005.884375,41.6875,2.01875,1.278125,2.953125,1.49375,1.69375,1.275,172
1037397.5875,2005.884375,41.6875,2.01875,1.278125,2.953125,1.49375,1.69375,1.275,81
1037397.5875,2005.884375,41.6875,2.01875,1.278125,2.953125,1.49375,1.69375,1.275,89
1037397.5875,2005.884375,41.6875,2.01875,1.278125,2.953125,1.49375,1.69375,1.275,131
1037397.5875,2005.884375,41.6875,2.01875,1.278125,2.953125,1.49375,1.69375,1.275,93
1037397.5875,2005.884375,41.6875,2.01875,1.278125,2.953125,1.49375,1.69375,1.275,148
1037397.5875,2005.884375,41.6875,2.01875,1.278125,2.953125,1.49375,1.69375,1.275,123
1037397.5875,2005.884375,41.6875,2.01875,1.278125,2.953125,1.49375,1.69375,1.275,182
1037397.5875,2005.884375,41.6875,2.01875,1.278125,2.953125,1.49375,1.69375,1.275,268
1037397.5875,2005.884375,41.6875,2.01875,1.278125,2.953125,1.49375,1.69375,1.275,111
1037397.5875,2005.884375,41.6875,2.01875,1.278125,2.953125,1.49375,1.69375,1.275,69
1037397.5875,2005.884375,41.6875,2.01875,1.278125,2.953125,1.49375,1.69375,1.275,112
1037397.5875,2005.884375,41.6875,2.01875,1.278125,2.953125,1.49375,1.69375,1.275,97
1037397.5875,2005.884375,41.6875,2.01875,1.278125,2.953125,1.49375,1.69375,1.275,110
1037397.5875,2005.884375,41.6875,2.01875,1.278125,2.953125,1.49375,1.69375,1.275,74
1037397.5875,2005.884375,41.6875,2.01875,1.278125,2.953125,1.49375,1.69375,1.275,89
1037397.5875,2005.884375,41.6875,2.01875,1.278125,2.953125,1.49375,1.69375,1.275,104
1037397.5875,2005.884375,41.6875,2.01875,1.278125,2.953125,1.49375,1.69375,1.275,119
1037397.5875,2005.884375,41.6875,2.01875,1.278125,2.953125,1.49375,1.69375,1.275,95
1037397.5875,2005.884375,41.6875,2.01875,1.278125,2.953125,1.49375,1.69375,1.275,177
1037397.5875,2005.884375,41.6875,2.01875,1.278125,2.953125,1.49375,1.69375,1.275,119
1037397.5875,2005.884375,41.6875,2.01875,1.278125,2.953125,1.49375,1.69375,1.275,81
1037397.5875,2005.884375,41.6875,2.01875,1.278125,2.953125,1.49375,1.69375,1.275,124
1037397.5875,2005.884375,41.6875,2.01875,1.278125,2.953125,1.49375,1.69375,1.275,138
1037397.5875,2005.884375,41.6875,2.01875,1.278125,2.953125,1.49375,1.69375,1.275,103
1037397.5875,2005.884375,41.6875,2.01875,1.278125,2.953125,1.49375,1.69375,1.275,110
1037397.5875,2005.884375,41.6875,2.01875,1.278125,2.953125,1.49375,1.69375,1.275,277
1037397.5875,2005.884375,41.6875,2.01875,1.278125,2.953125,1.49375,1.69375,1.275,88
1037397.5875,2005.884375,41.6875,2.01875,1.278125,2.953125,1.49375,1.69375,1.275,76
1037397.5875,2005.884375,41.6875,2.01875,1.278125,2.953125,1.49375,1.69375,1.275,115
1037397.5875,2005.884375,41.6875,2.01875,1.278125,2.953125,1.49375,1.69375,1.275,155
1037397.5875,2005.884375,41.6875,2.01875,1.278125,2.953125,1.49375,1.69375,1.275,92
1037397.5875,2005.884375,41.6875,2.01875,1.278125,2.953125,1.49375,1.69375,1.275,100
1037397.5875,2005.884375,41.6875,2.01875,1.278125,2.953125,1.49375,1.69375,1.275,44
1037397.5875,2005.884375,41.6875,2.01875,1.278125,2.953125,1.49375,1.69375,1.275,68
1037397.5875,2005.884375,41.6875,2.01875,1.278125,2.953125,1.49375,1.69375,1.275,135
1037397.5875,2005.884375,41.6875,2.01875,1.278125,2.953125,1.49375,1.69375,1.275,142
1037397.5875,2005.884375,41.6875,2.01875,1.278125,2.953125,1.49375,1.69375,1.275,117
1037397.5875,2005.884375,41.6875,2.01875,1.278125,2.953125,1.49375,1.69375,1.275,65
1037397.5875,2005.884375,41.6875,2.01875,1.278125,2.953125,1.49375,1.69375,1.275,127
1037397.5875,2005.884375,41.6875,2.01875,1.278125,2.953125,1.49375,1.69375,1.275,66
1037397.5875,2005.884375,41.6875,2.01875,1.278125,2.953125,1.49375,1.69375,1.275,148
1037397.5875,2005.884375,41.6875,2.01875,1.278125,2.953125,1.49375,1.69375,1.275,83
1037397.5875,2005.884375,41.6875,2.01875,1.278125,2.953125,1.49375,1.69375,1.275,102
1037397.5875,2005.884375,41.6875,2.01875,1.278125,2.953125,1.49375,1.69375,1.275,161
1037397.5875,2005.884375,41.6875,2.01875,1.278125,2.953125,1.49375,1.69375,1.275,94
1037397.5875,2005.884375,41.6875,2.01875,1.278125,2.953125,1.49375,1.69375,1.275,105
1037397.5875,2005.884375,41.6875,2.01875,1.278125,2.953125,1.49375,1.69375,1.275,119
1037397.5875,2005.884375,41.6875,2.01875,1.278125,2.953125,1.49375,1.69375,1.275,201
1037397.5875,2005.884375,41.6875,2.01875,1.278125,2.953125,1.49375,1.69375,1.275,85
1037397.5875,2005.884375,41.6875,2.01875,1.278125,2.953125,1.49375,1.69375,1.275,131
1037397.5875,2005.884375,41.6875,2.01875,1.278125,2.953125,1.49375,1.69375,1.275,81
1037397.5875,2005.884375,41.6875,2.01875,1.278125,2.953125,1.49375,1.69375,1.275,94
1037397.5875,2005.884375,41.6875,2.01875,1.278125,2.953125,1.49375,1.69375,1.275,88
1037397.5875,2005.884375,41.6875,2.01875,1.278125,2.953125,1.49375,1.69375,1.275,137
1037397.5875,2005.884375,41.6875,2.01875,1.278125,2.953125,1.49375,1.69375,1.275,75
1037397.5875,2005.884375,41.6875,2.01875,1.278125,2.953125,1.49375,1.69375,1.275,55
1037397.5875,2005.884375,41.6875,2.01875,1.278125,2.953125,1.49375,1.69375,1.275,100
1037397.5875,2005.884375,41.6875,2.01875,1.278125,2.953125,1.49375,1.69375,1.275,114
1037397.5875,2005.884375,41.6875,2.01875,1.278125,2.953125,1.49375,1.69375,1.275,93
1037397.5875,2005.884375,41.6875,2.01875,1.278125,2.953125,1.49375,1.69375,1.275,75
1037397.5875,2005.884375,41.6875,2.01875,1.278125,2.953125,1.49375,1.69375,1.275,115
1037397.5875,2005.884375,41.6875,2.01875,1.278125,2.953125,1.49375,1.69375,1.275,88
1037397.5875,2005.884375,41.6875,2.01875,1.278125,2.953125,1.49375,1.69375,1.275,100
1037397.5875,2005.884375,41.6875,2.01875,1.278125,2.953125,1.49375,1.69375,1.275,57
1037397.5875,2005.884375,41.6875,2.01875,1.278125,2.953125,1.49375,1.69375,1.275,123
1037397.5875,2005.884375,41.6875,2.01875,1.278125,2.953125,1.49375,1.69375,1.275,109
1037397.5875,2005.884375,41.6875,2.01875,1.278125,2.953125,1.49375,1.69375,1.275,131
1037397.5875,2005.884375,41.6875,2.01875,1.278125,2.953125,1.49375,1.69375,1.275,81
1037397.5875,2005.884375,41.6875,2.01875,1.278125,2.953125,1.49375,1.69375,1.275,138
1037397.5875,2005.884375,41.6875,2.01875,1.278125,2.953125,1.49375,1.69375,1.275,88
1037397.5875,2005.884375,41.6875,2.01875,1.278125,2.953125,1.49375,1.69375,1.275,155
1037397.5875,2005.884375,41.6875,2.01875,1.278125,2.953125,1.49375,1.69375,1.275,59
1037397.5875,2005.884375,41.6875,2.01875,1.278125,2.953125,1.49375,1.69375,1.275,81
1037397.5875,2005.884375,41.6875,2.01875,1.278125,2.953125,1.49375,1.69375,1.275,88
1037397.5875,2005.884375,41.6875,2.01875,1.278125,2.953125,1.49375,1.69375,1.275,74
1037397.5875,2005.884375,41.6875,2.01875,1.278125,2.953125,1.49375,1.69375,1.275,110
1037397.5875,2005.884375,41.6875,2.01875,1.278125,2.953125,1.49375,1.69375,1.275,94
1037397.5875,2005.884375,41.6875,2.01875,1.278125,2.953125,1.49375,1.69375,1.275,105
1037397.5875,2005.884375,41.6875,2.01875,1.278125,2.953125,1.49375,1.69375,1.275,114
1037397.5875,2005.884375,41.6875,2.01875,1.278125,2.953125,1.49375,1.69375,1.275,62
1037397.5875,2005.884375,41.6875,2.01875,1.278125,2.953125,1.49375,1.69375,1.275,177
1037397.5875,2005.884375,41.6875,2.01875,1.278125,2.953125,1.49375,1.69375,1.275,94
1037397.5875,2005.884375,41.6875,2.01875,1.278125,2.953125,1.49375,1.69375,1.275,55
1037397.5875,2005.884375,41.6875,2.01875,1.278125,2.953125,1.49375,1.69375,1.275,100
1037397.5875,2005.884375,41.6875,2.01875,1.278125,2.953125,1.49375,1.69375,1.275,85
1037397.5875,2005.884375,41.6875,2.01875,1.278125,2.953125,1.49375,1.69375,1.275,127
1037397.5875,2005.884375,41.6875,2.01875,1.278125,2.953125,1.49375,1.69375,1.275,102
1037397.5875,2005.884375,41.6875,2.01875,1.278125,2.953125,1.49375,1.69375,1.275,119
1037397.5875,2005.884375,41.6875,2.01875,1.278125,2.953125,1.49375,1.69375,1.275,129
1037397.5875,2005.884375,41.6875,2.01875,1.278125,2.953125,1.49375,1.69375,1.275,114
1037397.5875,2005.884375,41.6875,2.01875,1.278125,2.953125,1.49375,1.69375,1.275,104
1037397.5875,2005.884375,41.6875,2.01875,1.278125,2.953125,1.49375,1.69375,1.275,103
1037397.5875,2005.884375,41.6875,2.01875,1.278125,2.953125,1.49375,1.69375,1.275,119
1037397.5875,2005.884375,41.6875,2.01875,1.278125,2.953125,1.49375,1.69375,1.275,135
1037397.5875,2005.884375,41.6875,2.01875,1.278125,2.953125,1.49375,1.69375,1.275,83
1037397.5875,2005.884375,41.6875,2.01875,1.278125,2.953125,1.49375,1.69375,1.275,112
1037397.5875,2005.884375,41.6875,2.01875,1.278125,2.953125,1.49375,1.69375,1.275,110
1037397.5875,2005.884375,41.6875,2.01875,1.278125,2.953125,1.49375,1.69375,1.275,117
1037397.5875,2005.884375,41.6875,2.01875,1.278125,2.953125,1.49375,1.69375,1.275,74
1037397.5875,2005.884375,41.6875,2.01875,1.278125,2.953125,1.49375,1.69375,1.275,69
1037397.5875,2005.884375,41.6875,2.01875,1.278125,2.953125,1.49375,1.69375,1.275,148
1037397.5875,2005.884375,41.6875,2.01875,1.278125,2.953125,1.49375,1.69375,1.275,87
1037397.5875,2005.884375,41.6875,2.01875,1.278125,2.953125,1.49375,1.69375,1.275,70
1037397.5875,2005.884375,41.6875,2.01875,1.278125,2.953125,1.49375,1.69375,1.275,66
1037397.5875,2005.884375,41.6875,2.01875,1.278125,2.953125,1.49375,1.69375,1.275,61
1037397.5875,2005.884375,41.6875,2.01875,1.278125,2.953125,1.49375,1.69375,1.275,161
1037397.5875,2005.884375,41.6875,2.01875,1.278125,2.953125,1.49375,1.69375,1.275,114
1037397.5875,2005.884375,41.6875,2.01875,1.278125,2.953125,1.49375,1.69375,1.275,119
1037397.5875,2005.884375,41.6875,2.01875,1.278125,2.953125,1.49375,1.69375,1.275,103
1037397.5875,2005.884375,41.6875,2.01875,1.278125,2.953125,1.49375,1.69375,1.275,123
1037397.5875,2005.884375,41.6875,2.01875,1.278125,2.953125,1.49375,1.69375,1.275,94
1037397.5875,2005.884375,41.6875,2.01875,1.278125,2.953125,1.49375,1.69375,1.275,131
1037397.5875,2005.884375,41.6875,2.01875,1.278125,2.953125,1.49375,1.69375,1.275,65
1037397.5875,2005.884375,41.6875,2.01875,1.278125,2.953125,1.49375,1.69375,1.275,129
1037397.5875,2005.884375,41.6875,2.01875,1.278125,2.953125,1.49375,1.69375,1.275,148
1037397.5875,2005.884375,41.6875,2.01875,1.278125,2.953125,1.49375,1.69375,1.275,121
1037397.5875,2005.884375,41.6875,2.01875,1.278125,2.953125,1.49375,1.69375,1.275,96
1037397.5875,2005.884375,41.6875,2.01875,1.278125,2.953125,1.49375,1.69375,1.275,75
1037397.5875,2005.884375,41.6875,2.01875,1.278125,2.953125,1.49375,1.69375,1.275,135
1037397.5875,2005.884375,41.6875,2.01875,1.278125,2.953125,1.49375,1.69375,1.275,132
1037397.5875,2005.884375,41.6875,2.01875,1.278125,2.953125,1.49375,1.69375,1.275,77
1037397.5875,2005.884375,41.6875,2.01875,1.278125,2.953125,1.49375,1.69375,1.275,80
1037397.5875,2005.884375,41.6875,2.01875,1.278125,2.953125,1.49375,1.69375,1.275,83
1037397.5875,2005.884375,41.6875,2.01875,1.278125,2.953125,1.49375,1.69375,1.275,70
1037397.5875,2005.884375,41.6875,2.01875,1.278125,2.953125,1.49375,1.69375,1.275,100
1037397.5875,2005.884375,41.6875,2.01875,1.278125,2.953125,1.49375,1.69375,1.275,144
1037397.5875,2005.884375,41.6875,2.01875,1.278125,2.953125,1.49375,1.69375,1.275,74
1037397.5875,2005.884375,41.6875,2.01875,1.278125,2.953125,1.49375,1.69375,1.275,94
1037397.5875,2005.884375,41.6875,2.01875,1.278125,2.953125,1.49375,1.69375,1.275,90
1037397.5875,2005.884375,41.6875,2.01875,1.278125,2.953125,1.49375,1.69375,1.275,105
1037397.5875,2005.884375,41.6875,2.01875,1.278125,2.953125,1.49375,1.69375,1.275,126
1037397.5875,2005.884375,41.6875,2.01875,1.278125,2.953125,1.49375,1.69375,1.275,105
1037397.5875,2005.884375,41.6875,2.01875,1.278125,2.953125,1.49375,1.69375,1.275,74
1037397.5875,2005.884375,41.6875,2.01875,1.278125,2.953125,1.49375,1.69375,1.275,85
1037397.5875,2005.884375,41.6875,2.01875,1.278125,2.953125,1.49375,1.69375,1.275,84
1037397.5875,2005.884375,41.6875,2.01875,1.278125,2.953125,1.49375,1.69375,1.275,106
1037397.5875,2005.884375,41.6875,2.01875,1.278125,2.953125,1.49375,1.69375,1.275,100
1037397.5875,2005.884375,41.6875,2.01875,1.278125,2.953125,1.49375,1.69375,1.275,63
1037397.5875,2005.884375,41.6875,2.01875,1.278125,2.953125,1.49375,1.69375,1.275,59
1037397.5875,2005.884375,41.6875,2.01875,1.278125,2.953125,1.49375,1.69375,1.275,119
1037397.5875,2005.884375,41.6875,2.01875,1.278125,2.953125,1.49375,1.69375,1.275,110
1037397.5875,2005.884375,41.6875,2.01875,1.278125,2.953125,1.49375,1.69375,1.275,102
1037397.5875,2005.884375,41.6875,2.01875,1.278125,2.953125,1.49375,1.69375,1.275,81
1037397.5875,2005.884375,41.6875,2.01875,1.278125,2.953125,1.49375,1.69375,1.275,88
1037397.5875,2005.884375,41.6875,2.01875,1.278125,2.953125,1.49375,1.69375,1.275,109
1037397.5875,2005.884375,41.6875,2.01875,1.278125,2.953125,1.49375,1.69375,1.275,127
1037397.5875,2005.884375,41.6875,2.01875,1.278125,2.953125,1.49375,1.69375,1.275,110
1037397.5875,2005.884375,41.6875,2.01875,1.278125,2.953125,1.49375,1.69375,1.275,88
1037397.5875,2005.884375,41.6875,2.01875,1.278125,2.953125,1.49375,1.69375,1.275,117
1037397.5875,2005.884375,41.6875,2.01875,1.278125,2.953125,1.49375,1.69375,1.275,81
1037397.5875,2005.884375,41.6875,2.01875,1.278125,2.953125,1.49375,1.69375,1.275,133
1037397.5875,2005.884375,41.6875,2.01875,1.278125,2.953125,1.49375,1.69375,1.275,87
1037397.5875,2005.884375,41.6875,2.01875,1.278125,2.953125,1.49375,1.69375,1.275,88
1037397.5875,2005.884375,41.6875,2.01875,1.278125,2.953125,1.49375,1.69375,1.275,114
