937282.783171521,2005.7411003236246,42.80906148867314,2.0,1.2362459546925566,2.9644012944983817,1.4919093851132685,1.7249190938511327,1.3203883495145632,69
937282.783171521,2005.7411003236246,42.80906148867314,2.0,1.2362459546925566,2.9644012944983817,1.4919093851132685,1.7249190938511327,1.3203883495145632,87
937282.783171521,2005.7411003236246,42.80906148867314,2.0,1.2362459546925566,2.9644012944983817,1.4919093851132685,1.7249190938511327,1.3203883495145632,143
937282.783171521,2005.7411003236246,42.80906148867314,2.0,1.2362459546925566,2.9644012944983817,1.4919093851132685,1.7249190938511327,1.3203883495145632,88
937282.783171521,2005.7411003236246,42.80906148867314,2.0,1.2362459546925566,2.9644012944983817,1.4919093851132685,1.7249190938511327,1.3203883495145632,97
937282.783171521,2005.7411003236246,42.80906148867314,2.0,1.2362459546925566,2.9644012944983817,1.4919093851132685,1.7249190938511327,1.3203883495145632,114
937282.783171521,2005.7411003236246,42.80906148867314,2.0,1.2362459546925566,2.9644012944983817,1.4919093851132685,1.7249190938511327,1.3203883495145632,80
937282.783171521,2005.7411003236246,42.80906148867314,2.0,1.2362459546925566,2.9644012944983817,1.4919093851132685,1.7249190938511327,1.3203883495145632,100
937282.783171521,2005.7411003236246,42.80906148867314,2.0,1.2362459546925566,2.9644012944983817,1.4919093851132685,1.7249190938511327,1.3203883495145632,90
937282.783171521,2005.7411003236246,42.80906148867314,2.0,1.2362459546925566,2.9644012944983817,1.4919093851132685,1.7249190938511327,1.3203883495145632,119
937282.783171521,2005.7411003236246,42.80906148867314,2.0,1.2362459546925566,2.9644012944983817,1.4919093851132685,1.7249190938511327,1.3203883495145632,177
937282.783171521,2005.7411003236246,42.80906148867314,2.0,1.2362459546925566,2.9644012944983817,1.4919093851132685,1.7249190938511327,1.3203883495145632,104
937282.783171521,2005.7411003236246,42.80906148867314,2.0,1.2362459546925566,2.9644012944983817,1.4919093851132685,1.7249190938511327,1.3203883495145632,93
937282.783171521,2005.7411003236246,42.80906148867314,2.0,1.2362459546925566,2.9644012944983817,1.4919093851132685,1.7249190938511327,1.3203883495145632,109
937282.783171521,2005.7411003236246,42.80906148867314,2.0,1.2362459546925566,2.9644012944983817,1.4919093851132685,1.7249190938511327,1.3203883495145632,108
937282.783171521,2005.7411003236246,42.80906148867314,2.0,1.2362459546925566,2.9644012944983817,1.4919093851132685,1.7249190938511327,1.3203883495145632,94
937282.783171521,2005.7411003236246,42.80906148867314,2.0,1.2362459546925566,2.9644012944983817,1.4919093851132685,1.7249190938511327,1.3203883495145632,136
937282.783171521,2005.7411003236246,42.80906148867314,2.0,1.2362459546925566,2.9644012944983817,1.4919093851132685,1.7249190938511327,1.3203883495145632,148
937282.783171521,2005.7411003236246,42.80906148867314,2.0,1.2362459546925566,2.9644012944983817,1.4919093851132685,1.7249190938511327,1.3203883495145632,135
937282.783171521,2005.7411003236246,42.80906148867314,2.0,1.2362459546925566,2.9644012944983817,1.4919093851132685,1.7249190938511327,1.3203883495145632,123
937282.783171521,2005.7411003236246,42.80906148867314,2.0,1.2362459546925566,2.9644012944983817,1.4919093851132685,1.7249190938511327,1.3203883495145632,119
937282.783171521,2005.7411003236246,42.80906148867314,2.0,1.2362459546925566,2.9644012944983817,1.4919093851132685,1.7249190938511327,1.3203883495145632,110
937282.783171521,2005.7411003236246,42.80906148867314,2.0,1.2362459546925566,2.9644012944983817,1.4919093851132685,1.7249190938511327,1.3203883495145632,129
937282.783171521,2005.7411003236246,42.80906148867314,2.0,1.2362459546925566,2.9644012944983817,1.4919093851132685,1.7249190938511327,1.3203883495145632,115
937282.783171521,2005.7411003236246,42.80906148867314,2.0,1.2362459546925566,2.9644012944983817,1.4919093851132685,1.7249190938511327,1.3203883495145632,172
937282.783171521,2005.7411003236246,42.80906148867314,2.0,1.2362459546925566,2.9644012944983817,1.4919093851132685,1.7249190938511327,1.3203883495145632,155
937282.783171521,2005.7411003236246,42.80906148867314,2.0,1.2362459546925566,2.9644012944983817,1.4919093851132685,1.7249190938511327,1.3203883495145632,71
937282.783171521,2005.7411003236246,42.80906148867314,2.0,1.2362459546925566,2.9644012944983817,1.4919093851132685,1.7249190938511327,1.3203883495145632,127
937282.783171521,2005.7411003236246,42.80906148867314,2.0,1.2362459546925566,2.9644012944983817,1.4919093851132685,1.7249190938511327,1.3203883495145632,105
937282.783171521,2005.7411003236246,42.80906148867314,2.0,1.2362459546925566,2.9644012944983817,1.4919093851132685,1.7249190938511327,1.3203883495145632,110
937282.783171521,2005.7411003236246,42.80906148867314,2.0,1.2362459546925566,2.9644012944983817,1.4919093851132685,1.7249190938511327,1.3203883495145632,92
937282.783171521,2005.7411003236246,42.80906148867314,2.0,1.2362459546925566,2.9644012944983817,1.4919093851132685,1.7249190938511327,1.3203883495145632,84
937282.783171521,2005.7411003236246,42.80906148867314,2.0,1.2362459546925566,2.9644012944983817,1.4919093851132685,1.7249190938511327,1.3203883495145632,95
937282.783171521,2005.7411003236246,42.80906148867314,2.0,1.2362459546925566,2.9644012944983817,1.4919093851132685,1.7249190938511327,1.3203883495145632,77
937282.783171521,2005.7411003236246,42.80906148867314,2.0,1.2362459546925566,2.9644012944983817,1.4919093851132685,1.7249190938511327,1.3203883495145632,119
937282.783171521,2005.7411003236246,42.80906148867314,2.0,1.2362459546925566,2.9644012944983817,1.4919093851132685,1.7249190938511327,1.3203883495145632,74
937282.783171521,2005.7411003236246,42.80906148867314,2.0,1.2362459546925566,2.9644012944983817,1.4919093851132685,1.7249190938511327,1.3203883495145632,148
937282.783171521,2005.7411003236246,42.80906148867314,2.0,1.2362459546925566,2.9644012944983817,1.4919093851132685,1.7249190938511327,1.3203883495145632,131
937282.783171521,2005.7411003236246,42.80906148867314,2.0,1.2362459546925566,2.9644012944983817,1.4919093851132685,1.7249190938511327,1.3203883495145632,272
937282.783171521,2005.7411003236246,42.80906148867314,2.0,1.2362459546925566,2.9644012944983817,1.4919093851132685,1.7249190938511327,1.3203883495145632,105
937282.783171521,2005.7411003236246,42.80906148867314,2.0,1.2362459546925566,2.9644012944983817,1.4919093851132685,1.7249190938511327,1.3203883495145632,100
937282.783171521,2005.7411003236246,42.80906148867314,2.0,1.2362459546925566,2.9644012944983817,1.4919093851132685,1.7249190938511327,1.3203883495145632,102
937282.783171521,2005.7411003236246,42.80906148867314,2.0,1.2362459546925566,2.9644012944983817,1.4919093851132685,1.7249190938511327,1.3203883495145632,59
937282.783171521,2005.7411003236246,42.80906148867314,2.0,1.2362459546925566,2.9644012944983817,1.4919093851132685,1.7249190938511327,1.3203883495145632,89
937282.783171521,2005.7411003236246,42.80906148867314,2.0,1.2362459546925566,2.9644012944983817,1.4919093851132685,1.7249190938511327,1.3203883495145632,88
937282.783171521,2005.7411003236246,42.80906148867314,2.0,1.2362459546925566,2.9644012944983817,1.4919093851132685,1.7249190938511327,1.3203883495145632,112
937282.783171521,2005.7411003236246,42.80906148867314,2.0,1.2362459546925566,2.9644012944983817,1.4919093851132685,1.7249190938511327,1.3203883495145632,100
937282.783171521,2005.7411003236246,42.80906148867314,2.0,1.2362459546925566,2.9644012944983817,1.4919093851132685,1.7249190938511327,1.3203883495145632,114
937282.783171521,2005.7411003236246,42.80906148867314,2.0,1.2362459546925566,2.9644012944983817,1.4919093851132685,1.7249190938511327,1.3203883495145632,88
937282.783171521,2005.7411003236246,42.80906148867314,2.0,1.2362459546925566,2.9644012944983817,1.4919093851132685,1.7249190938511327,1.3203883495145632,67
937282.783171521,2005.7411003236246,42.80906148867314,2.0,1.2362459546925566,2.9644012944983817,1.4919093851132685,1.7249190938511327,1.3203883495145632,161
937282.783171521,2005.7411003236246,42.80906148867314,2.0,1.2362459546925566,2.9644012944983817,1.4919093851132685,1.7249190938511327,1.3203883495145632,81
937282.783171521,2005.7411003236246,42.80906148867314,2.0,1.2362459546925566,2.9644012944983817,1.4919093851132685,1.7249190938511327,1.3203883495145632,83
937282.783171521,2005.7411003236246,42.80906148867314,2.0,1.2362459546925566,2.9644012944983817,1.4919093851132685,1.7249190938511327,1.3203883495145632,140
937282.783171521,2005.7411003236246,42.80906148867314,2.0,1.2362459546925566,2.9644012944983817,1.4919093851132685,1.7249190938511327,1.3203883495145632,85
937282.783171521,2005.7411003236246,42.80906148867314,2.0,1.2362459546925566,2.9644012944983817,1.4919093851132685,1.7249190938511327,1.3203883495145632,81
937282.783171521,2005.7411003236246,42.80906148867314,2.0,1.2362459546925566,2.9644012944983817,1.4919093851132685,1.7249190938511327,1.3203883495145632,132
937282.783171521,2005.7411003236246,42.80906148867314,2.0,1.2362459546925566,2.9644012944983817,1.4919093851132685,1.7249190938511327,1.3203883495145632,114
937282.783171521,2005.7411003236246,42.80906148867314,2.0,1.2362459546925566,2.9644012944983817,1.4919093851132685,1.7249190938511327,1.3203883495145632,123
937282.783171521,2005.7411003236246,42.80906148867314,2.0,1.2362459546925566,2.9644012944983817,1.4919093851132685,1.7249190938511327,1.3203883495145632,177
937282.783171521,2005.7411003236246,42.80906148867314,2.0,1.2362459546925566,2.9644012944983817,1.4919093851132685,1.7249190938511327,1.3203883495145632,148
937282.783171521,2005.7411003236246,42.80906148867314,2.0,1.2362459546925566,2.9644012944983817,1.4919093851132685,1.7249190938511327,1.3203883495145632,109
937282.783171521,2005.7411003236246,42.80906148867314,2.0,1.2362459546925566,2.9644012944983817,1.4919093851132685,1.7249190938511327,1.3203883495145632,74
937282.783171521,2005.7411003236246,42.80906148867314,2.0,1.2362459546925566,2.9644012944983817,1.4919093851132685,1.7249190938511327,1.3203883495145632,59
937282.783171521,2005.7411003236246,42.80906148867314,2.0,1.2362459546925566,2.9644012944983817,1.4919093851132685,1.7249190938511327,1.3203883495145632,124
937282.783171521,2005.7411003236246,42.80906148867314,2.0,1.2362459546925566,2.9644012944983817,1.4919093851132685,1.7249190938511327,1.3203883495145632,83
937282.783171521,2005.7411003236246,42.80906148867314,2.0,1.2362459546925566,2.9644012944983817,1.4919093851132685,1.7249190938511327,1.3203883495145632,85
937282.783171521,2005.7411003236246,42.80906148867314,2.0,1.2362459546925566,2.9644012944983817,1.4919093851132685,1.7249190938511327,1.3203883495145632,68
937282.783171521,2005.7411003236246,42.80906148867314,2.0,1.2362459546925566,2.9644012944983817,1.4919093851132685,1.7249190938511327,1.3203883495145632,65
937282.783171521,2005.7411003236246,42.80906148867314,2.0,1.2362459546925566,2.9644012944983817,1.4919093851132685,1.7249190938511327,1.3203883495145632,88
937282.783171521,2005.7411003236246,42.80906148867314,2.0,1.2362459546925566,2.9644012944983817,1.4919093851132685,1.7249190938511327,1.3203883495145632,81
937282.783171521,2005.7411003236246,42.80906148867314,2.0,1.2362459546925566,2.9644012944983817,1.4919093851132685,1.7249190938511327,1.3203883495145632,131
937282.783171521,2005.7411003236246,42.80906148867314,2.0,1.2362459546925566,2.9644012944983817,1.4919093851132685,1.7249190938511327,1.3203883495145632,111
937282.783171521,2005.7411003236246,42.80906148867314,2.0,1.2362459546925566,2.9644012944983817,1.4919093851132685,1.7249190938511327,1.3203883495145632,89
937282.783171521,2005.7411003236246,42.80906148867314,2.0,1.2362459546925566,2.9644012944983817,1.4919093851132685,1.7249190938511327,1.3203883495145632,112
937282.783171521,2005.7411003236246,42.80906148867314,2.0,1.2362459546925566,2.9644012944983817,1.4919093851132685,1.7249190938511327,1.3203883495145632,100
937282.783171521,2005.7411003236246,42.80906148867314,2.0,1.2362459546925566,2.9644012944983817,1.4919093851132685,1.7249190938511327,1.3203883495145632,127
937282.783171521,2005.7411003236246,42.80906148867314,2.0,1.2362459546925566,2.9644012944983817,1.4919093851132685,1.7249190938511327,1.3203883495145632,148
937282.783171521,2005.7411003236246,42.80906148867314,2.0,1.2362459546925566,2.9644012944983817,1.4919093851132685,1.7249190938511327,1.3203883495145632,126
937282.783171521,2005.7411003236246,42.80906148867314,2.0,1.2362459546925566,2.9644012944983817,1.4919093851132685,1.7249190938511327,1.3203883495145632,84
937282.783171521,2005.7411003236246,42.80906148867314,2.0,1.2362459546925566,2.9644012944983817,1.4919093851132685,1.7249190938511327,1.3203883495145632,100
937282.783171521,2005.7411003236246,42.80906148867314,2.0,1.2362459546925566,2.9644012944983817,1.4919093851132685,1.7249190938511327,1.3203883495145632,135
937282.783171521,2005.7411003236246,42.80906148867314,2.0,1.2362459546925566,2.9644012944983817,1.4919093851132685,1.7249190938511327,1.3203883495145632,88
937282.783171521,2005.7411003236246,42.80906148867314,2.0,1.2362459546925566,2.9644012944983817,1.4919093851132685,1.7249190938511327,1.3203883495145632,102
937282.783171521,2005.7411003236246,42.80906148867314,2.0,1.2362459546925566,2.9644012944983817,1.4919093851132685,1.7249190938511327,1.3203883495145632,44
937282.783171521,2005.7411003236246,42.80906148867314,2.0,1.2362459546925566,2.9644012944983817,1.4919093851132685,1.7249190938511327,1.3203883495145632,96
937282.783171521,2005.7411003236246,42.80906148867314,2.0,1.2362459546925566,2.9644012944983817,1.4919093851132685,1.7249190938511327,1.3203883495145632,81
937282.783171521,2005.7411003236246,42.80906148867314,2.0,1.2362459546925566,2.9644012944983817,1.4919093851132685,1.7249190938511327,1.3203883495145632,74
937282.783171521,2005.7411003236246,42.80906148867314,2.0,1.2362459546925566,2.9644012944983817,1.4919093851132685,1.7249190938511327,1.3203883495145632,76
937282.783171521,2005.7411003236246,42.80906148867314,2.0,1.2362459546925566,2.9644012944983817,1.4919093851132685,1.7249190938511327,1.3203883495145632,182
937282.783171521,2005.7411003236246,42.80906148867314,2.0,1.2362459546925566,2.9644012944983817,1.4919093851132685,1.7249190938511327,1.3203883495145632,97
937282.783171521,2005.7411003236246,42.80906148867314,2.0,1.2362459546925566,2.9644012944983817,1.4919093851132685,1.7249190938511327,1.3203883495145632,119
937282.783171521,2005.7411003236246,42.80906148867314,2.0,1.2362459546925566,2.9644012944983817,1.4919093851132685,1.7249190938511327,1.3203883495145632,87
937282.783171521,2005.7411003236246,42.80906148867314,2.0,1.2362459546925566,2.9644012944983817,1.4919093851132685,1.7249190938511327,1.3203883495145632,108
937282.783171521,2005.7411003236246,42.80906148867314,2.0,1.2362459546925566,2.9644012944983817,1.4919093851132685,1.7249190938511327,1.3203883495145632,277
937282.783171521,2005.7411003236246,42.80906148867314,2.0,1.2362459546925566,2.9644012944983817,1.4919093851132685,1.7249190938511327,1.3203883495145632,110
937282.783171521,2005.7411003236246,42.80906148867314,2.0,1.2362459546925566,2.9644012944983817,1.4919093851132685,1.7249190938511327,1.3203883495145632,105
937282.783171521,2005.7411003236246,42.80906148867314,2.0,1.2362459546925566,2.9644012944983817,1.4919093851132685,1.7249190938511327,1.3203883495145632,75
937282.783171521,2005.7411003236246,42.80906148867314,2.0,1.2362459546925566,2.9644012944983817,1.4919093851132685,1.7249190938511327,1.3203883495145632,129
937282.783171521,2005.7411003236246,42.80906148867314,2.0,1.2362459546925566,2.9644012944983817,1.4919093851132685,1.7249190938511327,1.3203883495145632,95
937282.783171521,2005.7411003236246,42.80906148867314,2.0,1.2362459546925566,2.9644012944983817,1.4919093851132685,1.7249190938511327,1.3203883495145632,94
937282.783171521,2005.7411003236246,42.80906148867314,2.0,1.2362459546925566,2.9644012944983817,1.4919093851132685,1.7249190938511327,1.3203883495145632,161
937282.783171521,2005.7411003236246,42.80906148867314,2.0,1.2362459546925566,2.9644012944983817,1.4919093851132685,1.7249190938511327,1.3203883495145632,110
937282.783171521,2005.7411003236246,42.80906148867314,2.0,1.2362459546925566,2.9644012944983817,1.4919093851132685,1.7249190938511327,1.3203883495145632,88
937282.783171521,2005.7411003236246,42.80906148867314,2.0,1.2362459546925566,2.9644012944983817,1.4919093851132685,1.7249190938511327,1.3203883495145632,105
937282.783171521,2005.7411003236246,42.80906148867314,2.0,1.2362459546925566,2.9644012944983817,1.4919093851132685,1.7249190938511327,1.3203883495145632,137
937282.783171521,2005.7411003236246,42.80906148867314,2.0,1.2362459546925566,2.9644012944983817,1.4919093851132685,1.7249190938511327,1.3203883495145632,100
937282.783171521,2005.7411003236246,42.80906148867314,2.0,1.2362459546925566,2.9644012944983817,1.4919093851132685,1.7249190938511327,1.3203883495145632,119
937282.783171521,2005.7411003236246,42.80906148867314,2.0,1.2362459546925566,2.9644012944983817,1.4919093851132685,1.7249190938511327,1.3203883495145632,133
937282.783171521,2005.7411003236246,42.80906148867314,2.0,1.2362459546925566,2.9644012944983817,1.4919093851132685,1.7249190938511327,1.3203883495145632,75
937282.783171521,2005.7411003236246,42.80906148867314,2.0,1.2362459546925566,2.9644012944983817,1.4919093851132685,1.7249190938511327,1.3203883495145632,88
937282.783171521,2005.7411003236246,42.80906148867314,2.0,1.2362459546925566,2.9644012944983817,1.4919093851132685,1.7249190938511327,1.3203883495145632,70
937282.783171521,2005.7411003236246,42.80906148867314,2.0,1.2362459546925566,2.9644012944983817,1.4919093851132685,1.7249190938511327,1.3203883495145632,112
937282.783171521,2005.7411003236246,42.80906148867314,2.0,1.2362459546925566,2.9644012944983817,1.4919093851132685,1.7249190938511327,1.3203883495145632,94
937282.783171521,2005.7411003236246,42.80906148867314,2.0,1.2362459546925566,2.9644012944983817,1.4919093851132685,1.7249190938511327,1.3203883495145632,148
937282.783171521,2005.7411003236246,42.80906148867314,2.0,1.2362459546925566,2.9644012944983817,1.4919093851132685,1.7249190938511327,1.3203883495145632,57
937282.783171521,2005.7411003236246,42.80906148867314,2.0,1.2362459546925566,2.9644012944983817,1.4919093851132685,1.7249190938511327,1.3203883495145632,177
937282.783171521,2005.7411003236246,42.80906148867314,2.0,1.2362459546925566,2.9644012944983817,1.4919093851132685,1.7249190938511327,1.3203883495145632,85
937282.783171521,2005.7411003236246,42.80906148867314,2.0,1.2362459546925566,2.9644012944983817,1.4919093851132685,1.7249190938511327,1.3203883495145632,142
937282.783171521,2005.7411003236246,42.80906148867314,2.0,1.2362459546925566,2.9644012944983817,1.4919093851132685,1.7249190938511327,1.3203883495145632,83
937282.783171521,2005.7411003236246,42.80906148867314,2.0,1.2362459546925566,2.9644012944983817,1.4919093851132685,1.7249190938511327,1.3203883495145632,94
937282.783171521,2005.7411003236246,42.80906148867314,2.0,1.2362459546925566,2.9644012944983817,1.4919093851132685,1.7249190938511327,1.3203883495145632,88
937282.783171521,2005.7411003236246,42.80906148867314,2.0,1.2362459546925566,2.9644012944983817,1.4919093851132685,1.7249190938511327,1.3203883495145632,106
937282.783171521,2005.7411003236246,42.80906148867314,2.0,1.2362459546925566,2.9644012944983817,1.4919093851132685,1.7249190938511327,1.3203883495145632,65
937282.783171521,2005.7411003236246,42.80906148867314,2.0,1.2362459546925566,2.9644012944983817,1.4919093851132685,1.7249190938511327,1.3203883495145632,138
937282.783171521,2005.7411003236246,42.80906148867314,2.0,1.2362459546925566,2.9644012944983817,1.4919093851132685,1.7249190938511327,1.3203883495145632,123
937282.783171521,2005.7411003236246,42.80906148867314,2.0,1.2362459546925566,2.9644012944983817,1.4919093851132685,1.7249190938511327,1.3203883495145632,114
937282.783171521,2005.7411003236246,42.80906148867314,2.0,1.2362459546925566,2.9644012944983817,1.4919093851132685,1.7249190938511327,1.3203883495145632,161
937282.783171521,2005.7411003236246,42.80906148867314,2.0,1.2362459546925566,2.9644012944983817,1.4919093851132685,1.7249190938511327,1.3203883495145632,100
937282.783171521,2005.7411003236246,42.80906148867314,2.0,1.2362459546925566,2.9644012944983817,1.4919093851132685,1.7249190938511327,1.3203883495145632,110
937282.783171521,2005.7411003236246,42.80906148867314,2.0,1.2362459546925566,2.9644012944983817,1.4919093851132685,1.7249190938511327,1.3203883495145632,102
937282.783171521,2005.7411003236246,42.80906148867314,2.0,1.2362459546925566,2.9644012944983817,1.4919093851132685,1.7249190938511327,1.3203883495145632,127
937282.783171521,2005.7411003236246,42.80906148867314,2.0,1.2362459546925566,2.9644012944983817,1.4919093851132685,1.7249190938511327,1.3203883495145632,110
937282.783171521,2005.7411003236246,42.80906148867314,2.0,1.2362459546925566,2.9644012944983817,1.4919093851132685,1.7249190938511327,1.3203883495145632,135
937282.783171521,2005.7411003236246,42.80906148867314,2.0,1.2362459546925566,2.9644012944983817,1.4919093851132685,1.7249190938511327,1.3203883495145632,126
937282.783171521,2005.7411003236246,42.80906148867314,2.0,1.2362459546925566,2.9644012944983817,1.4919093851132685,1.7249190938511327,1.3203883495145632,78
937282.783171521,2005.7411003236246,42.80906148867314,2.0,1.2362459546925566,2.9644012944983817,1.4919093851132685,1.7249190938511327,1.3203883495145632,61
937282.783171521,2005.7411003236246,42.80906148867314,2.0,1.2362459546925566,2.9644012944983817,1.4919093851132685,1.7249190938511327,1.3203883495145632,129
937282.783171521,2005.7411003236246,42.80906148867314,2.0,1.2362459546925566,2.9644012944983817,1.4919093851132685,1.7249190938511327,1.3203883495145632,100
937282.783171521,2005.7411003236246,42.80906148867314,2.0,1.2362459546925566,2.9644012944983817,1.4919093851132685,1.7249190938511327,1.3203883495145632,81
937282.783171521,2005.7411003236246,42.80906148867314,2.0,1.2362459546925566,2.9644012944983817,1.4919093851132685,1.7249190938511327,1.3203883495145632,55
937282.783171521,2005.7411003236246,42.80906148867314,2.0,1.2362459546925566,2.9644012944983817,1.4919093851132685,1.7249190938511327,1.3203883495145632,81
937282.783171521,2005.7411003236246,42.80906148867314,2.0,1.2362459546925566,2.9644012944983817,1.4919093851132685,1.7249190938511327,1.3203883495145632,127
937282.783171521,2005.7411003236246,42.80906148867314,2.0,1.2362459546925566,2.9644012944983817,1.4919093851132685,1.7249190938511327,1.3203883495145632,108
937282.783171521,2005.7411003236246,42.80906148867314,2.0,1.2362459546925566,2.9644012944983817,1.4919093851132685,1.7249190938511327,1.3203883495145632,96
937282.783171521,2005.7411003236246,42.80906148867314,2.0,1.2362459546925566,2.9644012944983817,1.4919093851132685,1.7249190938511327,1.3203883495145632,166
937282.783171521,2005.7411003236246,42.80906148867314,2.0,1.2362459546925566,2.9644012944983817,1.4919093851132685,1.7249190938511327,1.3203883495145632,133
937282.783171521,2005.7411003236246,42.80906148867314,2.0,1.2362459546925566,2.9644012944983817,1.4919093851132685,1.7249190938511327,1.3203883495145632,121
937282.783171521,2005.7411003236246,42.80906148867314,2.0,1.2362459546925566,2.9644012944983817,1.4919093851132685,1.7249190938511327,1.3203883495145632,119
937282.783171521,2005.7411003236246,42.80906148867314,2.0,1.2362459546925566,2.9644012944983817,1.4919093851132685,1.7249190938511327,1.3203883495145632,105
937282.783171521,2005.7411003236246,42.80906148867314,2.0,1.2362459546925566,2.9644012944983817,1.4919093851132685,1.7249190938511327,1.3203883495145632,100
937282.783171521,2005.7411003236246,42.80906148867314,2.0,1.2362459546925566,2.9644012944983817,1.4919093851132685,1.7249190938511327,1.3203883495145632,74
937282.783171521,2005.7411003236246,42.80906148867314,2.0,1.2362459546925566,2.9644012944983817,1.4919093851132685,1.7249190938511327,1.3203883495145632,131
937282.783171521,2005.7411003236246,42.80906148867314,2.0,1.2362459546925566,2.9644012944983817,1.4919093851132685,1.7249190938511327,1.3203883495145632,74
937282.783171521,2005.7411003236246,42.80906148867314,2.0,1.2362459546925566,2.9644012944983817,1.4919093851132685,1.7249190938511327,1.3203883495145632,101
937282.783171521,2005.7411003236246,42.80906148867314,2.0,1.2362459546925566,2.9644012944983817,1.4919093851132685,1.7249190938511327,1.3203883495145632,119
937282.783171521,2005.7411003236246,42.80906148867314,2.0,1.2362459546925566,2.9644012944983817,1.4919093851132685,1.7249190938511327,1.3203883495145632,142
937282.783171521,2005.7411003236246,42.80906148867314,2.0,1.2362459546925566,2.9644012944983817,1.4919093851132685,1.7249190938511327,1.3203883495145632,75
937282.783171521,2005.7411003236246,42.80906148867314,2.0,1.2362459546925566,2.9644012944983817,1.4919093851132685,1.7249190938511327,1.3203883495145632,107
937282.783171521,2005.7411003236246,42.80906148867314,2.0,1.2362459546925566,2.9644012944983817,1.4919093851132685,1.7249190938511327,1.3203883495145632,127
937282.783171521,2005.7411003236246,42.80906148867314,2.0,1.2362459546925566,2.9644012944983817,1.4919093851132685,1.7249190938511327,1.3203883495145632,103
937282.783171521,2005.7411003236246,42.80906148867314,2.0,1.2362459546925566,2.9644012944983817,1.4919093851132685,1.7249190938511327,1.3203883495145632,105
937282.783171521,2005.7411003236246,42.80906148867314,2.0,1.2362459546925566,2.9644012944983817,1.4919093851132685,1.7249190938511327,1.3203883495145632,110
937282.783171521,2005.7411003236246,42.80906148867314,2.0,1.2362459546925566,2.9644012944983817,1.4919093851132685,1.7249190938511327,1.3203883495145632,63
937282.783171521,2005.7411003236246,42.80906148867314,2.0,1.2362459546925566,2.9644012944983817,1.4919093851132685,1.7249190938511327,1.3203883495145632,121
937282.783171521,2005.7411003236246,42.80906148867314,2.0,1.2362459546925566,2.9644012944983817,1.4919093851132685,1.7249190938511327,1.3203883495145632,117
937282.783171521,2005.7411003236246,42.80906148867314,2.0,1.2362459546925566,2.9644012944983817,1.4919093851132685,1.7249190938511327,1.3203883495145632,101
937282.783171521,2005.7411003236246,42.80906148867314,2.0,1.2362459546925566,2.9644012944983817,1.4919093851132685,1.7249190938511327,1.3203883495145632,88
937282.783171521,2005.7411003236246,42.80906148867314,2.0,1.2362459546925566,2.9644012944983817,1.4919093851132685,1.7249190938511327,1.3203883495145632,278
937282.783171521,2005.7411003236246,42.80906148867314,2.0,1.2362459546925566,2.9644012944983817,1.4919093851132685,1.7249190938511327,1.3203883495145632,99
937282.783171521,2005.7411003236246,42.80906148867314,2.0,1.2362459546925566,2.9644012944983817,1.4919093851132685,1.7249190938511327,1.3203883495145632,135
937282.783171521,2005.7411003236246,42.80906148867314,2.0,1.2362459546925566,2.9644012944983817,1.4919093851132685,1.7249190938511327,1.3203883495145632,102
937282.783171521,2005.7411003236246,42.80906148867314,2.0,1.2362459546925566,2.9644012944983817,1.4919093851132685,1.7249190938511327,1.3203883495145632,55
937282.783171521,2005.7411003236246,42.80906148867314,2.0,1.2362459546925566,2.9644012944983817,1.4919093851132685,1.7249190938511327,1.3203883495145632,90
937282.783171521,2005.7411003236246,42.80906148867314,2.0,1.2362459546925566,2.9644012944983817,1.4919093851132685,1.7249190938511327,1.3203883495145632,77
937282.783171521,2005.7411003236246,42.80906148867314,2.0,1.2362459546925566,2.9644012944983817,1.4919093851132685,1.7249190938511327,1.3203883495145632,94
937282.783171521,2005.7411003236246,42.80906148867314,2.0,1.2362459546925566,2.9644012944983817,1.4919093851132685,1.7249190938511327,1.3203883495145632,148
937282.783171521,2005.7411003236246,42.80906148867314,2.0,1.2362459546925566,2.9644012944983817,1.4919093851132685,1.7249190938511327,1.3203883495145632,81
937282.783171521,2005.7411003236246,42.80906148867314,2.0,1.2362459546925566,2.9644012944983817,1.4919093851132685,1.7249190938511327,1.3203883495145632,78
937282.783171521,2005.7411003236246,42.80906148867314,2.0,1.2362459546925566,2.9644012944983817,1.4919093851132685,1.7249190938511327,1.3203883495145632,129
937282.783171521,2005.7411003236246,42.80906148867314,2.0,1.2362459546925566,2.9644012944983817,1.4919093851132685,1.7249190938511327,1.3203883495145632,119
937282.783171521,2005.7411003236246,42.80906148867314,2.0,1.2362459546925566,2.9644012944983817,1.4919093851132685,1.7249190938511327,1.3203883495145632,123
937282.783171521,2005.7411003236246,42.80906148867314,2.0,1.2362459546925566,2.9644012944983817,1.4919093851132685,1.7249190938511327,1.3203883495145632,94
937282.783171521,2005.7411003236246,42.80906148867314,2.0,1.2362459546925566,2.9644012944983817,1.4919093851132685,1.7249190938511327,1.3203883495145632,65
937282.783171521,2005.7411003236246,42.80906148867314,2.0,1.2362459546925566,2.9644012944983817,1.4919093851132685,1.7249190938511327,1.3203883495145632,114
937282.783171521,2005.7411003236246,42.80906148867314,2.0,1.2362459546925566,2.9644012944983817,1.4919093851132685,1.7249190938511327,1.3203883495145632,80
937282.783171521,2005.7411003236246,42.80906148867314,2.0,1.2362459546925566,2.9644012944983817,1.4919093851132685,1.7249190938511327,1.3203883495145632,81
937282.783171521,2005.7411003236246,42.80906148867314,2.0,1.2362459546925566,2.9644012944983817,1.4919093851132685,1.7249190938511327,1.3203883495145632,138
937282.783171521,2005.7411003236246,42.80906148867314,2.0,1.2362459546925566,2.9644012944983817,1.4919093851132685,1.7249190938511327,1.3203883495145632,100
937282.783171521,2005.7411003236246,42.80906148867314,2.0,1.2362459546925566,2.9644012944983817,1.4919093851132685,1.7249190938511327,1.3203883495145632,74
937282.783171521,2005.7411003236246,42.80906148867314,2.0,1.2362459546925566,2.9644012944983817,1.4919093851132685,1.7249190938511327,1.3203883495145632,110
937282.783171521,2005.7411003236246,42.80906148867314,2.0,1.2362459546925566,2.9644012944983817,1.4919093851132685,1.7249190938511327,1.3203883495145632,88
937282.783171521,2005.7411003236246,42.80906148867314,2.0,1.2362459546925566,2.9644012944983817,1.4919093851132685,1.7249190938511327,1.3203883495145632,119
937282.783171521,2005.7411003236246,42.80906148867314,2.0,1.2362459546925566,2.9644012944983817,1.4919093851132685,1.7249190938511327,1.3203883495145632,100
937282.783171521,2005.7411003236246,42.80906148867314,2.0,1.2362459546925566,2.9644012944983817,1.4919093851132685,1.7249190938511327,1.3203883495145632,106
937282.783171521,2005.7411003236246,42.80906148867314,2.0,1.2362459546925566,2.9644012944983817,1.4919093851132685,1.7249190938511327,1.3203883495145632,74
937282.783171521,2005.7411003236246,42.80906148867314,2.0,1.2362459546925566,2.9644012944983817,1.4919093851132685,1.7249190938511327,1.3203883495145632,83
937282.783171521,2005.7411003236246,42.80906148867314,2.0,1.2362459546925566,2.9644012944983817,1.4919093851132685,1.7249190938511327,1.3203883495145632,166
937282.783171521,2005.7411003236246,42.80906148867314,2.0,1.2362459546925566,2.9644012944983817,1.4919093851132685,1.7249190938511327,1.3203883495145632,70
937282.783171521,2005.7411003236246,42.80906148867314,2.0,1.2362459546925566,2.9644012944983817,1.4919093851132685,1.7249190938511327,1.3203883495145632,131
937282.783171521,2005.7411003236246,42.80906148867314,2.0,1.2362459546925566,2.9644012944983817,1.4919093851132685,1.7249190938511327,1.3203883495145632,145
937282.783171521,2005.7411003236246,42.80906148867314,2.0,1.2362459546925566,2.9644012944983817,1.4919093851132685,1.7249190938511327,1.3203883495145632,119
937282.783171521,2005.7411003236246,42.80906148867314,2.0,1.2362459546925566,2.9644012944983817,1.4919093851132685,1.7249190938511327,1.3203883495145632,93
937282.783171521,2005.7411003236246,42.80906148867314,2.0,1.2362459546925566,2.9644012944983817,1.4919093851132685,1.7249190938511327,1.3203883495145632,100
937282.783171521,2005.7411003236246,42.80906148867314,2.0,1.2362459546925566,2.9644012944983817,1.4919093851132685,1.7249190938511327,1.3203883495145632,129
937282.783171521,2005.7411003236246,42.80906148867314,2.0,1.2362459546925566,2.9644012944983817,1.4919093851132685,1.7249190938511327,1.3203883495145632,75
937282.783171521,2005.7411003236246,42.80906148867314,2.0,1.2362459546925566,2.9644012944983817,1.4919093851132685,1.7249190938511327,1.3203883495145632,117
937282.783171521,2005.7411003236246,42.80906148867314,2.0,1.2362459546925566,2.9644012944983817,1.4919093851132685,1.7249190938511327,1.3203883495145632,278
937282.783171521,2005.7411003236246,42.80906148867314,2.0,1.2362459546925566,2.9644012944983817,1.4919093851132685,1.7249190938511327,1.3203883495145632,135
937282.783171521,2005.7411003236246,42.80906148867314,2.0,1.2362459546925566,2.9644012944983817,1.4919093851132685,1.7249190938511327,1.3203883495145632,97
937282.783171521,2005.7411003236246,42.80906148867314,2.0,1.2362459546925566,2.9644012944983817,1.4919093851132685,1.7249190938511327,1.3203883495145632,94
937282.783171521,2005.7411003236246,42.80906148867314,2.0,1.2362459546925566,2.9644012944983817,1.4919093851132685,1.7249190938511327,1.3203883495145632,100
937282.783171521,2005.7411003236246,42.80906148867314,2.0,1.2362459546925566,2.9644012944983817,1.4919093851132685,1.7249190938511327,1.3203883495145632,77
937282.783171521,2005.7411003236246,42.80906148867314,2.0,1.2362459546925566,2.9644012944983817,1.4919093851132685,1.7249190938511327,1.3203883495145632,89
937282.783171521,2005.7411003236246,42.80906148867314,2.0,1.2362459546925566,2.9644012944983817,1.4919093851132685,1.7249190938511327,1.3203883495145632,119
937282.783171521,2005.7411003236246,42.80906148867314,2.0,1.2362459546925566,2.9644012944983817,1.4919093851132685,1.7249190938511327,1.3203883495145632,90
937282.783171521,2005.7411003236246,42.80906148867314,2.0,1.2362459546925566,2.9644012944983817,1.4919093851132685,1.7249190938511327,1.3203883495145632,113
937282.783171521,2005.7411003236246,42.80906148867314,2.0,1.2362459546925566,2.9644012944983817,1.4919093851132685,1.7249190938511327,1.3203883495145632,110
937282.783171521,2005.7411003236246,42.80906148867314,2.0,1.2362459546925566,2.9644012944983817,1.4919093851132685,1.7249190938511327,1.3203883495145632,55
937282.783171521,2005.7411003236246,42.80906148867314,2.0,1.2362459546925566,2.9644012944983817,1.4919093851132685,1.7249190938511327,1.3203883495145632,201
937282.783171521,2005.7411003236246,42.80906148867314,2.0,1.2362459546925566,2.9644012944983817,1.4919093851132685,1.7249190938511327,1.3203883495145632,148
937282.783171521,2005.7411003236246,42.80906148867314,2.0,1.2362459546925566,2.9644012944983817,1.4919093851132685,1.7249190938511327,1.3203883495145632,80
937282.783171521,2005.7411003236246,42.80906148867314,2.0,1.2362459546925566,2.9644012944983817,1.4919093851132685,1.7249190938511327,1.3203883495145632,128
937282.783171521,2005.7411003236246,42.80906148867314,2.0,1.2362459546925566,2.9644012944983817,1.4919093851132685,1.7249190938511327,1.3203883495145632,142
937282.783171521,2005.7411003236246,42.80906148867314,2.0,1.2362459546925566,2.9644012944983817,1.4919093851132685,1.7249190938511327,1.3203883495145632,72
937282.783171521,2005.7411003236246,42.80906148867314,2.0,1.2362459546925566,2.9644012944983817,1.4919093851132685,1.7249190938511327,1.3203883495145632,94
937282.783171521,2005.7411003236246,42.80906148867314,2.0,1.2362459546925566,2.9644012944983817,1.4919093851132685,1.7249190938511327,1.3203883495145632,114
937282.783171521,2005.7411003236246,42.80906148867314,2.0,1.2362459546925566,2.9644012944983817,1.4919093851132685,1.7249190938511327,1.3203883495145632,88
937282.783171521,2005.7411003236246,42.80906148867314,2.0,1.2362459546925566,2.9644012944983817,1.4919093851132685,1.7249190938511327,1.3203883495145632,70
937282.783171521,2005.7411003236246,42.80906148867314,2.0,1.2362459546925566,2.9644012944983817,1.4919093851132685,1.7249190938511327,1.3203883495145632,88
937282.783171521,2005.7411003236246,42.80906148867314,2.0,1.2362459546925566,2.9644012944983817,1.4919093851132685,1.7249190938511327,1.3203883495145632,125
937282.783171521,2005.7411003236246,42.80906148867314,2.0,1.2362459546925566,2.9644012944983817,1.4919093851132685,1.7249190938511327,1.3203883495145632,118
937282.783171521,2005.7411003236246,42.80906148867314,2.0,1.2362459546925566,2.9644012944983817,1.4919093851132685,1.7249190938511327,1.3203883495145632,65
937282.783171521,2005.7411003236246,42.80906148867314,2.0,1.2362459546925566,2.9644012944983817,1.4919093851132685,1.7249190938511327,1.3203883495145632,144
937282.783171521,2005.7411003236246,42.80906148867314,2.0,1.2362459546925566,2.9644012944983817,1.4919093851132685,1.7249190938511327,1.3203883495145632,95
937282.783171521,2005.7411003236246,42.80906148867314,2.0,1.2362459546925566,2.9644012944983817,1.4919093851132685,1.7249190938511327,1.3203883495145632,74
937282.783171521,2005.7411003236246,42.80906148867314,2.0,1.2362459546925566,2.9644012944983817,1.4919093851132685,1.7249190938511327,1.3203883495145632,110
937282.783171521,2005.7411003236246,42.80906148867314,2.0,1.2362459546925566,2.9644012944983817,1.4919093851132685,1.7249190938511327,1.3203883495145632,148
937282.783171521,2005.7411003236246,42.80906148867314,2.0,1.2362459546925566,2.9644012944983817,1.4919093851132685,1.7249190938511327,1.3203883495145632,131
937282.783171521,2005.7411003236246,42.80906148867314,2.0,1.2362459546925566,2.9644012944983817,1.4919093851132685,1.7249190938511327,1.3203883495145632,127
937282.783171521,2005.7411003236246,42.80906148867314,2.0,1.2362459546925566,2.9644012944983817,1.4919093851132685,1.7249190938511327,1.3203883495145632,114
937282.783171521,2005.7411003236246,42.80906148867314,2.0,1.2362459546925566,2.9644012944983817,1.4919093851132685,1.7249190938511327,1.3203883495145632,119
937282.783171521,2005.7411003236246,42.80906148867314,2.0,1.2362459546925566,2.9644012944983817,1.4919093851132685,1.7249190938511327,1.3203883495145632,103
937282.783171521,2005.7411003236246,42.80906148867314,2.0,1.2362459546925566,2.9644012944983817,1.4919093851132685,1.7249190938511327,1.3203883495145632,105
937282.783171521,2005.7411003236246,42.80906148867314,2.0,1.2362459546925566,2.9644012944983817,1.4919093851132685,1.7249190938511327,1.3203883495145632,50
937282.783171521,2005.7411003236246,42.80906148867314,2.0,1.2362459546925566,2.9644012944983817,1.4919093851132685,1.7249190938511327,1.3203883495145632,268
937282.783171521,2005.7411003236246,42.80906148867314,2.0,1.2362459546925566,2.9644012944983817,1.4919093851132685,1.7249190938511327,1.3203883495145632,138
937282.783171521,2005.7411003236246,42.80906148867314,2.0,1.2362459546925566,2.9644012944983817,1.4919093851132685,1.7249190938511327,1.3203883495145632,107
937282.783171521,2005.7411003236246,42.80906148867314,2.0,1.2362459546925566,2.9644012944983817,1.4919093851132685,1.7249190938511327,1.3203883495145632,81
937282.783171521,2005.7411003236246,42.80906148867314,2.0,1.2362459546925566,2.9644012944983817,1.4919093851132685,1.7249190938511327,1.3203883495145632,81
937282.783171521,2005.7411003236246,42.80906148867314,2.0,1.2362459546925566,2.9644012944983817,1.4919093851132685,1.7249190938511327,1.3203883495145632,145
937282.783171521,2005.7411003236246,42.80906148867314,2.0,1.2362459546925566,2.9644012944983817,1.4919093851132685,1.7249190938511327,1.3203883495145632,92
937282.783171521,2005.7411003236246,42.80906148867314,2.0,1.2362459546925566,2.9644012944983817,1.4919093851132685,1.7249190938511327,1.3203883495145632,80
937282.783171521,2005.7411003236246,42.80906148867314,2.0,1.2362459546925566,2.9644012944983817,1.4919093851132685,1.7249190938511327,1.3203883495145632,88
937282.783171521,2005.7411003236246,42.80906148867314,2.0,1.2362459546925566,2.9644012944983817,1.4919093851132685,1.7249190938511327,1.3203883495145632,92
937282.783171521,2005.7411003236246,42.80906148867314,2.0,1.2362459546925566,2.9644012944983817,1.4919093851132685,1.7249190938511327,1.3203883495145632,105
937282.783171521,2005.7411003236246,42.80906148867314,2.0,1.2362459546925566,2.9644012944983817,1.4919093851132685,1.7249190938511327,1.3203883495145632,88
937282.783171521,2005.7411003236246,42.80906148867314,2.0,1.2362459546925566,2.9644012944983817,1.4919093851132685,1.7249190938511327,1.3203883495145632,119
937282.783171521,2005.7411003236246,42.80906148867314,2.0,1.2362459546925566,2.9644012944983817,1.4919093851132685,1.7249190938511327,1.3203883495145632,135
937282.783171521,2005.7411003236246,42.80906148867314,2.0,1.2362459546925566,2.9644012944983817,1.4919093851132685,1.7249190938511327,1.3203883495145632,139
937282.783171521,2005.7411003236246,42.80906148867314,2.0,1.2362459546925566,2.9644012944983817,1.4919093851132685,1.7249190938511327,1.3203883495145632,115
937282.783171521,2005.7411003236246,42.80906148867314,2.0,1.2362459546925566,2.9644012944983817,1.4919093851132685,1.7249190938511327,1.3203883495145632,110
937282.783171521,2005.7411003236246,42.80906148867314,2.0,1.2362459546925566,2.9644012944983817,1.4919093851132685,1.7249190938511327,1.3203883495145632,114
937282.783171521,2005.7411003236246,42.80906148867314,2.0,1.2362459546925566,2.9644012944983817,1.4919093851132685,1.7249190938511327,1.3203883495145632,81
937282.783171521,2005.7411003236246,42.80906148867314,2.0,1.2362459546925566,2.9644012944983817,1.4919093851132685,1.7249190938511327,1.3203883495145632,66
937282.783171521,2005.7411003236246,42.80906148867314,2.0,1.2362459546925566,2.9644012944983817,1.4919093851132685,1.7249190938511327,1.3203883495145632,85
937282.783171521,2005.7411003236246,42.80906148867314,2.0,1.2362459546925566,2.9644012944983817,1.4919093851132685,1.7249190938511327,1.3203883495145632,131
937282.783171521,2005.7411003236246,42.80906148867314,2.0,1.2362459546925566,2.9644012944983817,1.4919093851132685,1.7249190938511327,1.3203883495145632,161
937282.783171521,2005.7411003236246,42.80906148867314,2.0,1.2362459546925566,2.9644012944983817,1.4919093851132685,1.7249190938511327,1.3203883495145632,93
937282.783171521,2005.7411003236246,42.80906148867314,2.0,1.2362459546925566,2.9644012944983817,1.4919093851132685,1.7249190938511327,1.3203883495145632,155
937282.783171521,2005.7411003236246,42.80906148867314,2.0,1.2362459546925566,2.9644012944983817,1.4919093851132685,1.7249190938511327,1.3203883495145632,117
937282.783171521,2005.7411003236246,42.80906148867314,2.0,1.2362459546925566,2.9644012944983817,1.4919093851132685,1.7249190938511327,1.3203883495145632,81
937282.783171521,2005.7411003236246,42.80906148867314,2.0,1.2362459546925566,2.9644012944983817,1.4919093851132685,1.7249190938511327,1.3203883495145632,142
937282.783171521,2005.7411003236246,42.80906148867314,2.0,1.2362459546925566,2.9644012944983817,1.4919093851132685,1.7249190938511327,1.3203883495145632,148
937282.783171521,2005.7411003236246,42.80906148867314,2.0,1.2362459546925566,2.9644012944983817,1.4919093851132685,1.7249190938511327,1.3203883495145632,94
937282.783171521,2005.7411003236246,42.80906148867314,2.0,1.2362459546925566,2.9644012944983817,1.4919093851132685,1.7249190938511327,1.3203883495145632,158
937282.783171521,2005.7411003236246,42.80906148867314,2.0,1.2362459546925566,2.9644012944983817,1.4919093851132685,1.7249190938511327,1.3203883495145632,119
937282.783171521,2005.7411003236246,42.80906148867314,2.0,1.2362459546925566,2.9644012944983817,1.4919093851132685,1.7249190938511327,1.3203883495145632,69
937282.783171521,2005.7411003236246,42.80906148867314,2.0,1.2362459546925566,2.9644012944983817,1.4919093851132685,1.7249190938511327,1.3203883495145632,116
937282.783171521,2005.7411003236246,42.80906148867314,2.0,1.2362459546925566,2.9644012944983817,1.4919093851132685,1.7249190938511327,1.3203883495145632,72
937282.783171521,2005.7411003236246,42.80906148867314,2.0,1.2362459546925566,2.9644012944983817,1.4919093851132685,1.7249190938511327,1.3203883495145632,152
937282.783171521,2005.7411003236246,42.80906148867314,2.0,1.2362459546925566,2.9644012944983817,1.4919093851132685,1.7249190938511327,1.3203883495145632,201
937282.783171521,2005.7411003236246,42.80906148867314,2.0,1.2362459546925566,2.9644012944983817,1.4919093851132685,1.7249190938511327,1.3203883495145632,119
937282.783171521,2005.7411003236246,42.80906148867314,2.0,1.2362459546925566,2.9644012944983817,1.4919093851132685,1.7249190938511327,1.3203883495145632,89
937282.783171521,2005.7411003236246,42.80906148867314,2.0,1.2362459546925566,2.9644012944983817,1.4919093851132685,1.7249190938511327,1.3203883495145632,77
937282.783171521,2005.7411003236246,42.80906148867314,2.0,1.2362459546925566,2.9644012944983817,1.4919093851132685,1.7249190938511327,1.3203883495145632,84
937282.783171521,2005.7411003236246,42.80906148867314,2.0,1.2362459546925566,2.9644012944983817,1.4919093851132685,1.7249190938511327,1.3203883495145632,97
937282.783171521,2005.7411003236246,42.80906148867314,2.0,1.2362459546925566,2.9644012944983817,1.4919093851132685,1.7249190938511327,1.3203883495145632,70
937282.783171521,2005.7411003236246,42.80906148867314,2.0,1.2362459546925566,2.9644012944983817,1.4919093851132685,1.7249190938511327,1.3203883495145632,65
937282.783171521,2005.7411003236246,42.80906148867314,2.0,1.2362459546925566,2.9644012944983817,1.4919093851132685,1.7249190938511327,1.3203883495145632,90
937282.783171521,2005.7411003236246,42.80906148867314,2.0,1.2362459546925566,2.9644012944983817,1.4919093851132685,1.7249190938511327,1.3203883495145632,148
937282.783171521,2005.7411003236246,42.80906148867314,2.0,1.2362459546925566,2.9644012944983817,1.4919093851132685,1.7249190938511327,1.3203883495145632,164
937282.783171521,2005.7411003236246,42.80906148867314,2.0,1.2362459546925566,2.9644012944983817,1.4919093851132685,1.7249190938511327,1.3203883495145632,100
937282.783171521,2005.7411003236246,42.80906148867314,2.0,1.2362459546925566,2.9644012944983817,1.4919093851132685,1.7249190938511327,1.3203883495145632,112
937282.783171521,2005.7411003236246,42.80906148867314,2.0,1.2362459546925566,2.9644012944983817,1.4919093851132685,1.7249190938511327,1.3203883495145632,105
937282.783171521,2005.7411003236246,42.80906148867314,2.0,1.2362459546925566,2.9644012944983817,1.4919093851132685,1.7249190938511327,1.3203883495145632,103
937282.783171521,2005.7411003236246,42.80906148867314,2.0,1.2362459546925566,2.9644012944983817,1.4919093851132685,1.7249190938511327,1.3203883495145632,177
937282.783171521,2005.7411003236246,42.80906148867314,2.0,1.2362459546925566,2.9644012944983817,1.4919093851132685,1.7249190938511327,1.3203883495145632,74
937282.783171521,2005.7411003236246,42.80906148867314,2.0,1.2362459546925566,2.9644012944983817,1.4919093851132685,1.7249190938511327,1.3203883495145632,104
937282.783171521,2005.7411003236246,42.80906148867314,2.0,1.2362459546925566,2.9644012944983817,1.4919093851132685,1.7249190938511327,1.3203883495145632,268
937282.783171521,2005.7411003236246,42.80906148867314,2.0,1.2362459546925566,2.9644012944983817,1.4919093851132685,1.7249190938511327,1.3203883495145632,114
937282.783171521,2005.7411003236246,42.80906148867314,2.0,1.2362459546925566,2.9644012944983817,1.4919093851132685,1.7249190938511327,1.3203883495145632,94
937282.783171521,2005.7411003236246,42.80906148867314,2.0,1.2362459546925566,2.9644012944983817,1.4919093851132685,1.7249190938511327,1.3203883495145632,102
937282.783171521,2005.7411003236246,42.80906148867314,2.0,1.2362459546925566,2.9644012944983817,1.4919093851132685,1.7249190938511327,1.3203883495145632,83
937282.783171521,2005.7411003236246,42.80906148867314,2.0,1.2362459546925566,2.9644012944983817,1.4919093851132685,1.7249190938511327,1.3203883495145632,100
937282.783171521,2005.7411003236246,42.80906148867314,2.0,1.2362459546925566,2.9644012944983817,1.4919093851132685,1.7249190938511327,1.3203883495145632,123
937282.783171521,2005.7411003236246,42.80906148867314,2.0,1.2362459546925566,2.9644012944983817,1.4919093851132685,1.7249190938511327,1.3203883495145632,127
937282.783171521,2005.7411003236246,42.80906148867314,2.0,1.2362459546925566,2.9644012944983817,1.4919093851132685,1.7249190938511327,1.3203883495145632,110
937282.783171521,2005.7411003236246,42.80906148867314,2.0,1.2362459546925566,2.9644012944983817,1.4919093851132685,1.7249190938511327,1.3203883495145632,95
1079116.3822222222,2005.7511111111112,43.111111111111114,1.9377777777777778,1.2577777777777779,3.0755555555555554,1.48,1.7555555555555555,1.3511111111111112,119
1079116.3822222222,2005.7511111111112,43.111111111111114,1.9377777777777778,1.2577777777777779,3.0755555555555554,1.48,1.7555555555555555,1.3511111111111112,55
1079116.3822222222,2005.7511111111112,43.111111111111114,1.9377777777777778,1.2577777777777779,3.0755555555555554,1.48,1.7555555555555555,1.3511111111111112,78
1079116.3822222222,2005.7511111111112,43.111111111111114,1.9377777777777778,1.2577777777777779,3.0755555555555554,1.48,1.7555555555555555,1.3511111111111112,146
1079116.3822222222,2005.7511111111112,43.111111111111114,1.9377777777777778,1.2577777777777779,3.0755555555555554,1.48,1.7555555555555555,1.3511111111111112,100
1079116.3822222222,2005.7511111111112,43.111111111111114,1.9377777777777778,1.2577777777777779,3.0755555555555554,1.48,1.7555555555555555,1.3511111111111112,129
1079116.3822222222,2005.7511111111112,43.111111111111114,1.9377777777777778,1.2577777777777779,3.0755555555555554,1.48,1.7555555555555555,1.3511111111111112,97
1079116.3822222222,2005.7511111111112,43.111111111111114,1.9377777777777778,1.2577777777777779,3.0755555555555554,1.48,1.7555555555555555,1.3511111111111112,88
1079116.3822222222,2005.7511111111112,43.111111111111114,1.9377777777777778,1.2577777777777779,3.0755555555555554,1.48,1.7555555555555555,1.3511111111111112,83
1079116.3822222222,2005.7511111111112,43.111111111111114,1.9377777777777778,1.2577777777777779,3.0755555555555554,1.48,1.7555555555555555,1.3511111111111112,143
1079116.3822222222,2005.7511111111112,43.111111111111114,1.9377777777777778,1.2577777777777779,3.0755555555555554,1.48,1.7555555555555555,1.3511111111111112,278
1079116.3822222222,2005.7511111111112,43.111111111111114,1.9377777777777778,1.2577777777777779,3.0755555555555554,1.48,1.7555555555555555,1.3511111111111112,127
1079116.3822222222,2005.7511111111112,43.111111111111114,1.9377777777777778,1.2577777777777779,3.0755555555555554,1.48,1.7555555555555555,1.3511111111111112,161
1079116.3822222222,2005.7511111111112,43.111111111111114,1.9377777777777778,1.2577777777777779,3.0755555555555554,1.48,1.7555555555555555,1.3511111111111112,90
1079116.3822222222,2005.7511111111112,43.111111111111114,1.9377777777777778,1.2577777777777779,3.0755555555555554,1.48,1.7555555555555555,1.3511111111111112,120
1079116.3822222222,2005.7511111111112,43.111111111111114,1.9377777777777778,1.2577777777777779,3.0755555555555554,1.48,1.7555555555555555,1.3511111111111112,95
1079116.3822222222,2005.7511111111112,43.111111111111114,1.9377777777777778,1.2577777777777779,3.0755555555555554,1.48,1.7555555555555555,1.3511111111111112,123
1079116.3822222222,2005.7511111111112,43.111111111111114,1.9377777777777778,1.2577777777777779,3.0755555555555554,1.48,1.7555555555555555,1.3511111111111112,112
1079116.3822222222,2005.7511111111112,43.111111111111114,1.9377777777777778,1.2577777777777779,3.0755555555555554,1.48,1.7555555555555555,1.3511111111111112,172
1079116.3822222222,2005.7511111111112,43.111111111111114,1.9377777777777778,1.2577777777777779,3.0755555555555554,1.48,1.7555555555555555,1.3511111111111112,96
1079116.3822222222,2005.7511111111112,43.111111111111114,1.9377777777777778,1.2577777777777779,3.0755555555555554,1.48,1.7555555555555555,1.3511111111111112,105
1079116.3822222222,2005.7511111111112,43.111111111111114,1.9377777777777778,1.2577777777777779,3.0755555555555554,1.48,1.7555555555555555,1.3511111111111112,272
1079116.3822222222,2005.7511111111112,43.111111111111114,1.9377777777777778,1.2577777777777779,3.0755555555555554,1.48,1.7555555555555555,1.3511111111111112,74
1079116.3822222222,2005.7511111111112,43.111111111111114,1.9377777777777778,1.2577777777777779,3.0755555555555554,1.48,1.7555555555555555,1.3511111111111112,81
1079116.3822222222,2005.7511111111112,43.111111111111114,1.9377777777777778,1.2577777777777779,3.0755555555555554,1.48,1.7555555555555555,1.3511111111111112,102
1079116.3822222222,2005.7511111111112,43.111111111111114,1.9377777777777778,1.2577777777777779,3.0755555555555554,1.48,1.7555555555555555,1.3511111111111112,136
1079116.3822222222,2005.7511111111112,43.111111111111114,1.9377777777777778,1.2577777777777779,3.0755555555555554,1.48,1.7555555555555555,1.3511111111111112,80
1079116.3822222222,2005.7511111111112,43.111111111111114,1.9377777777777778,1.2577777777777779,3.0755555555555554,1.48,1.7555555555555555,1.3511111111111112,89
1079116.3822222222,2005.7511111111112,43.111111111111114,1.9377777777777778,1.2577777777777779,3.0755555555555554,1.48,1.7555555555555555,1.3511111111111112,148
1079116.3822222222,2005.7511111111112,43.111111111111114,1.9377777777777778,1.2577777777777779,3.0755555555555554,1.48,1.7555555555555555,1.3511111111111112,94
1079116.3822222222,2005.7511111111112,43.111111111111114,1.9377777777777778,1.2577777777777779,3.0755555555555554,1.48,1.7555555555555555,1.3511111111111112,103
1079116.3822222222,2005.7511111111112,43.111111111111114,1.9377777777777778,1.2577777777777779,3.0755555555555554,1.48,1.7555555555555555,1.3511111111111112,177
1079116.3822222222,2005.7511111111112,43.111111111111114,1.9377777777777778,1.2577777777777779,3.0755555555555554,1.48,1.7555555555555555,1.3511111111111112,117
1079116.3822222222,2005.7511111111112,43.111111111111114,1.9377777777777778,1.2577777777777779,3.0755555555555554,1.48,1.7555555555555555,1.3511111111111112,138
1079116.3822222222,2005.7511111111112,43.111111111111114,1.9377777777777778,1.2577777777777779,3.0755555555555554,1.48,1.7555555555555555,1.3511111111111112,40
1079116.3822222222,2005.7511111111112,43.111111111111114,1.9377777777777778,1.2577777777777779,3.0755555555555554,1.48,1.7555555555555555,1.3511111111111112,114
1079116.3822222222,2005.7511111111112,43.111111111111114,1.9377777777777778,1.2577777777777779,3.0755555555555554,1.48,1.7555555555555555,1.3511111111111112,110
1079116.3822222222,2005.7511111111112,43.111111111111114,1.9377777777777778,1.2577777777777779,3.0755555555555554,1.48,1.7555555555555555,1.3511111111111112,189
1079116.3822222222,2005.7511111111112,43.111111111111114,1.9377777777777778,1.2577777777777779,3.0755555555555554,1.48,1.7555555555555555,1.3511111111111112,85
1079116.3822222222,2005.7511111111112,43.111111111111114,1.9377777777777778,1.2577777777777779,3.0755555555555554,1.48,1.7555555555555555,1.3511111111111112,101
1079116.3822222222,2005.7511111111112,43.111111111111114,1.9377777777777778,1.2577777777777779,3.0755555555555554,1.48,1.7555555555555555,1.3511111111111112,74
1079116.3822222222,2005.7511111111112,43.111111111111114,1.9377777777777778,1.2577777777777779,3.0755555555555554,1.48,1.7555555555555555,1.3511111111111112,123
1079116.3822222222,2005.7511111111112,43.111111111111114,1.9377777777777778,1.2577777777777779,3.0755555555555554,1.48,1.7555555555555555,1.3511111111111112,94
1079116.3822222222,2005.7511111111112,43.111111111111114,1.9377777777777778,1.2577777777777779,3.0755555555555554,1.48,1.7555555555555555,1.3511111111111112,73
1079116.3822222222,2005.7511111111112,43.111111111111114,1.9377777777777778,1.2577777777777779,3.0755555555555554,1.48,1.7555555555555555,1.3511111111111112,99
1079116.3822222222,2005.7511111111112,43.111111111111114,1.9377777777777778,1.2577777777777779,3.0755555555555554,1.48,1.7555555555555555,1.3511111111111112,27
1079116.3822222222,2005.7511111111112,43.111111111111114,1.9377777777777778,1.2577777777777779,3.0755555555555554,1.48,1.7555555555555555,1.3511111111111112,135
1079116.3822222222,2005.7511111111112,43.111111111111114,1.9377777777777778,1.2577777777777779,3.0755555555555554,1.48,1.7555555555555555,1.3511111111111112,88
1079116.3822222222,2005.7511111111112,43.111111111111114,1.9377777777777778,1.2577777777777779,3.0755555555555554,1.48,1.7555555555555555,1.3511111111111112,68
1079116.3822222222,2005.7511111111112,43.111111111111114,1.9377777777777778,1.2577777777777779,3.0755555555555554,1.48,1.7555555555555555,1.3511111111111112,65
1079116.3822222222,2005.7511111111112,43.111111111111114,1.9377777777777778,1.2577777777777779,3.0755555555555554,1.48,1.7555555555555555,1.3511111111111112,170
1079116.3822222222,2005.7511111111112,43.111111111111114,1.9377777777777778,1.2577777777777779,3.0755555555555554,1.48,1.7555555555555555,1.3511111111111112,100
1079116.3822222222,2005.7511111111112,43.111111111111114,1.9377777777777778,1.2577777777777779,3.0755555555555554,1.48,1.7555555555555555,1.3511111111111112,134
1079116.3822222222,2005.7511111111112,43.111111111111114,1.9377777777777778,1.2577777777777779,3.0755555555555554,1.48,1.7555555555555555,1.3511111111111112,107
1079116.3822222222,2005.7511111111112,43.111111111111114,1.9377777777777778,1.2577777777777779,3.0755555555555554,1.48,1.7555555555555555,1.3511111111111112,102
1079116.3822222222,2005.7511111111112,43.111111111111114,1.9377777777777778,1.2577777777777779,3.0755555555555554,1.48,1.7555555555555555,1.3511111111111112,48
1079116.3822222222,2005.7511111111112,43.111111111111114,1.9377777777777778,1.2577777777777779,3.0755555555555554,1.48,1.7555555555555555,1.3511111111111112,124
1079116.3822222222,2005.7511111111112,43.111111111111114,1.9377777777777778,1.2577777777777779,3.0755555555555554,1.48,1.7555555555555555,1.3511111111111112,76
1079116.3822222222,2005.7511111111112,43.111111111111114,1.9377777777777778,1.2577777777777779,3.0755555555555554,1.48,1.7555555555555555,1.3511111111111112,111
1079116.3822222222,2005.7511111111112,43.111111111111114,1.9377777777777778,1.2577777777777779,3.0755555555555554,1.48,1.7555555555555555,1.3511111111111112,129
1079116.3822222222,2005.7511111111112,43.111111111111114,1.9377777777777778,1.2577777777777779,3.0755555555555554,1.48,1.7555555555555555,1.3511111111111112,119
1079116.3822222222,2005.7511111111112,43.111111111111114,1.9377777777777778,1.2577777777777779,3.0755555555555554,1.48,1.7555555555555555,1.3511111111111112,103
1079116.3822222222,2005.7511111111112,43.111111111111114,1.9377777777777778,1.2577777777777779,3.0755555555555554,1.48,1.7555555555555555,1.3511111111111112,83
1079116.3822222222,2005.7511111111112,43.111111111111114,1.9377777777777778,1.2577777777777779,3.0755555555555554,1.48,1.7555555555555555,1.3511111111111112,110
1079116.3822222222,2005.7511111111112,43.111111111111114,1.9377777777777778,1.2577777777777779,3.0755555555555554,1.48,1.7555555555555555,1.3511111111111112,145
1079116.3822222222,2005.7511111111112,43.111111111111114,1.9377777777777778,1.2577777777777779,3.0755555555555554,1.48,1.7555555555555555,1.3511111111111112,277
1079116.3822222222,2005.7511111111112,43.111111111111114,1.9377777777777778,1.2577777777777779,3.0755555555555554,1.48,1.7555555555555555,1.3511111111111112,105
1079116.3822222222,2005.7511111111112,43.111111111111114,1.9377777777777778,1.2577777777777779,3.0755555555555554,1.48,1.7555555555555555,1.3511111111111112,95
1079116.3822222222,2005.7511111111112,43.111111111111114,1.9377777777777778,1.2577777777777779,3.0755555555555554,1.48,1.7555555555555555,1.3511111111111112,119
1079116.3822222222,2005.7511111111112,43.111111111111114,1.9377777777777778,1.2577777777777779,3.0755555555555554,1.48,1.7555555555555555,1.3511111111111112,75
1079116.3822222222,2005.7511111111112,43.111111111111114,1.9377777777777778,1.2577777777777779,3.0755555555555554,1.48,1.7555555555555555,1.3511111111111112,44
1079116.3822222222,2005.7511111111112,43.111111111111114,1.9377777777777778,1.2577777777777779,3.0755555555555554,1.48,1.7555555555555555,1.3511111111111112,161
1079116.3822222222,2005.7511111111112,43.111111111111114,1.9377777777777778,1.2577777777777779,3.0755555555555554,1.48,1.7555555555555555,1.3511111111111112,137
1079116.3822222222,2005.7511111111112,43.111111111111114,1.9377777777777778,1.2577777777777779,3.0755555555555554,1.48,1.7555555555555555,1.3511111111111112,114
1079116.3822222222,2005.7511111111112,43.111111111111114,1.9377777777777778,1.2577777777777779,3.0755555555555554,1.48,1.7555555555555555,1.3511111111111112,148
1079116.3822222222,2005.7511111111112,43.111111111111114,1.9377777777777778,1.2577777777777779,3.0755555555555554,1.48,1.7555555555555555,1.3511111111111112,182
1079116.3822222222,2005.7511111111112,43.111111111111114,1.9377777777777778,1.2577777777777779,3.0755555555555554,1.48,1.7555555555555555,1.3511111111111112,177
1079116.3822222222,2005.7511111111112,43.111111111111114,1.9377777777777778,1.2577777777777779,3.0755555555555554,1.48,1.7555555555555555,1.3511111111111112,117
1079116.3822222222,2005.7511111111112,43.111111111111114,1.9377777777777778,1.2577777777777779,3.0755555555555554,1.48,1.7555555555555555,1.3511111111111112,142
1079116.3822222222,2005.7511111111112,43.111111111111114,1.9377777777777778,1.2577777777777779,3.0755555555555554,1.48,1.7555555555555555,1.3511111111111112,110
1079116.3822222222,2005.7511111111112,43.111111111111114,1.9377777777777778,1.2577777777777779,3.0755555555555554,1.48,1.7555555555555555,1.3511111111111112,81
1079116.3822222222,2005.7511111111112,43.111111111111114,1.9377777777777778,1.2577777777777779,3.0755555555555554,1.48,1.7555555555555555,1.3511111111111112,78
1079116.3822222222,2005.7511111111112,43.111111111111114,1.9377777777777778,1.2577777777777779,3.0755555555555554,1.48,1.7555555555555555,1.3511111111111112,131
1079116.3822222222,2005.7511111111112,43.111111111111114,1.9377777777777778,1.2577777777777779,3.0755555555555554,1.48,1.7555555555555555,1.3511111111111112,142
1079116.3822222222,2005.7511111111112,43.111111111111114,1.9377777777777778,1.2577777777777779,3.0755555555555554,1.48,1.7555555555555555,1.3511111111111112,268
1079116.3822222222,2005.7511111111112,43.111111111111114,1.9377777777777778,1.2577777777777779,3.0755555555555554,1.48,1.7555555555555555,1.3511111111111112,201
1079116.3822222222,2005.7511111111112,43.111111111111114,1.9377777777777778,1.2577777777777779,3.0755555555555554,1.48,1.7555555555555555,1.3511111111111112,57
1079116.3822222222,2005.7511111111112,43.111111111111114,1.9377777777777778,1.2577777777777779,3.0755555555555554,1.48,1.7555555555555555,1.3511111111111112,69
1079116.3822222222,2005.7511111111112,43.111111111111114,1.9377777777777778,1.2577777777777779,3.0755555555555554,1.48,1.7555555555555555,1.3511111111111112,119
1079116.3822222222,2005.7511111111112,43.111111111111114,1.9377777777777778,1.2577777777777779,3.0755555555555554,1.48,1.7555555555555555,1.3511111111111112,88
1079116.3822222222,2005.7511111111112,43.111111111111114,1.9377777777777778,1.2577777777777779,3.0755555555555554,1.48,1.7555555555555555,1.3511111111111112,100
1079116.3822222222,2005.7511111111112,43.111111111111114,1.9377777777777778,1.2577777777777779,3.0755555555555554,1.48,1.7555555555555555,1.3511111111111112,75
1079116.3822222222,2005.7511111111112,43.111111111111114,1.9377777777777778,1.2577777777777779,3.0755555555555554,1.48,1.7555555555555555,1.3511111111111112,105
1079116.3822222222,2005.7511111111112,43.111111111111114,1.9377777777777778,1.2577777777777779,3.0755555555555554,1.48,1.7555555555555555,1.3511111111111112,84
1079116.3822222222,2005.7511111111112,43.111111111111114,1.9377777777777778,1.2577777777777779,3.0755555555555554,1.48,1.7555555555555555,1.3511111111111112,70
1079116.3822222222,2005.7511111111112,43.111111111111114,1.9377777777777778,1.2577777777777779,3.0755555555555554,1.48,1.7555555555555555,1.3511111111111112,81
1079116.3822222222,2005.7511111111112,43.111111111111114,1.9377777777777778,1.2577777777777779,3.0755555555555554,1.48,1.7555555555555555,1.3511111111111112,135
1079116.3822222222,2005.7511111111112,43.111111111111114,1.9377777777777778,1.2577777777777779,3.0755555555555554,1.48,1.7555555555555555,1.3511111111111112,79
1079116.3822222222,2005.7511111111112,43.111111111111114,1.9377777777777778,1.2577777777777779,3.0755555555555554,1.48,1.7555555555555555,1.3511111111111112,52
1079116.3822222222,2005.7511111111112,43.111111111111114,1.9377777777777778,1.2577777777777779,3.0755555555555554,1.48,1.7555555555555555,1.3511111111111112,104
1079116.3822222222,2005.7511111111112,43.111111111111114,1.9377777777777778,1.2577777777777779,3.0755555555555554,1.48,1.7555555555555555,1.3511111111111112,62
1079116.3822222222,2005.7511111111112,43.111111111111114,1.9377777777777778,1.2577777777777779,3.0755555555555554,1.48,1.7555555555555555,1.3511111111111112,119
1079116.3822222222,2005.7511111111112,43.111111111111114,1.9377777777777778,1.2577777777777779,3.0755555555555554,1.48,1.7555555555555555,1.3511111111111112,74
1079116.3822222222,2005.7511111111112,43.111111111111114,1.9377777777777778,1.2577777777777779,3.0755555555555554,1.48,1.7555555555555555,1.3511111111111112,61
1079116.3822222222,2005.7511111111112,43.111111111111114,1.9377777777777778,1.2577777777777779,3.0755555555555554,1.48,1.7555555555555555,1.3511111111111112,145
1079116.3822222222,2005.7511111111112,43.111111111111114,1.9377777777777778,1.2577777777777779,3.0755555555555554,1.48,1.7555555555555555,1.3511111111111112,110
1079116.3822222222,2005.7511111111112,43.111111111111114,1.9377777777777778,1.2577777777777779,3.0755555555555554,1.48,1.7555555555555555,1.3511111111111112,187
1079116.3822222222,2005.7511111111112,43.111111111111114,1.9377777777777778,1.2577777777777779,3.0755555555555554,1.48,1.7555555555555555,1.3511111111111112,107
1079116.3822222222,2005.7511111111112,43.111111111111114,1.9377777777777778,1.2577777777777779,3.0755555555555554,1.48,1.7555555555555555,1.3511111111111112,65
1079116.3822222222,2005.7511111111112,43.111111111111114,1.9377777777777778,1.2577777777777779,3.0755555555555554,1.48,1.7555555555555555,1.3511111111111112,94
1079116.3822222222,2005.7511111111112,43.111111111111114,1.9377777777777778,1.2577777777777779,3.0755555555555554,1.48,1.7555555555555555,1.3511111111111112,129
1079116.3822222222,2005.7511111111112,43.111111111111114,1.9377777777777778,1.2577777777777779,3.0755555555555554,1.48,1.7555555555555555,1.3511111111111112,72
1079116.3822222222,2005.7511111111112,43.111111111111114,1.9377777777777778,1.2577777777777779,3.0755555555555554,1.48,1.7555555555555555,1.3511111111111112,114
1079116.3822222222,2005.7511111111112,43.111111111111114,1.9377777777777778,1.2577777777777779,3.0755555555555554,1.48,1.7555555555555555,1.3511111111111112,70
1079116.3822222222,2005.7511111111112,43.111111111111114,1.9377777777777778,1.2577777777777779,3.0755555555555554,1.48,1.7555555555555555,1.3511111111111112,127
1079116.3822222222,2005.7511111111112,43.111111111111114,1.9377777777777778,1.2577777777777779,3.0755555555555554,1.48,1.7555555555555555,1.3511111111111112,84
1079116.3822222222,2005.7511111111112,43.111111111111114,1.9377777777777778,1.2577777777777779,3.0755555555555554,1.48,1.7555555555555555,1.3511111111111112,100
1079116.3822222222,2005.7511111111112,43.111111111111114,1.9377777777777778,1.2577777777777779,3.0755555555555554,1.48,1.7555555555555555,1.3511111111111112,87
1079116.3822222222,2005.7511111111112,43.111111111111114,1.9377777777777778,1.2577777777777779,3.0755555555555554,1.48,1.7555555555555555,1.3511111111111112,142
1079116.3822222222,2005.7511111111112,43.111111111111114,1.9377777777777778,1.2577777777777779,3.0755555555555554,1.48,1.7555555555555555,1.3511111111111112,119
1079116.3822222222,2005.7511111111112,43.111111111111114,1.9377777777777778,1.2577777777777779,3.0755555555555554,1.48,1.7555555555555555,1.3511111111111112,155
1079116.3822222222,2005.7511111111112,43.111111111111114,1.9377777777777778,1.2577777777777779,3.0755555555555554,1.48,1.7555555555555555,1.3511111111111112,131
1079116.3822222222,2005.7511111111112,43.111111111111114,1.9377777777777778,1.2577777777777779,3.0755555555555554,1.48,1.7555555555555555,1.3511111111111112,108
1079116.3822222222,2005.7511111111112,43.111111111111114,1.9377777777777778,1.2577777777777779,3.0755555555555554,1.48,1.7555555555555555,1.3511111111111112,72
1079116.3822222222,2005.7511111111112,43.111111111111114,1.9377777777777778,1.2577777777777779,3.0755555555555554,1.48,1.7555555555555555,1.3511111111111112,110
1079116.3822222222,2005.7511111111112,43.111111111111114,1.9377777777777778,1.2577777777777779,3.0755555555555554,1.48,1.7555555555555555,1.3511111111111112,109
1079116.3822222222,2005.7511111111112,43.111111111111114,1.9377777777777778,1.2577777777777779,3.0755555555555554,1.48,1.7555555555555555,1.3511111111111112,65
1079116.3822222222,2005.7511111111112,43.111111111111114,1.9377777777777778,1.2577777777777779,3.0755555555555554,1.48,1.7555555555555555,1.3511111111111112,88
1079116.3822222222,2005.7511111111112,43.111111111111114,1.9377777777777778,1.2577777777777779,3.0755555555555554,1.48,1.7555555555555555,1.3511111111111112,81
1079116.3822222222,2005.7511111111112,43.111111111111114,1.9377777777777778,1.2577777777777779,3.0755555555555554,1.48,1.7555555555555555,1.3511111111111112,75
1079116.3822222222,2005.7511111111112,43.111111111111114,1.9377777777777778,1.2577777777777779,3.0755555555555554,1.48,1.7555555555555555,1.3511111111111112,63
1079116.3822222222,2005.7511111111112,43.111111111111114,1.9377777777777778,1.2577777777777779,3.0755555555555554,1.48,1.7555555555555555,1.3511111111111112,196
1079116.3822222222,2005.7511111111112,43.111111111111114,1.9377777777777778,1.2577777777777779,3.0755555555555554,1.48,1.7555555555555555,1.3511111111111112,105
1079116.3822222222,2005.7511111111112,43.111111111111114,1.9377777777777778,1.2577777777777779,3.0755555555555554,1.48,1.7555555555555555,1.3511111111111112,135
1079116.3822222222,2005.7511111111112,43.111111111111114,1.9377777777777778,1.2577777777777779,3.0755555555555554,1.48,1.7555555555555555,1.3511111111111112,77
1079116.3822222222,2005.7511111111112,43.111111111111114,1.9377777777777778,1.2577777777777779,3.0755555555555554,1.48,1.7555555555555555,1.3511111111111112,148
1079116.3822222222,2005.7511111111112,43.111111111111114,1.9377777777777778,1.2577777777777779,3.0755555555555554,1.48,1.7555555555555555,1.3511111111111112,64
1079116.3822222222,2005.7511111111112,43.111111111111114,1.9377777777777778,1.2577777777777779,3.0755555555555554,1.48,1.7555555555555555,1.3511111111111112,268
1079116.3822222222,2005.7511111111112,43.111111111111114,1.9377777777777778,1.2577777777777779,3.0755555555555554,1.48,1.7555555555555555,1.3511111111111112,94
1079116.3822222222,2005.7511111111112,43.111111111111114,1.9377777777777778,1.2577777777777779,3.0755555555555554,1.48,1.7555555555555555,1.3511111111111112,60
1079116.3822222222,2005.7511111111112,43.111111111111114,1.9377777777777778,1.2577777777777779,3.0755555555555554,1.48,1.7555555555555555,1.3511111111111112,66
1079116.3822222222,2005.7511111111112,43.111111111111114,1.9377777777777778,1.2577777777777779,3.0755555555555554,1.48,1.7555555555555555,1.3511111111111112,144
1079116.3822222222,2005.7511111111112,43.111111111111114,1.9377777777777778,1.2577777777777779,3.0755555555555554,1.48,1.7555555555555555,1.3511111111111112,100
1079116.3822222222,2005.7511111111112,43.111111111111114,1.9377777777777778,1.2577777777777779,3.0755555555555554,1.48,1.7555555555555555,1.3511111111111112,59
1079116.3822222222,2005.7511111111112,43.111111111111114,1.9377777777777778,1.2577777777777779,3.0755555555555554,1.48,1.7555555555555555,1.3511111111111112,82
1079116.3822222222,2005.7511111111112,43.111111111111114,1.9377777777777778,1.2577777777777779,3.0755555555555554,1.48,1.7555555555555555,1.3511111111111112,115
1079116.3822222222,2005.7511111111112,43.111111111111114,1.9377777777777778,1.2577777777777779,3.0755555555555554,1.48,1.7555555555555555,1.3511111111111112,88
1079116.3822222222,2005.7511111111112,43.111111111111114,1.9377777777777778,1.2577777777777779,3.0755555555555554,1.48,1.7555555555555555,1.3511111111111112,77
1079116.3822222222,2005.7511111111112,43.111111111111114,1.9377777777777778,1.2577777777777779,3.0755555555555554,1.48,1.7555555555555555,1.3511111111111112,47
1079116.3822222222,2005.7511111111112,43.111111111111114,1.9377777777777778,1.2577777777777779,3.0755555555555554,1.48,1.7555555555555555,1.3511111111111112,94
1079116.3822222222,2005.7511111111112,43.111111111111114,1.9377777777777778,1.2577777777777779,3.0755555555555554,1.48,1.7555555555555555,1.3511111111111112,93
1079116.3822222222,2005.7511111111112,43.111111111111114,1.9377777777777778,1.2577777777777779,3.0755555555555554,1.48,1.7555555555555555,1.3511111111111112,125
1079116.3822222222,2005.7511111111112,43.111111111111114,1.9377777777777778,1.2577777777777779,3.0755555555555554,1.48,1.7555555555555555,1.3511111111111112,133
1079116.3822222222,2005.7511111111112,43.111111111111114,1.9377777777777778,1.2577777777777779,3.0755555555555554,1.48,1.7555555555555555,1.3511111111111112,100
1079116.3822222222,2005.7511111111112,43.111111111111114,1.9377777777777778,1.2577777777777779,3.0755555555555554,1.48,1.7555555555555555,1.3511111111111112,116
1079116.3822222222,2005.7511111111112,43.111111111111114,1.9377777777777778,1.2577777777777779,3.0755555555555554,1.48,1.7555555555555555,1.3511111111111112,108
1079116.3822222222,2005.7511111111112,43.111111111111114,1.9377777777777778,1.2577777777777779,3.0755555555555554,1.48,1.7555555555555555,1.3511111111111112,35
1079116.3822222222,2005.7511111111112,43.111111111111114,1.9377777777777778,1.2577777777777779,3.0755555555555554,1.48,1.7555555555555555,1.3511111111111112,114
1079116.3822222222,2005.7511111111112,43.111111111111114,1.9377777777777778,1.2577777777777779,3.0755555555555554,1.48,1.7555555555555555,1.3511111111111112,113
1079116.3822222222,2005.7511111111112,43.111111111111114,1.9377777777777778,1.2577777777777779,3.0755555555555554,1.48,1.7555555555555555,1.3511111111111112,148
1079116.3822222222,2005.7511111111112,43.111111111111114,1.9377777777777778,1.2577777777777779,3.0755555555555554,1.48,1.7555555555555555,1.3511111111111112,155
1079116.3822222222,2005.7511111111112,43.111111111111114,1.9377777777777778,1.2577777777777779,3.0755555555555554,1.48,1.7555555555555555,1.3511111111111112,127
1079116.3822222222,2005.7511111111112,43.111111111111114,1.9377777777777778,1.2577777777777779,3.0755555555555554,1.48,1.7555555555555555,1.3511111111111112,41
1079116.3822222222,2005.7511111111112,43.111111111111114,1.9377777777777778,1.2577777777777779,3.0755555555555554,1.48,1.7555555555555555,1.3511111111111112,110
1079116.3822222222,2005.7511111111112,43.111111111111114,1.9377777777777778,1.2577777777777779,3.0755555555555554,1.48,1.7555555555555555,1.3511111111111112,131
1079116.3822222222,2005.7511111111112,43.111111111111114,1.9377777777777778,1.2577777777777779,3.0755555555555554,1.48,1.7555555555555555,1.3511111111111112,88
1079116.3822222222,2005.7511111111112,43.111111111111114,1.9377777777777778,1.2577777777777779,3.0755555555555554,1.48,1.7555555555555555,1.3511111111111112,118
1079116.3822222222,2005.7511111111112,43.111111111111114,1.9377777777777778,1.2577777777777779,3.0755555555555554,1.48,1.7555555555555555,1.3511111111111112,119
1079116.3822222222,2005.7511111111112,43.111111111111114,1.9377777777777778,1.2577777777777779,3.0755555555555554,1.48,1.7555555555555555,1.3511111111111112,85
1079116.3822222222,2005.7511111111112,43.111111111111114,1.9377777777777778,1.2577777777777779,3.0755555555555554,1.48,1.7555555555555555,1.3511111111111112,128
1079116.3822222222,2005.7511111111112,43.111111111111114,1.9377777777777778,1.2577777777777779,3.0755555555555554,1.48,1.7555555555555555,1.3511111111111112,147
1079116.3822222222,2005.7511111111112,43.111111111111114,1.9377777777777778,1.2577777777777779,3.0755555555555554,1.48,1.7555555555555555,1.3511111111111112,50
1079116.3822222222,2005.7511111111112,43.111111111111114,1.9377777777777778,1.2577777777777779,3.0755555555555554,1.48,1.7555555555555555,1.3511111111111112,81
1079116.3822222222,2005.7511111111112,43.111111111111114,1.9377777777777778,1.2577777777777779,3.0755555555555554,1.48,1.7555555555555555,1.3511111111111112,74
1079116.3822222222,2005.7511111111112,43.111111111111114,1.9377777777777778,1.2577777777777779,3.0755555555555554,1.48,1.7555555555555555,1.3511111111111112,97
1079116.3822222222,2005.7511111111112,43.111111111111114,1.9377777777777778,1.2577777777777779,3.0755555555555554,1.48,1.7555555555555555,1.3511111111111112,192
1079116.3822222222,2005.7511111111112,43.111111111111114,1.9377777777777778,1.2577777777777779,3.0755555555555554,1.48,1.7555555555555555,1.3511111111111112,92
1079116.3822222222,2005.7511111111112,43.111111111111114,1.9377777777777778,1.2577777777777779,3.0755555555555554,1.48,1.7555555555555555,1.3511111111111112,150
1079116.3822222222,2005.7511111111112,43.111111111111114,1.9377777777777778,1.2577777777777779,3.0755555555555554,1.48,1.7555555555555555,1.3511111111111112,100
1079116.3822222222,2005.7511111111112,43.111111111111114,1.9377777777777778,1.2577777777777779,3.0755555555555554,1.48,1.7555555555555555,1.3511111111111112,121
1079116.3822222222,2005.7511111111112,43.111111111111114,1.9377777777777778,1.2577777777777779,3.0755555555555554,1.48,1.7555555555555555,1.3511111111111112,106
1079116.3822222222,2005.7511111111112,43.111111111111114,1.9377777777777778,1.2577777777777779,3.0755555555555554,1.48,1.7555555555555555,1.3511111111111112,115
1079116.3822222222,2005.7511111111112,43.111111111111114,1.9377777777777778,1.2577777777777779,3.0755555555555554,1.48,1.7555555555555555,1.3511111111111112,164
1079116.3822222222,2005.7511111111112,43.111111111111114,1.9377777777777778,1.2577777777777779,3.0755555555555554,1.48,1.7555555555555555,1.3511111111111112,80
1079116.3822222222,2005.7511111111112,43.111111111111114,1.9377777777777778,1.2577777777777779,3.0755555555555554,1.48,1.7555555555555555,1.3511111111111112,105
1079116.3822222222,2005.7511111111112,43.111111111111114,1.9377777777777778,1.2577777777777779,3.0755555555555554,1.48,1.7555555555555555,1.3511111111111112,177
1079116.3822222222,2005.7511111111112,43.111111111111114,1.9377777777777778,1.2577777777777779,3.0755555555555554,1.48,1.7555555555555555,1.3511111111111112,140
1079116.3822222222,2005.7511111111112,43.111111111111114,1.9377777777777778,1.2577777777777779,3.0755555555555554,1.48,1.7555555555555555,1.3511111111111112,152
1079116.3822222222,2005.7511111111112,43.111111111111114,1.9377777777777778,1.2577777777777779,3.0755555555555554,1.48,1.7555555555555555,1.3511111111111112,282
1079116.3822222222,2005.7511111111112,43.111111111111114,1.9377777777777778,1.2577777777777779,3.0755555555555554,1.48,1.7555555555555555,1.3511111111111112,126
1079116.3822222222,2005.7511111111112,43.111111111111114,1.9377777777777778,1.2577777777777779,3.0755555555555554,1.48,1.7555555555555555,1.3511111111111112,139
1079116.3822222222,2005.7511111111112,43.111111111111114,1.9377777777777778,1.2577777777777779,3.0755555555555554,1.48,1.7555555555555555,1.3511111111111112,138
1079116.3822222222,2005.7511111111112,43.111111111111114,1.9377777777777778,1.2577777777777779,3.0755555555555554,1.48,1.7555555555555555,1.3511111111111112,112
1079116.3822222222,2005.7511111111112,43.111111111111114,1.9377777777777778,1.2577777777777779,3.0755555555555554,1.48,1.7555555555555555,1.3511111111111112,158
1079116.3822222222,2005.7511111111112,43.111111111111114,1.9377777777777778,1.2577777777777779,3.0755555555555554,1.48,1.7555555555555555,1.3511111111111112,71
1079116.3822222222,2005.7511111111112,43.111111111111114,1.9377777777777778,1.2577777777777779,3.0755555555555554,1.48,1.7555555555555555,1.3511111111111112,90
1079116.3822222222,2005.7511111111112,43.111111111111114,1.9377777777777778,1.2577777777777779,3.0755555555555554,1.48,1.7555555555555555,1.3511111111111112,93
1079116.3822222222,2005.7511111111112,43.111111111111114,1.9377777777777778,1.2577777777777779,3.0755555555555554,1.48,1.7555555555555555,1.3511111111111112,94
1079116.3822222222,2005.7511111111112,43.111111111111114,1.9377777777777778,1.2577777777777779,3.0755555555555554,1.48,1.7555555555555555,1.3511111111111112,123
1079116.3822222222,2005.7511111111112,43.111111111111114,1.9377777777777778,1.2577777777777779,3.0755555555555554,1.48,1.7555555555555555,1.3511111111111112,32
1079116.3822222222,2005.7511111111112,43.111111111111114,1.9377777777777778,1.2577777777777779,3.0755555555555554,1.48,1.7555555555555555,1.3511111111111112,121
1079116.3822222222,2005.7511111111112,43.111111111111114,1.9377777777777778,1.2577777777777779,3.0755555555555554,1.48,1.7555555555555555,1.3511111111111112,153
1079116.3822222222,2005.7511111111112,43.111111111111114,1.9377777777777778,1.2577777777777779,3.0755555555555554,1.48,1.7555555555555555,1.3511111111111112,122
1079116.3822222222,2005.7511111111112,43.111111111111114,1.9377777777777778,1.2577777777777779,3.0755555555555554,1.48,1.7555555555555555,1.3511111111111112,97
1079116.3822222222,2005.7511111111112,43.111111111111114,1.9377777777777778,1.2577777777777779,3.0755555555555554,1.48,1.7555555555555555,1.3511111111111112,56
1079116.3822222222,2005.7511111111112,43.111111111111114,1.9377777777777778,1.2577777777777779,3.0755555555555554,1.48,1.7555555555555555,1.3511111111111112,89
1079116.3822222222,2005.7511111111112,43.111111111111114,1.9377777777777778,1.2577777777777779,3.0755555555555554,1.48,1.7555555555555555,1.3511111111111112,88
1079116.3822222222,2005.7511111111112,43.111111111111114,1.9377777777777778,1.2577777777777779,3.0755555555555554,1.48,1.7555555555555555,1.3511111111111112,119
1079116.3822222222,2005.7511111111112,43.111111111111114,1.9377777777777778,1.2577777777777779,3.0755555555555554,1.48,1.7555555555555555,1.3511111111111112,102
1079116.3822222222,2005.7511111111112,43.111111111111114,1.9377777777777778,1.2577777777777779,3.0755555555555554,1.48,1.7555555555555555,1.3511111111111112,67
1079116.3822222222,2005.7511111111112,43.111111111111114,1.9377777777777778,1.2577777777777779,3.0755555555555554,1.48,1.7555555555555555,1.3511111111111112,114
1079116.3822222222,2005.7511111111112,43.111111111111114,1.9377777777777778,1.2577777777777779,3.0755555555555554,1.48,1.7555555555555555,1.3511111111111112,100
1079116.3822222222,2005.7511111111112,43.111111111111114,1.9377777777777778,1.2577777777777779,3.0755555555555554,1.48,1.7555555555555555,1.3511111111111112,148
1079116.3822222222,2005.7511111111112,43.111111111111114,1.9377777777777778,1.2577777777777779,3.0755555555555554,1.48,1.7555555555555555,1.3511111111111112,55
1079116.3822222222,2005.7511111111112,43.111111111111114,1.9377777777777778,1.2577777777777779,3.0755555555555554,1.48,1.7555555555555555,1.3511111111111112,127
1079116.3822222222,2005.7511111111112,43.111111111111114,1.9377777777777778,1.2577777777777779,3.0755555555555554,1.48,1.7555555555555555,1.3511111111111112,161
1079116.3822222222,2005.7511111111112,43.111111111111114,1.9377777777777778,1.2577777777777779,3.0755555555555554,1.48,1.7555555555555555,1.3511111111111112,81
1079116.3822222222,2005.7511111111112,43.111111111111114,1.9377777777777778,1.2577777777777779,3.0755555555555554,1.48,1.7555555555555555,1.3511111111111112,83
1079116.3822222222,2005.7511111111112,43.111111111111114,1.9377777777777778,1.2577777777777779,3.0755555555555554,1.48,1.7555555555555555,1.3511111111111112,106
1079116.3822222222,2005.7511111111112,43.111111111111114,1.9377777777777778,1.2577777777777779,3.0755555555555554,1.48,1.7555555555555555,1.3511111111111112,74
1079116.3822222222,2005.7511111111112,43.111111111111114,1.9377777777777778,1.2577777777777779,3.0755555555555554,1.48,1.7555555555555555,1.3511111111111112,166
1079116.3822222222,2005.7511111111112,43.111111111111114,1.9377777777777778,1.2577777777777779,3.0755555555555554,1.48,1.7555555555555555,1.3511111111111112,132
1079116.3822222222,2005.7511111111112,43.111111111111114,1.9377777777777778,1.2577777777777779,3.0755555555555554,1.48,1.7555555555555555,1.3511111111111112,92
1079116.3822222222,2005.7511111111112,43.111111111111114,1.9377777777777778,1.2577777777777779,3.0755555555555554,1.48,1.7555555555555555,1.3511111111111112,85
1079116.3822222222,2005.7511111111112,43.111111111111114,1.9377777777777778,1.2577777777777779,3.0755555555555554,1.48,1.7555555555555555,1.3511111111111112,110
