1059623.625,2005.5197368421052,42.973684210526315,2.0,1.256578947368421,2.763157894736842,1.480263157894737,1.7171052631578947,1.3289473684210527,81
1059623.625,2005.5197368421052,42.973684210526315,2.0,1.256578947368421,2.763157894736842,1.480263157894737,1.7171052631578947,1.3289473684210527,148
1059623.625,2005.5197368421052,42.973684210526315,2.0,1.256578947368421,2.763157894736842,1.480263157894737,1.7171052631578947,1.3289473684210527,119
1059623.625,2005.5197368421052,42.973684210526315,2.0,1.256578947368421,2.763157894736842,1.480263157894737,1.7171052631578947,1.3289473684210527,70
1059623.625,2005.5197368421052,42.973684210526315,2.0,1.256578947368421,2.763157894736842,1.480263157894737,1.7171052631578947,1.3289473684210527,94
1059623.625,2005.5197368421052,42.973684210526315,2.0,1.256578947368421,2.763157894736842,1.480263157894737,1.7171052631578947,1.3289473684210527,114
1059623.625,2005.5197368421052,42.973684210526315,2.0,1.256578947368421,2.763157894736842,1.480263157894737,1.7171052631578947,1.3289473684210527,129
1059623.625,2005.5197368421052,42.973684210526315,2.0,1.256578947368421,2.763157894736842,1.480263157894737,1.7171052631578947,1.3289473684210527,100
1059623.625,2005.5197368421052,42.973684210526315,2.0,1.256578947368421,2.763157894736842,1.480263157894737,1.7171052631578947,1.3289473684210527,90
1059623.625,2005.5197368421052,42.973684210526315,2.0,1.256578947368421,2.763157894736842,1.480263157894737,1.7171052631578947,1.3289473684210527,65
1059623.625,2005.5197368421052,42.973684210526315,2.0,1.256578947368421,2.763157894736842,1.480263157894737,1.7171052631578947,1.3289473684210527,63
1059623.625,2005.5197368421052,42.973684210526315,2.0,1.256578947368421,2.763157894736842,1.480263157894737,1.7171052631578947,1.3289473684210527,177
1059623.625,2005.5197368421052,42.973684210526315,2.0,1.256578947368421,2.763157894736842,1.480263157894737,1.7171052631578947,1.3289473684210527,74
1059623.625,2005.5197368421052,42.973684210526315,2.0,1.256578947368421,2.763157894736842,1.480263157894737,1.7171052631578947,1.3289473684210527,111
1059623.625,2005.5197368421052,42.973684210526315,2.0,1.256578947368421,2.763157894736842,1.480263157894737,1.7171052631578947,1.3289473684210527,50
1059623.625,2005.5197368421052,42.973684210526315,2.0,1.256578947368421,2.763157894736842,1.480263157894737,1.7171052631578947,1.3289473684210527,110
1059623.625,2005.5197368421052,42.973684210526315,2.0,1.256578947368421,2.763157894736842,1.480263157894737,1.7171052631578947,1.3289473684210527,117
1059623.625,2005.5197368421052,42.973684210526315,2.0,1.256578947368421,2.763157894736842,1.480263157894737,1.7171052631578947,1.3289473684210527,126
1059623.625,2005.5197368421052,42.973684210526315,2.0,1.256578947368421,2.763157894736842,1.480263157894737,1.7171052631578947,1.3289473684210527,88
1059623.625,2005.5197368421052,42.973684210526315,2.0,1.256578947368421,2.763157894736842,1.480263157894737,1.7171052631578947,1.3289473684210527,77
1059623.625,2005.5197368421052,42.973684210526315,2.0,1.256578947368421,2.763157894736842,1.480263157894737,1.7171052631578947,1.3289473684210527,107
1059623.625,2005.5197368421052,42.973684210526315,2.0,1.256578947368421,2.763157894736842,1.480263157894737,1.7171052631578947,1.3289473684210527,135
1059623.625,2005.5197368421052,42.973684210526315,2.0,1.256578947368421,2.763157894736842,1.480263157894737,1.7171052631578947,1.3289473684210527,101
1059623.625,2005.5197368421052,42.973684210526315,2.0,1.256578947368421,2.763157894736842,1.480263157894737,1.7171052631578947,1.3289473684210527,81
1059623.625,2005.5197368421052,42.973684210526315,2.0,1.256578947368421,2.763157894736842,1.480263157894737,1.7171052631578947,1.3289473684210527,148
1059623.625,2005.5197368421052,42.973684210526315,2.0,1.256578947368421,2.763157894736842,1.480263157894737,1.7171052631578947,1.3289473684210527,129
1059623.625,2005.5197368421052,42.973684210526315,2.0,1.256578947368421,2.763157894736842,1.480263157894737,1.7171052631578947,1.3289473684210527,135
1059623.625,2005.5197368421052,42.973684210526315,2.0,1.256578947368421,2.763157894736842,1.480263157894737,1.7171052631578947,1.3289473684210527,83
1059623.625,2005.5197368421052,42.973684210526315,2.0,1.256578947368421,2.763157894736842,1.480263157894737,1.7171052631578947,1.3289473684210527,110
1059623.625,2005.5197368421052,42.973684210526315,2.0,1.256578947368421,2.763157894736842,1.480263157894737,1.7171052631578947,1.3289473684210527,88
1059623.625,2005.5197368421052,42.973684210526315,2.0,1.256578947368421,2.763157894736842,1.480263157894737,1.7171052631578947,1.3289473684210527,119
1059623.625,2005.5197368421052,42.973684210526315,2.0,1.256578947368421,2.763157894736842,1.480263157894737,1.7171052631578947,1.3289473684210527,100
1059623.625,2005.5197368421052,42.973684210526315,2.0,1.256578947368421,2.763157894736842,1.480263157894737,1.7171052631578947,1.3289473684210527,65
1059623.625,2005.5197368421052,42.973684210526315,2.0,1.256578947368421,2.763157894736842,1.480263157894737,1.7171052631578947,1.3289473684210527,108
1059623.625,2005.5197368421052,42.973684210526315,2.0,1.256578947368421,2.763157894736842,1.480263157894737,1.7171052631578947,1.3289473684210527,92
1059623.625,2005.5197368421052,42.973684210526315,2.0,1.256578947368421,2.763157894736842,1.480263157894737,1.7171052631578947,1.3289473684210527,114
1059623.625,2005.5197368421052,42.973684210526315,2.0,1.256578947368421,2.763157894736842,1.480263157894737,1.7171052631578947,1.3289473684210527,110
1059623.625,2005.5197368421052,42.973684210526315,2.0,1.256578947368421,2.763157894736842,1.480263157894737,1.7171052631578947,1.3289473684210527,92
1059623.625,2005.5197368421052,42.973684210526315,2.0,1.256578947368421,2.763157894736842,1.480263157894737,1.7171052631578947,1.3289473684210527,83
1059623.625,2005.5197368421052,42.973684210526315,2.0,1.256578947368421,2.763157894736842,1.480263157894737,1.7171052631578947,1.3289473684210527,123
1059623.625,2005.5197368421052,42.973684210526315,2.0,1.256578947368421,2.763157894736842,1.480263157894737,1.7171052631578947,1.3289473684210527,108
1059623.625,2005.5197368421052,42.973684210526315,2.0,1.256578947368421,2.763157894736842,1.480263157894737,1.7171052631578947,1.3289473684210527,140
1059623.625,2005.5197368421052,42.973684210526315,2.0,1.256578947368421,2.763157894736842,1.480263157894737,1.7171052631578947,1.3289473684210527,272
1059623.625,2005.5197368421052,42.973684210526315,2.0,1.256578947368421,2.763157894736842,1.480263157894737,1.7171052631578947,1.3289473684210527,100
1059623.625,2005.5197368421052,42.973684210526315,2.0,1.256578947368421,2.763157894736842,1.480263157894737,1.7171052631578947,1.3289473684210527,119
1059623.625,2005.5197368421052,42.973684210526315,2.0,1.256578947368421,2.763157894736842,1.480263157894737,1.7171052631578947,1.3289473684210527,55
1059623.625,2005.5197368421052,42.973684210526315,2.0,1.256578947368421,2.763157894736842,1.480263157894737,1.7171052631578947,1.3289473684210527,148
1059623.625,2005.5197368421052,42.973684210526315,2.0,1.256578947368421,2.763157894736842,1.480263157894737,1.7171052631578947,1.3289473684210527,114
1059623.625,2005.5197368421052,42.973684210526315,2.0,1.256578947368421,2.763157894736842,1.480263157894737,1.7171052631578947,1.3289473684210527,88
1059623.625,2005.5197368421052,42.973684210526315,2.0,1.256578947368421,2.763157894736842,1.480263157894737,1.7171052631578947,1.3289473684210527,103
1059623.625,2005.5197368421052,42.973684210526315,2.0,1.256578947368421,2.763157894736842,1.480263157894737,1.7171052631578947,1.3289473684210527,67
1059623.625,2005.5197368421052,42.973684210526315,2.0,1.256578947368421,2.763157894736842,1.480263157894737,1.7171052631578947,1.3289473684210527,144
1059623.625,2005.5197368421052,42.973684210526315,2.0,1.256578947368421,2.763157894736842,1.480263157894737,1.7171052631578947,1.3289473684210527,127
1059623.625,2005.5197368421052,42.973684210526315,2.0,1.256578947368421,2.763157894736842,1.480263157894737,1.7171052631578947,1.3289473684210527,148
1059623.625,2005.5197368421052,42.973684210526315,2.0,1.256578947368421,2.763157894736842,1.480263157894737,1.7171052631578947,1.3289473684210527,71
1059623.625,2005.5197368421052,42.973684210526315,2.0,1.256578947368421,2.763157894736842,1.480263157894737,1.7171052631578947,1.3289473684210527,99
1059623.625,2005.5197368421052,42.973684210526315,2.0,1.256578947368421,2.763157894736842,1.480263157894737,1.7171052631578947,1.3289473684210527,161
1059623.625,2005.5197368421052,42.973684210526315,2.0,1.256578947368421,2.763157894736842,1.480263157894737,1.7171052631578947,1.3289473684210527,119
1059623.625,2005.5197368421052,42.973684210526315,2.0,1.256578947368421,2.763157894736842,1.480263157894737,1.7171052631578947,1.3289473684210527,69
1059623.625,2005.5197368421052,42.973684210526315,2.0,1.256578947368421,2.763157894736842,1.480263157894737,1.7171052631578947,1.3289473684210527,115
1059623.625,2005.5197368421052,42.973684210526315,2.0,1.256578947368421,2.763157894736842,1.480263157894737,1.7171052631578947,1.3289473684210527,75
1059623.625,2005.5197368421052,42.973684210526315,2.0,1.256578947368421,2.763157894736842,1.480263157894737,1.7171052631578947,1.3289473684210527,132
1059623.625,2005.5197368421052,42.973684210526315,2.0,1.256578947368421,2.763157894736842,1.480263157894737,1.7171052631578947,1.3289473684210527,123
1059623.625,2005.5197368421052,42.973684210526315,2.0,1.256578947368421,2.763157894736842,1.480263157894737,1.7171052631578947,1.3289473684210527,100
1059623.625,2005.5197368421052,42.973684210526315,2.0,1.256578947368421,2.763157894736842,1.480263157894737,1.7171052631578947,1.3289473684210527,110
1059623.625,2005.5197368421052,42.973684210526315,2.0,1.256578947368421,2.763157894736842,1.480263157894737,1.7171052631578947,1.3289473684210527,105
1059623.625,2005.5197368421052,42.973684210526315,2.0,1.256578947368421,2.763157894736842,1.480263157894737,1.7171052631578947,1.3289473684210527,88
1059623.625,2005.5197368421052,42.973684210526315,2.0,1.256578947368421,2.763157894736842,1.480263157894737,1.7171052631578947,1.3289473684210527,155
1059623.625,2005.5197368421052,42.973684210526315,2.0,1.256578947368421,2.763157894736842,1.480263157894737,1.7171052631578947,1.3289473684210527,127
1059623.625,2005.5197368421052,42.973684210526315,2.0,1.256578947368421,2.763157894736842,1.480263157894737,1.7171052631578947,1.3289473684210527,100
1059623.625,2005.5197368421052,42.973684210526315,2.0,1.256578947368421,2.763157894736842,1.480263157894737,1.7171052631578947,1.3289473684210527,81
1059623.625,2005.5197368421052,42.973684210526315,2.0,1.256578947368421,2.763157894736842,1.480263157894737,1.7171052631578947,1.3289473684210527,94
1059623.625,2005.5197368421052,42.973684210526315,2.0,1.256578947368421,2.763157894736842,1.480263157894737,1.7171052631578947,1.3289473684210527,119
1059623.625,2005.5197368421052,42.973684210526315,2.0,1.256578947368421,2.763157894736842,1.480263157894737,1.7171052631578947,1.3289473684210527,112
1059623.625,2005.5197368421052,42.973684210526315,2.0,1.256578947368421,2.763157894736842,1.480263157894737,1.7171052631578947,1.3289473684210527,131
1059623.625,2005.5197368421052,42.973684210526315,2.0,1.256578947368421,2.763157894736842,1.480263157894737,1.7171052631578947,1.3289473684210527,121
1059623.625,2005.5197368421052,42.973684210526315,2.0,1.256578947368421,2.763157894736842,1.480263157894737,1.7171052631578947,1.3289473684210527,102
1059623.625,2005.5197368421052,42.973684210526315,2.0,1.256578947368421,2.763157894736842,1.480263157894737,1.7171052631578947,1.3289473684210527,127
1059623.625,2005.5197368421052,42.973684210526315,2.0,1.256578947368421,2.763157894736842,1.480263157894737,1.7171052631578947,1.3289473684210527,85
1059623.625,2005.5197368421052,42.973684210526315,2.0,1.256578947368421,2.763157894736842,1.480263157894737,1.7171052631578947,1.3289473684210527,105
1059623.625,2005.5197368421052,42.973684210526315,2.0,1.256578947368421,2.763157894736842,1.480263157894737,1.7171052631578947,1.3289473684210527,109
1059623.625,2005.5197368421052,42.973684210526315,2.0,1.256578947368421,2.763157894736842,1.480263157894737,1.7171052631578947,1.3289473684210527,74
1059623.625,2005.5197368421052,42.973684210526315,2.0,1.256578947368421,2.763157894736842,1.480263157894737,1.7171052631578947,1.3289473684210527,75
1059623.625,2005.5197368421052,42.973684210526315,2.0,1.256578947368421,2.763157894736842,1.480263157894737,1.7171052631578947,1.3289473684210527,164
1059623.625,2005.5197368421052,42.973684210526315,2.0,1.256578947368421,2.763157894736842,1.480263157894737,1.7171052631578947,1.3289473684210527,95
1059623.625,2005.5197368421052,42.973684210526315,2.0,1.256578947368421,2.763157894736842,1.480263157894737,1.7171052631578947,1.3289473684210527,142
1059623.625,2005.5197368421052,42.973684210526315,2.0,1.256578947368421,2.763157894736842,1.480263157894737,1.7171052631578947,1.3289473684210527,161
1059623.625,2005.5197368421052,42.973684210526315,2.0,1.256578947368421,2.763157894736842,1.480263157894737,1.7171052631578947,1.3289473684210527,88
1059623.625,2005.5197368421052,42.973684210526315,2.0,1.256578947368421,2.763157894736842,1.480263157894737,1.7171052631578947,1.3289473684210527,201
1059623.625,2005.5197368421052,42.973684210526315,2.0,1.256578947368421,2.763157894736842,1.480263157894737,1.7171052631578947,1.3289473684210527,112
1059623.625,2005.5197368421052,42.973684210526315,2.0,1.256578947368421,2.763157894736842,1.480263157894737,1.7171052631578947,1.3289473684210527,81
1059623.625,2005.5197368421052,42.973684210526315,2.0,1.256578947368421,2.763157894736842,1.480263157894737,1.7171052631578947,1.3289473684210527,61
1059623.625,2005.5197368421052,42.973684210526315,2.0,1.256578947368421,2.763157894736842,1.480263157894737,1.7171052631578947,1.3289473684210527,127
1059623.625,2005.5197368421052,42.973684210526315,2.0,1.256578947368421,2.763157894736842,1.480263157894737,1.7171052631578947,1.3289473684210527,66
1059623.625,2005.5197368421052,42.973684210526315,2.0,1.256578947368421,2.763157894736842,1.480263157894737,1.7171052631578947,1.3289473684210527,138
1059623.625,2005.5197368421052,42.973684210526315,2.0,1.256578947368421,2.763157894736842,1.480263157894737,1.7171052631578947,1.3289473684210527,94
1059623.625,2005.5197368421052,42.973684210526315,2.0,1.256578947368421,2.763157894736842,1.480263157894737,1.7171052631578947,1.3289473684210527,100
1059623.625,2005.5197368421052,42.973684210526315,2.0,1.256578947368421,2.763157894736842,1.480263157894737,1.7171052631578947,1.3289473684210527,131
1059623.625,2005.5197368421052,42.973684210526315,2.0,1.256578947368421,2.763157894736842,1.480263157894737,1.7171052631578947,1.3289473684210527,84
1059623.625,2005.5197368421052,42.973684210526315,2.0,1.256578947368421,2.763157894736842,1.480263157894737,1.7171052631578947,1.3289473684210527,80
1059623.625,2005.5197368421052,42.973684210526315,2.0,1.256578947368421,2.763157894736842,1.480263157894737,1.7171052631578947,1.3289473684210527,85
1059623.625,2005.5197368421052,42.973684210526315,2.0,1.256578947368421,2.763157894736842,1.480263157894737,1.7171052631578947,1.3289473684210527,102
1059623.625,2005.5197368421052,42.973684210526315,2.0,1.256578947368421,2.763157894736842,1.480263157894737,1.7171052631578947,1.3289473684210527,74
1059623.625,2005.5197368421052,42.973684210526315,2.0,1.256578947368421,2.763157894736842,1.480263157894737,1.7171052631578947,1.3289473684210527,59
1059623.625,2005.5197368421052,42.973684210526315,2.0,1.256578947368421,2.763157894736842,1.480263157894737,1.7171052631578947,1.3289473684210527,95
1059623.625,2005.5197368421052,42.973684210526315,2.0,1.256578947368421,2.763157894736842,1.480263157894737,1.7171052631578947,1.3289473684210527,78
1059623.625,2005.5197368421052,42.973684210526315,2.0,1.256578947368421,2.763157894736842,1.480263157894737,1.7171052631578947,1.3289473684210527,105
1059623.625,2005.5197368421052,42.973684210526315,2.0,1.256578947368421,2.763157894736842,1.480263157894737,1.7171052631578947,1.3289473684210527,88
1059623.625,2005.5197368421052,42.973684210526315,2.0,1.256578947368421,2.763157894736842,1.480263157894737,1.7171052631578947,1.3289473684210527,145
1059623.625,2005.5197368421052,42.973684210526315,2.0,1.256578947368421,2.763157894736842,1.480263157894737,1.7171052631578947,1.3289473684210527,119
1059623.625,2005.5197368421052,42.973684210526315,2.0,1.256578947368421,2.763157894736842,1.480263157894737,1.7171052631578947,1.3289473684210527,142
1059623.625,2005.5197368421052,42.973684210526315,2.0,1.256578947368421,2.763157894736842,1.480263157894737,1.7171052631578947,1.3289473684210527,89
1059623.625,2005.5197368421052,42.973684210526315,2.0,1.256578947368421,2.763157894736842,1.480263157894737,1.7171052631578947,1.3289473684210527,268
1059623.625,2005.5197368421052,42.973684210526315,2.0,1.256578947368421,2.763157894736842,1.480263157894737,1.7171052631578947,1.3289473684210527,94
1059623.625,2005.5197368421052,42.973684210526315,2.0,1.256578947368421,2.763157894736842,1.480263157894737,1.7171052631578947,1.3289473684210527,74
1059623.625,2005.5197368421052,42.973684210526315,2.0,1.256578947368421,2.763157894736842,1.480263157894737,1.7171052631578947,1.3289473684210527,89
1059623.625,2005.5197368421052,42.973684210526315,2.0,1.256578947368421,2.763157894736842,1.480263157894737,1.7171052631578947,1.3289473684210527,93
1059623.625,2005.5197368421052,42.973684210526315,2.0,1.256578947368421,2.763157894736842,1.480263157894737,1.7171052631578947,1.3289473684210527,119
1059623.625,2005.5197368421052,42.973684210526315,2.0,1.256578947368421,2.763157894736842,1.480263157894737,1.7171052631578947,1.3289473684210527,87
1059623.625,2005.5197368421052,42.973684210526315,2.0,1.256578947368421,2.763157894736842,1.480263157894737,1.7171052631578947,1.3289473684210527,131
1059623.625,2005.5197368421052,42.973684210526315,2.0,1.256578947368421,2.763157894736842,1.480263157894737,1.7171052631578947,1.3289473684210527,105
1059623.625,2005.5197368421052,42.973684210526315,2.0,1.256578947368421,2.763157894736842,1.480263157894737,1.7171052631578947,1.3289473684210527,110
1059623.625,2005.5197368421052,42.973684210526315,2.0,1.256578947368421,2.763157894736842,1.480263157894737,1.7171052631578947,1.3289473684210527,80
1059623.625,2005.5197368421052,42.973684210526315,2.0,1.256578947368421,2.763157894736842,1.480263157894737,1.7171052631578947,1.3289473684210527,114
1059623.625,2005.5197368421052,42.973684210526315,2.0,1.256578947368421,2.763157894736842,1.480263157894737,1.7171052631578947,1.3289473684210527,88
1059623.625,2005.5197368421052,42.973684210526315,2.0,1.256578947368421,2.763157894736842,1.480263157894737,1.7171052631578947,1.3289473684210527,116
1059623.625,2005.5197368421052,42.973684210526315,2.0,1.256578947368421,2.763157894736842,1.480263157894737,1.7171052631578947,1.3289473684210527,81
1059623.625,2005.5197368421052,42.973684210526315,2.0,1.256578947368421,2.763157894736842,1.480263157894737,1.7171052631578947,1.3289473684210527,133
1059623.625,2005.5197368421052,42.973684210526315,2.0,1.256578947368421,2.763157894736842,1.480263157894737,1.7171052631578947,1.3289473684210527,278
1059623.625,2005.5197368421052,42.973684210526315,2.0,1.256578947368421,2.763157894736842,1.480263157894737,1.7171052631578947,1.3289473684210527,97
1059623.625,2005.5197368421052,42.973684210526315,2.0,1.256578947368421,2.763157894736842,1.480263157894737,1.7171052631578947,1.3289473684210527,104
1059623.625,2005.5197368421052,42.973684210526315,2.0,1.256578947368421,2.763157894736842,1.480263157894737,1.7171052631578947,1.3289473684210527,93
1059623.625,2005.5197368421052,42.973684210526315,2.0,1.256578947368421,2.763157894736842,1.480263157894737,1.7171052631578947,1.3289473684210527,97
1059623.625,2005.5197368421052,42.973684210526315,2.0,1.256578947368421,2.763157894736842,1.480263157894737,1.7171052631578947,1.3289473684210527,70
1059623.625,2005.5197368421052,42.973684210526315,2.0,1.256578947368421,2.763157894736842,1.480263157894737,1.7171052631578947,1.3289473684210527,110
1059623.625,2005.5197368421052,42.973684210526315,2.0,1.256578947368421,2.763157894736842,1.480263157894737,1.7171052631578947,1.3289473684210527,74
1059623.625,2005.5197368421052,42.973684210526315,2.0,1.256578947368421,2.763157894736842,1.480263157894737,1.7171052631578947,1.3289473684210527,90
1059623.625,2005.5197368421052,42.973684210526315,2.0,1.256578947368421,2.763157894736842,1.480263157894737,1.7171052631578947,1.3289473684210527,77
1059623.625,2005.5197368421052,42.973684210526315,2.0,1.256578947368421,2.763157894736842,1.480263157894737,1.7171052631578947,1.3289473684210527,72
1059623.625,2005.5197368421052,42.973684210526315,2.0,1.256578947368421,2.763157894736842,1.480263157894737,1.7171052631578947,1.3289473684210527,119
1059623.625,2005.5197368421052,42.973684210526315,2.0,1.256578947368421,2.763157894736842,1.480263157894737,1.7171052631578947,1.3289473684210527,135
1059623.625,2005.5197368421052,42.973684210526315,2.0,1.256578947368421,2.763157894736842,1.480263157894737,1.7171052631578947,1.3289473684210527,96
1059623.625,2005.5197368421052,42.973684210526315,2.0,1.256578947368421,2.763157894736842,1.480263157894737,1.7171052631578947,1.3289473684210527,114
1059623.625,2005.5197368421052,42.973684210526315,2.0,1.256578947368421,2.763157894736842,1.480263157894737,1.7171052631578947,1.3289473684210527,106
1059623.625,2005.5197368421052,42.973684210526315,2.0,1.256578947368421,2.763157894736842,1.480263157894737,1.7171052631578947,1.3289473684210527,148
1059623.625,2005.5197368421052,42.973684210526315,2.0,1.256578947368421,2.763157894736842,1.480263157894737,1.7171052631578947,1.3289473684210527,65
1059623.625,2005.5197368421052,42.973684210526315,2.0,1.256578947368421,2.763157894736842,1.480263157894737,1.7171052631578947,1.3289473684210527,94
1059623.625,2005.5197368421052,42.973684210526315,2.0,1.256578947368421,2.763157894736842,1.480263157894737,1.7171052631578947,1.3289473684210527,81
1059623.625,2005.5197368421052,42.973684210526315,2.0,1.256578947368421,2.763157894736842,1.480263157894737,1.7171052631578947,1.3289473684210527,166
1059623.625,2005.5197368421052,42.973684210526315,2.0,1.256578947368421,2.763157894736842,1.480263157894737,1.7171052631578947,1.3289473684210527,100
1059623.625,2005.5197368421052,42.973684210526315,2.0,1.256578947368421,2.763157894736842,1.480263157894737,1.7171052631578947,1.3289473684210527,177
1059623.625,2005.5197368421052,42.973684210526315,2.0,1.256578947368421,2.763157894736842,1.480263157894737,1.7171052631578947,1.3289473684210527,117
