1117656.5580357143,2005.875,43.142857142857146,2.013392857142857,1.3303571428571428,3.044642857142857,1.4910714285714286,1.7098214285714286,1.2767857142857142,100
1117656.5580357143,2005.875,43.142857142857146,2.013392857142857,1.3303571428571428,3.044642857142857,1.4910714285714286,1.7098214285714286,1.2767857142857142,136
1117656.5580357143,2005.875,43.142857142857146,2.013392857142857,1.3303571428571428,3.044642857142857,1.4910714285714286,1.7098214285714286,1.2767857142857142,119
1117656.5580357143,2005.875,43.142857142857146,2.013392857142857,1.3303571428571428,3.044642857142857,1.4910714285714286,1.7098214285714286,1.2767857142857142,55
1117656.5580357143,2005.875,43.142857142857146,2.013392857142857,1.3303571428571428,3.044642857142857,1.4910714285714286,1.7098214285714286,1.2767857142857142,96
1117656.5580357143,2005.875,43.142857142857146,2.013392857142857,1.3303571428571428,3.044642857142857,1.4910714285714286,1.7098214285714286,1.2767857142857142,127
1117656.5580357143,2005.875,43.142857142857146,2.013392857142857,1.3303571428571428,3.044642857142857,1.4910714285714286,1.7098214285714286,1.2767857142857142,97
1117656.5580357143,2005.875,43.142857142857146,2.013392857142857,1.3303571428571428,3.044642857142857,1.4910714285714286,1.7098214285714286,1.2767857142857142,79
1117656.5580357143,2005.875,43.142857142857146,2.013392857142857,1.3303571428571428,3.044642857142857,1.4910714285714286,1.7098214285714286,1.2767857142857142,85
1117656.5580357143,2005.875,43.142857142857146,2.013392857142857,1.3303571428571428,3.044642857142857,1.4910714285714286,1.7098214285714286,1.2767857142857142,155
1117656.5580357143,2005.875,43.142857142857146,2.013392857142857,1.3303571428571428,3.044642857142857,1.4910714285714286,1.7098214285714286,1.2767857142857142,89
1117656.5580357143,2005.875,43.142857142857146,2.013392857142857,1.3303571428571428,3.044642857142857,1.4910714285714286,1.7098214285714286,1.2767857142857142,166
1117656.5580357143,2005.875,43.142857142857146,2.013392857142857,1.3303571428571428,3.044642857142857,1.4910714285714286,1.7098214285714286,1.2767857142857142,131
1117656.5580357143,2005.875,43.142857142857146,2.013392857142857,1.3303571428571428,3.044642857142857,1.4910714285714286,1.7098214285714286,1.2767857142857142,88
1117656.5580357143,2005.875,43.142857142857146,2.013392857142857,1.3303571428571428,3.044642857142857,1.4910714285714286,1.7098214285714286,1.2767857142857142,103
1117656.5580357143,2005.875,43.142857142857146,2.013392857142857,1.3303571428571428,3.044642857142857,1.4910714285714286,1.7098214285714286,1.2767857142857142,64
1117656.5580357143,2005.875,43.142857142857146,2.013392857142857,1.3303571428571428,3.044642857142857,1.4910714285714286,1.7098214285714286,1.2767857142857142,177
1117656.5580357143,2005.875,43.142857142857146,2.013392857142857,1.3303571428571428,3.044642857142857,1.4910714285714286,1.7098214285714286,1.2767857142857142,148
1117656.5580357143,2005.875,43.142857142857146,2.013392857142857,1.3303571428571428,3.044642857142857,1.4910714285714286,1.7098214285714286,1.2767857142857142,102
1117656.5580357143,2005.875,43.142857142857146,2.013392857142857,1.3303571428571428,3.044642857142857,1.4910714285714286,1.7098214285714286,1.2767857142857142,93
1117656.5580357143,2005.875,43.142857142857146,2.013392857142857,1.3303571428571428,3.044642857142857,1.4910714285714286,1.7098214285714286,1.2767857142857142,142
1117656.5580357143,2005.875,43.142857142857146,2.013392857142857,1.3303571428571428,3.044642857142857,1.4910714285714286,1.7098214285714286,1.2767857142857142,80
1117656.5580357143,2005.875,43.142857142857146,2.013392857142857,1.3303571428571428,3.044642857142857,1.4910714285714286,1.7098214285714286,1.2767857142857142,189
1117656.5580357143,2005.875,43.142857142857146,2.013392857142857,1.3303571428571428,3.044642857142857,1.4910714285714286,1.7098214285714286,1.2767857142857142,115
1117656.5580357143,2005.875,43.142857142857146,2.013392857142857,1.3303571428571428,3.044642857142857,1.4910714285714286,1.7098214285714286,1.2767857142857142,121
1117656.5580357143,2005.875,43.142857142857146,2.013392857142857,1.3303571428571428,3.044642857142857,1.4910714285714286,1.7098214285714286,1.2767857142857142,145
1117656.5580357143,2005.875,43.142857142857146,2.013392857142857,1.3303571428571428,3.044642857142857,1.4910714285714286,1.7098214285714286,1.2767857142857142,93
1117656.5580357143,2005.875,43.142857142857146,2.013392857142857,1.3303571428571428,3.044642857142857,1.4910714285714286,1.7098214285714286,1.2767857142857142,73
1117656.5580357143,2005.875,43.142857142857146,2.013392857142857,1.3303571428571428,3.044642857142857,1.4910714285714286,1.7098214285714286,1.2767857142857142,63
1117656.5580357143,2005.875,43.142857142857146,2.013392857142857,1.3303571428571428,3.044642857142857,1.4910714285714286,1.7098214285714286,1.2767857142857142,277
1117656.5580357143,2005.875,43.142857142857146,2.013392857142857,1.3303571428571428,3.044642857142857,1.4910714285714286,1.7098214285714286,1.2767857142857142,192
1117656.5580357143,2005.875,43.142857142857146,2.013392857142857,1.3303571428571428,3.044642857142857,1.4910714285714286,1.7098214285714286,1.2767857142857142,126
1117656.5580357143,2005.875,43.142857142857146,2.013392857142857,1.3303571428571428,3.044642857142857,1.4910714285714286,1.7098214285714286,1.2767857142857142,282
1117656.5580357143,2005.875,43.142857142857146,2.013392857142857,1.3303571428571428,3.044642857142857,1.4910714285714286,1.7098214285714286,1.2767857142857142,74
1117656.5580357143,2005.875,43.142857142857146,2.013392857142857,1.3303571428571428,3.044642857142857,1.4910714285714286,1.7098214285714286,1.2767857142857142,101
1117656.5580357143,2005.875,43.142857142857146,2.013392857142857,1.3303571428571428,3.044642857142857,1.4910714285714286,1.7098214285714286,1.2767857142857142,111
1117656.5580357143,2005.875,43.142857142857146,2.013392857142857,1.3303571428571428,3.044642857142857,1.4910714285714286,1.7098214285714286,1.2767857142857142,131
1117656.5580357143,2005.875,43.142857142857146,2.013392857142857,1.3303571428571428,3.044642857142857,1.4910714285714286,1.7098214285714286,1.2767857142857142,119
1117656.5580357143,2005.875,43.142857142857146,2.013392857142857,1.3303571428571428,3.044642857142857,1.4910714285714286,1.7098214285714286,1.2767857142857142,94
1117656.5580357143,2005.875,43.142857142857146,2.013392857142857,1.3303571428571428,3.044642857142857,1.4910714285714286,1.7098214285714286,1.2767857142857142,90
1117656.5580357143,2005.875,43.142857142857146,2.013392857142857,1.3303571428571428,3.044642857142857,1.4910714285714286,1.7098214285714286,1.2767857142857142,97
1117656.5580357143,2005.875,43.142857142857146,2.013392857142857,1.3303571428571428,3.044642857142857,1.4910714285714286,1.7098214285714286,1.2767857142857142,50
1117656.5580357143,2005.875,43.142857142857146,2.013392857142857,1.3303571428571428,3.044642857142857,1.4910714285714286,1.7098214285714286,1.2767857142857142,70
1117656.5580357143,2005.875,43.142857142857146,2.013392857142857,1.3303571428571428,3.044642857142857,1.4910714285714286,1.7098214285714286,1.2767857142857142,100
1117656.5580357143,2005.875,43.142857142857146,2.013392857142857,1.3303571428571428,3.044642857142857,1.4910714285714286,1.7098214285714286,1.2767857142857142,88
1117656.5580357143,2005.875,43.142857142857146,2.013392857142857,1.3303571428571428,3.044642857142857,1.4910714285714286,1.7098214285714286,1.2767857142857142,110
1117656.5580357143,2005.875,43.142857142857146,2.013392857142857,1.3303571428571428,3.044642857142857,1.4910714285714286,1.7098214285714286,1.2767857142857142,143
1117656.5580357143,2005.875,43.142857142857146,2.013392857142857,1.3303571428571428,3.044642857142857,1.4910714285714286,1.7098214285714286,1.2767857142857142,102
1117656.5580357143,2005.875,43.142857142857146,2.013392857142857,1.3303571428571428,3.044642857142857,1.4910714285714286,1.7098214285714286,1.2767857142857142,158
1117656.5580357143,2005.875,43.142857142857146,2.013392857142857,1.3303571428571428,3.044642857142857,1.4910714285714286,1.7098214285714286,1.2767857142857142,77
1117656.5580357143,2005.875,43.142857142857146,2.013392857142857,1.3303571428571428,3.044642857142857,1.4910714285714286,1.7098214285714286,1.2767857142857142,268
1117656.5580357143,2005.875,43.142857142857146,2.013392857142857,1.3303571428571428,3.044642857142857,1.4910714285714286,1.7098214285714286,1.2767857142857142,177
1117656.5580357143,2005.875,43.142857142857146,2.013392857142857,1.3303571428571428,3.044642857142857,1.4910714285714286,1.7098214285714286,1.2767857142857142,85
1117656.5580357143,2005.875,43.142857142857146,2.013392857142857,1.3303571428571428,3.044642857142857,1.4910714285714286,1.7098214285714286,1.2767857142857142,117
1117656.5580357143,2005.875,43.142857142857146,2.013392857142857,1.3303571428571428,3.044642857142857,1.4910714285714286,1.7098214285714286,1.2767857142857142,127
1117656.5580357143,2005.875,43.142857142857146,2.013392857142857,1.3303571428571428,3.044642857142857,1.4910714285714286,1.7098214285714286,1.2767857142857142,142
1117656.5580357143,2005.875,43.142857142857146,2.013392857142857,1.3303571428571428,3.044642857142857,1.4910714285714286,1.7098214285714286,1.2767857142857142,152
1117656.5580357143,2005.875,43.142857142857146,2.013392857142857,1.3303571428571428,3.044642857142857,1.4910714285714286,1.7098214285714286,1.2767857142857142,78
1117656.5580357143,2005.875,43.142857142857146,2.013392857142857,1.3303571428571428,3.044642857142857,1.4910714285714286,1.7098214285714286,1.2767857142857142,81
1117656.5580357143,2005.875,43.142857142857146,2.013392857142857,1.3303571428571428,3.044642857142857,1.4910714285714286,1.7098214285714286,1.2767857142857142,48
1117656.5580357143,2005.875,43.142857142857146,2.013392857142857,1.3303571428571428,3.044642857142857,1.4910714285714286,1.7098214285714286,1.2767857142857142,100
1117656.5580357143,2005.875,43.142857142857146,2.013392857142857,1.3303571428571428,3.044642857142857,1.4910714285714286,1.7098214285714286,1.2767857142857142,47
1117656.5580357143,2005.875,43.142857142857146,2.013392857142857,1.3303571428571428,3.044642857142857,1.4910714285714286,1.7098214285714286,1.2767857142857142,84
1117656.5580357143,2005.875,43.142857142857146,2.013392857142857,1.3303571428571428,3.044642857142857,1.4910714285714286,1.7098214285714286,1.2767857142857142,94
1117656.5580357143,2005.875,43.142857142857146,2.013392857142857,1.3303571428571428,3.044642857142857,1.4910714285714286,1.7098214285714286,1.2767857142857142,77
1117656.5580357143,2005.875,43.142857142857146,2.013392857142857,1.3303571428571428,3.044642857142857,1.4910714285714286,1.7098214285714286,1.2767857142857142,74
1117656.5580357143,2005.875,43.142857142857146,2.013392857142857,1.3303571428571428,3.044642857142857,1.4910714285714286,1.7098214285714286,1.2767857142857142,145
1117656.5580357143,2005.875,43.142857142857146,2.013392857142857,1.3303571428571428,3.044642857142857,1.4910714285714286,1.7098214285714286,1.2767857142857142,119
1117656.5580357143,2005.875,43.142857142857146,2.013392857142857,1.3303571428571428,3.044642857142857,1.4910714285714286,1.7098214285714286,1.2767857142857142,105
1117656.5580357143,2005.875,43.142857142857146,2.013392857142857,1.3303571428571428,3.044642857142857,1.4910714285714286,1.7098214285714286,1.2767857142857142,78
1117656.5580357143,2005.875,43.142857142857146,2.013392857142857,1.3303571428571428,3.044642857142857,1.4910714285714286,1.7098214285714286,1.2767857142857142,90
1117656.5580357143,2005.875,43.142857142857146,2.013392857142857,1.3303571428571428,3.044642857142857,1.4910714285714286,1.7098214285714286,1.2767857142857142,88
1117656.5580357143,2005.875,43.142857142857146,2.013392857142857,1.3303571428571428,3.044642857142857,1.4910714285714286,1.7098214285714286,1.2767857142857142,135
1117656.5580357143,2005.875,43.142857142857146,2.013392857142857,1.3303571428571428,3.044642857142857,1.4910714285714286,1.7098214285714286,1.2767857142857142,70
1117656.5580357143,2005.875,43.142857142857146,2.013392857142857,1.3303571428571428,3.044642857142857,1.4910714285714286,1.7098214285714286,1.2767857142857142,110
1117656.5580357143,2005.875,43.142857142857146,2.013392857142857,1.3303571428571428,3.044642857142857,1.4910714285714286,1.7098214285714286,1.2767857142857142,60
1117656.5580357143,2005.875,43.142857142857146,2.013392857142857,1.3303571428571428,3.044642857142857,1.4910714285714286,1.7098214285714286,1.2767857142857142,177
1117656.5580357143,2005.875,43.142857142857146,2.013392857142857,1.3303571428571428,3.044642857142857,1.4910714285714286,1.7098214285714286,1.2767857142857142,121
1117656.5580357143,2005.875,43.142857142857146,2.013392857142857,1.3303571428571428,3.044642857142857,1.4910714285714286,1.7098214285714286,1.2767857142857142,138
1117656.5580357143,2005.875,43.142857142857146,2.013392857142857,1.3303571428571428,3.044642857142857,1.4910714285714286,1.7098214285714286,1.2767857142857142,117
1117656.5580357143,2005.875,43.142857142857146,2.013392857142857,1.3303571428571428,3.044642857142857,1.4910714285714286,1.7098214285714286,1.2767857142857142,65
1117656.5580357143,2005.875,43.142857142857146,2.013392857142857,1.3303571428571428,3.044642857142857,1.4910714285714286,1.7098214285714286,1.2767857142857142,122
1117656.5580357143,2005.875,43.142857142857146,2.013392857142857,1.3303571428571428,3.044642857142857,1.4910714285714286,1.7098214285714286,1.2767857142857142,268
1117656.5580357143,2005.875,43.142857142857146,2.013392857142857,1.3303571428571428,3.044642857142857,1.4910714285714286,1.7098214285714286,1.2767857142857142,40
1117656.5580357143,2005.875,43.142857142857146,2.013392857142857,1.3303571428571428,3.044642857142857,1.4910714285714286,1.7098214285714286,1.2767857142857142,110
1117656.5580357143,2005.875,43.142857142857146,2.013392857142857,1.3303571428571428,3.044642857142857,1.4910714285714286,1.7098214285714286,1.2767857142857142,84
1117656.5580357143,2005.875,43.142857142857146,2.013392857142857,1.3303571428571428,3.044642857142857,1.4910714285714286,1.7098214285714286,1.2767857142857142,139
1117656.5580357143,2005.875,43.142857142857146,2.013392857142857,1.3303571428571428,3.044642857142857,1.4910714285714286,1.7098214285714286,1.2767857142857142,129
1117656.5580357143,2005.875,43.142857142857146,2.013392857142857,1.3303571428571428,3.044642857142857,1.4910714285714286,1.7098214285714286,1.2767857142857142,92
1117656.5580357143,2005.875,43.142857142857146,2.013392857142857,1.3303571428571428,3.044642857142857,1.4910714285714286,1.7098214285714286,1.2767857142857142,172
1117656.5580357143,2005.875,43.142857142857146,2.013392857142857,1.3303571428571428,3.044642857142857,1.4910714285714286,1.7098214285714286,1.2767857142857142,108
1117656.5580357143,2005.875,43.142857142857146,2.013392857142857,1.3303571428571428,3.044642857142857,1.4910714285714286,1.7098214285714286,1.2767857142857142,272
1117656.5580357143,2005.875,43.142857142857146,2.013392857142857,1.3303571428571428,3.044642857142857,1.4910714285714286,1.7098214285714286,1.2767857142857142,105
1117656.5580357143,2005.875,43.142857142857146,2.013392857142857,1.3303571428571428,3.044642857142857,1.4910714285714286,1.7098214285714286,1.2767857142857142,94
1117656.5580357143,2005.875,43.142857142857146,2.013392857142857,1.3303571428571428,3.044642857142857,1.4910714285714286,1.7098214285714286,1.2767857142857142,100
1117656.5580357143,2005.875,43.142857142857146,2.013392857142857,1.3303571428571428,3.044642857142857,1.4910714285714286,1.7098214285714286,1.2767857142857142,135
1117656.5580357143,2005.875,43.142857142857146,2.013392857142857,1.3303571428571428,3.044642857142857,1.4910714285714286,1.7098214285714286,1.2767857142857142,138
1117656.5580357143,2005.875,43.142857142857146,2.013392857142857,1.3303571428571428,3.044642857142857,1.4910714285714286,1.7098214285714286,1.2767857142857142,182
1117656.5580357143,2005.875,43.142857142857146,2.013392857142857,1.3303571428571428,3.044642857142857,1.4910714285714286,1.7098214285714286,1.2767857142857142,125
1117656.5580357143,2005.875,43.142857142857146,2.013392857142857,1.3303571428571428,3.044642857142857,1.4910714285714286,1.7098214285714286,1.2767857142857142,67
1117656.5580357143,2005.875,43.142857142857146,2.013392857142857,1.3303571428571428,3.044642857142857,1.4910714285714286,1.7098214285714286,1.2767857142857142,140
1117656.5580357143,2005.875,43.142857142857146,2.013392857142857,1.3303571428571428,3.044642857142857,1.4910714285714286,1.7098214285714286,1.2767857142857142,88
1117656.5580357143,2005.875,43.142857142857146,2.013392857142857,1.3303571428571428,3.044642857142857,1.4910714285714286,1.7098214285714286,1.2767857142857142,119
1117656.5580357143,2005.875,43.142857142857146,2.013392857142857,1.3303571428571428,3.044642857142857,1.4910714285714286,1.7098214285714286,1.2767857142857142,74
1117656.5580357143,2005.875,43.142857142857146,2.013392857142857,1.3303571428571428,3.044642857142857,1.4910714285714286,1.7098214285714286,1.2767857142857142,120
1117656.5580357143,2005.875,43.142857142857146,2.013392857142857,1.3303571428571428,3.044642857142857,1.4910714285714286,1.7098214285714286,1.2767857142857142,65
1117656.5580357143,2005.875,43.142857142857146,2.013392857142857,1.3303571428571428,3.044642857142857,1.4910714285714286,1.7098214285714286,1.2767857142857142,81
1117656.5580357143,2005.875,43.142857142857146,2.013392857142857,1.3303571428571428,3.044642857142857,1.4910714285714286,1.7098214285714286,1.2767857142857142,114
1117656.5580357143,2005.875,43.142857142857146,2.013392857142857,1.3303571428571428,3.044642857142857,1.4910714285714286,1.7098214285714286,1.2767857142857142,144
1117656.5580357143,2005.875,43.142857142857146,2.013392857142857,1.3303571428571428,3.044642857142857,1.4910714285714286,1.7098214285714286,1.2767857142857142,114
1117656.5580357143,2005.875,43.142857142857146,2.013392857142857,1.3303571428571428,3.044642857142857,1.4910714285714286,1.7098214285714286,1.2767857142857142,132
1117656.5580357143,2005.875,43.142857142857146,2.013392857142857,1.3303571428571428,3.044642857142857,1.4910714285714286,1.7098214285714286,1.2767857142857142,118
1117656.5580357143,2005.875,43.142857142857146,2.013392857142857,1.3303571428571428,3.044642857142857,1.4910714285714286,1.7098214285714286,1.2767857142857142,129
1117656.5580357143,2005.875,43.142857142857146,2.013392857142857,1.3303571428571428,3.044642857142857,1.4910714285714286,1.7098214285714286,1.2767857142857142,148
1117656.5580357143,2005.875,43.142857142857146,2.013392857142857,1.3303571428571428,3.044642857142857,1.4910714285714286,1.7098214285714286,1.2767857142857142,92
1117656.5580357143,2005.875,43.142857142857146,2.013392857142857,1.3303571428571428,3.044642857142857,1.4910714285714286,1.7098214285714286,1.2767857142857142,108
1117656.5580357143,2005.875,43.142857142857146,2.013392857142857,1.3303571428571428,3.044642857142857,1.4910714285714286,1.7098214285714286,1.2767857142857142,106
1117656.5580357143,2005.875,43.142857142857146,2.013392857142857,1.3303571428571428,3.044642857142857,1.4910714285714286,1.7098214285714286,1.2767857142857142,83
1117656.5580357143,2005.875,43.142857142857146,2.013392857142857,1.3303571428571428,3.044642857142857,1.4910714285714286,1.7098214285714286,1.2767857142857142,57
1117656.5580357143,2005.875,43.142857142857146,2.013392857142857,1.3303571428571428,3.044642857142857,1.4910714285714286,1.7098214285714286,1.2767857142857142,107
1117656.5580357143,2005.875,43.142857142857146,2.013392857142857,1.3303571428571428,3.044642857142857,1.4910714285714286,1.7098214285714286,1.2767857142857142,99
1117656.5580357143,2005.875,43.142857142857146,2.013392857142857,1.3303571428571428,3.044642857142857,1.4910714285714286,1.7098214285714286,1.2767857142857142,100
1117656.5580357143,2005.875,43.142857142857146,2.013392857142857,1.3303571428571428,3.044642857142857,1.4910714285714286,1.7098214285714286,1.2767857142857142,110
1117656.5580357143,2005.875,43.142857142857146,2.013392857142857,1.3303571428571428,3.044642857142857,1.4910714285714286,1.7098214285714286,1.2767857142857142,88
1117656.5580357143,2005.875,43.142857142857146,2.013392857142857,1.3303571428571428,3.044642857142857,1.4910714285714286,1.7098214285714286,1.2767857142857142,161
1117656.5580357143,2005.875,43.142857142857146,2.013392857142857,1.3303571428571428,3.044642857142857,1.4910714285714286,1.7098214285714286,1.2767857142857142,94
1117656.5580357143,2005.875,43.142857142857146,2.013392857142857,1.3303571428571428,3.044642857142857,1.4910714285714286,1.7098214285714286,1.2767857142857142,75
1117656.5580357143,2005.875,43.142857142857146,2.013392857142857,1.3303571428571428,3.044642857142857,1.4910714285714286,1.7098214285714286,1.2767857142857142,69
1117656.5580357143,2005.875,43.142857142857146,2.013392857142857,1.3303571428571428,3.044642857142857,1.4910714285714286,1.7098214285714286,1.2767857142857142,62
1117656.5580357143,2005.875,43.142857142857146,2.013392857142857,1.3303571428571428,3.044642857142857,1.4910714285714286,1.7098214285714286,1.2767857142857142,74
1117656.5580357143,2005.875,43.142857142857146,2.013392857142857,1.3303571428571428,3.044642857142857,1.4910714285714286,1.7098214285714286,1.2767857142857142,81
1117656.5580357143,2005.875,43.142857142857146,2.013392857142857,1.3303571428571428,3.044642857142857,1.4910714285714286,1.7098214285714286,1.2767857142857142,71
1117656.5580357143,2005.875,43.142857142857146,2.013392857142857,1.3303571428571428,3.044642857142857,1.4910714285714286,1.7098214285714286,1.2767857142857142,105
1117656.5580357143,2005.875,43.142857142857146,2.013392857142857,1.3303571428571428,3.044642857142857,1.4910714285714286,1.7098214285714286,1.2767857142857142,170
1117656.5580357143,2005.875,43.142857142857146,2.013392857142857,1.3303571428571428,3.044642857142857,1.4910714285714286,1.7098214285714286,1.2767857142857142,65
1117656.5580357143,2005.875,43.142857142857146,2.013392857142857,1.3303571428571428,3.044642857142857,1.4910714285714286,1.7098214285714286,1.2767857142857142,119
1117656.5580357143,2005.875,43.142857142857146,2.013392857142857,1.3303571428571428,3.044642857142857,1.4910714285714286,1.7098214285714286,1.2767857142857142,135
1117656.5580357143,2005.875,43.142857142857146,2.013392857142857,1.3303571428571428,3.044642857142857,1.4910714285714286,1.7098214285714286,1.2767857142857142,72
1117656.5580357143,2005.875,43.142857142857146,2.013392857142857,1.3303571428571428,3.044642857142857,1.4910714285714286,1.7098214285714286,1.2767857142857142,100
1117656.5580357143,2005.875,43.142857142857146,2.013392857142857,1.3303571428571428,3.044642857142857,1.4910714285714286,1.7098214285714286,1.2767857142857142,74
1117656.5580357143,2005.875,43.142857142857146,2.013392857142857,1.3303571428571428,3.044642857142857,1.4910714285714286,1.7098214285714286,1.2767857142857142,146
1117656.5580357143,2005.875,43.142857142857146,2.013392857142857,1.3303571428571428,3.044642857142857,1.4910714285714286,1.7098214285714286,1.2767857142857142,114
1117656.5580357143,2005.875,43.142857142857146,2.013392857142857,1.3303571428571428,3.044642857142857,1.4910714285714286,1.7098214285714286,1.2767857142857142,94
1117656.5580357143,2005.875,43.142857142857146,2.013392857142857,1.3303571428571428,3.044642857142857,1.4910714285714286,1.7098214285714286,1.2767857142857142,153
1117656.5580357143,2005.875,43.142857142857146,2.013392857142857,1.3303571428571428,3.044642857142857,1.4910714285714286,1.7098214285714286,1.2767857142857142,164
1117656.5580357143,2005.875,43.142857142857146,2.013392857142857,1.3303571428571428,3.044642857142857,1.4910714285714286,1.7098214285714286,1.2767857142857142,106
1117656.5580357143,2005.875,43.142857142857146,2.013392857142857,1.3303571428571428,3.044642857142857,1.4910714285714286,1.7098214285714286,1.2767857142857142,105
1117656.5580357143,2005.875,43.142857142857146,2.013392857142857,1.3303571428571428,3.044642857142857,1.4910714285714286,1.7098214285714286,1.2767857142857142,124
1117656.5580357143,2005.875,43.142857142857146,2.013392857142857,1.3303571428571428,3.044642857142857,1.4910714285714286,1.7098214285714286,1.2767857142857142,107
1117656.5580357143,2005.875,43.142857142857146,2.013392857142857,1.3303571428571428,3.044642857142857,1.4910714285714286,1.7098214285714286,1.2767857142857142,123
1117656.5580357143,2005.875,43.142857142857146,2.013392857142857,1.3303571428571428,3.044642857142857,1.4910714285714286,1.7098214285714286,1.2767857142857142,148
1117656.5580357143,2005.875,43.142857142857146,2.013392857142857,1.3303571428571428,3.044642857142857,1.4910714285714286,1.7098214285714286,1.2767857142857142,109
1117656.5580357143,2005.875,43.142857142857146,2.013392857142857,1.3303571428571428,3.044642857142857,1.4910714285714286,1.7098214285714286,1.2767857142857142,119
1117656.5580357143,2005.875,43.142857142857146,2.013392857142857,1.3303571428571428,3.044642857142857,1.4910714285714286,1.7098214285714286,1.2767857142857142,88
1117656.5580357143,2005.875,43.142857142857146,2.013392857142857,1.3303571428571428,3.044642857142857,1.4910714285714286,1.7098214285714286,1.2767857142857142,129
1117656.5580357143,2005.875,43.142857142857146,2.013392857142857,1.3303571428571428,3.044642857142857,1.4910714285714286,1.7098214285714286,1.2767857142857142,75
1117656.5580357143,2005.875,43.142857142857146,2.013392857142857,1.3303571428571428,3.044642857142857,1.4910714285714286,1.7098214285714286,1.2767857142857142,83
1117656.5580357143,2005.875,43.142857142857146,2.013392857142857,1.3303571428571428,3.044642857142857,1.4910714285714286,1.7098214285714286,1.2767857142857142,110
1117656.5580357143,2005.875,43.142857142857146,2.013392857142857,1.3303571428571428,3.044642857142857,1.4910714285714286,1.7098214285714286,1.2767857142857142,187
1117656.5580357143,2005.875,43.142857142857146,2.013392857142857,1.3303571428571428,3.044642857142857,1.4910714285714286,1.7098214285714286,1.2767857142857142,72
1117656.5580357143,2005.875,43.142857142857146,2.013392857142857,1.3303571428571428,3.044642857142857,1.4910714285714286,1.7098214285714286,1.2767857142857142,201
1117656.5580357143,2005.875,43.142857142857146,2.013392857142857,1.3303571428571428,3.044642857142857,1.4910714285714286,1.7098214285714286,1.2767857142857142,81
1117656.5580357143,2005.875,43.142857142857146,2.013392857142857,1.3303571428571428,3.044642857142857,1.4910714285714286,1.7098214285714286,1.2767857142857142,35
1117656.5580357143,2005.875,43.142857142857146,2.013392857142857,1.3303571428571428,3.044642857142857,1.4910714285714286,1.7098214285714286,1.2767857142857142,161
1117656.5580357143,2005.875,43.142857142857146,2.013392857142857,1.3303571428571428,3.044642857142857,1.4910714285714286,1.7098214285714286,1.2767857142857142,68
1117656.5580357143,2005.875,43.142857142857146,2.013392857142857,1.3303571428571428,3.044642857142857,1.4910714285714286,1.7098214285714286,1.2767857142857142,95
1117656.5580357143,2005.875,43.142857142857146,2.013392857142857,1.3303571428571428,3.044642857142857,1.4910714285714286,1.7098214285714286,1.2767857142857142,119
1117656.5580357143,2005.875,43.142857142857146,2.013392857142857,1.3303571428571428,3.044642857142857,1.4910714285714286,1.7098214285714286,1.2767857142857142,127
1117656.5580357143,2005.875,43.142857142857146,2.013392857142857,1.3303571428571428,3.044642857142857,1.4910714285714286,1.7098214285714286,1.2767857142857142,161
1117656.5580357143,2005.875,43.142857142857146,2.013392857142857,1.3303571428571428,3.044642857142857,1.4910714285714286,1.7098214285714286,1.2767857142857142,66
1117656.5580357143,2005.875,43.142857142857146,2.013392857142857,1.3303571428571428,3.044642857142857,1.4910714285714286,1.7098214285714286,1.2767857142857142,83
1117656.5580357143,2005.875,43.142857142857146,2.013392857142857,1.3303571428571428,3.044642857142857,1.4910714285714286,1.7098214285714286,1.2767857142857142,123
1117656.5580357143,2005.875,43.142857142857146,2.013392857142857,1.3303571428571428,3.044642857142857,1.4910714285714286,1.7098214285714286,1.2767857142857142,114
1117656.5580357143,2005.875,43.142857142857146,2.013392857142857,1.3303571428571428,3.044642857142857,1.4910714285714286,1.7098214285714286,1.2767857142857142,105
1117656.5580357143,2005.875,43.142857142857146,2.013392857142857,1.3303571428571428,3.044642857142857,1.4910714285714286,1.7098214285714286,1.2767857142857142,75
1117656.5580357143,2005.875,43.142857142857146,2.013392857142857,1.3303571428571428,3.044642857142857,1.4910714285714286,1.7098214285714286,1.2767857142857142,94
1117656.5580357143,2005.875,43.142857142857146,2.013392857142857,1.3303571428571428,3.044642857142857,1.4910714285714286,1.7098214285714286,1.2767857142857142,147
1117656.5580357143,2005.875,43.142857142857146,2.013392857142857,1.3303571428571428,3.044642857142857,1.4910714285714286,1.7098214285714286,1.2767857142857142,76
1117656.5580357143,2005.875,43.142857142857146,2.013392857142857,1.3303571428571428,3.044642857142857,1.4910714285714286,1.7098214285714286,1.2767857142857142,148
1117656.5580357143,2005.875,43.142857142857146,2.013392857142857,1.3303571428571428,3.044642857142857,1.4910714285714286,1.7098214285714286,1.2767857142857142,61
1117656.5580357143,2005.875,43.142857142857146,2.013392857142857,1.3303571428571428,3.044642857142857,1.4910714285714286,1.7098214285714286,1.2767857142857142,196
1117656.5580357143,2005.875,43.142857142857146,2.013392857142857,1.3303571428571428,3.044642857142857,1.4910714285714286,1.7098214285714286,1.2767857142857142,59
1117656.5580357143,2005.875,43.142857142857146,2.013392857142857,1.3303571428571428,3.044642857142857,1.4910714285714286,1.7098214285714286,1.2767857142857142,56
1117656.5580357143,2005.875,43.142857142857146,2.013392857142857,1.3303571428571428,3.044642857142857,1.4910714285714286,1.7098214285714286,1.2767857142857142,100
1117656.5580357143,2005.875,43.142857142857146,2.013392857142857,1.3303571428571428,3.044642857142857,1.4910714285714286,1.7098214285714286,1.2767857142857142,81
1117656.5580357143,2005.875,43.142857142857146,2.013392857142857,1.3303571428571428,3.044642857142857,1.4910714285714286,1.7098214285714286,1.2767857142857142,112
1117656.5580357143,2005.875,43.142857142857146,2.013392857142857,1.3303571428571428,3.044642857142857,1.4910714285714286,1.7098214285714286,1.2767857142857142,110
1117656.5580357143,2005.875,43.142857142857146,2.013392857142857,1.3303571428571428,3.044642857142857,1.4910714285714286,1.7098214285714286,1.2767857142857142,116
1117656.5580357143,2005.875,43.142857142857146,2.013392857142857,1.3303571428571428,3.044642857142857,1.4910714285714286,1.7098214285714286,1.2767857142857142,110
1117656.5580357143,2005.875,43.142857142857146,2.013392857142857,1.3303571428571428,3.044642857142857,1.4910714285714286,1.7098214285714286,1.2767857142857142,97
1117656.5580357143,2005.875,43.142857142857146,2.013392857142857,1.3303571428571428,3.044642857142857,1.4910714285714286,1.7098214285714286,1.2767857142857142,95
1117656.5580357143,2005.875,43.142857142857146,2.013392857142857,1.3303571428571428,3.044642857142857,1.4910714285714286,1.7098214285714286,1.2767857142857142,112
1117656.5580357143,2005.875,43.142857142857146,2.013392857142857,1.3303571428571428,3.044642857142857,1.4910714285714286,1.7098214285714286,1.2767857142857142,137
1117656.5580357143,2005.875,43.142857142857146,2.013392857142857,1.3303571428571428,3.044642857142857,1.4910714285714286,1.7098214285714286,1.2767857142857142,278
1117656.5580357143,2005.875,43.142857142857146,2.013392857142857,1.3303571428571428,3.044642857142857,1.4910714285714286,1.7098214285714286,1.2767857142857142,115
1117656.5580357143,2005.875,43.142857142857146,2.013392857142857,1.3303571428571428,3.044642857142857,1.4910714285714286,1.7098214285714286,1.2767857142857142,88
1117656.5580357143,2005.875,43.142857142857146,2.013392857142857,1.3303571428571428,3.044642857142857,1.4910714285714286,1.7098214285714286,1.2767857142857142,27
1117656.5580357143,2005.875,43.142857142857146,2.013392857142857,1.3303571428571428,3.044642857142857,1.4910714285714286,1.7098214285714286,1.2767857142857142,44
1117656.5580357143,2005.875,43.142857142857146,2.013392857142857,1.3303571428571428,3.044642857142857,1.4910714285714286,1.7098214285714286,1.2767857142857142,80
1117656.5580357143,2005.875,43.142857142857146,2.013392857142857,1.3303571428571428,3.044642857142857,1.4910714285714286,1.7098214285714286,1.2767857142857142,134
1117656.5580357143,2005.875,43.142857142857146,2.013392857142857,1.3303571428571428,3.044642857142857,1.4910714285714286,1.7098214285714286,1.2767857142857142,119
1117656.5580357143,2005.875,43.142857142857146,2.013392857142857,1.3303571428571428,3.044642857142857,1.4910714285714286,1.7098214285714286,1.2767857142857142,82
1117656.5580357143,2005.875,43.142857142857146,2.013392857142857,1.3303571428571428,3.044642857142857,1.4910714285714286,1.7098214285714286,1.2767857142857142,155
1117656.5580357143,2005.875,43.142857142857146,2.013392857142857,1.3303571428571428,3.044642857142857,1.4910714285714286,1.7098214285714286,1.2767857142857142,127
1117656.5580357143,2005.875,43.142857142857146,2.013392857142857,1.3303571428571428,3.044642857142857,1.4910714285714286,1.7098214285714286,1.2767857142857142,133
1117656.5580357143,2005.875,43.142857142857146,2.013392857142857,1.3303571428571428,3.044642857142857,1.4910714285714286,1.7098214285714286,1.2767857142857142,142
1117656.5580357143,2005.875,43.142857142857146,2.013392857142857,1.3303571428571428,3.044642857142857,1.4910714285714286,1.7098214285714286,1.2767857142857142,113
1117656.5580357143,2005.875,43.142857142857146,2.013392857142857,1.3303571428571428,3.044642857142857,1.4910714285714286,1.7098214285714286,1.2767857142857142,55
1117656.5580357143,2005.875,43.142857142857146,2.013392857142857,1.3303571428571428,3.044642857142857,1.4910714285714286,1.7098214285714286,1.2767857142857142,123
1117656.5580357143,2005.875,43.142857142857146,2.013392857142857,1.3303571428571428,3.044642857142857,1.4910714285714286,1.7098214285714286,1.2767857142857142,89
1117656.5580357143,2005.875,43.142857142857146,2.013392857142857,1.3303571428571428,3.044642857142857,1.4910714285714286,1.7098214285714286,1.2767857142857142,128
1117656.5580357143,2005.875,43.142857142857146,2.013392857142857,1.3303571428571428,3.044642857142857,1.4910714285714286,1.7098214285714286,1.2767857142857142,87
1117656.5580357143,2005.875,43.142857142857146,2.013392857142857,1.3303571428571428,3.044642857142857,1.4910714285714286,1.7098214285714286,1.2767857142857142,103
1117656.5580357143,2005.875,43.142857142857146,2.013392857142857,1.3303571428571428,3.044642857142857,1.4910714285714286,1.7098214285714286,1.2767857142857142,102
1117656.5580357143,2005.875,43.142857142857146,2.013392857142857,1.3303571428571428,3.044642857142857,1.4910714285714286,1.7098214285714286,1.2767857142857142,114
1117656.5580357143,2005.875,43.142857142857146,2.013392857142857,1.3303571428571428,3.044642857142857,1.4910714285714286,1.7098214285714286,1.2767857142857142,32
1117656.5580357143,2005.875,43.142857142857146,2.013392857142857,1.3303571428571428,3.044642857142857,1.4910714285714286,1.7098214285714286,1.2767857142857142,150
1117656.5580357143,2005.875,43.142857142857146,2.013392857142857,1.3303571428571428,3.044642857142857,1.4910714285714286,1.7098214285714286,1.2767857142857142,85
1117656.5580357143,2005.875,43.142857142857146,2.013392857142857,1.3303571428571428,3.044642857142857,1.4910714285714286,1.7098214285714286,1.2767857142857142,131
1117656.5580357143,2005.875,43.142857142857146,2.013392857142857,1.3303571428571428,3.044642857142857,1.4910714285714286,1.7098214285714286,1.2767857142857142,148
1117656.5580357143,2005.875,43.142857142857146,2.013392857142857,1.3303571428571428,3.044642857142857,1.4910714285714286,1.7098214285714286,1.2767857142857142,104
1117656.5580357143,2005.875,43.142857142857146,2.013392857142857,1.3303571428571428,3.044642857142857,1.4910714285714286,1.7098214285714286,1.2767857142857142,81
1117656.5580357143,2005.875,43.142857142857146,2.013392857142857,1.3303571428571428,3.044642857142857,1.4910714285714286,1.7098214285714286,1.2767857142857142,100
1117656.5580357143,2005.875,43.142857142857146,2.013392857142857,1.3303571428571428,3.044642857142857,1.4910714285714286,1.7098214285714286,1.2767857142857142,52
1007906.0742574257,2005.6831683168316,42.49009900990099,1.9108910891089108,1.2376237623762376,2.9752475247524752,1.4257425742574257,1.7079207920792079,1.2920792079207921,81
1007906.0742574257,2005.6831683168316,42.49009900990099,1.9108910891089108,1.2376237623762376,2.9752475247524752,1.4257425742574257,1.7079207920792079,1.2920792079207921,74
1007906.0742574257,2005.6831683168316,42.49009900990099,1.9108910891089108,1.2376237623762376,2.9752475247524752,1.4257425742574257,1.7079207920792079,1.2920792079207921,277
1007906.0742574257,2005.6831683168316,42.49009900990099,1.9108910891089108,1.2376237623762376,2.9752475247524752,1.4257425742574257,1.7079207920792079,1.2920792079207921,158
1007906.0742574257,2005.6831683168316,42.49009900990099,1.9108910891089108,1.2376237623762376,2.9752475247524752,1.4257425742574257,1.7079207920792079,1.2920792079207921,127
1007906.0742574257,2005.6831683168316,42.49009900990099,1.9108910891089108,1.2376237623762376,2.9752475247524752,1.4257425742574257,1.7079207920792079,1.2920792079207921,110
1007906.0742574257,2005.6831683168316,42.49009900990099,1.9108910891089108,1.2376237623762376,2.9752475247524752,1.4257425742574257,1.7079207920792079,1.2920792079207921,282
1007906.0742574257,2005.6831683168316,42.49009900990099,1.9108910891089108,1.2376237623762376,2.9752475247524752,1.4257425742574257,1.7079207920792079,1.2920792079207921,121
1007906.0742574257,2005.6831683168316,42.49009900990099,1.9108910891089108,1.2376237623762376,2.9752475247524752,1.4257425742574257,1.7079207920792079,1.2920792079207921,100
1007906.0742574257,2005.6831683168316,42.49009900990099,1.9108910891089108,1.2376237623762376,2.9752475247524752,1.4257425742574257,1.7079207920792079,1.2920792079207921,108
1007906.0742574257,2005.6831683168316,42.49009900990099,1.9108910891089108,1.2376237623762376,2.9752475247524752,1.4257425742574257,1.7079207920792079,1.2920792079207921,94
1007906.0742574257,2005.6831683168316,42.49009900990099,1.9108910891089108,1.2376237623762376,2.9752475247524752,1.4257425742574257,1.7079207920792079,1.2920792079207921,143
1007906.0742574257,2005.6831683168316,42.49009900990099,1.9108910891089108,1.2376237623762376,2.9752475247524752,1.4257425742574257,1.7079207920792079,1.2920792079207921,84
1007906.0742574257,2005.6831683168316,42.49009900990099,1.9108910891089108,1.2376237623762376,2.9752475247524752,1.4257425742574257,1.7079207920792079,1.2920792079207921,138
1007906.0742574257,2005.6831683168316,42.49009900990099,1.9108910891089108,1.2376237623762376,2.9752475247524752,1.4257425742574257,1.7079207920792079,1.2920792079207921,152
1007906.0742574257,2005.6831683168316,42.49009900990099,1.9108910891089108,1.2376237623762376,2.9752475247524752,1.4257425742574257,1.7079207920792079,1.2920792079207921,129
1007906.0742574257,2005.6831683168316,42.49009900990099,1.9108910891089108,1.2376237623762376,2.9752475247524752,1.4257425742574257,1.7079207920792079,1.2920792079207921,119
1007906.0742574257,2005.6831683168316,42.49009900990099,1.9108910891089108,1.2376237623762376,2.9752475247524752,1.4257425742574257,1.7079207920792079,1.2920792079207921,105
1007906.0742574257,2005.6831683168316,42.49009900990099,1.9108910891089108,1.2376237623762376,2.9752475247524752,1.4257425742574257,1.7079207920792079,1.2920792079207921,92
1007906.0742574257,2005.6831683168316,42.49009900990099,1.9108910891089108,1.2376237623762376,2.9752475247524752,1.4257425742574257,1.7079207920792079,1.2920792079207921,100
1007906.0742574257,2005.6831683168316,42.49009900990099,1.9108910891089108,1.2376237623762376,2.9752475247524752,1.4257425742574257,1.7079207920792079,1.2920792079207921,140
1007906.0742574257,2005.6831683168316,42.49009900990099,1.9108910891089108,1.2376237623762376,2.9752475247524752,1.4257425742574257,1.7079207920792079,1.2920792079207921,114
1007906.0742574257,2005.6831683168316,42.49009900990099,1.9108910891089108,1.2376237623762376,2.9752475247524752,1.4257425742574257,1.7079207920792079,1.2920792079207921,48
1007906.0742574257,2005.6831683168316,42.49009900990099,1.9108910891089108,1.2376237623762376,2.9752475247524752,1.4257425742574257,1.7079207920792079,1.2920792079207921,161
1007906.0742574257,2005.6831683168316,42.49009900990099,1.9108910891089108,1.2376237623762376,2.9752475247524752,1.4257425742574257,1.7079207920792079,1.2920792079207921,75
1007906.0742574257,2005.6831683168316,42.49009900990099,1.9108910891089108,1.2376237623762376,2.9752475247524752,1.4257425742574257,1.7079207920792079,1.2920792079207921,81
1007906.0742574257,2005.6831683168316,42.49009900990099,1.9108910891089108,1.2376237623762376,2.9752475247524752,1.4257425742574257,1.7079207920792079,1.2920792079207921,67
1007906.0742574257,2005.6831683168316,42.49009900990099,1.9108910891089108,1.2376237623762376,2.9752475247524752,1.4257425742574257,1.7079207920792079,1.2920792079207921,138
1007906.0742574257,2005.6831683168316,42.49009900990099,1.9108910891089108,1.2376237623762376,2.9752475247524752,1.4257425742574257,1.7079207920792079,1.2920792079207921,272
1007906.0742574257,2005.6831683168316,42.49009900990099,1.9108910891089108,1.2376237623762376,2.9752475247524752,1.4257425742574257,1.7079207920792079,1.2920792079207921,129
1007906.0742574257,2005.6831683168316,42.49009900990099,1.9108910891089108,1.2376237623762376,2.9752475247524752,1.4257425742574257,1.7079207920792079,1.2920792079207921,144
1007906.0742574257,2005.6831683168316,42.49009900990099,1.9108910891089108,1.2376237623762376,2.9752475247524752,1.4257425742574257,1.7079207920792079,1.2920792079207921,60
1007906.0742574257,2005.6831683168316,42.49009900990099,1.9108910891089108,1.2376237623762376,2.9752475247524752,1.4257425742574257,1.7079207920792079,1.2920792079207921,105
1007906.0742574257,2005.6831683168316,42.49009900990099,1.9108910891089108,1.2376237623762376,2.9752475247524752,1.4257425742574257,1.7079207920792079,1.2920792079207921,127
1007906.0742574257,2005.6831683168316,42.49009900990099,1.9108910891089108,1.2376237623762376,2.9752475247524752,1.4257425742574257,1.7079207920792079,1.2920792079207921,40
1007906.0742574257,2005.6831683168316,42.49009900990099,1.9108910891089108,1.2376237623762376,2.9752475247524752,1.4257425742574257,1.7079207920792079,1.2920792079207921,119
1007906.0742574257,2005.6831683168316,42.49009900990099,1.9108910891089108,1.2376237623762376,2.9752475247524752,1.4257425742574257,1.7079207920792079,1.2920792079207921,74
1007906.0742574257,2005.6831683168316,42.49009900990099,1.9108910891089108,1.2376237623762376,2.9752475247524752,1.4257425742574257,1.7079207920792079,1.2920792079207921,83
1007906.0742574257,2005.6831683168316,42.49009900990099,1.9108910891089108,1.2376237623762376,2.9752475247524752,1.4257425742574257,1.7079207920792079,1.2920792079207921,131
1007906.0742574257,2005.6831683168316,42.49009900990099,1.9108910891089108,1.2376237623762376,2.9752475247524752,1.4257425742574257,1.7079207920792079,1.2920792079207921,88
1007906.0742574257,2005.6831683168316,42.49009900990099,1.9108910891089108,1.2376237623762376,2.9752475247524752,1.4257425742574257,1.7079207920792079,1.2920792079207921,84
1007906.0742574257,2005.6831683168316,42.49009900990099,1.9108910891089108,1.2376237623762376,2.9752475247524752,1.4257425742574257,1.7079207920792079,1.2920792079207921,119
1007906.0742574257,2005.6831683168316,42.49009900990099,1.9108910891089108,1.2376237623762376,2.9752475247524752,1.4257425742574257,1.7079207920792079,1.2920792079207921,115
1007906.0742574257,2005.6831683168316,42.49009900990099,1.9108910891089108,1.2376237623762376,2.9752475247524752,1.4257425742574257,1.7079207920792079,1.2920792079207921,88
1007906.0742574257,2005.6831683168316,42.49009900990099,1.9108910891089108,1.2376237623762376,2.9752475247524752,1.4257425742574257,1.7079207920792079,1.2920792079207921,71
1007906.0742574257,2005.6831683168316,42.49009900990099,1.9108910891089108,1.2376237623762376,2.9752475247524752,1.4257425742574257,1.7079207920792079,1.2920792079207921,129
1007906.0742574257,2005.6831683168316,42.49009900990099,1.9108910891089108,1.2376237623762376,2.9752475247524752,1.4257425742574257,1.7079207920792079,1.2920792079207921,131
1007906.0742574257,2005.6831683168316,42.49009900990099,1.9108910891089108,1.2376237623762376,2.9752475247524752,1.4257425742574257,1.7079207920792079,1.2920792079207921,172
1007906.0742574257,2005.6831683168316,42.49009900990099,1.9108910891089108,1.2376237623762376,2.9752475247524752,1.4257425742574257,1.7079207920792079,1.2920792079207921,83
1007906.0742574257,2005.6831683168316,42.49009900990099,1.9108910891089108,1.2376237623762376,2.9752475247524752,1.4257425742574257,1.7079207920792079,1.2920792079207921,100
1007906.0742574257,2005.6831683168316,42.49009900990099,1.9108910891089108,1.2376237623762376,2.9752475247524752,1.4257425742574257,1.7079207920792079,1.2920792079207921,99
1007906.0742574257,2005.6831683168316,42.49009900990099,1.9108910891089108,1.2376237623762376,2.9752475247524752,1.4257425742574257,1.7079207920792079,1.2920792079207921,139
1007906.0742574257,2005.6831683168316,42.49009900990099,1.9108910891089108,1.2376237623762376,2.9752475247524752,1.4257425742574257,1.7079207920792079,1.2920792079207921,110
1007906.0742574257,2005.6831683168316,42.49009900990099,1.9108910891089108,1.2376237623762376,2.9752475247524752,1.4257425742574257,1.7079207920792079,1.2920792079207921,161
1007906.0742574257,2005.6831683168316,42.49009900990099,1.9108910891089108,1.2376237623762376,2.9752475247524752,1.4257425742574257,1.7079207920792079,1.2920792079207921,74
1007906.0742574257,2005.6831683168316,42.49009900990099,1.9108910891089108,1.2376237623762376,2.9752475247524752,1.4257425742574257,1.7079207920792079,1.2920792079207921,182
1007906.0742574257,2005.6831683168316,42.49009900990099,1.9108910891089108,1.2376237623762376,2.9752475247524752,1.4257425742574257,1.7079207920792079,1.2920792079207921,69
1007906.0742574257,2005.6831683168316,42.49009900990099,1.9108910891089108,1.2376237623762376,2.9752475247524752,1.4257425742574257,1.7079207920792079,1.2920792079207921,123
1007906.0742574257,2005.6831683168316,42.49009900990099,1.9108910891089108,1.2376237623762376,2.9752475247524752,1.4257425742574257,1.7079207920792079,1.2920792079207921,148
1007906.0742574257,2005.6831683168316,42.49009900990099,1.9108910891089108,1.2376237623762376,2.9752475247524752,1.4257425742574257,1.7079207920792079,1.2920792079207921,106
1007906.0742574257,2005.6831683168316,42.49009900990099,1.9108910891089108,1.2376237623762376,2.9752475247524752,1.4257425742574257,1.7079207920792079,1.2920792079207921,72
1007906.0742574257,2005.6831683168316,42.49009900990099,1.9108910891089108,1.2376237623762376,2.9752475247524752,1.4257425742574257,1.7079207920792079,1.2920792079207921,75
1007906.0742574257,2005.6831683168316,42.49009900990099,1.9108910891089108,1.2376237623762376,2.9752475247524752,1.4257425742574257,1.7079207920792079,1.2920792079207921,132
1007906.0742574257,2005.6831683168316,42.49009900990099,1.9108910891089108,1.2376237623762376,2.9752475247524752,1.4257425742574257,1.7079207920792079,1.2920792079207921,125
1007906.0742574257,2005.6831683168316,42.49009900990099,1.9108910891089108,1.2376237623762376,2.9752475247524752,1.4257425742574257,1.7079207920792079,1.2920792079207921,112
1007906.0742574257,2005.6831683168316,42.49009900990099,1.9108910891089108,1.2376237623762376,2.9752475247524752,1.4257425742574257,1.7079207920792079,1.2920792079207921,114
1007906.0742574257,2005.6831683168316,42.49009900990099,1.9108910891089108,1.2376237623762376,2.9752475247524752,1.4257425742574257,1.7079207920792079,1.2920792079207921,155
1007906.0742574257,2005.6831683168316,42.49009900990099,1.9108910891089108,1.2376237623762376,2.9752475247524752,1.4257425742574257,1.7079207920792079,1.2920792079207921,81
1007906.0742574257,2005.6831683168316,42.49009900990099,1.9108910891089108,1.2376237623762376,2.9752475247524752,1.4257425742574257,1.7079207920792079,1.2920792079207921,95
1007906.0742574257,2005.6831683168316,42.49009900990099,1.9108910891089108,1.2376237623762376,2.9752475247524752,1.4257425742574257,1.7079207920792079,1.2920792079207921,131
1007906.0742574257,2005.6831683168316,42.49009900990099,1.9108910891089108,1.2376237623762376,2.9752475247524752,1.4257425742574257,1.7079207920792079,1.2920792079207921,123
1007906.0742574257,2005.6831683168316,42.49009900990099,1.9108910891089108,1.2376237623762376,2.9752475247524752,1.4257425742574257,1.7079207920792079,1.2920792079207921,110
1007906.0742574257,2005.6831683168316,42.49009900990099,1.9108910891089108,1.2376237623762376,2.9752475247524752,1.4257425742574257,1.7079207920792079,1.2920792079207921,118
1007906.0742574257,2005.6831683168316,42.49009900990099,1.9108910891089108,1.2376237623762376,2.9752475247524752,1.4257425742574257,1.7079207920792079,1.2920792079207921,94
1007906.0742574257,2005.6831683168316,42.49009900990099,1.9108910891089108,1.2376237623762376,2.9752475247524752,1.4257425742574257,1.7079207920792079,1.2920792079207921,148
1007906.0742574257,2005.6831683168316,42.49009900990099,1.9108910891089108,1.2376237623762376,2.9752475247524752,1.4257425742574257,1.7079207920792079,1.2920792079207921,80
1007906.0742574257,2005.6831683168316,42.49009900990099,1.9108910891089108,1.2376237623762376,2.9752475247524752,1.4257425742574257,1.7079207920792079,1.2920792079207921,88
1007906.0742574257,2005.6831683168316,42.49009900990099,1.9108910891089108,1.2376237623762376,2.9752475247524752,1.4257425742574257,1.7079207920792079,1.2920792079207921,72
1007906.0742574257,2005.6831683168316,42.49009900990099,1.9108910891089108,1.2376237623762376,2.9752475247524752,1.4257425742574257,1.7079207920792079,1.2920792079207921,62
1007906.0742574257,2005.6831683168316,42.49009900990099,1.9108910891089108,1.2376237623762376,2.9752475247524752,1.4257425742574257,1.7079207920792079,1.2920792079207921,201
1007906.0742574257,2005.6831683168316,42.49009900990099,1.9108910891089108,1.2376237623762376,2.9752475247524752,1.4257425742574257,1.7079207920792079,1.2920792079207921,100
1007906.0742574257,2005.6831683168316,42.49009900990099,1.9108910891089108,1.2376237623762376,2.9752475247524752,1.4257425742574257,1.7079207920792079,1.2920792079207921,119
1007906.0742574257,2005.6831683168316,42.49009900990099,1.9108910891089108,1.2376237623762376,2.9752475247524752,1.4257425742574257,1.7079207920792079,1.2920792079207921,112
1007906.0742574257,2005.6831683168316,42.49009900990099,1.9108910891089108,1.2376237623762376,2.9752475247524752,1.4257425742574257,1.7079207920792079,1.2920792079207921,109
1007906.0742574257,2005.6831683168316,42.49009900990099,1.9108910891089108,1.2376237623762376,2.9752475247524752,1.4257425742574257,1.7079207920792079,1.2920792079207921,106
1007906.0742574257,2005.6831683168316,42.49009900990099,1.9108910891089108,1.2376237623762376,2.9752475247524752,1.4257425742574257,1.7079207920792079,1.2920792079207921,57
1007906.0742574257,2005.6831683168316,42.49009900990099,1.9108910891089108,1.2376237623762376,2.9752475247524752,1.4257425742574257,1.7079207920792079,1.2920792079207921,81
1007906.0742574257,2005.6831683168316,42.49009900990099,1.9108910891089108,1.2376237623762376,2.9752475247524752,1.4257425742574257,1.7079207920792079,1.2920792079207921,74
1007906.0742574257,2005.6831683168316,42.49009900990099,1.9108910891089108,1.2376237623762376,2.9752475247524752,1.4257425742574257,1.7079207920792079,1.2920792079207921,114
1007906.0742574257,2005.6831683168316,42.49009900990099,1.9108910891089108,1.2376237623762376,2.9752475247524752,1.4257425742574257,1.7079207920792079,1.2920792079207921,89
1007906.0742574257,2005.6831683168316,42.49009900990099,1.9108910891089108,1.2376237623762376,2.9752475247524752,1.4257425742574257,1.7079207920792079,1.2920792079207921,164
1007906.0742574257,2005.6831683168316,42.49009900990099,1.9108910891089108,1.2376237623762376,2.9752475247524752,1.4257425742574257,1.7079207920792079,1.2920792079207921,95
1007906.0742574257,2005.6831683168316,42.49009900990099,1.9108910891089108,1.2376237623762376,2.9752475247524752,1.4257425742574257,1.7079207920792079,1.2920792079207921,83
1007906.0742574257,2005.6831683168316,42.49009900990099,1.9108910891089108,1.2376237623762376,2.9752475247524752,1.4257425742574257,1.7079207920792079,1.2920792079207921,100
1007906.0742574257,2005.6831683168316,42.49009900990099,1.9108910891089108,1.2376237623762376,2.9752475247524752,1.4257425742574257,1.7079207920792079,1.2920792079207921,85
1007906.0742574257,2005.6831683168316,42.49009900990099,1.9108910891089108,1.2376237623762376,2.9752475247524752,1.4257425742574257,1.7079207920792079,1.2920792079207921,124
1007906.0742574257,2005.6831683168316,42.49009900990099,1.9108910891089108,1.2376237623762376,2.9752475247524752,1.4257425742574257,1.7079207920792079,1.2920792079207921,35
1007906.0742574257,2005.6831683168316,42.49009900990099,1.9108910891089108,1.2376237623762376,2.9752475247524752,1.4257425742574257,1.7079207920792079,1.2920792079207921,93
1007906.0742574257,2005.6831683168316,42.49009900990099,1.9108910891089108,1.2376237623762376,2.9752475247524752,1.4257425742574257,1.7079207920792079,1.2920792079207921,68
1007906.0742574257,2005.6831683168316,42.49009900990099,1.9108910891089108,1.2376237623762376,2.9752475247524752,1.4257425742574257,1.7079207920792079,1.2920792079207921,65
1007906.0742574257,2005.6831683168316,42.49009900990099,1.9108910891089108,1.2376237623762376,2.9752475247524752,1.4257425742574257,1.7079207920792079,1.2920792079207921,148
1007906.0742574257,2005.6831683168316,42.49009900990099,1.9108910891089108,1.2376237623762376,2.9752475247524752,1.4257425742574257,1.7079207920792079,1.2920792079207921,94
1007906.0742574257,2005.6831683168316,42.49009900990099,1.9108910891089108,1.2376237623762376,2.9752475247524752,1.4257425742574257,1.7079207920792079,1.2920792079207921,80
1007906.0742574257,2005.6831683168316,42.49009900990099,1.9108910891089108,1.2376237623762376,2.9752475247524752,1.4257425742574257,1.7079207920792079,1.2920792079207921,97
1007906.0742574257,2005.6831683168316,42.49009900990099,1.9108910891089108,1.2376237623762376,2.9752475247524752,1.4257425742574257,1.7079207920792079,1.2920792079207921,61
1007906.0742574257,2005.6831683168316,42.49009900990099,1.9108910891089108,1.2376237623762376,2.9752475247524752,1.4257425742574257,1.7079207920792079,1.2920792079207921,187
1007906.0742574257,2005.6831683168316,42.49009900990099,1.9108910891089108,1.2376237623762376,2.9752475247524752,1.4257425742574257,1.7079207920792079,1.2920792079207921,110
1007906.0742574257,2005.6831683168316,42.49009900990099,1.9108910891089108,1.2376237623762376,2.9752475247524752,1.4257425742574257,1.7079207920792079,1.2920792079207921,88
1007906.0742574257,2005.6831683168316,42.49009900990099,1.9108910891089108,1.2376237623762376,2.9752475247524752,1.4257425742574257,1.7079207920792079,1.2920792079207921,123
1007906.0742574257,2005.6831683168316,42.49009900990099,1.9108910891089108,1.2376237623762376,2.9752475247524752,1.4257425742574257,1.7079207920792079,1.2920792079207921,153
1007906.0742574257,2005.6831683168316,42.49009900990099,1.9108910891089108,1.2376237623762376,2.9752475247524752,1.4257425742574257,1.7079207920792079,1.2920792079207921,135
1007906.0742574257,2005.6831683168316,42.49009900990099,1.9108910891089108,1.2376237623762376,2.9752475247524752,1.4257425742574257,1.7079207920792079,1.2920792079207921,145
1007906.0742574257,2005.6831683168316,42.49009900990099,1.9108910891089108,1.2376237623762376,2.9752475247524752,1.4257425742574257,1.7079207920792079,1.2920792079207921,142
1007906.0742574257,2005.6831683168316,42.49009900990099,1.9108910891089108,1.2376237623762376,2.9752475247524752,1.4257425742574257,1.7079207920792079,1.2920792079207921,119
1007906.0742574257,2005.6831683168316,42.49009900990099,1.9108910891089108,1.2376237623762376,2.9752475247524752,1.4257425742574257,1.7079207920792079,1.2920792079207921,66
1007906.0742574257,2005.6831683168316,42.49009900990099,1.9108910891089108,1.2376237623762376,2.9752475247524752,1.4257425742574257,1.7079207920792079,1.2920792079207921,59
1007906.0742574257,2005.6831683168316,42.49009900990099,1.9108910891089108,1.2376237623762376,2.9752475247524752,1.4257425742574257,1.7079207920792079,1.2920792079207921,114
1007906.0742574257,2005.6831683168316,42.49009900990099,1.9108910891089108,1.2376237623762376,2.9752475247524752,1.4257425742574257,1.7079207920792079,1.2920792079207921,89
1007906.0742574257,2005.6831683168316,42.49009900990099,1.9108910891089108,1.2376237623762376,2.9752475247524752,1.4257425742574257,1.7079207920792079,1.2920792079207921,268
1007906.0742574257,2005.6831683168316,42.49009900990099,1.9108910891089108,1.2376237623762376,2.9752475247524752,1.4257425742574257,1.7079207920792079,1.2920792079207921,78
1007906.0742574257,2005.6831683168316,42.49009900990099,1.9108910891089108,1.2376237623762376,2.9752475247524752,1.4257425742574257,1.7079207920792079,1.2920792079207921,146
1007906.0742574257,2005.6831683168316,42.49009900990099,1.9108910891089108,1.2376237623762376,2.9752475247524752,1.4257425742574257,1.7079207920792079,1.2920792079207921,102
1007906.0742574257,2005.6831683168316,42.49009900990099,1.9108910891089108,1.2376237623762376,2.9752475247524752,1.4257425742574257,1.7079207920792079,1.2920792079207921,278
1007906.0742574257,2005.6831683168316,42.49009900990099,1.9108910891089108,1.2376237623762376,2.9752475247524752,1.4257425742574257,1.7079207920792079,1.2920792079207921,94
1007906.0742574257,2005.6831683168316,42.49009900990099,1.9108910891089108,1.2376237623762376,2.9752475247524752,1.4257425742574257,1.7079207920792079,1.2920792079207921,55
1007906.0742574257,2005.6831683168316,42.49009900990099,1.9108910891089108,1.2376237623762376,2.9752475247524752,1.4257425742574257,1.7079207920792079,1.2920792079207921,142
1007906.0742574257,2005.6831683168316,42.49009900990099,1.9108910891089108,1.2376237623762376,2.9752475247524752,1.4257425742574257,1.7079207920792079,1.2920792079207921,119
1007906.0742574257,2005.6831683168316,42.49009900990099,1.9108910891089108,1.2376237623762376,2.9752475247524752,1.4257425742574257,1.7079207920792079,1.2920792079207921,70
1007906.0742574257,2005.6831683168316,42.49009900990099,1.9108910891089108,1.2376237623762376,2.9752475247524752,1.4257425742574257,1.7079207920792079,1.2920792079207921,76
1007906.0742574257,2005.6831683168316,42.49009900990099,1.9108910891089108,1.2376237623762376,2.9752475247524752,1.4257425742574257,1.7079207920792079,1.2920792079207921,147
1007906.0742574257,2005.6831683168316,42.49009900990099,1.9108910891089108,1.2376237623762376,2.9752475247524752,1.4257425742574257,1.7079207920792079,1.2920792079207921,177
1007906.0742574257,2005.6831683168316,42.49009900990099,1.9108910891089108,1.2376237623762376,2.9752475247524752,1.4257425742574257,1.7079207920792079,1.2920792079207921,104
1007906.0742574257,2005.6831683168316,42.49009900990099,1.9108910891089108,1.2376237623762376,2.9752475247524752,1.4257425742574257,1.7079207920792079,1.2920792079207921,56
1007906.0742574257,2005.6831683168316,42.49009900990099,1.9108910891089108,1.2376237623762376,2.9752475247524752,1.4257425742574257,1.7079207920792079,1.2920792079207921,90
1007906.0742574257,2005.6831683168316,42.49009900990099,1.9108910891089108,1.2376237623762376,2.9752475247524752,1.4257425742574257,1.7079207920792079,1.2920792079207921,87
1007906.0742574257,2005.6831683168316,42.49009900990099,1.9108910891089108,1.2376237623762376,2.9752475247524752,1.4257425742574257,1.7079207920792079,1.2920792079207921,65
1007906.0742574257,2005.6831683168316,42.49009900990099,1.9108910891089108,1.2376237623762376,2.9752475247524752,1.4257425742574257,1.7079207920792079,1.2920792079207921,110
1007906.0742574257,2005.6831683168316,42.49009900990099,1.9108910891089108,1.2376237623762376,2.9752475247524752,1.4257425742574257,1.7079207920792079,1.2920792079207921,93
1007906.0742574257,2005.6831683168316,42.49009900990099,1.9108910891089108,1.2376237623762376,2.9752475247524752,1.4257425742574257,1.7079207920792079,1.2920792079207921,148
1007906.0742574257,2005.6831683168316,42.49009900990099,1.9108910891089108,1.2376237623762376,2.9752475247524752,1.4257425742574257,1.7079207920792079,1.2920792079207921,135
1007906.0742574257,2005.6831683168316,42.49009900990099,1.9108910891089108,1.2376237623762376,2.9752475247524752,1.4257425742574257,1.7079207920792079,1.2920792079207921,117
1007906.0742574257,2005.6831683168316,42.49009900990099,1.9108910891089108,1.2376237623762376,2.9752475247524752,1.4257425742574257,1.7079207920792079,1.2920792079207921,100
1007906.0742574257,2005.6831683168316,42.49009900990099,1.9108910891089108,1.2376237623762376,2.9752475247524752,1.4257425742574257,1.7079207920792079,1.2920792079207921,105
1007906.0742574257,2005.6831683168316,42.49009900990099,1.9108910891089108,1.2376237623762376,2.9752475247524752,1.4257425742574257,1.7079207920792079,1.2920792079207921,133
1007906.0742574257,2005.6831683168316,42.49009900990099,1.9108910891089108,1.2376237623762376,2.9752475247524752,1.4257425742574257,1.7079207920792079,1.2920792079207921,196
1007906.0742574257,2005.6831683168316,42.49009900990099,1.9108910891089108,1.2376237623762376,2.9752475247524752,1.4257425742574257,1.7079207920792079,1.2920792079207921,88
1007906.0742574257,2005.6831683168316,42.49009900990099,1.9108910891089108,1.2376237623762376,2.9752475247524752,1.4257425742574257,1.7079207920792079,1.2920792079207921,97
1007906.0742574257,2005.6831683168316,42.49009900990099,1.9108910891089108,1.2376237623762376,2.9752475247524752,1.4257425742574257,1.7079207920792079,1.2920792079207921,114
1007906.0742574257,2005.6831683168316,42.49009900990099,1.9108910891089108,1.2376237623762376,2.9752475247524752,1.4257425742574257,1.7079207920792079,1.2920792079207921,116
1007906.0742574257,2005.6831683168316,42.49009900990099,1.9108910891089108,1.2376237623762376,2.9752475247524752,1.4257425742574257,1.7079207920792079,1.2920792079207921,102
1007906.0742574257,2005.6831683168316,42.49009900990099,1.9108910891089108,1.2376237623762376,2.9752475247524752,1.4257425742574257,1.7079207920792079,1.2920792079207921,77
1007906.0742574257,2005.6831683168316,42.49009900990099,1.9108910891089108,1.2376237623762376,2.9752475247524752,1.4257425742574257,1.7079207920792079,1.2920792079207921,85
1007906.0742574257,2005.6831683168316,42.49009900990099,1.9108910891089108,1.2376237623762376,2.9752475247524752,1.4257425742574257,1.7079207920792079,1.2920792079207921,103
1007906.0742574257,2005.6831683168316,42.49009900990099,1.9108910891089108,1.2376237623762376,2.9752475247524752,1.4257425742574257,1.7079207920792079,1.2920792079207921,166
1007906.0742574257,2005.6831683168316,42.49009900990099,1.9108910891089108,1.2376237623762376,2.9752475247524752,1.4257425742574257,1.7079207920792079,1.2920792079207921,55
1007906.0742574257,2005.6831683168316,42.49009900990099,1.9108910891089108,1.2376237623762376,2.9752475247524752,1.4257425742574257,1.7079207920792079,1.2920792079207921,135
1007906.0742574257,2005.6831683168316,42.49009900990099,1.9108910891089108,1.2376237623762376,2.9752475247524752,1.4257425742574257,1.7079207920792079,1.2920792079207921,137
1007906.0742574257,2005.6831683168316,42.49009900990099,1.9108910891089108,1.2376237623762376,2.9752475247524752,1.4257425742574257,1.7079207920792079,1.2920792079207921,85
1007906.0742574257,2005.6831683168316,42.49009900990099,1.9108910891089108,1.2376237623762376,2.9752475247524752,1.4257425742574257,1.7079207920792079,1.2920792079207921,70
1007906.0742574257,2005.6831683168316,42.49009900990099,1.9108910891089108,1.2376237623762376,2.9752475247524752,1.4257425742574257,1.7079207920792079,1.2920792079207921,77
1007906.0742574257,2005.6831683168316,42.49009900990099,1.9108910891089108,1.2376237623762376,2.9752475247524752,1.4257425742574257,1.7079207920792079,1.2920792079207921,103
1007906.0742574257,2005.6831683168316,42.49009900990099,1.9108910891089108,1.2376237623762376,2.9752475247524752,1.4257425742574257,1.7079207920792079,1.2920792079207921,128
1007906.0742574257,2005.6831683168316,42.49009900990099,1.9108910891089108,1.2376237623762376,2.9752475247524752,1.4257425742574257,1.7079207920792079,1.2920792079207921,52
1007906.0742574257,2005.6831683168316,42.49009900990099,1.9108910891089108,1.2376237623762376,2.9752475247524752,1.4257425742574257,1.7079207920792079,1.2920792079207921,105
1007906.0742574257,2005.6831683168316,42.49009900990099,1.9108910891089108,1.2376237623762376,2.9752475247524752,1.4257425742574257,1.7079207920792079,1.2920792079207921,148
1007906.0742574257,2005.6831683168316,42.49009900990099,1.9108910891089108,1.2376237623762376,2.9752475247524752,1.4257425742574257,1.7079207920792079,1.2920792079207921,142
1007906.0742574257,2005.6831683168316,42.49009900990099,1.9108910891089108,1.2376237623762376,2.9752475247524752,1.4257425742574257,1.7079207920792079,1.2920792079207921,96
1007906.0742574257,2005.6831683168316,42.49009900990099,1.9108910891089108,1.2376237623762376,2.9752475247524752,1.4257425742574257,1.7079207920792079,1.2920792079207921,88
1007906.0742574257,2005.6831683168316,42.49009900990099,1.9108910891089108,1.2376237623762376,2.9752475247524752,1.4257425742574257,1.7079207920792079,1.2920792079207921,127
1007906.0742574257,2005.6831683168316,42.49009900990099,1.9108910891089108,1.2376237623762376,2.9752475247524752,1.4257425742574257,1.7079207920792079,1.2920792079207921,119
1007906.0742574257,2005.6831683168316,42.49009900990099,1.9108910891089108,1.2376237623762376,2.9752475247524752,1.4257425742574257,1.7079207920792079,1.2920792079207921,81
1007906.0742574257,2005.6831683168316,42.49009900990099,1.9108910891089108,1.2376237623762376,2.9752475247524752,1.4257425742574257,1.7079207920792079,1.2920792079207921,90
1007906.0742574257,2005.6831683168316,42.49009900990099,1.9108910891089108,1.2376237623762376,2.9752475247524752,1.4257425742574257,1.7079207920792079,1.2920792079207921,113
1007906.0742574257,2005.6831683168316,42.49009900990099,1.9108910891089108,1.2376237623762376,2.9752475247524752,1.4257425742574257,1.7079207920792079,1.2920792079207921,44
1007906.0742574257,2005.6831683168316,42.49009900990099,1.9108910891089108,1.2376237623762376,2.9752475247524752,1.4257425742574257,1.7079207920792079,1.2920792079207921,110
1007906.0742574257,2005.6831683168316,42.49009900990099,1.9108910891089108,1.2376237623762376,2.9752475247524752,1.4257425742574257,1.7079207920792079,1.2920792079207921,117
1007906.0742574257,2005.6831683168316,42.49009900990099,1.9108910891089108,1.2376237623762376,2.9752475247524752,1.4257425742574257,1.7079207920792079,1.2920792079207921,150
1007906.0742574257,2005.6831683168316,42.49009900990099,1.9108910891089108,1.2376237623762376,2.9752475247524752,1.4257425742574257,1.7079207920792079,1.2920792079207921,65
1007906.0742574257,2005.6831683168316,42.49009900990099,1.9108910891089108,1.2376237623762376,2.9752475247524752,1.4257425742574257,1.7079207920792079,1.2920792079207921,100
1007906.0742574257,2005.6831683168316,42.49009900990099,1.9108910891089108,1.2376237623762376,2.9752475247524752,1.4257425742574257,1.7079207920792079,1.2920792079207921,94
1007906.0742574257,2005.6831683168316,42.49009900990099,1.9108910891089108,1.2376237623762376,2.9752475247524752,1.4257425742574257,1.7079207920792079,1.2920792079207921,102
1007906.0742574257,2005.6831683168316,42.49009900990099,1.9108910891089108,1.2376237623762376,2.9752475247524752,1.4257425742574257,1.7079207920792079,1.2920792079207921,177
1007906.0742574257,2005.6831683168316,42.49009900990099,1.9108910891089108,1.2376237623762376,2.9752475247524752,1.4257425742574257,1.7079207920792079,1.2920792079207921,63
1007906.0742574257,2005.6831683168316,42.49009900990099,1.9108910891089108,1.2376237623762376,2.9752475247524752,1.4257425742574257,1.7079207920792079,1.2920792079207921,119
1007906.0742574257,2005.6831683168316,42.49009900990099,1.9108910891089108,1.2376237623762376,2.9752475247524752,1.4257425742574257,1.7079207920792079,1.2920792079207921,108
1007906.0742574257,2005.6831683168316,42.49009900990099,1.9108910891089108,1.2376237623762376,2.9752475247524752,1.4257425742574257,1.7079207920792079,1.2920792079207921,81
1007906.0742574257,2005.6831683168316,42.49009900990099,1.9108910891089108,1.2376237623762376,2.9752475247524752,1.4257425742574257,1.7079207920792079,1.2920792079207921,126
1007906.0742574257,2005.6831683168316,42.49009900990099,1.9108910891089108,1.2376237623762376,2.9752475247524752,1.4257425742574257,1.7079207920792079,1.2920792079207921,107
1007906.0742574257,2005.6831683168316,42.49009900990099,1.9108910891089108,1.2376237623762376,2.9752475247524752,1.4257425742574257,1.7079207920792079,1.2920792079207921,88
1007906.0742574257,2005.6831683168316,42.49009900990099,1.9108910891089108,1.2376237623762376,2.9752475247524752,1.4257425742574257,1.7079207920792079,1.2920792079207921,111
1007906.0742574257,2005.6831683168316,42.49009900990099,1.9108910891089108,1.2376237623762376,2.9752475247524752,1.4257425742574257,1.7079207920792079,1.2920792079207921,92
1007906.0742574257,2005.6831683168316,42.49009900990099,1.9108910891089108,1.2376237623762376,2.9752475247524752,1.4257425742574257,1.7079207920792079,1.2920792079207921,50
1007906.0742574257,2005.6831683168316,42.49009900990099,1.9108910891089108,1.2376237623762376,2.9752475247524752,1.4257425742574257,1.7079207920792079,1.2920792079207921,105
1007906.0742574257,2005.6831683168316,42.49009900990099,1.9108910891089108,1.2376237623762376,2.9752475247524752,1.4257425742574257,1.7079207920792079,1.2920792079207921,64
1007906.0742574257,2005.6831683168316,42.49009900990099,1.9108910891089108,1.2376237623762376,2.9752475247524752,1.4257425742574257,1.7079207920792079,1.2920792079207921,100
1007906.0742574257,2005.6831683168316,42.49009900990099,1.9108910891089108,1.2376237623762376,2.9752475247524752,1.4257425742574257,1.7079207920792079,1.2920792079207921,94
1007906.0742574257,2005.6831683168316,42.49009900990099,1.9108910891089108,1.2376237623762376,2.9752475247524752,1.4257425742574257,1.7079207920792079,1.2920792079207921,110
1007906.0742574257,2005.6831683168316,42.49009900990099,1.9108910891089108,1.2376237623762376,2.9752475247524752,1.4257425742574257,1.7079207920792079,1.2920792079207921,136
1007906.0742574257,2005.6831683168316,42.49009900990099,1.9108910891089108,1.2376237623762376,2.9752475247524752,1.4257425742574257,1.7079207920792079,1.2920792079207921,101
1007906.0742574257,2005.6831683168316,42.49009900990099,1.9108910891089108,1.2376237623762376,2.9752475247524752,1.4257425742574257,1.7079207920792079,1.2920792079207921,121
1007906.0742574257,2005.6831683168316,42.49009900990099,1.9108910891089108,1.2376237623762376,2.9752475247524752,1.4257425742574257,1.7079207920792079,1.2920792079207921,74
1007906.0742574257,2005.6831683168316,42.49009900990099,1.9108910891089108,1.2376237623762376,2.9752475247524752,1.4257425742574257,1.7079207920792079,1.2920792079207921,127
