1006100.4207119741,2005.7637540453075,41.29126213592233,1.9320388349514563,1.2653721682847896,3.1521035598705502,1.4595469255663431,1.7637540453074434,1.3268608414239482,123
1006100.4207119741,2005.7637540453075,41.29126213592233,1.9320388349514563,1.2653721682847896,3.1521035598705502,1.4595469255663431,1.7637540453074434,1.3268608414239482,71
1006100.4207119741,2005.7637540453075,41.29126213592233,1.9320388349514563,1.2653721682847896,3.1521035598705502,1.4595469255663431,1.7637540453074434,1.3268608414239482,131
1006100.4207119741,2005.7637540453075,41.29126213592233,1.9320388349514563,1.2653721682847896,3.1521035598705502,1.4595469255663431,1.7637540453074434,1.3268608414239482,139
1006100.4207119741,2005.7637540453075,41.29126213592233,1.9320388349514563,1.2653721682847896,3.1521035598705502,1.4595469255663431,1.7637540453074434,1.3268608414239482,127
1006100.4207119741,2005.7637540453075,41.29126213592233,1.9320388349514563,1.2653721682847896,3.1521035598705502,1.4595469255663431,1.7637540453074434,1.3268608414239482,106
1006100.4207119741,2005.7637540453075,41.29126213592233,1.9320388349514563,1.2653721682847896,3.1521035598705502,1.4595469255663431,1.7637540453074434,1.3268608414239482,77
1006100.4207119741,2005.7637540453075,41.29126213592233,1.9320388349514563,1.2653721682847896,3.1521035598705502,1.4595469255663431,1.7637540453074434,1.3268608414239482,88
1006100.4207119741,2005.7637540453075,41.29126213592233,1.9320388349514563,1.2653721682847896,3.1521035598705502,1.4595469255663431,1.7637540453074434,1.3268608414239482,81
1006100.4207119741,2005.7637540453075,41.29126213592233,1.9320388349514563,1.2653721682847896,3.1521035598705502,1.4595469255663431,1.7637540453074434,1.3268608414239482,100
1006100.4207119741,2005.7637540453075,41.29126213592233,1.9320388349514563,1.2653721682847896,3.1521035598705502,1.4595469255663431,1.7637540453074434,1.3268608414239482,119
1006100.4207119741,2005.7637540453075,41.29126213592233,1.9320388349514563,1.2653721682847896,3.1521035598705502,1.4595469255663431,1.7637540453074434,1.3268608414239482,105
1006100.4207119741,2005.7637540453075,41.29126213592233,1.9320388349514563,1.2653721682847896,3.1521035598705502,1.4595469255663431,1.7637540453074434,1.3268608414239482,74
1006100.4207119741,2005.7637540453075,41.29126213592233,1.9320388349514563,1.2653721682847896,3.1521035598705502,1.4595469255663431,1.7637540453074434,1.3268608414239482,68
1006100.4207119741,2005.7637540453075,41.29126213592233,1.9320388349514563,1.2653721682847896,3.1521035598705502,1.4595469255663431,1.7637540453074434,1.3268608414239482,65
1006100.4207119741,2005.7637540453075,41.29126213592233,1.9320388349514563,1.2653721682847896,3.1521035598705502,1.4595469255663431,1.7637540453074434,1.3268608414239482,129
1006100.4207119741,2005.7637540453075,41.29126213592233,1.9320388349514563,1.2653721682847896,3.1521035598705502,1.4595469255663431,1.7637540453074434,1.3268608414239482,95
1006100.4207119741,2005.7637540453075,41.29126213592233,1.9320388349514563,1.2653721682847896,3.1521035598705502,1.4595469255663431,1.7637540453074434,1.3268608414239482,72
1006100.4207119741,2005.7637540453075,41.29126213592233,1.9320388349514563,1.2653721682847896,3.1521035598705502,1.4595469255663431,1.7637540453074434,1.3268608414239482,100
1006100.4207119741,2005.7637540453075,41.29126213592233,1.9320388349514563,1.2653721682847896,3.1521035598705502,1.4595469255663431,1.7637540453074434,1.3268608414239482,132
1006100.4207119741,2005.7637540453075,41.29126213592233,1.9320388349514563,1.2653721682847896,3.1521035598705502,1.4595469255663431,1.7637540453074434,1.3268608414239482,119
1006100.4207119741,2005.7637540453075,41.29126213592233,1.9320388349514563,1.2653721682847896,3.1521035598705502,1.4595469255663431,1.7637540453074434,1.3268608414239482,118
1006100.4207119741,2005.7637540453075,41.29126213592233,1.9320388349514563,1.2653721682847896,3.1521035598705502,1.4595469255663431,1.7637540453074434,1.3268608414239482,99
1006100.4207119741,2005.7637540453075,41.29126213592233,1.9320388349514563,1.2653721682847896,3.1521035598705502,1.4595469255663431,1.7637540453074434,1.3268608414239482,83
1006100.4207119741,2005.7637540453075,41.29126213592233,1.9320388349514563,1.2653721682847896,3.1521035598705502,1.4595469255663431,1.7637540453074434,1.3268608414239482,85
1006100.4207119741,2005.7637540453075,41.29126213592233,1.9320388349514563,1.2653721682847896,3.1521035598705502,1.4595469255663431,1.7637540453074434,1.3268608414239482,125
1006100.4207119741,2005.7637540453075,41.29126213592233,1.9320388349514563,1.2653721682847896,3.1521035598705502,1.4595469255663431,1.7637540453074434,1.3268608414239482,142
1006100.4207119741,2005.7637540453075,41.29126213592233,1.9320388349514563,1.2653721682847896,3.1521035598705502,1.4595469255663431,1.7637540453074434,1.3268608414239482,135
1006100.4207119741,2005.7637540453075,41.29126213592233,1.9320388349514563,1.2653721682847896,3.1521035598705502,1.4595469255663431,1.7637540453074434,1.3268608414239482,148
1006100.4207119741,2005.7637540453075,41.29126213592233,1.9320388349514563,1.2653721682847896,3.1521035598705502,1.4595469255663431,1.7637540453074434,1.3268608414239482,57
1006100.4207119741,2005.7637540453075,41.29126213592233,1.9320388349514563,1.2653721682847896,3.1521035598705502,1.4595469255663431,1.7637540453074434,1.3268608414239482,102
1006100.4207119741,2005.7637540453075,41.29126213592233,1.9320388349514563,1.2653721682847896,3.1521035598705502,1.4595469255663431,1.7637540453074434,1.3268608414239482,97
1006100.4207119741,2005.7637540453075,41.29126213592233,1.9320388349514563,1.2653721682847896,3.1521035598705502,1.4595469255663431,1.7637540453074434,1.3268608414239482,108
1006100.4207119741,2005.7637540453075,41.29126213592233,1.9320388349514563,1.2653721682847896,3.1521035598705502,1.4595469255663431,1.7637540453074434,1.3268608414239482,177
1006100.4207119741,2005.7637540453075,41.29126213592233,1.9320388349514563,1.2653721682847896,3.1521035598705502,1.4595469255663431,1.7637540453074434,1.3268608414239482,114
1006100.4207119741,2005.7637540453075,41.29126213592233,1.9320388349514563,1.2653721682847896,3.1521035598705502,1.4595469255663431,1.7637540453074434,1.3268608414239482,110
1006100.4207119741,2005.7637540453075,41.29126213592233,1.9320388349514563,1.2653721682847896,3.1521035598705502,1.4595469255663431,1.7637540453074434,1.3268608414239482,124
1006100.4207119741,2005.7637540453075,41.29126213592233,1.9320388349514563,1.2653721682847896,3.1521035598705502,1.4595469255663431,1.7637540453074434,1.3268608414239482,94
1006100.4207119741,2005.7637540453075,41.29126213592233,1.9320388349514563,1.2653721682847896,3.1521035598705502,1.4595469255663431,1.7637540453074434,1.3268608414239482,93
1006100.4207119741,2005.7637540453075,41.29126213592233,1.9320388349514563,1.2653721682847896,3.1521035598705502,1.4595469255663431,1.7637540453074434,1.3268608414239482,182
1006100.4207119741,2005.7637540453075,41.29126213592233,1.9320388349514563,1.2653721682847896,3.1521035598705502,1.4595469255663431,1.7637540453074434,1.3268608414239482,110
1006100.4207119741,2005.7637540453075,41.29126213592233,1.9320388349514563,1.2653721682847896,3.1521035598705502,1.4595469255663431,1.7637540453074434,1.3268608414239482,107
1006100.4207119741,2005.7637540453075,41.29126213592233,1.9320388349514563,1.2653721682847896,3.1521035598705502,1.4595469255663431,1.7637540453074434,1.3268608414239482,123
1006100.4207119741,2005.7637540453075,41.29126213592233,1.9320388349514563,1.2653721682847896,3.1521035598705502,1.4595469255663431,1.7637540453074434,1.3268608414239482,85
1006100.4207119741,2005.7637540453075,41.29126213592233,1.9320388349514563,1.2653721682847896,3.1521035598705502,1.4595469255663431,1.7637540453074434,1.3268608414239482,103
1006100.4207119741,2005.7637540453075,41.29126213592233,1.9320388349514563,1.2653721682847896,3.1521035598705502,1.4595469255663431,1.7637540453074434,1.3268608414239482,105
1006100.4207119741,2005.7637540453075,41.29126213592233,1.9320388349514563,1.2653721682847896,3.1521035598705502,1.4595469255663431,1.7637540453074434,1.3268608414239482,131
1006100.4207119741,2005.7637540453075,41.29126213592233,1.9320388349514563,1.2653721682847896,3.1521035598705502,1.4595469255663431,1.7637540453074434,1.3268608414239482,127
1006100.4207119741,2005.7637540453075,41.29126213592233,1.9320388349514563,1.2653721682847896,3.1521035598705502,1.4595469255663431,1.7637540453074434,1.3268608414239482,83
1006100.4207119741,2005.7637540453075,41.29126213592233,1.9320388349514563,1.2653721682847896,3.1521035598705502,1.4595469255663431,1.7637540453074434,1.3268608414239482,100
1006100.4207119741,2005.7637540453075,41.29126213592233,1.9320388349514563,1.2653721682847896,3.1521035598705502,1.4595469255663431,1.7637540453074434,1.3268608414239482,72
1006100.4207119741,2005.7637540453075,41.29126213592233,1.9320388349514563,1.2653721682847896,3.1521035598705502,1.4595469255663431,1.7637540453074434,1.3268608414239482,65
1006100.4207119741,2005.7637540453075,41.29126213592233,1.9320388349514563,1.2653721682847896,3.1521035598705502,1.4595469255663431,1.7637540453074434,1.3268608414239482,94
1006100.4207119741,2005.7637540453075,41.29126213592233,1.9320388349514563,1.2653721682847896,3.1521035598705502,1.4595469255663431,1.7637540453074434,1.3268608414239482,96
1006100.4207119741,2005.7637540453075,41.29126213592233,1.9320388349514563,1.2653721682847896,3.1521035598705502,1.4595469255663431,1.7637540453074434,1.3268608414239482,94
1006100.4207119741,2005.7637540453075,41.29126213592233,1.9320388349514563,1.2653721682847896,3.1521035598705502,1.4595469255663431,1.7637540453074434,1.3268608414239482,77
1006100.4207119741,2005.7637540453075,41.29126213592233,1.9320388349514563,1.2653721682847896,3.1521035598705502,1.4595469255663431,1.7637540453074434,1.3268608414239482,177
1006100.4207119741,2005.7637540453075,41.29126213592233,1.9320388349514563,1.2653721682847896,3.1521035598705502,1.4595469255663431,1.7637540453074434,1.3268608414239482,74
1006100.4207119741,2005.7637540453075,41.29126213592233,1.9320388349514563,1.2653721682847896,3.1521035598705502,1.4595469255663431,1.7637540453074434,1.3268608414239482,142
1006100.4207119741,2005.7637540453075,41.29126213592233,1.9320388349514563,1.2653721682847896,3.1521035598705502,1.4595469255663431,1.7637540453074434,1.3268608414239482,97
1006100.4207119741,2005.7637540453075,41.29126213592233,1.9320388349514563,1.2653721682847896,3.1521035598705502,1.4595469255663431,1.7637540453074434,1.3268608414239482,89
1006100.4207119741,2005.7637540453075,41.29126213592233,1.9320388349514563,1.2653721682847896,3.1521035598705502,1.4595469255663431,1.7637540453074434,1.3268608414239482,110
1006100.4207119741,2005.7637540453075,41.29126213592233,1.9320388349514563,1.2653721682847896,3.1521035598705502,1.4595469255663431,1.7637540453074434,1.3268608414239482,106
1006100.4207119741,2005.7637540453075,41.29126213592233,1.9320388349514563,1.2653721682847896,3.1521035598705502,1.4595469255663431,1.7637540453074434,1.3268608414239482,80
1006100.4207119741,2005.7637540453075,41.29126213592233,1.9320388349514563,1.2653721682847896,3.1521035598705502,1.4595469255663431,1.7637540453074434,1.3268608414239482,119
1006100.4207119741,2005.7637540453075,41.29126213592233,1.9320388349514563,1.2653721682847896,3.1521035598705502,1.4595469255663431,1.7637540453074434,1.3268608414239482,93
1006100.4207119741,2005.7637540453075,41.29126213592233,1.9320388349514563,1.2653721682847896,3.1521035598705502,1.4595469255663431,1.7637540453074434,1.3268608414239482,148
1006100.4207119741,2005.7637540453075,41.29126213592233,1.9320388349514563,1.2653721682847896,3.1521035598705502,1.4595469255663431,1.7637540453074434,1.3268608414239482,95
1006100.4207119741,2005.7637540453075,41.29126213592233,1.9320388349514563,1.2653721682847896,3.1521035598705502,1.4595469255663431,1.7637540453074434,1.3268608414239482,164
1006100.4207119741,2005.7637540453075,41.29126213592233,1.9320388349514563,1.2653721682847896,3.1521035598705502,1.4595469255663431,1.7637540453074434,1.3268608414239482,114
1006100.4207119741,2005.7637540453075,41.29126213592233,1.9320388349514563,1.2653721682847896,3.1521035598705502,1.4595469255663431,1.7637540453074434,1.3268608414239482,102
1006100.4207119741,2005.7637540453075,41.29126213592233,1.9320388349514563,1.2653721682847896,3.1521035598705502,1.4595469255663431,1.7637540453074434,1.3268608414239482,74
1006100.4207119741,2005.7637540453075,41.29126213592233,1.9320388349514563,1.2653721682847896,3.1521035598705502,1.4595469255663431,1.7637540453074434,1.3268608414239482,107
1006100.4207119741,2005.7637540453075,41.29126213592233,1.9320388349514563,1.2653721682847896,3.1521035598705502,1.4595469255663431,1.7637540453074434,1.3268608414239482,81
1006100.4207119741,2005.7637540453075,41.29126213592233,1.9320388349514563,1.2653721682847896,3.1521035598705502,1.4595469255663431,1.7637540453074434,1.3268608414239482,88
1006100.4207119741,2005.7637540453075,41.29126213592233,1.9320388349514563,1.2653721682847896,3.1521035598705502,1.4595469255663431,1.7637540453074434,1.3268608414239482,110
1006100.4207119741,2005.7637540453075,41.29126213592233,1.9320388349514563,1.2653721682847896,3.1521035598705502,1.4595469255663431,1.7637540453074434,1.3268608414239482,148
1006100.4207119741,2005.7637540453075,41.29126213592233,1.9320388349514563,1.2653721682847896,3.1521035598705502,1.4595469255663431,1.7637540453074434,1.3268608414239482,135
1006100.4207119741,2005.7637540453075,41.29126213592233,1.9320388349514563,1.2653721682847896,3.1521035598705502,1.4595469255663431,1.7637540453074434,1.3268608414239482,108
1006100.4207119741,2005.7637540453075,41.29126213592233,1.9320388349514563,1.2653721682847896,3.1521035598705502,1.4595469255663431,1.7637540453074434,1.3268608414239482,55
1006100.4207119741,2005.7637540453075,41.29126213592233,1.9320388349514563,1.2653721682847896,3.1521035598705502,1.4595469255663431,1.7637540453074434,1.3268608414239482,119
1006100.4207119741,2005.7637540453075,41.29126213592233,1.9320388349514563,1.2653721682847896,3.1521035598705502,1.4595469255663431,1.7637540453074434,1.3268608414239482,101
1006100.4207119741,2005.7637540453075,41.29126213592233,1.9320388349514563,1.2653721682847896,3.1521035598705502,1.4595469255663431,1.7637540453074434,1.3268608414239482,126
1006100.4207119741,2005.7637540453075,41.29126213592233,1.9320388349514563,1.2653721682847896,3.1521035598705502,1.4595469255663431,1.7637540453074434,1.3268608414239482,114
1006100.4207119741,2005.7637540453075,41.29126213592233,1.9320388349514563,1.2653721682847896,3.1521035598705502,1.4595469255663431,1.7637540453074434,1.3268608414239482,81
1006100.4207119741,2005.7637540453075,41.29126213592233,1.9320388349514563,1.2653721682847896,3.1521035598705502,1.4595469255663431,1.7637540453074434,1.3268608414239482,77
1006100.4207119741,2005.7637540453075,41.29126213592233,1.9320388349514563,1.2653721682847896,3.1521035598705502,1.4595469255663431,1.7637540453074434,1.3268608414239482,94
1006100.4207119741,2005.7637540453075,41.29126213592233,1.9320388349514563,1.2653721682847896,3.1521035598705502,1.4595469255663431,1.7637540453074434,1.3268608414239482,94
1006100.4207119741,2005.7637540453075,41.29126213592233,1.9320388349514563,1.2653721682847896,3.1521035598705502,1.4595469255663431,1.7637540453074434,1.3268608414239482,65
1006100.4207119741,2005.7637540453075,41.29126213592233,1.9320388349514563,1.2653721682847896,3.1521035598705502,1.4595469255663431,1.7637540453074434,1.3268608414239482,88
1006100.4207119741,2005.7637540453075,41.29126213592233,1.9320388349514563,1.2653721682847896,3.1521035598705502,1.4595469255663431,1.7637540453074434,1.3268608414239482,119
1006100.4207119741,2005.7637540453075,41.29126213592233,1.9320388349514563,1.2653721682847896,3.1521035598705502,1.4595469255663431,1.7637540453074434,1.3268608414239482,148
1006100.4207119741,2005.7637540453075,41.29126213592233,1.9320388349514563,1.2653721682847896,3.1521035598705502,1.4595469255663431,1.7637540453074434,1.3268608414239482,100
1006100.4207119741,2005.7637540453075,41.29126213592233,1.9320388349514563,1.2653721682847896,3.1521035598705502,1.4595469255663431,1.7637540453074434,1.3268608414239482,61
1006100.4207119741,2005.7637540453075,41.29126213592233,1.9320388349514563,1.2653721682847896,3.1521035598705502,1.4595469255663431,1.7637540453074434,1.3268608414239482,110
1006100.4207119741,2005.7637540453075,41.29126213592233,1.9320388349514563,1.2653721682847896,3.1521035598705502,1.4595469255663431,1.7637540453074434,1.3268608414239482,142
1006100.4207119741,2005.7637540453075,41.29126213592233,1.9320388349514563,1.2653721682847896,3.1521035598705502,1.4595469255663431,1.7637540453074434,1.3268608414239482,85
1006100.4207119741,2005.7637540453075,41.29126213592233,1.9320388349514563,1.2653721682847896,3.1521035598705502,1.4595469255663431,1.7637540453074434,1.3268608414239482,88
1006100.4207119741,2005.7637540453075,41.29126213592233,1.9320388349514563,1.2653721682847896,3.1521035598705502,1.4595469255663431,1.7637540453074434,1.3268608414239482,80
1006100.4207119741,2005.7637540453075,41.29126213592233,1.9320388349514563,1.2653721682847896,3.1521035598705502,1.4595469255663431,1.7637540453074434,1.3268608414239482,148
1006100.4207119741,2005.7637540453075,41.29126213592233,1.9320388349514563,1.2653721682847896,3.1521035598705502,1.4595469255663431,1.7637540453074434,1.3268608414239482,55
1006100.4207119741,2005.7637540453075,41.29126213592233,1.9320388349514563,1.2653721682847896,3.1521035598705502,1.4595469255663431,1.7637540453074434,1.3268608414239482,89
1006100.4207119741,2005.7637540453075,41.29126213592233,1.9320388349514563,1.2653721682847896,3.1521035598705502,1.4595469255663431,1.7637540453074434,1.3268608414239482,177
1006100.4207119741,2005.7637540453075,41.29126213592233,1.9320388349514563,1.2653721682847896,3.1521035598705502,1.4595469255663431,1.7637540453074434,1.3268608414239482,76
1006100.4207119741,2005.7637540453075,41.29126213592233,1.9320388349514563,1.2653721682847896,3.1521035598705502,1.4595469255663431,1.7637540453074434,1.3268608414239482,100
1006100.4207119741,2005.7637540453075,41.29126213592233,1.9320388349514563,1.2653721682847896,3.1521035598705502,1.4595469255663431,1.7637540453074434,1.3268608414239482,123
1006100.4207119741,2005.7637540453075,41.29126213592233,1.9320388349514563,1.2653721682847896,3.1521035598705502,1.4595469255663431,1.7637540453074434,1.3268608414239482,96
1006100.4207119741,2005.7637540453075,41.29126213592233,1.9320388349514563,1.2653721682847896,3.1521035598705502,1.4595469255663431,1.7637540453074434,1.3268608414239482,135
1006100.4207119741,2005.7637540453075,41.29126213592233,1.9320388349514563,1.2653721682847896,3.1521035598705502,1.4595469255663431,1.7637540453074434,1.3268608414239482,74
1006100.4207119741,2005.7637540453075,41.29126213592233,1.9320388349514563,1.2653721682847896,3.1521035598705502,1.4595469255663431,1.7637540453074434,1.3268608414239482,44
1006100.4207119741,2005.7637540453075,41.29126213592233,1.9320388349514563,1.2653721682847896,3.1521035598705502,1.4595469255663431,1.7637540453074434,1.3268608414239482,66
1006100.4207119741,2005.7637540453075,41.29126213592233,1.9320388349514563,1.2653721682847896,3.1521035598705502,1.4595469255663431,1.7637540453074434,1.3268608414239482,95
1006100.4207119741,2005.7637540453075,41.29126213592233,1.9320388349514563,1.2653721682847896,3.1521035598705502,1.4595469255663431,1.7637540453074434,1.3268608414239482,114
1006100.4207119741,2005.7637540453075,41.29126213592233,1.9320388349514563,1.2653721682847896,3.1521035598705502,1.4595469255663431,1.7637540453074434,1.3268608414239482,103
1006100.4207119741,2005.7637540453075,41.29126213592233,1.9320388349514563,1.2653721682847896,3.1521035598705502,1.4595469255663431,1.7637540453074434,1.3268608414239482,105
1006100.4207119741,2005.7637540453075,41.29126213592233,1.9320388349514563,1.2653721682847896,3.1521035598705502,1.4595469255663431,1.7637540453074434,1.3268608414239482,92
1006100.4207119741,2005.7637540453075,41.29126213592233,1.9320388349514563,1.2653721682847896,3.1521035598705502,1.4595469255663431,1.7637540453074434,1.3268608414239482,97
1006100.4207119741,2005.7637540453075,41.29126213592233,1.9320388349514563,1.2653721682847896,3.1521035598705502,1.4595469255663431,1.7637540453074434,1.3268608414239482,138
1006100.4207119741,2005.7637540453075,41.29126213592233,1.9320388349514563,1.2653721682847896,3.1521035598705502,1.4595469255663431,1.7637540453074434,1.3268608414239482,119
1006100.4207119741,2005.7637540453075,41.29126213592233,1.9320388349514563,1.2653721682847896,3.1521035598705502,1.4595469255663431,1.7637540453074434,1.3268608414239482,102
1006100.4207119741,2005.7637540453075,41.29126213592233,1.9320388349514563,1.2653721682847896,3.1521035598705502,1.4595469255663431,1.7637540453074434,1.3268608414239482,105
1006100.4207119741,2005.7637540453075,41.29126213592233,1.9320388349514563,1.2653721682847896,3.1521035598705502,1.4595469255663431,1.7637540453074434,1.3268608414239482,128
1006100.4207119741,2005.7637540453075,41.29126213592233,1.9320388349514563,1.2653721682847896,3.1521035598705502,1.4595469255663431,1.7637540453074434,1.3268608414239482,155
1006100.4207119741,2005.7637540453075,41.29126213592233,1.9320388349514563,1.2653721682847896,3.1521035598705502,1.4595469255663431,1.7637540453074434,1.3268608414239482,105
1006100.4207119741,2005.7637540453075,41.29126213592233,1.9320388349514563,1.2653721682847896,3.1521035598705502,1.4595469255663431,1.7637540453074434,1.3268608414239482,136
1006100.4207119741,2005.7637540453075,41.29126213592233,1.9320388349514563,1.2653721682847896,3.1521035598705502,1.4595469255663431,1.7637540453074434,1.3268608414239482,100
1006100.4207119741,2005.7637540453075,41.29126213592233,1.9320388349514563,1.2653721682847896,3.1521035598705502,1.4595469255663431,1.7637540453074434,1.3268608414239482,55
1006100.4207119741,2005.7637540453075,41.29126213592233,1.9320388349514563,1.2653721682847896,3.1521035598705502,1.4595469255663431,1.7637540453074434,1.3268608414239482,101
1006100.4207119741,2005.7637540453075,41.29126213592233,1.9320388349514563,1.2653721682847896,3.1521035598705502,1.4595469255663431,1.7637540453074434,1.3268608414239482,65
1006100.4207119741,2005.7637540453075,41.29126213592233,1.9320388349514563,1.2653721682847896,3.1521035598705502,1.4595469255663431,1.7637540453074434,1.3268608414239482,114
1006100.4207119741,2005.7637540453075,41.29126213592233,1.9320388349514563,1.2653721682847896,3.1521035598705502,1.4595469255663431,1.7637540453074434,1.3268608414239482,126
1006100.4207119741,2005.7637540453075,41.29126213592233,1.9320388349514563,1.2653721682847896,3.1521035598705502,1.4595469255663431,1.7637540453074434,1.3268608414239482,100
1006100.4207119741,2005.7637540453075,41.29126213592233,1.9320388349514563,1.2653721682847896,3.1521035598705502,1.4595469255663431,1.7637540453074434,1.3268608414239482,85
1006100.4207119741,2005.7637540453075,41.29126213592233,1.9320388349514563,1.2653721682847896,3.1521035598705502,1.4595469255663431,1.7637540453074434,1.3268608414239482,142
1006100.4207119741,2005.7637540453075,41.29126213592233,1.9320388349514563,1.2653721682847896,3.1521035598705502,1.4595469255663431,1.7637540453074434,1.3268608414239482,90
1006100.4207119741,2005.7637540453075,41.29126213592233,1.9320388349514563,1.2653721682847896,3.1521035598705502,1.4595469255663431,1.7637540453074434,1.3268608414239482,89
1006100.4207119741,2005.7637540453075,41.29126213592233,1.9320388349514563,1.2653721682847896,3.1521035598705502,1.4595469255663431,1.7637540453074434,1.3268608414239482,80
1006100.4207119741,2005.7637540453075,41.29126213592233,1.9320388349514563,1.2653721682847896,3.1521035598705502,1.4595469255663431,1.7637540453074434,1.3268608414239482,70
1006100.4207119741,2005.7637540453075,41.29126213592233,1.9320388349514563,1.2653721682847896,3.1521035598705502,1.4595469255663431,1.7637540453074434,1.3268608414239482,88
1006100.4207119741,2005.7637540453075,41.29126213592233,1.9320388349514563,1.2653721682847896,3.1521035598705502,1.4595469255663431,1.7637540453074434,1.3268608414239482,148
1006100.4207119741,2005.7637540453075,41.29126213592233,1.9320388349514563,1.2653721682847896,3.1521035598705502,1.4595469255663431,1.7637540453074434,1.3268608414239482,74
1006100.4207119741,2005.7637540453075,41.29126213592233,1.9320388349514563,1.2653721682847896,3.1521035598705502,1.4595469255663431,1.7637540453074434,1.3268608414239482,116
1006100.4207119741,2005.7637540453075,41.29126213592233,1.9320388349514563,1.2653721682847896,3.1521035598705502,1.4595469255663431,1.7637540453074434,1.3268608414239482,177
1006100.4207119741,2005.7637540453075,41.29126213592233,1.9320388349514563,1.2653721682847896,3.1521035598705502,1.4595469255663431,1.7637540453074434,1.3268608414239482,69
1006100.4207119741,2005.7637540453075,41.29126213592233,1.9320388349514563,1.2653721682847896,3.1521035598705502,1.4595469255663431,1.7637540453074434,1.3268608414239482,119
1006100.4207119741,2005.7637540453075,41.29126213592233,1.9320388349514563,1.2653721682847896,3.1521035598705502,1.4595469255663431,1.7637540453074434,1.3268608414239482,127
1006100.4207119741,2005.7637540453075,41.29126213592233,1.9320388349514563,1.2653721682847896,3.1521035598705502,1.4595469255663431,1.7637540453074434,1.3268608414239482,103
1006100.4207119741,2005.7637540453075,41.29126213592233,1.9320388349514563,1.2653721682847896,3.1521035598705502,1.4595469255663431,1.7637540453074434,1.3268608414239482,92
1006100.4207119741,2005.7637540453075,41.29126213592233,1.9320388349514563,1.2653721682847896,3.1521035598705502,1.4595469255663431,1.7637540453074434,1.3268608414239482,102
1006100.4207119741,2005.7637540453075,41.29126213592233,1.9320388349514563,1.2653721682847896,3.1521035598705502,1.4595469255663431,1.7637540453074434,1.3268608414239482,115
1006100.4207119741,2005.7637540453075,41.29126213592233,1.9320388349514563,1.2653721682847896,3.1521035598705502,1.4595469255663431,1.7637540453074434,1.3268608414239482,88
1006100.4207119741,2005.7637540453075,41.29126213592233,1.9320388349514563,1.2653721682847896,3.1521035598705502,1.4595469255663431,1.7637540453074434,1.3268608414239482,110
1006100.4207119741,2005.7637540453075,41.29126213592233,1.9320388349514563,1.2653721682847896,3.1521035598705502,1.4595469255663431,1.7637540453074434,1.3268608414239482,81
1006100.4207119741,2005.7637540453075,41.29126213592233,1.9320388349514563,1.2653721682847896,3.1521035598705502,1.4595469255663431,1.7637540453074434,1.3268608414239482,123
1006100.4207119741,2005.7637540453075,41.29126213592233,1.9320388349514563,1.2653721682847896,3.1521035598705502,1.4595469255663431,1.7637540453074434,1.3268608414239482,95
1006100.4207119741,2005.7637540453075,41.29126213592233,1.9320388349514563,1.2653721682847896,3.1521035598705502,1.4595469255663431,1.7637540453074434,1.3268608414239482,94
1006100.4207119741,2005.7637540453075,41.29126213592233,1.9320388349514563,1.2653721682847896,3.1521035598705502,1.4595469255663431,1.7637540453074434,1.3268608414239482,138
1006100.4207119741,2005.7637540453075,41.29126213592233,1.9320388349514563,1.2653721682847896,3.1521035598705502,1.4595469255663431,1.7637540453074434,1.3268608414239482,119
1006100.4207119741,2005.7637540453075,41.29126213592233,1.9320388349514563,1.2653721682847896,3.1521035598705502,1.4595469255663431,1.7637540453074434,1.3268608414239482,123
1006100.4207119741,2005.7637540453075,41.29126213592233,1.9320388349514563,1.2653721682847896,3.1521035598705502,1.4595469255663431,1.7637540453074434,1.3268608414239482,94
1006100.4207119741,2005.7637540453075,41.29126213592233,1.9320388349514563,1.2653721682847896,3.1521035598705502,1.4595469255663431,1.7637540453074434,1.3268608414239482,115
1006100.4207119741,2005.7637540453075,41.29126213592233,1.9320388349514563,1.2653721682847896,3.1521035598705502,1.4595469255663431,1.7637540453074434,1.3268608414239482,70
1006100.4207119741,2005.7637540453075,41.29126213592233,1.9320388349514563,1.2653721682847896,3.1521035598705502,1.4595469255663431,1.7637540453074434,1.3268608414239482,119
1006100.4207119741,2005.7637540453075,41.29126213592233,1.9320388349514563,1.2653721682847896,3.1521035598705502,1.4595469255663431,1.7637540453074434,1.3268608414239482,109
1006100.4207119741,2005.7637540453075,41.29126213592233,1.9320388349514563,1.2653721682847896,3.1521035598705502,1.4595469255663431,1.7637540453074434,1.3268608414239482,102
1006100.4207119741,2005.7637540453075,41.29126213592233,1.9320388349514563,1.2653721682847896,3.1521035598705502,1.4595469255663431,1.7637540453074434,1.3268608414239482,50
1006100.4207119741,2005.7637540453075,41.29126213592233,1.9320388349514563,1.2653721682847896,3.1521035598705502,1.4595469255663431,1.7637540453074434,1.3268608414239482,100
1006100.4207119741,2005.7637540453075,41.29126213592233,1.9320388349514563,1.2653721682847896,3.1521035598705502,1.4595469255663431,1.7637540453074434,1.3268608414239482,80
1006100.4207119741,2005.7637540453075,41.29126213592233,1.9320388349514563,1.2653721682847896,3.1521035598705502,1.4595469255663431,1.7637540453074434,1.3268608414239482,148
1006100.4207119741,2005.7637540453075,41.29126213592233,1.9320388349514563,1.2653721682847896,3.1521035598705502,1.4595469255663431,1.7637540453074434,1.3268608414239482,69
1006100.4207119741,2005.7637540453075,41.29126213592233,1.9320388349514563,1.2653721682847896,3.1521035598705502,1.4595469255663431,1.7637540453074434,1.3268608414239482,278
1006100.4207119741,2005.7637540453075,41.29126213592233,1.9320388349514563,1.2653721682847896,3.1521035598705502,1.4595469255663431,1.7637540453074434,1.3268608414239482,161
1006100.4207119741,2005.7637540453075,41.29126213592233,1.9320388349514563,1.2653721682847896,3.1521035598705502,1.4595469255663431,1.7637540453074434,1.3268608414239482,114
1006100.4207119741,2005.7637540453075,41.29126213592233,1.9320388349514563,1.2653721682847896,3.1521035598705502,1.4595469255663431,1.7637540453074434,1.3268608414239482,127
1006100.4207119741,2005.7637540453075,41.29126213592233,1.9320388349514563,1.2653721682847896,3.1521035598705502,1.4595469255663431,1.7637540453074434,1.3268608414239482,89
1006100.4207119741,2005.7637540453075,41.29126213592233,1.9320388349514563,1.2653721682847896,3.1521035598705502,1.4595469255663431,1.7637540453074434,1.3268608414239482,90
1006100.4207119741,2005.7637540453075,41.29126213592233,1.9320388349514563,1.2653721682847896,3.1521035598705502,1.4595469255663431,1.7637540453074434,1.3268608414239482,75
1006100.4207119741,2005.7637540453075,41.29126213592233,1.9320388349514563,1.2653721682847896,3.1521035598705502,1.4595469255663431,1.7637540453074434,1.3268608414239482,137
1006100.4207119741,2005.7637540453075,41.29126213592233,1.9320388349514563,1.2653721682847896,3.1521035598705502,1.4595469255663431,1.7637540453074434,1.3268608414239482,131
1006100.4207119741,2005.7637540453075,41.29126213592233,1.9320388349514563,1.2653721682847896,3.1521035598705502,1.4595469255663431,1.7637540453074434,1.3268608414239482,129
1006100.4207119741,2005.7637540453075,41.29126213592233,1.9320388349514563,1.2653721682847896,3.1521035598705502,1.4595469255663431,1.7637540453074434,1.3268608414239482,113
1006100.4207119741,2005.7637540453075,41.29126213592233,1.9320388349514563,1.2653721682847896,3.1521035598705502,1.4595469255663431,1.7637540453074434,1.3268608414239482,105
1006100.4207119741,2005.7637540453075,41.29126213592233,1.9320388349514563,1.2653721682847896,3.1521035598705502,1.4595469255663431,1.7637540453074434,1.3268608414239482,87
1006100.4207119741,2005.7637540453075,41.29126213592233,1.9320388349514563,1.2653721682847896,3.1521035598705502,1.4595469255663431,1.7637540453074434,1.3268608414239482,112
1006100.4207119741,2005.7637540453075,41.29126213592233,1.9320388349514563,1.2653721682847896,3.1521035598705502,1.4595469255663431,1.7637540453074434,1.3268608414239482,111
1006100.4207119741,2005.7637540453075,41.29126213592233,1.9320388349514563,1.2653721682847896,3.1521035598705502,1.4595469255663431,1.7637540453074434,1.3268608414239482,74
1006100.4207119741,2005.7637540453075,41.29126213592233,1.9320388349514563,1.2653721682847896,3.1521035598705502,1.4595469255663431,1.7637540453074434,1.3268608414239482,84
1006100.4207119741,2005.7637540453075,41.29126213592233,1.9320388349514563,1.2653721682847896,3.1521035598705502,1.4595469255663431,1.7637540453074434,1.3268608414239482,81
1006100.4207119741,2005.7637540453075,41.29126213592233,1.9320388349514563,1.2653721682847896,3.1521035598705502,1.4595469255663431,1.7637540453074434,1.3268608414239482,104
1006100.4207119741,2005.7637540453075,41.29126213592233,1.9320388349514563,1.2653721682847896,3.1521035598705502,1.4595469255663431,1.7637540453074434,1.3268608414239482,138
1006100.4207119741,2005.7637540453075,41.29126213592233,1.9320388349514563,1.2653721682847896,3.1521035598705502,1.4595469255663431,1.7637540453074434,1.3268608414239482,81
1006100.4207119741,2005.7637540453075,41.29126213592233,1.9320388349514563,1.2653721682847896,3.1521035598705502,1.4595469255663431,1.7637540453074434,1.3268608414239482,100
1006100.4207119741,2005.7637540453075,41.29126213592233,1.9320388349514563,1.2653721682847896,3.1521035598705502,1.4595469255663431,1.7637540453074434,1.3268608414239482,88
1006100.4207119741,2005.7637540453075,41.29126213592233,1.9320388349514563,1.2653721682847896,3.1521035598705502,1.4595469255663431,1.7637540453074434,1.3268608414239482,119
1006100.4207119741,2005.7637540453075,41.29126213592233,1.9320388349514563,1.2653721682847896,3.1521035598705502,1.4595469255663431,1.7637540453074434,1.3268608414239482,110
1006100.4207119741,2005.7637540453075,41.29126213592233,1.9320388349514563,1.2653721682847896,3.1521035598705502,1.4595469255663431,1.7637540453074434,1.3268608414239482,88
1006100.4207119741,2005.7637540453075,41.29126213592233,1.9320388349514563,1.2653721682847896,3.1521035598705502,1.4595469255663431,1.7637540453074434,1.3268608414239482,92
1006100.4207119741,2005.7637540453075,41.29126213592233,1.9320388349514563,1.2653721682847896,3.1521035598705502,1.4595469255663431,1.7637540453074434,1.3268608414239482,155
1006100.4207119741,2005.7637540453075,41.29126213592233,1.9320388349514563,1.2653721682847896,3.1521035598705502,1.4595469255663431,1.7637540453074434,1.3268608414239482,161
1006100.4207119741,2005.7637540453075,41.29126213592233,1.9320388349514563,1.2653721682847896,3.1521035598705502,1.4595469255663431,1.7637540453074434,1.3268608414239482,127
1006100.4207119741,2005.7637540453075,41.29126213592233,1.9320388349514563,1.2653721682847896,3.1521035598705502,1.4595469255663431,1.7637540453074434,1.3268608414239482,131
1006100.4207119741,2005.7637540453075,41.29126213592233,1.9320388349514563,1.2653721682847896,3.1521035598705502,1.4595469255663431,1.7637540453074434,1.3268608414239482,94
1006100.4207119741,2005.7637540453075,41.29126213592233,1.9320388349514563,1.2653721682847896,3.1521035598705502,1.4595469255663431,1.7637540453074434,1.3268608414239482,104
1006100.4207119741,2005.7637540453075,41.29126213592233,1.9320388349514563,1.2653721682847896,3.1521035598705502,1.4595469255663431,1.7637540453074434,1.3268608414239482,87
1006100.4207119741,2005.7637540453075,41.29126213592233,1.9320388349514563,1.2653721682847896,3.1521035598705502,1.4595469255663431,1.7637540453074434,1.3268608414239482,135
1006100.4207119741,2005.7637540453075,41.29126213592233,1.9320388349514563,1.2653721682847896,3.1521035598705502,1.4595469255663431,1.7637540453074434,1.3268608414239482,109
1006100.4207119741,2005.7637540453075,41.29126213592233,1.9320388349514563,1.2653721682847896,3.1521035598705502,1.4595469255663431,1.7637540453074434,1.3268608414239482,268
1006100.4207119741,2005.7637540453075,41.29126213592233,1.9320388349514563,1.2653721682847896,3.1521035598705502,1.4595469255663431,1.7637540453074434,1.3268608414239482,114
1006100.4207119741,2005.7637540453075,41.29126213592233,1.9320388349514563,1.2653721682847896,3.1521035598705502,1.4595469255663431,1.7637540453074434,1.3268608414239482,119
1006100.4207119741,2005.7637540453075,41.29126213592233,1.9320388349514563,1.2653721682847896,3.1521035598705502,1.4595469255663431,1.7637540453074434,1.3268608414239482,100
1006100.4207119741,2005.7637540453075,41.29126213592233,1.9320388349514563,1.2653721682847896,3.1521035598705502,1.4595469255663431,1.7637540453074434,1.3268608414239482,110
1006100.4207119741,2005.7637540453075,41.29126213592233,1.9320388349514563,1.2653721682847896,3.1521035598705502,1.4595469255663431,1.7637540453074434,1.3268608414239482,74
1006100.4207119741,2005.7637540453075,41.29126213592233,1.9320388349514563,1.2653721682847896,3.1521035598705502,1.4595469255663431,1.7637540453074434,1.3268608414239482,90
1006100.4207119741,2005.7637540453075,41.29126213592233,1.9320388349514563,1.2653721682847896,3.1521035598705502,1.4595469255663431,1.7637540453074434,1.3268608414239482,112
1006100.4207119741,2005.7637540453075,41.29126213592233,1.9320388349514563,1.2653721682847896,3.1521035598705502,1.4595469255663431,1.7637540453074434,1.3268608414239482,81
1006100.4207119741,2005.7637540453075,41.29126213592233,1.9320388349514563,1.2653721682847896,3.1521035598705502,1.4595469255663431,1.7637540453074434,1.3268608414239482,63
1006100.4207119741,2005.7637540453075,41.29126213592233,1.9320388349514563,1.2653721682847896,3.1521035598705502,1.4595469255663431,1.7637540453074434,1.3268608414239482,129
1006100.4207119741,2005.7637540453075,41.29126213592233,1.9320388349514563,1.2653721682847896,3.1521035598705502,1.4595469255663431,1.7637540453074434,1.3268608414239482,88
1006100.4207119741,2005.7637540453075,41.29126213592233,1.9320388349514563,1.2653721682847896,3.1521035598705502,1.4595469255663431,1.7637540453074434,1.3268608414239482,70
1006100.4207119741,2005.7637540453075,41.29126213592233,1.9320388349514563,1.2653721682847896,3.1521035598705502,1.4595469255663431,1.7637540453074434,1.3268608414239482,278
1006100.4207119741,2005.7637540453075,41.29126213592233,1.9320388349514563,1.2653721682847896,3.1521035598705502,1.4595469255663431,1.7637540453074434,1.3268608414239482,148
1006100.4207119741,2005.7637540453075,41.29126213592233,1.9320388349514563,1.2653721682847896,3.1521035598705502,1.4595469255663431,1.7637540453074434,1.3268608414239482,83
1006100.4207119741,2005.7637540453075,41.29126213592233,1.9320388349514563,1.2653721682847896,3.1521035598705502,1.4595469255663431,1.7637540453074434,1.3268608414239482,105
1006100.4207119741,2005.7637540453075,41.29126213592233,1.9320388349514563,1.2653721682847896,3.1521035598705502,1.4595469255663431,1.7637540453074434,1.3268608414239482,75
1006100.4207119741,2005.7637540453075,41.29126213592233,1.9320388349514563,1.2653721682847896,3.1521035598705502,1.4595469255663431,1.7637540453074434,1.3268608414239482,119
1006100.4207119741,2005.7637540453075,41.29126213592233,1.9320388349514563,1.2653721682847896,3.1521035598705502,1.4595469255663431,1.7637540453074434,1.3268608414239482,121
1006100.4207119741,2005.7637540453075,41.29126213592233,1.9320388349514563,1.2653721682847896,3.1521035598705502,1.4595469255663431,1.7637540453074434,1.3268608414239482,166
1006100.4207119741,2005.7637540453075,41.29126213592233,1.9320388349514563,1.2653721682847896,3.1521035598705502,1.4595469255663431,1.7637540453074434,1.3268608414239482,100
1006100.4207119741,2005.7637540453075,41.29126213592233,1.9320388349514563,1.2653721682847896,3.1521035598705502,1.4595469255663431,1.7637540453074434,1.3268608414239482,158
1006100.4207119741,2005.7637540453075,41.29126213592233,1.9320388349514563,1.2653721682847896,3.1521035598705502,1.4595469255663431,1.7637540453074434,1.3268608414239482,59
1006100.4207119741,2005.7637540453075,41.29126213592233,1.9320388349514563,1.2653721682847896,3.1521035598705502,1.4595469255663431,1.7637540453074434,1.3268608414239482,145
1006100.4207119741,2005.7637540453075,41.29126213592233,1.9320388349514563,1.2653721682847896,3.1521035598705502,1.4595469255663431,1.7637540453074434,1.3268608414239482,88
1006100.4207119741,2005.7637540453075,41.29126213592233,1.9320388349514563,1.2653721682847896,3.1521035598705502,1.4595469255663431,1.7637540453074434,1.3268608414239482,117
1006100.4207119741,2005.7637540453075,41.29126213592233,1.9320388349514563,1.2653721682847896,3.1521035598705502,1.4595469255663431,1.7637540453074434,1.3268608414239482,81
1006100.4207119741,2005.7637540453075,41.29126213592233,1.9320388349514563,1.2653721682847896,3.1521035598705502,1.4595469255663431,1.7637540453074434,1.3268608414239482,84
1006100.4207119741,2005.7637540453075,41.29126213592233,1.9320388349514563,1.2653721682847896,3.1521035598705502,1.4595469255663431,1.7637540453074434,1.3268608414239482,78
1006100.4207119741,2005.7637540453075,41.29126213592233,1.9320388349514563,1.2653721682847896,3.1521035598705502,1.4595469255663431,1.7637540453074434,1.3268608414239482,127
1006100.4207119741,2005.7637540453075,41.29126213592233,1.9320388349514563,1.2653721682847896,3.1521035598705502,1.4595469255663431,1.7637540453074434,1.3268608414239482,110
1006100.4207119741,2005.7637540453075,41.29126213592233,1.9320388349514563,1.2653721682847896,3.1521035598705502,1.4595469255663431,1.7637540453074434,1.3268608414239482,121
1006100.4207119741,2005.7637540453075,41.29126213592233,1.9320388349514563,1.2653721682847896,3.1521035598705502,1.4595469255663431,1.7637540453074434,1.3268608414239482,119
1006100.4207119741,2005.7637540453075,41.29126213592233,1.9320388349514563,1.2653721682847896,3.1521035598705502,1.4595469255663431,1.7637540453074434,1.3268608414239482,74
1006100.4207119741,2005.7637540453075,41.29126213592233,1.9320388349514563,1.2653721682847896,3.1521035598705502,1.4595469255663431,1.7637540453074434,1.3268608414239482,166
1006100.4207119741,2005.7637540453075,41.29126213592233,1.9320388349514563,1.2653721682847896,3.1521035598705502,1.4595469255663431,1.7637540453074434,1.3268608414239482,117
1006100.4207119741,2005.7637540453075,41.29126213592233,1.9320388349514563,1.2653721682847896,3.1521035598705502,1.4595469255663431,1.7637540453074434,1.3268608414239482,100
1006100.4207119741,2005.7637540453075,41.29126213592233,1.9320388349514563,1.2653721682847896,3.1521035598705502,1.4595469255663431,1.7637540453074434,1.3268608414239482,78
1006100.4207119741,2005.7637540453075,41.29126213592233,1.9320388349514563,1.2653721682847896,3.1521035598705502,1.4595469255663431,1.7637540453074434,1.3268608414239482,119
1006100.4207119741,2005.7637540453075,41.29126213592233,1.9320388349514563,1.2653721682847896,3.1521035598705502,1.4595469255663431,1.7637540453074434,1.3268608414239482,268
1006100.4207119741,2005.7637540453075,41.29126213592233,1.9320388349514563,1.2653721682847896,3.1521035598705502,1.4595469255663431,1.7637540453074434,1.3268608414239482,94
1006100.4207119741,2005.7637540453075,41.29126213592233,1.9320388349514563,1.2653721682847896,3.1521035598705502,1.4595469255663431,1.7637540453074434,1.3268608414239482,114
1006100.4207119741,2005.7637540453075,41.29126213592233,1.9320388349514563,1.2653721682847896,3.1521035598705502,1.4595469255663431,1.7637540453074434,1.3268608414239482,59
1006100.4207119741,2005.7637540453075,41.29126213592233,1.9320388349514563,1.2653721682847896,3.1521035598705502,1.4595469255663431,1.7637540453074434,1.3268608414239482,277
1006100.4207119741,2005.7637540453075,41.29126213592233,1.9320388349514563,1.2653721682847896,3.1521035598705502,1.4595469255663431,1.7637540453074434,1.3268608414239482,148
1006100.4207119741,2005.7637540453075,41.29126213592233,1.9320388349514563,1.2653721682847896,3.1521035598705502,1.4595469255663431,1.7637540453074434,1.3268608414239482,88
1006100.4207119741,2005.7637540453075,41.29126213592233,1.9320388349514563,1.2653721682847896,3.1521035598705502,1.4595469255663431,1.7637540453074434,1.3268608414239482,105
1006100.4207119741,2005.7637540453075,41.29126213592233,1.9320388349514563,1.2653721682847896,3.1521035598705502,1.4595469255663431,1.7637540453074434,1.3268608414239482,110
1006100.4207119741,2005.7637540453075,41.29126213592233,1.9320388349514563,1.2653721682847896,3.1521035598705502,1.4595469255663431,1.7637540453074434,1.3268608414239482,84
1006100.4207119741,2005.7637540453075,41.29126213592233,1.9320388349514563,1.2653721682847896,3.1521035598705502,1.4595469255663431,1.7637540453074434,1.3268608414239482,81
1006100.4207119741,2005.7637540453075,41.29126213592233,1.9320388349514563,1.2653721682847896,3.1521035598705502,1.4595469255663431,1.7637540453074434,1.3268608414239482,135
1006100.4207119741,2005.7637540453075,41.29126213592233,1.9320388349514563,1.2653721682847896,3.1521035598705502,1.4595469255663431,1.7637540453074434,1.3268608414239482,133
1006100.4207119741,2005.7637540453075,41.29126213592233,1.9320388349514563,1.2653721682847896,3.1521035598705502,1.4595469255663431,1.7637540453074434,1.3268608414239482,75
1006100.4207119741,2005.7637540453075,41.29126213592233,1.9320388349514563,1.2653721682847896,3.1521035598705502,1.4595469255663431,1.7637540453074434,1.3268608414239482,88
1006100.4207119741,2005.7637540453075,41.29126213592233,1.9320388349514563,1.2653721682847896,3.1521035598705502,1.4595469255663431,1.7637540453074434,1.3268608414239482,83
1006100.4207119741,2005.7637540453075,41.29126213592233,1.9320388349514563,1.2653721682847896,3.1521035598705502,1.4595469255663431,1.7637540453074434,1.3268608414239482,70
1006100.4207119741,2005.7637540453075,41.29126213592233,1.9320388349514563,1.2653721682847896,3.1521035598705502,1.4595469255663431,1.7637540453074434,1.3268608414239482,161
1006100.4207119741,2005.7637540453075,41.29126213592233,1.9320388349514563,1.2653721682847896,3.1521035598705502,1.4595469255663431,1.7637540453074434,1.3268608414239482,145
1006100.4207119741,2005.7637540453075,41.29126213592233,1.9320388349514563,1.2653721682847896,3.1521035598705502,1.4595469255663431,1.7637540453074434,1.3268608414239482,143
1006100.4207119741,2005.7637540453075,41.29126213592233,1.9320388349514563,1.2653721682847896,3.1521035598705502,1.4595469255663431,1.7637540453074434,1.3268608414239482,129
1006100.4207119741,2005.7637540453075,41.29126213592233,1.9320388349514563,1.2653721682847896,3.1521035598705502,1.4595469255663431,1.7637540453074434,1.3268608414239482,131
1006100.4207119741,2005.7637540453075,41.29126213592233,1.9320388349514563,1.2653721682847896,3.1521035598705502,1.4595469255663431,1.7637540453074434,1.3268608414239482,81
1006100.4207119741,2005.7637540453075,41.29126213592233,1.9320388349514563,1.2653721682847896,3.1521035598705502,1.4595469255663431,1.7637540453074434,1.3268608414239482,100
1006100.4207119741,2005.7637540453075,41.29126213592233,1.9320388349514563,1.2653721682847896,3.1521035598705502,1.4595469255663431,1.7637540453074434,1.3268608414239482,201
1006100.4207119741,2005.7637540453075,41.29126213592233,1.9320388349514563,1.2653721682847896,3.1521035598705502,1.4595469255663431,1.7637540453074434,1.3268608414239482,112
1006100.4207119741,2005.7637540453075,41.29126213592233,1.9320388349514563,1.2653721682847896,3.1521035598705502,1.4595469255663431,1.7637540453074434,1.3268608414239482,152
1006100.4207119741,2005.7637540453075,41.29126213592233,1.9320388349514563,1.2653721682847896,3.1521035598705502,1.4595469255663431,1.7637540453074434,1.3268608414239482,90
1006100.4207119741,2005.7637540453075,41.29126213592233,1.9320388349514563,1.2653721682847896,3.1521035598705502,1.4595469255663431,1.7637540453074434,1.3268608414239482,77
1006100.4207119741,2005.7637540453075,41.29126213592233,1.9320388349514563,1.2653721682847896,3.1521035598705502,1.4595469255663431,1.7637540453074434,1.3268608414239482,65
1006100.4207119741,2005.7637540453075,41.29126213592233,1.9320388349514563,1.2653721682847896,3.1521035598705502,1.4595469255663431,1.7637540453074434,1.3268608414239482,75
1006100.4207119741,2005.7637540453075,41.29126213592233,1.9320388349514563,1.2653721682847896,3.1521035598705502,1.4595469255663431,1.7637540453074434,1.3268608414239482,81
1006100.4207119741,2005.7637540453075,41.29126213592233,1.9320388349514563,1.2653721682847896,3.1521035598705502,1.4595469255663431,1.7637540453074434,1.3268608414239482,114
1006100.4207119741,2005.7637540453075,41.29126213592233,1.9320388349514563,1.2653721682847896,3.1521035598705502,1.4595469255663431,1.7637540453074434,1.3268608414239482,129
1006100.4207119741,2005.7637540453075,41.29126213592233,1.9320388349514563,1.2653721682847896,3.1521035598705502,1.4595469255663431,1.7637540453074434,1.3268608414239482,112
1006100.4207119741,2005.7637540453075,41.29126213592233,1.9320388349514563,1.2653721682847896,3.1521035598705502,1.4595469255663431,1.7637540453074434,1.3268608414239482,93
1006100.4207119741,2005.7637540453075,41.29126213592233,1.9320388349514563,1.2653721682847896,3.1521035598705502,1.4595469255663431,1.7637540453074434,1.3268608414239482,100
1006100.4207119741,2005.7637540453075,41.29126213592233,1.9320388349514563,1.2653721682847896,3.1521035598705502,1.4595469255663431,1.7637540453074434,1.3268608414239482,67
1006100.4207119741,2005.7637540453075,41.29126213592233,1.9320388349514563,1.2653721682847896,3.1521035598705502,1.4595469255663431,1.7637540453074434,1.3268608414239482,81
1006100.4207119741,2005.7637540453075,41.29126213592233,1.9320388349514563,1.2653721682847896,3.1521035598705502,1.4595469255663431,1.7637540453074434,1.3268608414239482,127
1006100.4207119741,2005.7637540453075,41.29126213592233,1.9320388349514563,1.2653721682847896,3.1521035598705502,1.4595469255663431,1.7637540453074434,1.3268608414239482,172
1006100.4207119741,2005.7637540453075,41.29126213592233,1.9320388349514563,1.2653721682847896,3.1521035598705502,1.4595469255663431,1.7637540453074434,1.3268608414239482,105
1006100.4207119741,2005.7637540453075,41.29126213592233,1.9320388349514563,1.2653721682847896,3.1521035598705502,1.4595469255663431,1.7637540453074434,1.3268608414239482,161
1006100.4207119741,2005.7637540453075,41.29126213592233,1.9320388349514563,1.2653721682847896,3.1521035598705502,1.4595469255663431,1.7637540453074434,1.3268608414239482,88
1006100.4207119741,2005.7637540453075,41.29126213592233,1.9320388349514563,1.2653721682847896,3.1521035598705502,1.4595469255663431,1.7637540453074434,1.3268608414239482,97
1006100.4207119741,2005.7637540453075,41.29126213592233,1.9320388349514563,1.2653721682847896,3.1521035598705502,1.4595469255663431,1.7637540453074434,1.3268608414239482,135
1006100.4207119741,2005.7637540453075,41.29126213592233,1.9320388349514563,1.2653721682847896,3.1521035598705502,1.4595469255663431,1.7637540453074434,1.3268608414239482,201
1006100.4207119741,2005.7637540453075,41.29126213592233,1.9320388349514563,1.2653721682847896,3.1521035598705502,1.4595469255663431,1.7637540453074434,1.3268608414239482,117
1006100.4207119741,2005.7637540453075,41.29126213592233,1.9320388349514563,1.2653721682847896,3.1521035598705502,1.4595469255663431,1.7637540453074434,1.3268608414239482,83
1006100.4207119741,2005.7637540453075,41.29126213592233,1.9320388349514563,1.2653721682847896,3.1521035598705502,1.4595469255663431,1.7637540453074434,1.3268608414239482,100
1006100.4207119741,2005.7637540453075,41.29126213592233,1.9320388349514563,1.2653721682847896,3.1521035598705502,1.4595469255663431,1.7637540453074434,1.3268608414239482,94
1006100.4207119741,2005.7637540453075,41.29126213592233,1.9320388349514563,1.2653721682847896,3.1521035598705502,1.4595469255663431,1.7637540453074434,1.3268608414239482,144
1006100.4207119741,2005.7637540453075,41.29126213592233,1.9320388349514563,1.2653721682847896,3.1521035598705502,1.4595469255663431,1.7637540453074434,1.3268608414239482,148
1006100.4207119741,2005.7637540453075,41.29126213592233,1.9320388349514563,1.2653721682847896,3.1521035598705502,1.4595469255663431,1.7637540453074434,1.3268608414239482,108
1006100.4207119741,2005.7637540453075,41.29126213592233,1.9320388349514563,1.2653721682847896,3.1521035598705502,1.4595469255663431,1.7637540453074434,1.3268608414239482,272
1006100.4207119741,2005.7637540453075,41.29126213592233,1.9320388349514563,1.2653721682847896,3.1521035598705502,1.4595469255663431,1.7637540453074434,1.3268608414239482,110
1006100.4207119741,2005.7637540453075,41.29126213592233,1.9320388349514563,1.2653721682847896,3.1521035598705502,1.4595469255663431,1.7637540453074434,1.3268608414239482,131
1006100.4207119741,2005.7637540453075,41.29126213592233,1.9320388349514563,1.2653721682847896,3.1521035598705502,1.4595469255663431,1.7637540453074434,1.3268608414239482,140
1006100.4207119741,2005.7637540453075,41.29126213592233,1.9320388349514563,1.2653721682847896,3.1521035598705502,1.4595469255663431,1.7637540453074434,1.3268608414239482,74
1006100.4207119741,2005.7637540453075,41.29126213592233,1.9320388349514563,1.2653721682847896,3.1521035598705502,1.4595469255663431,1.7637540453074434,1.3268608414239482,88
1006100.4207119741,2005.7637540453075,41.29126213592233,1.9320388349514563,1.2653721682847896,3.1521035598705502,1.4595469255663431,1.7637540453074434,1.3268608414239482,110
1006100.4207119741,2005.7637540453075,41.29126213592233,1.9320388349514563,1.2653721682847896,3.1521035598705502,1.4595469255663431,1.7637540453074434,1.3268608414239482,133
1006100.4207119741,2005.7637540453075,41.29126213592233,1.9320388349514563,1.2653721682847896,3.1521035598705502,1.4595469255663431,1.7637540453074434,1.3268608414239482,119
