1059820.8851851851,2005.888888888889,42.837037037037035,2.0074074074074075,1.2296296296296296,3.1185185185185187,1.5,1.7222222222222223,1.2814814814814814,123
1059820.8851851851,2005.888888888889,42.837037037037035,2.0074074074074075,1.2296296296296296,3.1185185185185187,1.5,1.7222222222222223,1.2814814814814814,73
1059820.8851851851,2005.888888888889,42.837037037037035,2.0074074074074075,1.2296296296296296,3.1185185185185187,1.5,1.7222222222222223,1.2814814814814814,110
1059820.8851851851,2005.888888888889,42.837037037037035,2.0074074074074075,1.2296296296296296,3.1185185185185187,1.5,1.7222222222222223,1.2814814814814814,109
1059820.8851851851,2005.888888888889,42.837037037037035,2.0074074074074075,1.2296296296296296,3.1185185185185187,1.5,1.7222222222222223,1.2814814814814814,31
1059820.8851851851,2005.888888888889,42.837037037037035,2.0074074074074075,1.2296296296296296,3.1185185185185187,1.5,1.7222222222222223,1.2814814814814814,145
1059820.8851851851,2005.888888888889,42.837037037037035,2.0074074074074075,1.2296296296296296,3.1185185185185187,1.5,1.7222222222222223,1.2814814814814814,121
1059820.8851851851,2005.888888888889,42.837037037037035,2.0074074074074075,1.2296296296296296,3.1185185185185187,1.5,1.7222222222222223,1.2814814814814814,90
1059820.8851851851,2005.888888888889,42.837037037037035,2.0074074074074075,1.2296296296296296,3.1185185185185187,1.5,1.7222222222222223,1.2814814814814814,129
1059820.8851851851,2005.888888888889,42.837037037037035,2.0074074074074075,1.2296296296296296,3.1185185185185187,1.5,1.7222222222222223,1.2814814814814814,169
1059820.8851851851,2005.888888888889,42.837037037037035,2.0074074074074075,1.2296296296296296,3.1185185185185187,1.5,1.7222222222222223,1.2814814814814814,80
1059820.8851851851,2005.888888888889,42.837037037037035,2.0074074074074075,1.2296296296296296,3.1185185185185187,1.5,1.7222222222222223,1.2814814814814814,150
1059820.8851851851,2005.888888888889,42.837037037037035,2.0074074074074075,1.2296296296296296,3.1185185185185187,1.5,1.7222222222222223,1.2814814814814814,93
1059820.8851851851,2005.888888888889,42.837037037037035,2.0074074074074075,1.2296296296296296,3.1185185185185187,1.5,1.7222222222222223,1.2814814814814814,161
1059820.8851851851,2005.888888888889,42.837037037037035,2.0074074074074075,1.2296296296296296,3.1185185185185187,1.5,1.7222222222222223,1.2814814814814814,165
1059820.8851851851,2005.888888888889,42.837037037037035,2.0074074074074075,1.2296296296296296,3.1185185185185187,1.5,1.7222222222222223,1.2814814814814814,92
1059820.8851851851,2005.888888888889,42.837037037037035,2.0074074074074075,1.2296296296296296,3.1185185185185187,1.5,1.7222222222222223,1.2814814814814814,127
1059820.8851851851,2005.888888888889,42.837037037037035,2.0074074074074075,1.2296296296296296,3.1185185185185187,1.5,1.7222222222222223,1.2814814814814814,44
1059820.8851851851,2005.888888888889,42.837037037037035,2.0074074074074075,1.2296296296296296,3.1185185185185187,1.5,1.7222222222222223,1.2814814814814814,148
1059820.8851851851,2005.888888888889,42.837037037037035,2.0074074074074075,1.2296296296296296,3.1185185185185187,1.5,1.7222222222222223,1.2814814814814814,179
1059820.8851851851,2005.888888888889,42.837037037037035,2.0074074074074075,1.2296296296296296,3.1185185185185187,1.5,1.7222222222222223,1.2814814814814814,166
1059820.8851851851,2005.888888888889,42.837037037037035,2.0074074074074075,1.2296296296296296,3.1185185185185187,1.5,1.7222222222222223,1.2814814814814814,72
1059820.8851851851,2005.888888888889,42.837037037037035,2.0074074074074075,1.2296296296296296,3.1185185185185187,1.5,1.7222222222222223,1.2814814814814814,118
1059820.8851851851,2005.888888888889,42.837037037037035,2.0074074074074075,1.2296296296296296,3.1185185185185187,1.5,1.7222222222222223,1.2814814814814814,105
1059820.8851851851,2005.888888888889,42.837037037037035,2.0074074074074075,1.2296296296296296,3.1185185185185187,1.5,1.7222222222222223,1.2814814814814814,114
1059820.8851851851,2005.888888888889,42.837037037037035,2.0074074074074075,1.2296296296296296,3.1185185185185187,1.5,1.7222222222222223,1.2814814814814814,135
1059820.8851851851,2005.888888888889,42.837037037037035,2.0074074074074075,1.2296296296296296,3.1185185185185187,1.5,1.7222222222222223,1.2814814814814814,84
1059820.8851851851,2005.888888888889,42.837037037037035,2.0074074074074075,1.2296296296296296,3.1185185185185187,1.5,1.7222222222222223,1.2814814814814814,88
1059820.8851851851,2005.888888888889,42.837037037037035,2.0074074074074075,1.2296296296296296,3.1185185185185187,1.5,1.7222222222222223,1.2814814814814814,133
1059820.8851851851,2005.888888888889,42.837037037037035,2.0074074074074075,1.2296296296296296,3.1185185185185187,1.5,1.7222222222222223,1.2814814814814814,182
1059820.8851851851,2005.888888888889,42.837037037037035,2.0074074074074075,1.2296296296296296,3.1185185185185187,1.5,1.7222222222222223,1.2814814814814814,81
1059820.8851851851,2005.888888888889,42.837037037037035,2.0074074074074075,1.2296296296296296,3.1185185185185187,1.5,1.7222222222222223,1.2814814814814814,126
1059820.8851851851,2005.888888888889,42.837037037037035,2.0074074074074075,1.2296296296296296,3.1185185185185187,1.5,1.7222222222222223,1.2814814814814814,76
1059820.8851851851,2005.888888888889,42.837037037037035,2.0074074074074075,1.2296296296296296,3.1185185185185187,1.5,1.7222222222222223,1.2814814814814814,100
1059820.8851851851,2005.888888888889,42.837037037037035,2.0074074074074075,1.2296296296296296,3.1185185185185187,1.5,1.7222222222222223,1.2814814814814814,279
1059820.8851851851,2005.888888888889,42.837037037037035,2.0074074074074075,1.2296296296296296,3.1185185185185187,1.5,1.7222222222222223,1.2814814814814814,134
1059820.8851851851,2005.888888888889,42.837037037037035,2.0074074074074075,1.2296296296296296,3.1185185185185187,1.5,1.7222222222222223,1.2814814814814814,56
1059820.8851851851,2005.888888888889,42.837037037037035,2.0074074074074075,1.2296296296296296,3.1185185185185187,1.5,1.7222222222222223,1.2814814814814814,177
1059820.8851851851,2005.888888888889,42.837037037037035,2.0074074074074075,1.2296296296296296,3.1185185185185187,1.5,1.7222222222222223,1.2814814814814814,142
1059820.8851851851,2005.888888888889,42.837037037037035,2.0074074074074075,1.2296296296296296,3.1185185185185187,1.5,1.7222222222222223,1.2814814814814814,74
1059820.8851851851,2005.888888888889,42.837037037037035,2.0074074074074075,1.2296296296296296,3.1185185185185187,1.5,1.7222222222222223,1.2814814814814814,68
1059820.8851851851,2005.888888888889,42.837037037037035,2.0074074074074075,1.2296296296296296,3.1185185185185187,1.5,1.7222222222222223,1.2814814814814814,124
1059820.8851851851,2005.888888888889,42.837037037037035,2.0074074074074075,1.2296296296296296,3.1185185185185187,1.5,1.7222222222222223,1.2814814814814814,119
1059820.8851851851,2005.888888888889,42.837037037037035,2.0074074074074075,1.2296296296296296,3.1185185185185187,1.5,1.7222222222222223,1.2814814814814814,94
1059820.8851851851,2005.888888888889,42.837037037037035,2.0074074074074075,1.2296296296296296,3.1185185185185187,1.5,1.7222222222222223,1.2814814814814814,198
1059820.8851851851,2005.888888888889,42.837037037037035,2.0074074074074075,1.2296296296296296,3.1185185185185187,1.5,1.7222222222222223,1.2814814814814814,89
1059820.8851851851,2005.888888888889,42.837037037037035,2.0074074074074075,1.2296296296296296,3.1185185185185187,1.5,1.7222222222222223,1.2814814814814814,27
1059820.8851851851,2005.888888888889,42.837037037037035,2.0074074074074075,1.2296296296296296,3.1185185185185187,1.5,1.7222222222222223,1.2814814814814814,103
1059820.8851851851,2005.888888888889,42.837037037037035,2.0074074074074075,1.2296296296296296,3.1185185185185187,1.5,1.7222222222222223,1.2814814814814814,70
1059820.8851851851,2005.888888888889,42.837037037037035,2.0074074074074075,1.2296296296296296,3.1185185185185187,1.5,1.7222222222222223,1.2814814814814814,174
1059820.8851851851,2005.888888888889,42.837037037037035,2.0074074074074075,1.2296296296296296,3.1185185185185187,1.5,1.7222222222222223,1.2814814814814814,277
1059820.8851851851,2005.888888888889,42.837037037037035,2.0074074074074075,1.2296296296296296,3.1185185185185187,1.5,1.7222222222222223,1.2814814814814814,110
1059820.8851851851,2005.888888888889,42.837037037037035,2.0074074074074075,1.2296296296296296,3.1185185185185187,1.5,1.7222222222222223,1.2814814814814814,135
1059820.8851851851,2005.888888888889,42.837037037037035,2.0074074074074075,1.2296296296296296,3.1185185185185187,1.5,1.7222222222222223,1.2814814814814814,61
1059820.8851851851,2005.888888888889,42.837037037037035,2.0074074074074075,1.2296296296296296,3.1185185185185187,1.5,1.7222222222222223,1.2814814814814814,168
1059820.8851851851,2005.888888888889,42.837037037037035,2.0074074074074075,1.2296296296296296,3.1185185185185187,1.5,1.7222222222222223,1.2814814814814814,84
1059820.8851851851,2005.888888888889,42.837037037037035,2.0074074074074075,1.2296296296296296,3.1185185185185187,1.5,1.7222222222222223,1.2814814814814814,140
1059820.8851851851,2005.888888888889,42.837037037037035,2.0074074074074075,1.2296296296296296,3.1185185185185187,1.5,1.7222222222222223,1.2814814814814814,176
1059820.8851851851,2005.888888888889,42.837037037037035,2.0074074074074075,1.2296296296296296,3.1185185185185187,1.5,1.7222222222222223,1.2814814814814814,79
1059820.8851851851,2005.888888888889,42.837037037037035,2.0074074074074075,1.2296296296296296,3.1185185185185187,1.5,1.7222222222222223,1.2814814814814814,100
1059820.8851851851,2005.888888888889,42.837037037037035,2.0074074074074075,1.2296296296296296,3.1185185185185187,1.5,1.7222222222222223,1.2814814814814814,92
1059820.8851851851,2005.888888888889,42.837037037037035,2.0074074074074075,1.2296296296296296,3.1185185185185187,1.5,1.7222222222222223,1.2814814814814814,77
1059820.8851851851,2005.888888888889,42.837037037037035,2.0074074074074075,1.2296296296296296,3.1185185185185187,1.5,1.7222222222222223,1.2814814814814814,110
1059820.8851851851,2005.888888888889,42.837037037037035,2.0074074074074075,1.2296296296296296,3.1185185185185187,1.5,1.7222222222222223,1.2814814814814814,94
1059820.8851851851,2005.888888888889,42.837037037037035,2.0074074074074075,1.2296296296296296,3.1185185185185187,1.5,1.7222222222222223,1.2814814814814814,170
1059820.8851851851,2005.888888888889,42.837037037037035,2.0074074074074075,1.2296296296296296,3.1185185185185187,1.5,1.7222222222222223,1.2814814814814814,171
1059820.8851851851,2005.888888888889,42.837037037037035,2.0074074074074075,1.2296296296296296,3.1185185185185187,1.5,1.7222222222222223,1.2814814814814814,48
1059820.8851851851,2005.888888888889,42.837037037037035,2.0074074074074075,1.2296296296296296,3.1185185185185187,1.5,1.7222222222222223,1.2814814814814814,157
1059820.8851851851,2005.888888888889,42.837037037037035,2.0074074074074075,1.2296296296296296,3.1185185185185187,1.5,1.7222222222222223,1.2814814814814814,62
1059820.8851851851,2005.888888888889,42.837037037037035,2.0074074074074075,1.2296296296296296,3.1185185185185187,1.5,1.7222222222222223,1.2814814814814814,95
1059820.8851851851,2005.888888888889,42.837037037037035,2.0074074074074075,1.2296296296296296,3.1185185185185187,1.5,1.7222222222222223,1.2814814814814814,147
1059820.8851851851,2005.888888888889,42.837037037037035,2.0074074074074075,1.2296296296296296,3.1185185185185187,1.5,1.7222222222222223,1.2814814814814814,129
1059820.8851851851,2005.888888888889,42.837037037037035,2.0074074074074075,1.2296296296296296,3.1185185185185187,1.5,1.7222222222222223,1.2814814814814814,114
1059820.8851851851,2005.888888888889,42.837037037037035,2.0074074074074075,1.2296296296296296,3.1185185185185187,1.5,1.7222222222222223,1.2814814814814814,268
1059820.8851851851,2005.888888888889,42.837037037037035,2.0074074074074075,1.2296296296296296,3.1185185185185187,1.5,1.7222222222222223,1.2814814814814814,119
1059820.8851851851,2005.888888888889,42.837037037037035,2.0074074074074075,1.2296296296296296,3.1185185185185187,1.5,1.7222222222222223,1.2814814814814814,80
1059820.8851851851,2005.888888888889,42.837037037037035,2.0074074074074075,1.2296296296296296,3.1185185185185187,1.5,1.7222222222222223,1.2814814814814814,69
1059820.8851851851,2005.888888888889,42.837037037037035,2.0074074074074075,1.2296296296296296,3.1185185185185187,1.5,1.7222222222222223,1.2814814814814814,72
1059820.8851851851,2005.888888888889,42.837037037037035,2.0074074074074075,1.2296296296296296,3.1185185185185187,1.5,1.7222222222222223,1.2814814814814814,74
1059820.8851851851,2005.888888888889,42.837037037037035,2.0074074074074075,1.2296296296296296,3.1185185185185187,1.5,1.7222222222222223,1.2814814814814814,105
1059820.8851851851,2005.888888888889,42.837037037037035,2.0074074074074075,1.2296296296296296,3.1185185185185187,1.5,1.7222222222222223,1.2814814814814814,70
1059820.8851851851,2005.888888888889,42.837037037037035,2.0074074074074075,1.2296296296296296,3.1185185185185187,1.5,1.7222222222222223,1.2814814814814814,161
1059820.8851851851,2005.888888888889,42.837037037037035,2.0074074074074075,1.2296296296296296,3.1185185185185187,1.5,1.7222222222222223,1.2814814814814814,75
1059820.8851851851,2005.888888888889,42.837037037037035,2.0074074074074075,1.2296296296296296,3.1185185185185187,1.5,1.7222222222222223,1.2814814814814814,123
1059820.8851851851,2005.888888888889,42.837037037037035,2.0074074074074075,1.2296296296296296,3.1185185185185187,1.5,1.7222222222222223,1.2814814814814814,99
1059820.8851851851,2005.888888888889,42.837037037037035,2.0074074074074075,1.2296296296296296,3.1185185185185187,1.5,1.7222222222222223,1.2814814814814814,148
1059820.8851851851,2005.888888888889,42.837037037037035,2.0074074074074075,1.2296296296296296,3.1185185185185187,1.5,1.7222222222222223,1.2814814814814814,122
1059820.8851851851,2005.888888888889,42.837037037037035,2.0074074074074075,1.2296296296296296,3.1185185185185187,1.5,1.7222222222222223,1.2814814814814814,67
1059820.8851851851,2005.888888888889,42.837037037037035,2.0074074074074075,1.2296296296296296,3.1185185185185187,1.5,1.7222222222222223,1.2814814814814814,139
1059820.8851851851,2005.888888888889,42.837037037037035,2.0074074074074075,1.2296296296296296,3.1185185185185187,1.5,1.7222222222222223,1.2814814814814814,90
1059820.8851851851,2005.888888888889,42.837037037037035,2.0074074074074075,1.2296296296296296,3.1185185185185187,1.5,1.7222222222222223,1.2814814814814814,127
1059820.8851851851,2005.888888888889,42.837037037037035,2.0074074074074075,1.2296296296296296,3.1185185185185187,1.5,1.7222222222222223,1.2814814814814814,158
1059820.8851851851,2005.888888888889,42.837037037037035,2.0074074074074075,1.2296296296296296,3.1185185185185187,1.5,1.7222222222222223,1.2814814814814814,88
1059820.8851851851,2005.888888888889,42.837037037037035,2.0074074074074075,1.2296296296296296,3.1185185185185187,1.5,1.7222222222222223,1.2814814814814814,181
1059820.8851851851,2005.888888888889,42.837037037037035,2.0074074074074075,1.2296296296296296,3.1185185185185187,1.5,1.7222222222222223,1.2814814814814814,177
1059820.8851851851,2005.888888888889,42.837037037037035,2.0074074074074075,1.2296296296296296,3.1185185185185187,1.5,1.7222222222222223,1.2814814814814814,81
1059820.8851851851,2005.888888888889,42.837037037037035,2.0074074074074075,1.2296296296296296,3.1185185185185187,1.5,1.7222222222222223,1.2814814814814814,201
1059820.8851851851,2005.888888888889,42.837037037037035,2.0074074074074075,1.2296296296296296,3.1185185185185187,1.5,1.7222222222222223,1.2814814814814814,78
1059820.8851851851,2005.888888888889,42.837037037037035,2.0074074074074075,1.2296296296296296,3.1185185185185187,1.5,1.7222222222222223,1.2814814814814814,24
1059820.8851851851,2005.888888888889,42.837037037037035,2.0074074074074075,1.2296296296296296,3.1185185185185187,1.5,1.7222222222222223,1.2814814814814814,123
1059820.8851851851,2005.888888888889,42.837037037037035,2.0074074074074075,1.2296296296296296,3.1185185185185187,1.5,1.7222222222222223,1.2814814814814814,131
1059820.8851851851,2005.888888888889,42.837037037037035,2.0074074074074075,1.2296296296296296,3.1185185185185187,1.5,1.7222222222222223,1.2814814814814814,78
1059820.8851851851,2005.888888888889,42.837037037037035,2.0074074074074075,1.2296296296296296,3.1185185185185187,1.5,1.7222222222222223,1.2814814814814814,268
1059820.8851851851,2005.888888888889,42.837037037037035,2.0074074074074075,1.2296296296296296,3.1185185185185187,1.5,1.7222222222222223,1.2814814814814814,81
1059820.8851851851,2005.888888888889,42.837037037037035,2.0074074074074075,1.2296296296296296,3.1185185185185187,1.5,1.7222222222222223,1.2814814814814814,201
1059820.8851851851,2005.888888888889,42.837037037037035,2.0074074074074075,1.2296296296296296,3.1185185185185187,1.5,1.7222222222222223,1.2814814814814814,146
1059820.8851851851,2005.888888888889,42.837037037037035,2.0074074074074075,1.2296296296296296,3.1185185185185187,1.5,1.7222222222222223,1.2814814814814814,83
1059820.8851851851,2005.888888888889,42.837037037037035,2.0074074074074075,1.2296296296296296,3.1185185185185187,1.5,1.7222222222222223,1.2814814814814814,77
1059820.8851851851,2005.888888888889,42.837037037037035,2.0074074074074075,1.2296296296296296,3.1185185185185187,1.5,1.7222222222222223,1.2814814814814814,180
1059820.8851851851,2005.888888888889,42.837037037037035,2.0074074074074075,1.2296296296296296,3.1185185185185187,1.5,1.7222222222222223,1.2814814814814814,110
1059820.8851851851,2005.888888888889,42.837037037037035,2.0074074074074075,1.2296296296296296,3.1185185185185187,1.5,1.7222222222222223,1.2814814814814814,119
1059820.8851851851,2005.888888888889,42.837037037037035,2.0074074074074075,1.2296296296296296,3.1185185185185187,1.5,1.7222222222222223,1.2814814814814814,106
1059820.8851851851,2005.888888888889,42.837037037037035,2.0074074074074075,1.2296296296296296,3.1185185185185187,1.5,1.7222222222222223,1.2814814814814814,63
1059820.8851851851,2005.888888888889,42.837037037037035,2.0074074074074075,1.2296296296296296,3.1185185185185187,1.5,1.7222222222222223,1.2814814814814814,272
1059820.8851851851,2005.888888888889,42.837037037037035,2.0074074074074075,1.2296296296296296,3.1185185185185187,1.5,1.7222222222222223,1.2814814814814814,66
1059820.8851851851,2005.888888888889,42.837037037037035,2.0074074074074075,1.2296296296296296,3.1185185185185187,1.5,1.7222222222222223,1.2814814814814814,32
1059820.8851851851,2005.888888888889,42.837037037037035,2.0074074074074075,1.2296296296296296,3.1185185185185187,1.5,1.7222222222222223,1.2814814814814814,148
1059820.8851851851,2005.888888888889,42.837037037037035,2.0074074074074075,1.2296296296296296,3.1185185185185187,1.5,1.7222222222222223,1.2814814814814814,90
1059820.8851851851,2005.888888888889,42.837037037037035,2.0074074074074075,1.2296296296296296,3.1185185185185187,1.5,1.7222222222222223,1.2814814814814814,318
1059820.8851851851,2005.888888888889,42.837037037037035,2.0074074074074075,1.2296296296296296,3.1185185185185187,1.5,1.7222222222222223,1.2814814814814814,41
1059820.8851851851,2005.888888888889,42.837037037037035,2.0074074074074075,1.2296296296296296,3.1185185185185187,1.5,1.7222222222222223,1.2814814814814814,95
1059820.8851851851,2005.888888888889,42.837037037037035,2.0074074074074075,1.2296296296296296,3.1185185185185187,1.5,1.7222222222222223,1.2814814814814814,75
1059820.8851851851,2005.888888888889,42.837037037037035,2.0074074074074075,1.2296296296296296,3.1185185185185187,1.5,1.7222222222222223,1.2814814814814814,127
1059820.8851851851,2005.888888888889,42.837037037037035,2.0074074074074075,1.2296296296296296,3.1185185185185187,1.5,1.7222222222222223,1.2814814814814814,85
1059820.8851851851,2005.888888888889,42.837037037037035,2.0074074074074075,1.2296296296296296,3.1185185185185187,1.5,1.7222222222222223,1.2814814814814814,256
1059820.8851851851,2005.888888888889,42.837037037037035,2.0074074074074075,1.2296296296296296,3.1185185185185187,1.5,1.7222222222222223,1.2814814814814814,80
1059820.8851851851,2005.888888888889,42.837037037037035,2.0074074074074075,1.2296296296296296,3.1185185185185187,1.5,1.7222222222222223,1.2814814814814814,120
1059820.8851851851,2005.888888888889,42.837037037037035,2.0074074074074075,1.2296296296296296,3.1185185185185187,1.5,1.7222222222222223,1.2814814814814814,100
1059820.8851851851,2005.888888888889,42.837037037037035,2.0074074074074075,1.2296296296296296,3.1185185185185187,1.5,1.7222222222222223,1.2814814814814814,102
1059820.8851851851,2005.888888888889,42.837037037037035,2.0074074074074075,1.2296296296296296,3.1185185185185187,1.5,1.7222222222222223,1.2814814814814814,114
1059820.8851851851,2005.888888888889,42.837037037037035,2.0074074074074075,1.2296296296296296,3.1185185185185187,1.5,1.7222222222222223,1.2814814814814814,94
1059820.8851851851,2005.888888888889,42.837037037037035,2.0074074074074075,1.2296296296296296,3.1185185185185187,1.5,1.7222222222222223,1.2814814814814814,98
1059820.8851851851,2005.888888888889,42.837037037037035,2.0074074074074075,1.2296296296296296,3.1185185185185187,1.5,1.7222222222222223,1.2814814814814814,88
1059820.8851851851,2005.888888888889,42.837037037037035,2.0074074074074075,1.2296296296296296,3.1185185185185187,1.5,1.7222222222222223,1.2814814814814814,74
1059820.8851851851,2005.888888888889,42.837037037037035,2.0074074074074075,1.2296296296296296,3.1185185185185187,1.5,1.7222222222222223,1.2814814814814814,119
1059820.8851851851,2005.888888888889,42.837037037037035,2.0074074074074075,1.2296296296296296,3.1185185185185187,1.5,1.7222222222222223,1.2814814814814814,125
1059820.8851851851,2005.888888888889,42.837037037037035,2.0074074074074075,1.2296296296296296,3.1185185185185187,1.5,1.7222222222222223,1.2814814814814814,107
1059820.8851851851,2005.888888888889,42.837037037037035,2.0074074074074075,1.2296296296296296,3.1185185185185187,1.5,1.7222222222222223,1.2814814814814814,97
1059820.8851851851,2005.888888888889,42.837037037037035,2.0074074074074075,1.2296296296296296,3.1185185185185187,1.5,1.7222222222222223,1.2814814814814814,65
1059820.8851851851,2005.888888888889,42.837037037037035,2.0074074074074075,1.2296296296296296,3.1185185185185187,1.5,1.7222222222222223,1.2814814814814814,193
1059820.8851851851,2005.888888888889,42.837037037037035,2.0074074074074075,1.2296296296296296,3.1185185185185187,1.5,1.7222222222222223,1.2814814814814814,129
1059820.8851851851,2005.888888888889,42.837037037037035,2.0074074074074075,1.2296296296296296,3.1185185185185187,1.5,1.7222222222222223,1.2814814814814814,88
1059820.8851851851,2005.888888888889,42.837037037037035,2.0074074074074075,1.2296296296296296,3.1185185185185187,1.5,1.7222222222222223,1.2814814814814814,110
1059820.8851851851,2005.888888888889,42.837037037037035,2.0074074074074075,1.2296296296296296,3.1185185185185187,1.5,1.7222222222222223,1.2814814814814814,128
1059820.8851851851,2005.888888888889,42.837037037037035,2.0074074074074075,1.2296296296296296,3.1185185185185187,1.5,1.7222222222222223,1.2814814814814814,107
1059820.8851851851,2005.888888888889,42.837037037037035,2.0074074074074075,1.2296296296296296,3.1185185185185187,1.5,1.7222222222222223,1.2814814814814814,101
1059820.8851851851,2005.888888888889,42.837037037037035,2.0074074074074075,1.2296296296296296,3.1185185185185187,1.5,1.7222222222222223,1.2814814814814814,154
1059820.8851851851,2005.888888888889,42.837037037037035,2.0074074074074075,1.2296296296296296,3.1185185185185187,1.5,1.7222222222222223,1.2814814814814814,119
1059820.8851851851,2005.888888888889,42.837037037037035,2.0074074074074075,1.2296296296296296,3.1185185185185187,1.5,1.7222222222222223,1.2814814814814814,114
1059820.8851851851,2005.888888888889,42.837037037037035,2.0074074074074075,1.2296296296296296,3.1185185185185187,1.5,1.7222222222222223,1.2814814814814814,83
1059820.8851851851,2005.888888888889,42.837037037037035,2.0074074074074075,1.2296296296296296,3.1185185185185187,1.5,1.7222222222222223,1.2814814814814814,97
1059820.8851851851,2005.888888888889,42.837037037037035,2.0074074074074075,1.2296296296296296,3.1185185185185187,1.5,1.7222222222222223,1.2814814814814814,74
1059820.8851851851,2005.888888888889,42.837037037037035,2.0074074074074075,1.2296296296296296,3.1185185185185187,1.5,1.7222222222222223,1.2814814814814814,75
1059820.8851851851,2005.888888888889,42.837037037037035,2.0074074074074075,1.2296296296296296,3.1185185185185187,1.5,1.7222222222222223,1.2814814814814814,164
1059820.8851851851,2005.888888888889,42.837037037037035,2.0074074074074075,1.2296296296296296,3.1185185185185187,1.5,1.7222222222222223,1.2814814814814814,131
1059820.8851851851,2005.888888888889,42.837037037037035,2.0074074074074075,1.2296296296296296,3.1185185185185187,1.5,1.7222222222222223,1.2814814814814814,47
1059820.8851851851,2005.888888888889,42.837037037037035,2.0074074074074075,1.2296296296296296,3.1185185185185187,1.5,1.7222222222222223,1.2814814814814814,65
1059820.8851851851,2005.888888888889,42.837037037037035,2.0074074074074075,1.2296296296296296,3.1185185185185187,1.5,1.7222222222222223,1.2814814814814814,58
1059820.8851851851,2005.888888888889,42.837037037037035,2.0074074074074075,1.2296296296296296,3.1185185185185187,1.5,1.7222222222222223,1.2814814814814814,85
1059820.8851851851,2005.888888888889,42.837037037037035,2.0074074074074075,1.2296296296296296,3.1185185185185187,1.5,1.7222222222222223,1.2814814814814814,55
1059820.8851851851,2005.888888888889,42.837037037037035,2.0074074074074075,1.2296296296296296,3.1185185185185187,1.5,1.7222222222222223,1.2814814814814814,35
1059820.8851851851,2005.888888888889,42.837037037037035,2.0074074074074075,1.2296296296296296,3.1185185185185187,1.5,1.7222222222222223,1.2814814814814814,96
1059820.8851851851,2005.888888888889,42.837037037037035,2.0074074074074075,1.2296296296296296,3.1185185185185187,1.5,1.7222222222222223,1.2814814814814814,111
1059820.8851851851,2005.888888888889,42.837037037037035,2.0074074074074075,1.2296296296296296,3.1185185185185187,1.5,1.7222222222222223,1.2814814814814814,151
1059820.8851851851,2005.888888888889,42.837037037037035,2.0074074074074075,1.2296296296296296,3.1185185185185187,1.5,1.7222222222222223,1.2814814814814814,196
1059820.8851851851,2005.888888888889,42.837037037037035,2.0074074074074075,1.2296296296296296,3.1185185185185187,1.5,1.7222222222222223,1.2814814814814814,148
1059820.8851851851,2005.888888888889,42.837037037037035,2.0074074074074075,1.2296296296296296,3.1185185185185187,1.5,1.7222222222222223,1.2814814814814814,106
1059820.8851851851,2005.888888888889,42.837037037037035,2.0074074074074075,1.2296296296296296,3.1185185185185187,1.5,1.7222222222222223,1.2814814814814814,278
1059820.8851851851,2005.888888888889,42.837037037037035,2.0074074074074075,1.2296296296296296,3.1185185185185187,1.5,1.7222222222222223,1.2814814814814814,310
1059820.8851851851,2005.888888888889,42.837037037037035,2.0074074074074075,1.2296296296296296,3.1185185185185187,1.5,1.7222222222222223,1.2814814814814814,172
1059820.8851851851,2005.888888888889,42.837037037037035,2.0074074074074075,1.2296296296296296,3.1185185185185187,1.5,1.7222222222222223,1.2814814814814814,137
1059820.8851851851,2005.888888888889,42.837037037037035,2.0074074074074075,1.2296296296296296,3.1185185185185187,1.5,1.7222222222222223,1.2814814814814814,113
1059820.8851851851,2005.888888888889,42.837037037037035,2.0074074074074075,1.2296296296296296,3.1185185185185187,1.5,1.7222222222222223,1.2814814814814814,88
1059820.8851851851,2005.888888888889,42.837037037037035,2.0074074074074075,1.2296296296296296,3.1185185185185187,1.5,1.7222222222222223,1.2814814814814814,138
1059820.8851851851,2005.888888888889,42.837037037037035,2.0074074074074075,1.2296296296296296,3.1185185185185187,1.5,1.7222222222222223,1.2814814814814814,94
1059820.8851851851,2005.888888888889,42.837037037037035,2.0074074074074075,1.2296296296296296,3.1185185185185187,1.5,1.7222222222222223,1.2814814814814814,184
1059820.8851851851,2005.888888888889,42.837037037037035,2.0074074074074075,1.2296296296296296,3.1185185185185187,1.5,1.7222222222222223,1.2814814814814814,95
1059820.8851851851,2005.888888888889,42.837037037037035,2.0074074074074075,1.2296296296296296,3.1185185185185187,1.5,1.7222222222222223,1.2814814814814814,102
1059820.8851851851,2005.888888888889,42.837037037037035,2.0074074074074075,1.2296296296296296,3.1185185185185187,1.5,1.7222222222222223,1.2814814814814814,149
1059820.8851851851,2005.888888888889,42.837037037037035,2.0074074074074075,1.2296296296296296,3.1185185185185187,1.5,1.7222222222222223,1.2814814814814814,136
1059820.8851851851,2005.888888888889,42.837037037037035,2.0074074074074075,1.2296296296296296,3.1185185185185187,1.5,1.7222222222222223,1.2814814814814814,81
1059820.8851851851,2005.888888888889,42.837037037037035,2.0074074074074075,1.2296296296296296,3.1185185185185187,1.5,1.7222222222222223,1.2814814814814814,105
1059820.8851851851,2005.888888888889,42.837037037037035,2.0074074074074075,1.2296296296296296,3.1185185185185187,1.5,1.7222222222222223,1.2814814814814814,100
1059820.8851851851,2005.888888888889,42.837037037037035,2.0074074074074075,1.2296296296296296,3.1185185185185187,1.5,1.7222222222222223,1.2814814814814814,119
1059820.8851851851,2005.888888888889,42.837037037037035,2.0074074074074075,1.2296296296296296,3.1185185185185187,1.5,1.7222222222222223,1.2814814814814814,59
1059820.8851851851,2005.888888888889,42.837037037037035,2.0074074074074075,1.2296296296296296,3.1185185185185187,1.5,1.7222222222222223,1.2814814814814814,130
1059820.8851851851,2005.888888888889,42.837037037037035,2.0074074074074075,1.2296296296296296,3.1185185185185187,1.5,1.7222222222222223,1.2814814814814814,115
1059820.8851851851,2005.888888888889,42.837037037037035,2.0074074074074075,1.2296296296296296,3.1185185185185187,1.5,1.7222222222222223,1.2814814814814814,116
1059820.8851851851,2005.888888888889,42.837037037037035,2.0074074074074075,1.2296296296296296,3.1185185185185187,1.5,1.7222222222222223,1.2814814814814814,132
1059820.8851851851,2005.888888888889,42.837037037037035,2.0074074074074075,1.2296296296296296,3.1185185185185187,1.5,1.7222222222222223,1.2814814814814814,100
1059820.8851851851,2005.888888888889,42.837037037037035,2.0074074074074075,1.2296296296296296,3.1185185185185187,1.5,1.7222222222222223,1.2814814814814814,142
1059820.8851851851,2005.888888888889,42.837037037037035,2.0074074074074075,1.2296296296296296,3.1185185185185187,1.5,1.7222222222222223,1.2814814814814814,55
1059820.8851851851,2005.888888888889,42.837037037037035,2.0074074074074075,1.2296296296296296,3.1185185185185187,1.5,1.7222222222222223,1.2814814814814814,81
1059820.8851851851,2005.888888888889,42.837037037037035,2.0074074074074075,1.2296296296296296,3.1185185185185187,1.5,1.7222222222222223,1.2814814814814814,45
1059820.8851851851,2005.888888888889,42.837037037037035,2.0074074074074075,1.2296296296296296,3.1185185185185187,1.5,1.7222222222222223,1.2814814814814814,89
1059820.8851851851,2005.888888888889,42.837037037037035,2.0074074074074075,1.2296296296296296,3.1185185185185187,1.5,1.7222222222222223,1.2814814814814814,119
1059820.8851851851,2005.888888888889,42.837037037037035,2.0074074074074075,1.2296296296296296,3.1185185185185187,1.5,1.7222222222222223,1.2814814814814814,108
1059820.8851851851,2005.888888888889,42.837037037037035,2.0074074074074075,1.2296296296296296,3.1185185185185187,1.5,1.7222222222222223,1.2814814814814814,187
1059820.8851851851,2005.888888888889,42.837037037037035,2.0074074074074075,1.2296296296296296,3.1185185185185187,1.5,1.7222222222222223,1.2814814814814814,110
1059820.8851851851,2005.888888888889,42.837037037037035,2.0074074074074075,1.2296296296296296,3.1185185185185187,1.5,1.7222222222222223,1.2814814814814814,153
1059820.8851851851,2005.888888888889,42.837037037037035,2.0074074074074075,1.2296296296296296,3.1185185185185187,1.5,1.7222222222222223,1.2814814814814814,155
1059820.8851851851,2005.888888888889,42.837037037037035,2.0074074074074075,1.2296296296296296,3.1185185185185187,1.5,1.7222222222222223,1.2814814814814814,131
1059820.8851851851,2005.888888888889,42.837037037037035,2.0074074074074075,1.2296296296296296,3.1185185185185187,1.5,1.7222222222222223,1.2814814814814814,88
1059820.8851851851,2005.888888888889,42.837037037037035,2.0074074074074075,1.2296296296296296,3.1185185185185187,1.5,1.7222222222222223,1.2814814814814814,52
1059820.8851851851,2005.888888888889,42.837037037037035,2.0074074074074075,1.2296296296296296,3.1185185185185187,1.5,1.7222222222222223,1.2814814814814814,138
1059820.8851851851,2005.888888888889,42.837037037037035,2.0074074074074075,1.2296296296296296,3.1185185185185187,1.5,1.7222222222222223,1.2814814814814814,65
1059820.8851851851,2005.888888888889,42.837037037037035,2.0074074074074075,1.2296296296296296,3.1185185185185187,1.5,1.7222222222222223,1.2814814814814814,85
1059820.8851851851,2005.888888888889,42.837037037037035,2.0074074074074075,1.2296296296296296,3.1185185185185187,1.5,1.7222222222222223,1.2814814814814814,37
1059820.8851851851,2005.888888888889,42.837037037037035,2.0074074074074075,1.2296296296296296,3.1185185185185187,1.5,1.7222222222222223,1.2814814814814814,115
1059820.8851851851,2005.888888888889,42.837037037037035,2.0074074074074075,1.2296296296296296,3.1185185185185187,1.5,1.7222222222222223,1.2814814814814814,135
1059820.8851851851,2005.888888888889,42.837037037037035,2.0074074074074075,1.2296296296296296,3.1185185185185187,1.5,1.7222222222222223,1.2814814814814814,105
1059820.8851851851,2005.888888888889,42.837037037037035,2.0074074074074075,1.2296296296296296,3.1185185185185187,1.5,1.7222222222222223,1.2814814814814814,117
1059820.8851851851,2005.888888888889,42.837037037037035,2.0074074074074075,1.2296296296296296,3.1185185185185187,1.5,1.7222222222222223,1.2814814814814814,96
1059820.8851851851,2005.888888888889,42.837037037037035,2.0074074074074075,1.2296296296296296,3.1185185185185187,1.5,1.7222222222222223,1.2814814814814814,50
1059820.8851851851,2005.888888888889,42.837037037037035,2.0074074074074075,1.2296296296296296,3.1185185185185187,1.5,1.7222222222222223,1.2814814814814814,282
1059820.8851851851,2005.888888888889,42.837037037037035,2.0074074074074075,1.2296296296296296,3.1185185185185187,1.5,1.7222222222222223,1.2814814814814814,101
1059820.8851851851,2005.888888888889,42.837037037037035,2.0074074074074075,1.2296296296296296,3.1185185185185187,1.5,1.7222222222222223,1.2814814814814814,97
1059820.8851851851,2005.888888888889,42.837037037037035,2.0074074074074075,1.2296296296296296,3.1185185185185187,1.5,1.7222222222222223,1.2814814814814814,192
1059820.8851851851,2005.888888888889,42.837037037037035,2.0074074074074075,1.2296296296296296,3.1185185185185187,1.5,1.7222222222222223,1.2814814814814814,94
1059820.8851851851,2005.888888888889,42.837037037037035,2.0074074074074075,1.2296296296296296,3.1185185185185187,1.5,1.7222222222222223,1.2814814814814814,102
1059820.8851851851,2005.888888888889,42.837037037037035,2.0074074074074075,1.2296296296296296,3.1185185185185187,1.5,1.7222222222222223,1.2814814814814814,54
1059820.8851851851,2005.888888888889,42.837037037037035,2.0074074074074075,1.2296296296296296,3.1185185185185187,1.5,1.7222222222222223,1.2814814814814814,23
1059820.8851851851,2005.888888888889,42.837037037037035,2.0074074074074075,1.2296296296296296,3.1185185185185187,1.5,1.7222222222222223,1.2814814814814814,91
1059820.8851851851,2005.888888888889,42.837037037037035,2.0074074074074075,1.2296296296296296,3.1185185185185187,1.5,1.7222222222222223,1.2814814814814814,100
1059820.8851851851,2005.888888888889,42.837037037037035,2.0074074074074075,1.2296296296296296,3.1185185185185187,1.5,1.7222222222222223,1.2814814814814814,71
1059820.8851851851,2005.888888888889,42.837037037037035,2.0074074074074075,1.2296296296296296,3.1185185185185187,1.5,1.7222222222222223,1.2814814814814814,112
1059820.8851851851,2005.888888888889,42.837037037037035,2.0074074074074075,1.2296296296296296,3.1185185185185187,1.5,1.7222222222222223,1.2814814814814814,148
1059820.8851851851,2005.888888888889,42.837037037037035,2.0074074074074075,1.2296296296296296,3.1185185185185187,1.5,1.7222222222222223,1.2814814814814814,82
1059820.8851851851,2005.888888888889,42.837037037037035,2.0074074074074075,1.2296296296296296,3.1185185185185187,1.5,1.7222222222222223,1.2814814814814814,83
1059820.8851851851,2005.888888888889,42.837037037037035,2.0074074074074075,1.2296296296296296,3.1185185185185187,1.5,1.7222222222222223,1.2814814814814814,189
1059820.8851851851,2005.888888888889,42.837037037037035,2.0074074074074075,1.2296296296296296,3.1185185185185187,1.5,1.7222222222222223,1.2814814814814814,105
1059820.8851851851,2005.888888888889,42.837037037037035,2.0074074074074075,1.2296296296296296,3.1185185185185187,1.5,1.7222222222222223,1.2814814814814814,60
1059820.8851851851,2005.888888888889,42.837037037037035,2.0074074074074075,1.2296296296296296,3.1185185185185187,1.5,1.7222222222222223,1.2814814814814814,177
1059820.8851851851,2005.888888888889,42.837037037037035,2.0074074074074075,1.2296296296296296,3.1185185185185187,1.5,1.7222222222222223,1.2814814814814814,104
1059820.8851851851,2005.888888888889,42.837037037037035,2.0074074074074075,1.2296296296296296,3.1185185185185187,1.5,1.7222222222222223,1.2814814814814814,94
1059820.8851851851,2005.888888888889,42.837037037037035,2.0074074074074075,1.2296296296296296,3.1185185185185187,1.5,1.7222222222222223,1.2814814814814814,152
1059820.8851851851,2005.888888888889,42.837037037037035,2.0074074074074075,1.2296296296296296,3.1185185185185187,1.5,1.7222222222222223,1.2814814814814814,64
1059820.8851851851,2005.888888888889,42.837037037037035,2.0074074074074075,1.2296296296296296,3.1185185185185187,1.5,1.7222222222222223,1.2814814814814814,112
1059820.8851851851,2005.888888888889,42.837037037037035,2.0074074074074075,1.2296296296296296,3.1185185185185187,1.5,1.7222222222222223,1.2814814814814814,117
1059820.8851851851,2005.888888888889,42.837037037037035,2.0074074074074075,1.2296296296296296,3.1185185185185187,1.5,1.7222222222222223,1.2814814814814814,87
1059820.8851851851,2005.888888888889,42.837037037037035,2.0074074074074075,1.2296296296296296,3.1185185185185187,1.5,1.7222222222222223,1.2814814814814814,114
1059820.8851851851,2005.888888888889,42.837037037037035,2.0074074074074075,1.2296296296296296,3.1185185185185187,1.5,1.7222222222222223,1.2814814814814814,93
1059820.8851851851,2005.888888888889,42.837037037037035,2.0074074074074075,1.2296296296296296,3.1185185185185187,1.5,1.7222222222222223,1.2814814814814814,142
1059820.8851851851,2005.888888888889,42.837037037037035,2.0074074074074075,1.2296296296296296,3.1185185185185187,1.5,1.7222222222222223,1.2814814814814814,119
1059820.8851851851,2005.888888888889,42.837037037037035,2.0074074074074075,1.2296296296296296,3.1185185185185187,1.5,1.7222222222222223,1.2814814814814814,57
1059820.8851851851,2005.888888888889,42.837037037037035,2.0074074074074075,1.2296296296296296,3.1185185185185187,1.5,1.7222222222222223,1.2814814814814814,108
1059820.8851851851,2005.888888888889,42.837037037037035,2.0074074074074075,1.2296296296296296,3.1185185185185187,1.5,1.7222222222222223,1.2814814814814814,121
1059820.8851851851,2005.888888888889,42.837037037037035,2.0074074074074075,1.2296296296296296,3.1185185185185187,1.5,1.7222222222222223,1.2814814814814814,145
1059820.8851851851,2005.888888888889,42.837037037037035,2.0074074074074075,1.2296296296296296,3.1185185185185187,1.5,1.7222222222222223,1.2814814814814814,127
1059820.8851851851,2005.888888888889,42.837037037037035,2.0074074074074075,1.2296296296296296,3.1185185185185187,1.5,1.7222222222222223,1.2814814814814814,126
1059820.8851851851,2005.888888888889,42.837037037037035,2.0074074074074075,1.2296296296296296,3.1185185185185187,1.5,1.7222222222222223,1.2814814814814814,135
1059820.8851851851,2005.888888888889,42.837037037037035,2.0074074074074075,1.2296296296296296,3.1185185185185187,1.5,1.7222222222222223,1.2814814814814814,100
1059820.8851851851,2005.888888888889,42.837037037037035,2.0074074074074075,1.2296296296296296,3.1185185185185187,1.5,1.7222222222222223,1.2814814814814814,89
1059820.8851851851,2005.888888888889,42.837037037037035,2.0074074074074075,1.2296296296296296,3.1185185185185187,1.5,1.7222222222222223,1.2814814814814814,40
1059820.8851851851,2005.888888888889,42.837037037037035,2.0074074074074075,1.2296296296296296,3.1185185185185187,1.5,1.7222222222222223,1.2814814814814814,53
1059820.8851851851,2005.888888888889,42.837037037037035,2.0074074074074075,1.2296296296296296,3.1185185185185187,1.5,1.7222222222222223,1.2814814814814814,156
1059820.8851851851,2005.888888888889,42.837037037037035,2.0074074074074075,1.2296296296296296,3.1185185185185187,1.5,1.7222222222222223,1.2814814814814814,160
1059820.8851851851,2005.888888888889,42.837037037037035,2.0074074074074075,1.2296296296296296,3.1185185185185187,1.5,1.7222222222222223,1.2814814814814814,103
1059820.8851851851,2005.888888888889,42.837037037037035,2.0074074074074075,1.2296296296296296,3.1185185185185187,1.5,1.7222222222222223,1.2814814814814814,155
1059820.8851851851,2005.888888888889,42.837037037037035,2.0074074074074075,1.2296296296296296,3.1185185185185187,1.5,1.7222222222222223,1.2814814814814814,88
1059820.8851851851,2005.888888888889,42.837037037037035,2.0074074074074075,1.2296296296296296,3.1185185185185187,1.5,1.7222222222222223,1.2814814814814814,161
1059820.8851851851,2005.888888888889,42.837037037037035,2.0074074074074075,1.2296296296296296,3.1185185185185187,1.5,1.7222222222222223,1.2814814814814814,81
1059820.8851851851,2005.888888888889,42.837037037037035,2.0074074074074075,1.2296296296296296,3.1185185185185187,1.5,1.7222222222222223,1.2814814814814814,144
1059820.8851851851,2005.888888888889,42.837037037037035,2.0074074074074075,1.2296296296296296,3.1185185185185187,1.5,1.7222222222222223,1.2814814814814814,86
1059820.8851851851,2005.888888888889,42.837037037037035,2.0074074074074075,1.2296296296296296,3.1185185185185187,1.5,1.7222222222222223,1.2814814814814814,110
1059820.8851851851,2005.888888888889,42.837037037037035,2.0074074074074075,1.2296296296296296,3.1185185185185187,1.5,1.7222222222222223,1.2814814814814814,159
1059820.8851851851,2005.888888888889,42.837037037037035,2.0074074074074075,1.2296296296296296,3.1185185185185187,1.5,1.7222222222222223,1.2814814814814814,143
1059820.8851851851,2005.888888888889,42.837037037037035,2.0074074074074075,1.2296296296296296,3.1185185185185187,1.5,1.7222222222222223,1.2814814814814814,100
1059820.8851851851,2005.888888888889,42.837037037037035,2.0074074074074075,1.2296296296296296,3.1185185185185187,1.5,1.7222222222222223,1.2814814814814814,74
1059820.8851851851,2005.888888888889,42.837037037037035,2.0074074074074075,1.2296296296296296,3.1185185185185187,1.5,1.7222222222222223,1.2814814814814814,148
1035235.7610619469,2005.6946902654868,43.10619469026549,1.915929203539823,1.2831858407079646,3.234513274336283,1.491150442477876,1.7345132743362832,1.3584070796460177,145
1035235.7610619469,2005.6946902654868,43.10619469026549,1.915929203539823,1.2831858407079646,3.234513274336283,1.491150442477876,1.7345132743362832,1.3584070796460177,156
1035235.7610619469,2005.6946902654868,43.10619469026549,1.915929203539823,1.2831858407079646,3.234513274336283,1.491150442477876,1.7345132743362832,1.3584070796460177,77
1035235.7610619469,2005.6946902654868,43.10619469026549,1.915929203539823,1.2831858407079646,3.234513274336283,1.491150442477876,1.7345132743362832,1.3584070796460177,159
1035235.7610619469,2005.6946902654868,43.10619469026549,1.915929203539823,1.2831858407079646,3.234513274336283,1.491150442477876,1.7345132743362832,1.3584070796460177,126
1035235.7610619469,2005.6946902654868,43.10619469026549,1.915929203539823,1.2831858407079646,3.234513274336283,1.491150442477876,1.7345132743362832,1.3584070796460177,119
1035235.7610619469,2005.6946902654868,43.10619469026549,1.915929203539823,1.2831858407079646,3.234513274336283,1.491150442477876,1.7345132743362832,1.3584070796460177,105
1035235.7610619469,2005.6946902654868,43.10619469026549,1.915929203539823,1.2831858407079646,3.234513274336283,1.491150442477876,1.7345132743362832,1.3584070796460177,128
1035235.7610619469,2005.6946902654868,43.10619469026549,1.915929203539823,1.2831858407079646,3.234513274336283,1.491150442477876,1.7345132743362832,1.3584070796460177,141
1035235.7610619469,2005.6946902654868,43.10619469026549,1.915929203539823,1.2831858407079646,3.234513274336283,1.491150442477876,1.7345132743362832,1.3584070796460177,52
1035235.7610619469,2005.6946902654868,43.10619469026549,1.915929203539823,1.2831858407079646,3.234513274336283,1.491150442477876,1.7345132743362832,1.3584070796460177,129
1035235.7610619469,2005.6946902654868,43.10619469026549,1.915929203539823,1.2831858407079646,3.234513274336283,1.491150442477876,1.7345132743362832,1.3584070796460177,38
1035235.7610619469,2005.6946902654868,43.10619469026549,1.915929203539823,1.2831858407079646,3.234513274336283,1.491150442477876,1.7345132743362832,1.3584070796460177,137
1035235.7610619469,2005.6946902654868,43.10619469026549,1.915929203539823,1.2831858407079646,3.234513274336283,1.491150442477876,1.7345132743362832,1.3584070796460177,113
1035235.7610619469,2005.6946902654868,43.10619469026549,1.915929203539823,1.2831858407079646,3.234513274336283,1.491150442477876,1.7345132743362832,1.3584070796460177,164
1035235.7610619469,2005.6946902654868,43.10619469026549,1.915929203539823,1.2831858407079646,3.234513274336283,1.491150442477876,1.7345132743362832,1.3584070796460177,278
1035235.7610619469,2005.6946902654868,43.10619469026549,1.915929203539823,1.2831858407079646,3.234513274336283,1.491150442477876,1.7345132743362832,1.3584070796460177,282
1035235.7610619469,2005.6946902654868,43.10619469026549,1.915929203539823,1.2831858407079646,3.234513274336283,1.491150442477876,1.7345132743362832,1.3584070796460177,187
1035235.7610619469,2005.6946902654868,43.10619469026549,1.915929203539823,1.2831858407079646,3.234513274336283,1.491150442477876,1.7345132743362832,1.3584070796460177,111
1035235.7610619469,2005.6946902654868,43.10619469026549,1.915929203539823,1.2831858407079646,3.234513274336283,1.491150442477876,1.7345132743362832,1.3584070796460177,172
1035235.7610619469,2005.6946902654868,43.10619469026549,1.915929203539823,1.2831858407079646,3.234513274336283,1.491150442477876,1.7345132743362832,1.3584070796460177,153
1035235.7610619469,2005.6946902654868,43.10619469026549,1.915929203539823,1.2831858407079646,3.234513274336283,1.491150442477876,1.7345132743362832,1.3584070796460177,74
1035235.7610619469,2005.6946902654868,43.10619469026549,1.915929203539823,1.2831858407079646,3.234513274336283,1.491150442477876,1.7345132743362832,1.3584070796460177,82
1035235.7610619469,2005.6946902654868,43.10619469026549,1.915929203539823,1.2831858407079646,3.234513274336283,1.491150442477876,1.7345132743362832,1.3584070796460177,114
1035235.7610619469,2005.6946902654868,43.10619469026549,1.915929203539823,1.2831858407079646,3.234513274336283,1.491150442477876,1.7345132743362832,1.3584070796460177,131
1035235.7610619469,2005.6946902654868,43.10619469026549,1.915929203539823,1.2831858407079646,3.234513274336283,1.491150442477876,1.7345132743362832,1.3584070796460177,160
1035235.7610619469,2005.6946902654868,43.10619469026549,1.915929203539823,1.2831858407079646,3.234513274336283,1.491150442477876,1.7345132743362832,1.3584070796460177,72
1035235.7610619469,2005.6946902654868,43.10619469026549,1.915929203539823,1.2831858407079646,3.234513274336283,1.491150442477876,1.7345132743362832,1.3584070796460177,84
1035235.7610619469,2005.6946902654868,43.10619469026549,1.915929203539823,1.2831858407079646,3.234513274336283,1.491150442477876,1.7345132743362832,1.3584070796460177,86
1035235.7610619469,2005.6946902654868,43.10619469026549,1.915929203539823,1.2831858407079646,3.234513274336283,1.491150442477876,1.7345132743362832,1.3584070796460177,192
1035235.7610619469,2005.6946902654868,43.10619469026549,1.915929203539823,1.2831858407079646,3.234513274336283,1.491150442477876,1.7345132743362832,1.3584070796460177,299
1035235.7610619469,2005.6946902654868,43.10619469026549,1.915929203539823,1.2831858407079646,3.234513274336283,1.491150442477876,1.7345132743362832,1.3584070796460177,94
1035235.7610619469,2005.6946902654868,43.10619469026549,1.915929203539823,1.2831858407079646,3.234513274336283,1.491150442477876,1.7345132743362832,1.3584070796460177,93
1035235.7610619469,2005.6946902654868,43.10619469026549,1.915929203539823,1.2831858407079646,3.234513274336283,1.491150442477876,1.7345132743362832,1.3584070796460177,53
1035235.7610619469,2005.6946902654868,43.10619469026549,1.915929203539823,1.2831858407079646,3.234513274336283,1.491150442477876,1.7345132743362832,1.3584070796460177,116
1035235.7610619469,2005.6946902654868,43.10619469026549,1.915929203539823,1.2831858407079646,3.234513274336283,1.491150442477876,1.7345132743362832,1.3584070796460177,179
1035235.7610619469,2005.6946902654868,43.10619469026549,1.915929203539823,1.2831858407079646,3.234513274336283,1.491150442477876,1.7345132743362832,1.3584070796460177,198
1035235.7610619469,2005.6946902654868,43.10619469026549,1.915929203539823,1.2831858407079646,3.234513274336283,1.491150442477876,1.7345132743362832,1.3584070796460177,51
1035235.7610619469,2005.6946902654868,43.10619469026549,1.915929203539823,1.2831858407079646,3.234513274336283,1.491150442477876,1.7345132743362832,1.3584070796460177,70
1035235.7610619469,2005.6946902654868,43.10619469026549,1.915929203539823,1.2831858407079646,3.234513274336283,1.491150442477876,1.7345132743362832,1.3584070796460177,175
1035235.7610619469,2005.6946902654868,43.10619469026549,1.915929203539823,1.2831858407079646,3.234513274336283,1.491150442477876,1.7345132743362832,1.3584070796460177,50
1035235.7610619469,2005.6946902654868,43.10619469026549,1.915929203539823,1.2831858407079646,3.234513274336283,1.491150442477876,1.7345132743362832,1.3584070796460177,94
1035235.7610619469,2005.6946902654868,43.10619469026549,1.915929203539823,1.2831858407079646,3.234513274336283,1.491150442477876,1.7345132743362832,1.3584070796460177,89
1035235.7610619469,2005.6946902654868,43.10619469026549,1.915929203539823,1.2831858407079646,3.234513274336283,1.491150442477876,1.7345132743362832,1.3584070796460177,90
1035235.7610619469,2005.6946902654868,43.10619469026549,1.915929203539823,1.2831858407079646,3.234513274336283,1.491150442477876,1.7345132743362832,1.3584070796460177,127
1035235.7610619469,2005.6946902654868,43.10619469026549,1.915929203539823,1.2831858407079646,3.234513274336283,1.491150442477876,1.7345132743362832,1.3584070796460177,131
1035235.7610619469,2005.6946902654868,43.10619469026549,1.915929203539823,1.2831858407079646,3.234513274336283,1.491150442477876,1.7345132743362832,1.3584070796460177,80
1035235.7610619469,2005.6946902654868,43.10619469026549,1.915929203539823,1.2831858407079646,3.234513274336283,1.491150442477876,1.7345132743362832,1.3584070796460177,31
1035235.7610619469,2005.6946902654868,43.10619469026549,1.915929203539823,1.2831858407079646,3.234513274336283,1.491150442477876,1.7345132743362832,1.3584070796460177,161
1035235.7610619469,2005.6946902654868,43.10619469026549,1.915929203539823,1.2831858407079646,3.234513274336283,1.491150442477876,1.7345132743362832,1.3584070796460177,71
1035235.7610619469,2005.6946902654868,43.10619469026549,1.915929203539823,1.2831858407079646,3.234513274336283,1.491150442477876,1.7345132743362832,1.3584070796460177,74
1035235.7610619469,2005.6946902654868,43.10619469026549,1.915929203539823,1.2831858407079646,3.234513274336283,1.491150442477876,1.7345132743362832,1.3584070796460177,64
1035235.7610619469,2005.6946902654868,43.10619469026549,1.915929203539823,1.2831858407079646,3.234513274336283,1.491150442477876,1.7345132743362832,1.3584070796460177,177
1035235.7610619469,2005.6946902654868,43.10619469026549,1.915929203539823,1.2831858407079646,3.234513274336283,1.491150442477876,1.7345132743362832,1.3584070796460177,60
1035235.7610619469,2005.6946902654868,43.10619469026549,1.915929203539823,1.2831858407079646,3.234513274336283,1.491150442477876,1.7345132743362832,1.3584070796460177,174
1035235.7610619469,2005.6946902654868,43.10619469026549,1.915929203539823,1.2831858407079646,3.234513274336283,1.491150442477876,1.7345132743362832,1.3584070796460177,129
1035235.7610619469,2005.6946902654868,43.10619469026549,1.915929203539823,1.2831858407079646,3.234513274336283,1.491150442477876,1.7345132743362832,1.3584070796460177,40
1035235.7610619469,2005.6946902654868,43.10619469026549,1.915929203539823,1.2831858407079646,3.234513274336283,1.491150442477876,1.7345132743362832,1.3584070796460177,114
1035235.7610619469,2005.6946902654868,43.10619469026549,1.915929203539823,1.2831858407079646,3.234513274336283,1.491150442477876,1.7345132743362832,1.3584070796460177,92
1035235.7610619469,2005.6946902654868,43.10619469026549,1.915929203539823,1.2831858407079646,3.234513274336283,1.491150442477876,1.7345132743362832,1.3584070796460177,279
1035235.7610619469,2005.6946902654868,43.10619469026549,1.915929203539823,1.2831858407079646,3.234513274336283,1.491150442477876,1.7345132743362832,1.3584070796460177,132
1035235.7610619469,2005.6946902654868,43.10619469026549,1.915929203539823,1.2831858407079646,3.234513274336283,1.491150442477876,1.7345132743362832,1.3584070796460177,165
1035235.7610619469,2005.6946902654868,43.10619469026549,1.915929203539823,1.2831858407079646,3.234513274336283,1.491150442477876,1.7345132743362832,1.3584070796460177,59
1035235.7610619469,2005.6946902654868,43.10619469026549,1.915929203539823,1.2831858407079646,3.234513274336283,1.491150442477876,1.7345132743362832,1.3584070796460177,189
1035235.7610619469,2005.6946902654868,43.10619469026549,1.915929203539823,1.2831858407079646,3.234513274336283,1.491150442477876,1.7345132743362832,1.3584070796460177,169
1035235.7610619469,2005.6946902654868,43.10619469026549,1.915929203539823,1.2831858407079646,3.234513274336283,1.491150442477876,1.7345132743362832,1.3584070796460177,20
1035235.7610619469,2005.6946902654868,43.10619469026549,1.915929203539823,1.2831858407079646,3.234513274336283,1.491150442477876,1.7345132743362832,1.3584070796460177,119
1035235.7610619469,2005.6946902654868,43.10619469026549,1.915929203539823,1.2831858407079646,3.234513274336283,1.491150442477876,1.7345132743362832,1.3584070796460177,100
1035235.7610619469,2005.6946902654868,43.10619469026549,1.915929203539823,1.2831858407079646,3.234513274336283,1.491150442477876,1.7345132743362832,1.3584070796460177,119
1035235.7610619469,2005.6946902654868,43.10619469026549,1.915929203539823,1.2831858407079646,3.234513274336283,1.491150442477876,1.7345132743362832,1.3584070796460177,127
1035235.7610619469,2005.6946902654868,43.10619469026549,1.915929203539823,1.2831858407079646,3.234513274336283,1.491150442477876,1.7345132743362832,1.3584070796460177,157
1035235.7610619469,2005.6946902654868,43.10619469026549,1.915929203539823,1.2831858407079646,3.234513274336283,1.491150442477876,1.7345132743362832,1.3584070796460177,124
1035235.7610619469,2005.6946902654868,43.10619469026549,1.915929203539823,1.2831858407079646,3.234513274336283,1.491150442477876,1.7345132743362832,1.3584070796460177,87
1035235.7610619469,2005.6946902654868,43.10619469026549,1.915929203539823,1.2831858407079646,3.234513274336283,1.491150442477876,1.7345132743362832,1.3584070796460177,176
1035235.7610619469,2005.6946902654868,43.10619469026549,1.915929203539823,1.2831858407079646,3.234513274336283,1.491150442477876,1.7345132743362832,1.3584070796460177,94
1035235.7610619469,2005.6946902654868,43.10619469026549,1.915929203539823,1.2831858407079646,3.234513274336283,1.491150442477876,1.7345132743362832,1.3584070796460177,80
1035235.7610619469,2005.6946902654868,43.10619469026549,1.915929203539823,1.2831858407079646,3.234513274336283,1.491150442477876,1.7345132743362832,1.3584070796460177,123
1035235.7610619469,2005.6946902654868,43.10619469026549,1.915929203539823,1.2831858407079646,3.234513274336283,1.491150442477876,1.7345132743362832,1.3584070796460177,114
1035235.7610619469,2005.6946902654868,43.10619469026549,1.915929203539823,1.2831858407079646,3.234513274336283,1.491150442477876,1.7345132743362832,1.3584070796460177,83
1035235.7610619469,2005.6946902654868,43.10619469026549,1.915929203539823,1.2831858407079646,3.234513274336283,1.491150442477876,1.7345132743362832,1.3584070796460177,134
1035235.7610619469,2005.6946902654868,43.10619469026549,1.915929203539823,1.2831858407079646,3.234513274336283,1.491150442477876,1.7345132743362832,1.3584070796460177,213
1035235.7610619469,2005.6946902654868,43.10619469026549,1.915929203539823,1.2831858407079646,3.234513274336283,1.491150442477876,1.7345132743362832,1.3584070796460177,68
1035235.7610619469,2005.6946902654868,43.10619469026549,1.915929203539823,1.2831858407079646,3.234513274336283,1.491150442477876,1.7345132743362832,1.3584070796460177,89
1035235.7610619469,2005.6946902654868,43.10619469026549,1.915929203539823,1.2831858407079646,3.234513274336283,1.491150442477876,1.7345132743362832,1.3584070796460177,57
1035235.7610619469,2005.6946902654868,43.10619469026549,1.915929203539823,1.2831858407079646,3.234513274336283,1.491150442477876,1.7345132743362832,1.3584070796460177,148
1035235.7610619469,2005.6946902654868,43.10619469026549,1.915929203539823,1.2831858407079646,3.234513274336283,1.491150442477876,1.7345132743362832,1.3584070796460177,110
1035235.7610619469,2005.6946902654868,43.10619469026549,1.915929203539823,1.2831858407079646,3.234513274336283,1.491150442477876,1.7345132743362832,1.3584070796460177,112
1035235.7610619469,2005.6946902654868,43.10619469026549,1.915929203539823,1.2831858407079646,3.234513274336283,1.491150442477876,1.7345132743362832,1.3584070796460177,181
1035235.7610619469,2005.6946902654868,43.10619469026549,1.915929203539823,1.2831858407079646,3.234513274336283,1.491150442477876,1.7345132743362832,1.3584070796460177,85
1035235.7610619469,2005.6946902654868,43.10619469026549,1.915929203539823,1.2831858407079646,3.234513274336283,1.491150442477876,1.7345132743362832,1.3584070796460177,167
1035235.7610619469,2005.6946902654868,43.10619469026549,1.915929203539823,1.2831858407079646,3.234513274336283,1.491150442477876,1.7345132743362832,1.3584070796460177,177
1035235.7610619469,2005.6946902654868,43.10619469026549,1.915929203539823,1.2831858407079646,3.234513274336283,1.491150442477876,1.7345132743362832,1.3584070796460177,74
1035235.7610619469,2005.6946902654868,43.10619469026549,1.915929203539823,1.2831858407079646,3.234513274336283,1.491150442477876,1.7345132743362832,1.3584070796460177,27
1035235.7610619469,2005.6946902654868,43.10619469026549,1.915929203539823,1.2831858407079646,3.234513274336283,1.491150442477876,1.7345132743362832,1.3584070796460177,144
1035235.7610619469,2005.6946902654868,43.10619469026549,1.915929203539823,1.2831858407079646,3.234513274336283,1.491150442477876,1.7345132743362832,1.3584070796460177,161
1035235.7610619469,2005.6946902654868,43.10619469026549,1.915929203539823,1.2831858407079646,3.234513274336283,1.491150442477876,1.7345132743362832,1.3584070796460177,78
1035235.7610619469,2005.6946902654868,43.10619469026549,1.915929203539823,1.2831858407079646,3.234513274336283,1.491150442477876,1.7345132743362832,1.3584070796460177,106
1035235.7610619469,2005.6946902654868,43.10619469026549,1.915929203539823,1.2831858407079646,3.234513274336283,1.491150442477876,1.7345132743362832,1.3584070796460177,191
1035235.7610619469,2005.6946902654868,43.10619469026549,1.915929203539823,1.2831858407079646,3.234513274336283,1.491150442477876,1.7345132743362832,1.3584070796460177,95
1035235.7610619469,2005.6946902654868,43.10619469026549,1.915929203539823,1.2831858407079646,3.234513274336283,1.491150442477876,1.7345132743362832,1.3584070796460177,44
1035235.7610619469,2005.6946902654868,43.10619469026549,1.915929203539823,1.2831858407079646,3.234513274336283,1.491150442477876,1.7345132743362832,1.3584070796460177,73
1035235.7610619469,2005.6946902654868,43.10619469026549,1.915929203539823,1.2831858407079646,3.234513274336283,1.491150442477876,1.7345132743362832,1.3584070796460177,150
1035235.7610619469,2005.6946902654868,43.10619469026549,1.915929203539823,1.2831858407079646,3.234513274336283,1.491150442477876,1.7345132743362832,1.3584070796460177,268
1035235.7610619469,2005.6946902654868,43.10619469026549,1.915929203539823,1.2831858407079646,3.234513274336283,1.491150442477876,1.7345132743362832,1.3584070796460177,201
1035235.7610619469,2005.6946902654868,43.10619469026549,1.915929203539823,1.2831858407079646,3.234513274336283,1.491150442477876,1.7345132743362832,1.3584070796460177,88
1035235.7610619469,2005.6946902654868,43.10619469026549,1.915929203539823,1.2831858407079646,3.234513274336283,1.491150442477876,1.7345132743362832,1.3584070796460177,104
1035235.7610619469,2005.6946902654868,43.10619469026549,1.915929203539823,1.2831858407079646,3.234513274336283,1.491150442477876,1.7345132743362832,1.3584070796460177,143
1035235.7610619469,2005.6946902654868,43.10619469026549,1.915929203539823,1.2831858407079646,3.234513274336283,1.491150442477876,1.7345132743362832,1.3584070796460177,285
1035235.7610619469,2005.6946902654868,43.10619469026549,1.915929203539823,1.2831858407079646,3.234513274336283,1.491150442477876,1.7345132743362832,1.3584070796460177,24
1035235.7610619469,2005.6946902654868,43.10619469026549,1.915929203539823,1.2831858407079646,3.234513274336283,1.491150442477876,1.7345132743362832,1.3584070796460177,102
1035235.7610619469,2005.6946902654868,43.10619469026549,1.915929203539823,1.2831858407079646,3.234513274336283,1.491150442477876,1.7345132743362832,1.3584070796460177,56
1035235.7610619469,2005.6946902654868,43.10619469026549,1.915929203539823,1.2831858407079646,3.234513274336283,1.491150442477876,1.7345132743362832,1.3584070796460177,171
1035235.7610619469,2005.6946902654868,43.10619469026549,1.915929203539823,1.2831858407079646,3.234513274336283,1.491150442477876,1.7345132743362832,1.3584070796460177,168
1035235.7610619469,2005.6946902654868,43.10619469026549,1.915929203539823,1.2831858407079646,3.234513274336283,1.491150442477876,1.7345132743362832,1.3584070796460177,152
1035235.7610619469,2005.6946902654868,43.10619469026549,1.915929203539823,1.2831858407079646,3.234513274336283,1.491150442477876,1.7345132743362832,1.3584070796460177,90
1035235.7610619469,2005.6946902654868,43.10619469026549,1.915929203539823,1.2831858407079646,3.234513274336283,1.491150442477876,1.7345132743362832,1.3584070796460177,81
1035235.7610619469,2005.6946902654868,43.10619469026549,1.915929203539823,1.2831858407079646,3.234513274336283,1.491150442477876,1.7345132743362832,1.3584070796460177,96
1035235.7610619469,2005.6946902654868,43.10619469026549,1.915929203539823,1.2831858407079646,3.234513274336283,1.491150442477876,1.7345132743362832,1.3584070796460177,122
1035235.7610619469,2005.6946902654868,43.10619469026549,1.915929203539823,1.2831858407079646,3.234513274336283,1.491150442477876,1.7345132743362832,1.3584070796460177,55
1035235.7610619469,2005.6946902654868,43.10619469026549,1.915929203539823,1.2831858407079646,3.234513274336283,1.491150442477876,1.7345132743362832,1.3584070796460177,85
1035235.7610619469,2005.6946902654868,43.10619469026549,1.915929203539823,1.2831858407079646,3.234513274336283,1.491150442477876,1.7345132743362832,1.3584070796460177,25
1035235.7610619469,2005.6946902654868,43.10619469026549,1.915929203539823,1.2831858407079646,3.234513274336283,1.491150442477876,1.7345132743362832,1.3584070796460177,112
1035235.7610619469,2005.6946902654868,43.10619469026549,1.915929203539823,1.2831858407079646,3.234513274336283,1.491150442477876,1.7345132743362832,1.3584070796460177,118
1035235.7610619469,2005.6946902654868,43.10619469026549,1.915929203539823,1.2831858407079646,3.234513274336283,1.491150442477876,1.7345132743362832,1.3584070796460177,88
1035235.7610619469,2005.6946902654868,43.10619469026549,1.915929203539823,1.2831858407079646,3.234513274336283,1.491150442477876,1.7345132743362832,1.3584070796460177,76
1035235.7610619469,2005.6946902654868,43.10619469026549,1.915929203539823,1.2831858407079646,3.234513274336283,1.491150442477876,1.7345132743362832,1.3584070796460177,75
1035235.7610619469,2005.6946902654868,43.10619469026549,1.915929203539823,1.2831858407079646,3.234513274336283,1.491150442477876,1.7345132743362832,1.3584070796460177,180
1035235.7610619469,2005.6946902654868,43.10619469026549,1.915929203539823,1.2831858407079646,3.234513274336283,1.491150442477876,1.7345132743362832,1.3584070796460177,147
1035235.7610619469,2005.6946902654868,43.10619469026549,1.915929203539823,1.2831858407079646,3.234513274336283,1.491150442477876,1.7345132743362832,1.3584070796460177,170
1035235.7610619469,2005.6946902654868,43.10619469026549,1.915929203539823,1.2831858407079646,3.234513274336283,1.491150442477876,1.7345132743362832,1.3584070796460177,123
1035235.7610619469,2005.6946902654868,43.10619469026549,1.915929203539823,1.2831858407079646,3.234513274336283,1.491150442477876,1.7345132743362832,1.3584070796460177,48
1035235.7610619469,2005.6946902654868,43.10619469026549,1.915929203539823,1.2831858407079646,3.234513274336283,1.491150442477876,1.7345132743362832,1.3584070796460177,182
1035235.7610619469,2005.6946902654868,43.10619469026549,1.915929203539823,1.2831858407079646,3.234513274336283,1.491150442477876,1.7345132743362832,1.3584070796460177,46
1035235.7610619469,2005.6946902654868,43.10619469026549,1.915929203539823,1.2831858407079646,3.234513274336283,1.491150442477876,1.7345132743362832,1.3584070796460177,119
1035235.7610619469,2005.6946902654868,43.10619469026549,1.915929203539823,1.2831858407079646,3.234513274336283,1.491150442477876,1.7345132743362832,1.3584070796460177,107
1035235.7610619469,2005.6946902654868,43.10619469026549,1.915929203539823,1.2831858407079646,3.234513274336283,1.491150442477876,1.7345132743362832,1.3584070796460177,21
1035235.7610619469,2005.6946902654868,43.10619469026549,1.915929203539823,1.2831858407079646,3.234513274336283,1.491150442477876,1.7345132743362832,1.3584070796460177,148
1035235.7610619469,2005.6946902654868,43.10619469026549,1.915929203539823,1.2831858407079646,3.234513274336283,1.491150442477876,1.7345132743362832,1.3584070796460177,62
1035235.7610619469,2005.6946902654868,43.10619469026549,1.915929203539823,1.2831858407079646,3.234513274336283,1.491150442477876,1.7345132743362832,1.3584070796460177,193
1035235.7610619469,2005.6946902654868,43.10619469026549,1.915929203539823,1.2831858407079646,3.234513274336283,1.491150442477876,1.7345132743362832,1.3584070796460177,256
1035235.7610619469,2005.6946902654868,43.10619469026549,1.915929203539823,1.2831858407079646,3.234513274336283,1.491150442477876,1.7345132743362832,1.3584070796460177,98
1035235.7610619469,2005.6946902654868,43.10619469026549,1.915929203539823,1.2831858407079646,3.234513274336283,1.491150442477876,1.7345132743362832,1.3584070796460177,83
1035235.7610619469,2005.6946902654868,43.10619469026549,1.915929203539823,1.2831858407079646,3.234513274336283,1.491150442477876,1.7345132743362832,1.3584070796460177,100
1035235.7610619469,2005.6946902654868,43.10619469026549,1.915929203539823,1.2831858407079646,3.234513274336283,1.491150442477876,1.7345132743362832,1.3584070796460177,277
1035235.7610619469,2005.6946902654868,43.10619469026549,1.915929203539823,1.2831858407079646,3.234513274336283,1.491150442477876,1.7345132743362832,1.3584070796460177,81
1035235.7610619469,2005.6946902654868,43.10619469026549,1.915929203539823,1.2831858407079646,3.234513274336283,1.491150442477876,1.7345132743362832,1.3584070796460177,110
1035235.7610619469,2005.6946902654868,43.10619469026549,1.915929203539823,1.2831858407079646,3.234513274336283,1.491150442477876,1.7345132743362832,1.3584070796460177,41
1035235.7610619469,2005.6946902654868,43.10619469026549,1.915929203539823,1.2831858407079646,3.234513274336283,1.491150442477876,1.7345132743362832,1.3584070796460177,166
1035235.7610619469,2005.6946902654868,43.10619469026549,1.915929203539823,1.2831858407079646,3.234513274336283,1.491150442477876,1.7345132743362832,1.3584070796460177,79
1035235.7610619469,2005.6946902654868,43.10619469026549,1.915929203539823,1.2831858407079646,3.234513274336283,1.491150442477876,1.7345132743362832,1.3584070796460177,135
1035235.7610619469,2005.6946902654868,43.10619469026549,1.915929203539823,1.2831858407079646,3.234513274336283,1.491150442477876,1.7345132743362832,1.3584070796460177,102
1035235.7610619469,2005.6946902654868,43.10619469026549,1.915929203539823,1.2831858407079646,3.234513274336283,1.491150442477876,1.7345132743362832,1.3584070796460177,42
1035235.7610619469,2005.6946902654868,43.10619469026549,1.915929203539823,1.2831858407079646,3.234513274336283,1.491150442477876,1.7345132743362832,1.3584070796460177,95
1035235.7610619469,2005.6946902654868,43.10619469026549,1.915929203539823,1.2831858407079646,3.234513274336283,1.491150442477876,1.7345132743362832,1.3584070796460177,318
1035235.7610619469,2005.6946902654868,43.10619469026549,1.915929203539823,1.2831858407079646,3.234513274336283,1.491150442477876,1.7345132743362832,1.3584070796460177,194
1035235.7610619469,2005.6946902654868,43.10619469026549,1.915929203539823,1.2831858407079646,3.234513274336283,1.491150442477876,1.7345132743362832,1.3584070796460177,130
1035235.7610619469,2005.6946902654868,43.10619469026549,1.915929203539823,1.2831858407079646,3.234513274336283,1.491150442477876,1.7345132743362832,1.3584070796460177,151
1035235.7610619469,2005.6946902654868,43.10619469026549,1.915929203539823,1.2831858407079646,3.234513274336283,1.491150442477876,1.7345132743362832,1.3584070796460177,139
1035235.7610619469,2005.6946902654868,43.10619469026549,1.915929203539823,1.2831858407079646,3.234513274336283,1.491150442477876,1.7345132743362832,1.3584070796460177,99
1035235.7610619469,2005.6946902654868,43.10619469026549,1.915929203539823,1.2831858407079646,3.234513274336283,1.491150442477876,1.7345132743362832,1.3584070796460177,227
1035235.7610619469,2005.6946902654868,43.10619469026549,1.915929203539823,1.2831858407079646,3.234513274336283,1.491150442477876,1.7345132743362832,1.3584070796460177,158
1035235.7610619469,2005.6946902654868,43.10619469026549,1.915929203539823,1.2831858407079646,3.234513274336283,1.491150442477876,1.7345132743362832,1.3584070796460177,310
1035235.7610619469,2005.6946902654868,43.10619469026549,1.915929203539823,1.2831858407079646,3.234513274336283,1.491150442477876,1.7345132743362832,1.3584070796460177,67
1035235.7610619469,2005.6946902654868,43.10619469026549,1.915929203539823,1.2831858407079646,3.234513274336283,1.491150442477876,1.7345132743362832,1.3584070796460177,149
1035235.7610619469,2005.6946902654868,43.10619469026549,1.915929203539823,1.2831858407079646,3.234513274336283,1.491150442477876,1.7345132743362832,1.3584070796460177,58
1035235.7610619469,2005.6946902654868,43.10619469026549,1.915929203539823,1.2831858407079646,3.234513274336283,1.491150442477876,1.7345132743362832,1.3584070796460177,133
1035235.7610619469,2005.6946902654868,43.10619469026549,1.915929203539823,1.2831858407079646,3.234513274336283,1.491150442477876,1.7345132743362832,1.3584070796460177,61
1035235.7610619469,2005.6946902654868,43.10619469026549,1.915929203539823,1.2831858407079646,3.234513274336283,1.491150442477876,1.7345132743362832,1.3584070796460177,154
1035235.7610619469,2005.6946902654868,43.10619469026549,1.915929203539823,1.2831858407079646,3.234513274336283,1.491150442477876,1.7345132743362832,1.3584070796460177,312
1035235.7610619469,2005.6946902654868,43.10619469026549,1.915929203539823,1.2831858407079646,3.234513274336283,1.491150442477876,1.7345132743362832,1.3584070796460177,185
1035235.7610619469,2005.6946902654868,43.10619469026549,1.915929203539823,1.2831858407079646,3.234513274336283,1.491150442477876,1.7345132743362832,1.3584070796460177,135
1035235.7610619469,2005.6946902654868,43.10619469026549,1.915929203539823,1.2831858407079646,3.234513274336283,1.491150442477876,1.7345132743362832,1.3584070796460177,32
1035235.7610619469,2005.6946902654868,43.10619469026549,1.915929203539823,1.2831858407079646,3.234513274336283,1.491150442477876,1.7345132743362832,1.3584070796460177,184
1035235.7610619469,2005.6946902654868,43.10619469026549,1.915929203539823,1.2831858407079646,3.234513274336283,1.491150442477876,1.7345132743362832,1.3584070796460177,314
1035235.7610619469,2005.6946902654868,43.10619469026549,1.915929203539823,1.2831858407079646,3.234513274336283,1.491150442477876,1.7345132743362832,1.3584070796460177,140
1035235.7610619469,2005.6946902654868,43.10619469026549,1.915929203539823,1.2831858407079646,3.234513274336283,1.491150442477876,1.7345132743362832,1.3584070796460177,142
1035235.7610619469,2005.6946902654868,43.10619469026549,1.915929203539823,1.2831858407079646,3.234513274336283,1.491150442477876,1.7345132743362832,1.3584070796460177,81
1035235.7610619469,2005.6946902654868,43.10619469026549,1.915929203539823,1.2831858407079646,3.234513274336283,1.491150442477876,1.7345132743362832,1.3584070796460177,109
1035235.7610619469,2005.6946902654868,43.10619469026549,1.915929203539823,1.2831858407079646,3.234513274336283,1.491150442477876,1.7345132743362832,1.3584070796460177,101
1035235.7610619469,2005.6946902654868,43.10619469026549,1.915929203539823,1.2831858407079646,3.234513274336283,1.491150442477876,1.7345132743362832,1.3584070796460177,88
1035235.7610619469,2005.6946902654868,43.10619469026549,1.915929203539823,1.2831858407079646,3.234513274336283,1.491150442477876,1.7345132743362832,1.3584070796460177,100
1035235.7610619469,2005.6946902654868,43.10619469026549,1.915929203539823,1.2831858407079646,3.234513274336283,1.491150442477876,1.7345132743362832,1.3584070796460177,115
1035235.7610619469,2005.6946902654868,43.10619469026549,1.915929203539823,1.2831858407079646,3.234513274336283,1.491150442477876,1.7345132743362832,1.3584070796460177,148
1035235.7610619469,2005.6946902654868,43.10619469026549,1.915929203539823,1.2831858407079646,3.234513274336283,1.491150442477876,1.7345132743362832,1.3584070796460177,162
1035235.7610619469,2005.6946902654868,43.10619469026549,1.915929203539823,1.2831858407079646,3.234513274336283,1.491150442477876,1.7345132743362832,1.3584070796460177,105
1035235.7610619469,2005.6946902654868,43.10619469026549,1.915929203539823,1.2831858407079646,3.234513274336283,1.491150442477876,1.7345132743362832,1.3584070796460177,280
1035235.7610619469,2005.6946902654868,43.10619469026549,1.915929203539823,1.2831858407079646,3.234513274336283,1.491150442477876,1.7345132743362832,1.3584070796460177,120
1035235.7610619469,2005.6946902654868,43.10619469026549,1.915929203539823,1.2831858407079646,3.234513274336283,1.491150442477876,1.7345132743362832,1.3584070796460177,97
1035235.7610619469,2005.6946902654868,43.10619469026549,1.915929203539823,1.2831858407079646,3.234513274336283,1.491150442477876,1.7345132743362832,1.3584070796460177,75
1035235.7610619469,2005.6946902654868,43.10619469026549,1.915929203539823,1.2831858407079646,3.234513274336283,1.491150442477876,1.7345132743362832,1.3584070796460177,110
1035235.7610619469,2005.6946902654868,43.10619469026549,1.915929203539823,1.2831858407079646,3.234513274336283,1.491150442477876,1.7345132743362832,1.3584070796460177,138
1035235.7610619469,2005.6946902654868,43.10619469026549,1.915929203539823,1.2831858407079646,3.234513274336283,1.491150442477876,1.7345132743362832,1.3584070796460177,146
1035235.7610619469,2005.6946902654868,43.10619469026549,1.915929203539823,1.2831858407079646,3.234513274336283,1.491150442477876,1.7345132743362832,1.3584070796460177,65
1035235.7610619469,2005.6946902654868,43.10619469026549,1.915929203539823,1.2831858407079646,3.234513274336283,1.491150442477876,1.7345132743362832,1.3584070796460177,296
1035235.7610619469,2005.6946902654868,43.10619469026549,1.915929203539823,1.2831858407079646,3.234513274336283,1.491150442477876,1.7345132743362832,1.3584070796460177,125
1035235.7610619469,2005.6946902654868,43.10619469026549,1.915929203539823,1.2831858407079646,3.234513274336283,1.491150442477876,1.7345132743362832,1.3584070796460177,23
1035235.7610619469,2005.6946902654868,43.10619469026549,1.915929203539823,1.2831858407079646,3.234513274336283,1.491150442477876,1.7345132743362832,1.3584070796460177,29
1035235.7610619469,2005.6946902654868,43.10619469026549,1.915929203539823,1.2831858407079646,3.234513274336283,1.491150442477876,1.7345132743362832,1.3584070796460177,100
1035235.7610619469,2005.6946902654868,43.10619469026549,1.915929203539823,1.2831858407079646,3.234513274336283,1.491150442477876,1.7345132743362832,1.3584070796460177,65
1035235.7610619469,2005.6946902654868,43.10619469026549,1.915929203539823,1.2831858407079646,3.234513274336283,1.491150442477876,1.7345132743362832,1.3584070796460177,136
1035235.7610619469,2005.6946902654868,43.10619469026549,1.915929203539823,1.2831858407079646,3.234513274336283,1.491150442477876,1.7345132743362832,1.3584070796460177,163
1035235.7610619469,2005.6946902654868,43.10619469026549,1.915929203539823,1.2831858407079646,3.234513274336283,1.491150442477876,1.7345132743362832,1.3584070796460177,108
1035235.7610619469,2005.6946902654868,43.10619469026549,1.915929203539823,1.2831858407079646,3.234513274336283,1.491150442477876,1.7345132743362832,1.3584070796460177,88
1035235.7610619469,2005.6946902654868,43.10619469026549,1.915929203539823,1.2831858407079646,3.234513274336283,1.491150442477876,1.7345132743362832,1.3584070796460177,97
1035235.7610619469,2005.6946902654868,43.10619469026549,1.915929203539823,1.2831858407079646,3.234513274336283,1.491150442477876,1.7345132743362832,1.3584070796460177,186
1035235.7610619469,2005.6946902654868,43.10619469026549,1.915929203539823,1.2831858407079646,3.234513274336283,1.491150442477876,1.7345132743362832,1.3584070796460177,45
1035235.7610619469,2005.6946902654868,43.10619469026549,1.915929203539823,1.2831858407079646,3.234513274336283,1.491150442477876,1.7345132743362832,1.3584070796460177,110
1035235.7610619469,2005.6946902654868,43.10619469026549,1.915929203539823,1.2831858407079646,3.234513274336283,1.491150442477876,1.7345132743362832,1.3584070796460177,39
1035235.7610619469,2005.6946902654868,43.10619469026549,1.915929203539823,1.2831858407079646,3.234513274336283,1.491150442477876,1.7345132743362832,1.3584070796460177,155
1035235.7610619469,2005.6946902654868,43.10619469026549,1.915929203539823,1.2831858407079646,3.234513274336283,1.491150442477876,1.7345132743362832,1.3584070796460177,54
1035235.7610619469,2005.6946902654868,43.10619469026549,1.915929203539823,1.2831858407079646,3.234513274336283,1.491150442477876,1.7345132743362832,1.3584070796460177,105
1035235.7610619469,2005.6946902654868,43.10619469026549,1.915929203539823,1.2831858407079646,3.234513274336283,1.491150442477876,1.7345132743362832,1.3584070796460177,91
1035235.7610619469,2005.6946902654868,43.10619469026549,1.915929203539823,1.2831858407079646,3.234513274336283,1.491150442477876,1.7345132743362832,1.3584070796460177,142
1035235.7610619469,2005.6946902654868,43.10619469026549,1.915929203539823,1.2831858407079646,3.234513274336283,1.491150442477876,1.7345132743362832,1.3584070796460177,63
1035235.7610619469,2005.6946902654868,43.10619469026549,1.915929203539823,1.2831858407079646,3.234513274336283,1.491150442477876,1.7345132743362832,1.3584070796460177,117
1035235.7610619469,2005.6946902654868,43.10619469026549,1.915929203539823,1.2831858407079646,3.234513274336283,1.491150442477876,1.7345132743362832,1.3584070796460177,81
1035235.7610619469,2005.6946902654868,43.10619469026549,1.915929203539823,1.2831858407079646,3.234513274336283,1.491150442477876,1.7345132743362832,1.3584070796460177,196
1035235.7610619469,2005.6946902654868,43.10619469026549,1.915929203539823,1.2831858407079646,3.234513274336283,1.491150442477876,1.7345132743362832,1.3584070796460177,272
1035235.7610619469,2005.6946902654868,43.10619469026549,1.915929203539823,1.2831858407079646,3.234513274336283,1.491150442477876,1.7345132743362832,1.3584070796460177,47
1035235.7610619469,2005.6946902654868,43.10619469026549,1.915929203539823,1.2831858407079646,3.234513274336283,1.491150442477876,1.7345132743362832,1.3584070796460177,37
1035235.7610619469,2005.6946902654868,43.10619469026549,1.915929203539823,1.2831858407079646,3.234513274336283,1.491150442477876,1.7345132743362832,1.3584070796460177,77
1035235.7610619469,2005.6946902654868,43.10619469026549,1.915929203539823,1.2831858407079646,3.234513274336283,1.491150442477876,1.7345132743362832,1.3584070796460177,35
1035235.7610619469,2005.6946902654868,43.10619469026549,1.915929203539823,1.2831858407079646,3.234513274336283,1.491150442477876,1.7345132743362832,1.3584070796460177,69
1035235.7610619469,2005.6946902654868,43.10619469026549,1.915929203539823,1.2831858407079646,3.234513274336283,1.491150442477876,1.7345132743362832,1.3584070796460177,121
1035235.7610619469,2005.6946902654868,43.10619469026549,1.915929203539823,1.2831858407079646,3.234513274336283,1.491150442477876,1.7345132743362832,1.3584070796460177,66
1035235.7610619469,2005.6946902654868,43.10619469026549,1.915929203539823,1.2831858407079646,3.234513274336283,1.491150442477876,1.7345132743362832,1.3584070796460177,103
