1043210.0603448276,2005.4741379310344,43.741379310344826,2.0172413793103448,1.2155172413793103,3.0344827586206895,1.543103448275862,1.646551724137931,1.3275862068965518,123
1043210.0603448276,2005.4741379310344,43.741379310344826,2.0172413793103448,1.2155172413793103,3.0344827586206895,1.543103448275862,1.646551724137931,1.3275862068965518,106
1043210.0603448276,2005.4741379310344,43.741379310344826,2.0172413793103448,1.2155172413793103,3.0344827586206895,1.543103448275862,1.646551724137931,1.3275862068965518,88
1043210.0603448276,2005.4741379310344,43.741379310344826,2.0172413793103448,1.2155172413793103,3.0344827586206895,1.543103448275862,1.646551724137931,1.3275862068965518,78
1043210.0603448276,2005.4741379310344,43.741379310344826,2.0172413793103448,1.2155172413793103,3.0344827586206895,1.543103448275862,1.646551724137931,1.3275862068965518,268
1043210.0603448276,2005.4741379310344,43.741379310344826,2.0172413793103448,1.2155172413793103,3.0344827586206895,1.543103448275862,1.646551724137931,1.3275862068965518,94
1043210.0603448276,2005.4741379310344,43.741379310344826,2.0172413793103448,1.2155172413793103,3.0344827586206895,1.543103448275862,1.646551724137931,1.3275862068965518,75
1043210.0603448276,2005.4741379310344,43.741379310344826,2.0172413793103448,1.2155172413793103,3.0344827586206895,1.543103448275862,1.646551724137931,1.3275862068965518,71
1043210.0603448276,2005.4741379310344,43.741379310344826,2.0172413793103448,1.2155172413793103,3.0344827586206895,1.543103448275862,1.646551724137931,1.3275862068965518,132
1043210.0603448276,2005.4741379310344,43.741379310344826,2.0172413793103448,1.2155172413793103,3.0344827586206895,1.543103448275862,1.646551724137931,1.3275862068965518,100
1043210.0603448276,2005.4741379310344,43.741379310344826,2.0172413793103448,1.2155172413793103,3.0344827586206895,1.543103448275862,1.646551724137931,1.3275862068965518,135
1043210.0603448276,2005.4741379310344,43.741379310344826,2.0172413793103448,1.2155172413793103,3.0344827586206895,1.543103448275862,1.646551724137931,1.3275862068965518,119
1043210.0603448276,2005.4741379310344,43.741379310344826,2.0172413793103448,1.2155172413793103,3.0344827586206895,1.543103448275862,1.646551724137931,1.3275862068965518,201
1043210.0603448276,2005.4741379310344,43.741379310344826,2.0172413793103448,1.2155172413793103,3.0344827586206895,1.543103448275862,1.646551724137931,1.3275862068965518,50
1043210.0603448276,2005.4741379310344,43.741379310344826,2.0172413793103448,1.2155172413793103,3.0344827586206895,1.543103448275862,1.646551724137931,1.3275862068965518,105
1043210.0603448276,2005.4741379310344,43.741379310344826,2.0172413793103448,1.2155172413793103,3.0344827586206895,1.543103448275862,1.646551724137931,1.3275862068965518,88
1043210.0603448276,2005.4741379310344,43.741379310344826,2.0172413793103448,1.2155172413793103,3.0344827586206895,1.543103448275862,1.646551724137931,1.3275862068965518,143
1043210.0603448276,2005.4741379310344,43.741379310344826,2.0172413793103448,1.2155172413793103,3.0344827586206895,1.543103448275862,1.646551724137931,1.3275862068965518,142
1043210.0603448276,2005.4741379310344,43.741379310344826,2.0172413793103448,1.2155172413793103,3.0344827586206895,1.543103448275862,1.646551724137931,1.3275862068965518,96
1043210.0603448276,2005.4741379310344,43.741379310344826,2.0172413793103448,1.2155172413793103,3.0344827586206895,1.543103448275862,1.646551724137931,1.3275862068965518,144
1043210.0603448276,2005.4741379310344,43.741379310344826,2.0172413793103448,1.2155172413793103,3.0344827586206895,1.543103448275862,1.646551724137931,1.3275862068965518,152
1043210.0603448276,2005.4741379310344,43.741379310344826,2.0172413793103448,1.2155172413793103,3.0344827586206895,1.543103448275862,1.646551724137931,1.3275862068965518,87
1043210.0603448276,2005.4741379310344,43.741379310344826,2.0172413793103448,1.2155172413793103,3.0344827586206895,1.543103448275862,1.646551724137931,1.3275862068965518,55
1043210.0603448276,2005.4741379310344,43.741379310344826,2.0172413793103448,1.2155172413793103,3.0344827586206895,1.543103448275862,1.646551724137931,1.3275862068965518,104
1043210.0603448276,2005.4741379310344,43.741379310344826,2.0172413793103448,1.2155172413793103,3.0344827586206895,1.543103448275862,1.646551724137931,1.3275862068965518,119
1043210.0603448276,2005.4741379310344,43.741379310344826,2.0172413793103448,1.2155172413793103,3.0344827586206895,1.543103448275862,1.646551724137931,1.3275862068965518,57
1043210.0603448276,2005.4741379310344,43.741379310344826,2.0172413793103448,1.2155172413793103,3.0344827586206895,1.543103448275862,1.646551724137931,1.3275862068965518,107
1043210.0603448276,2005.4741379310344,43.741379310344826,2.0172413793103448,1.2155172413793103,3.0344827586206895,1.543103448275862,1.646551724137931,1.3275862068965518,97
1043210.0603448276,2005.4741379310344,43.741379310344826,2.0172413793103448,1.2155172413793103,3.0344827586206895,1.543103448275862,1.646551724137931,1.3275862068965518,123
1043210.0603448276,2005.4741379310344,43.741379310344826,2.0172413793103448,1.2155172413793103,3.0344827586206895,1.543103448275862,1.646551724137931,1.3275862068965518,94
1043210.0603448276,2005.4741379310344,43.741379310344826,2.0172413793103448,1.2155172413793103,3.0344827586206895,1.543103448275862,1.646551724137931,1.3275862068965518,100
1043210.0603448276,2005.4741379310344,43.741379310344826,2.0172413793103448,1.2155172413793103,3.0344827586206895,1.543103448275862,1.646551724137931,1.3275862068965518,101
1043210.0603448276,2005.4741379310344,43.741379310344826,2.0172413793103448,1.2155172413793103,3.0344827586206895,1.543103448275862,1.646551724137931,1.3275862068965518,115
1043210.0603448276,2005.4741379310344,43.741379310344826,2.0172413793103448,1.2155172413793103,3.0344827586206895,1.543103448275862,1.646551724137931,1.3275862068965518,94
1043210.0603448276,2005.4741379310344,43.741379310344826,2.0172413793103448,1.2155172413793103,3.0344827586206895,1.543103448275862,1.646551724137931,1.3275862068965518,133
1043210.0603448276,2005.4741379310344,43.741379310344826,2.0172413793103448,1.2155172413793103,3.0344827586206895,1.543103448275862,1.646551724137931,1.3275862068965518,100
1043210.0603448276,2005.4741379310344,43.741379310344826,2.0172413793103448,1.2155172413793103,3.0344827586206895,1.543103448275862,1.646551724137931,1.3275862068965518,138
1043210.0603448276,2005.4741379310344,43.741379310344826,2.0172413793103448,1.2155172413793103,3.0344827586206895,1.543103448275862,1.646551724137931,1.3275862068965518,109
1043210.0603448276,2005.4741379310344,43.741379310344826,2.0172413793103448,1.2155172413793103,3.0344827586206895,1.543103448275862,1.646551724137931,1.3275862068965518,76
1043210.0603448276,2005.4741379310344,43.741379310344826,2.0172413793103448,1.2155172413793103,3.0344827586206895,1.543103448275862,1.646551724137931,1.3275862068965518,65
1043210.0603448276,2005.4741379310344,43.741379310344826,2.0172413793103448,1.2155172413793103,3.0344827586206895,1.543103448275862,1.646551724137931,1.3275862068965518,131
1043210.0603448276,2005.4741379310344,43.741379310344826,2.0172413793103448,1.2155172413793103,3.0344827586206895,1.543103448275862,1.646551724137931,1.3275862068965518,118
1043210.0603448276,2005.4741379310344,43.741379310344826,2.0172413793103448,1.2155172413793103,3.0344827586206895,1.543103448275862,1.646551724137931,1.3275862068965518,148
1043210.0603448276,2005.4741379310344,43.741379310344826,2.0172413793103448,1.2155172413793103,3.0344827586206895,1.543103448275862,1.646551724137931,1.3275862068965518,277
1043210.0603448276,2005.4741379310344,43.741379310344826,2.0172413793103448,1.2155172413793103,3.0344827586206895,1.543103448275862,1.646551724137931,1.3275862068965518,105
1043210.0603448276,2005.4741379310344,43.741379310344826,2.0172413793103448,1.2155172413793103,3.0344827586206895,1.543103448275862,1.646551724137931,1.3275862068965518,77
1043210.0603448276,2005.4741379310344,43.741379310344826,2.0172413793103448,1.2155172413793103,3.0344827586206895,1.543103448275862,1.646551724137931,1.3275862068965518,182
1043210.0603448276,2005.4741379310344,43.741379310344826,2.0172413793103448,1.2155172413793103,3.0344827586206895,1.543103448275862,1.646551724137931,1.3275862068965518,166
1043210.0603448276,2005.4741379310344,43.741379310344826,2.0172413793103448,1.2155172413793103,3.0344827586206895,1.543103448275862,1.646551724137931,1.3275862068965518,99
1043210.0603448276,2005.4741379310344,43.741379310344826,2.0172413793103448,1.2155172413793103,3.0344827586206895,1.543103448275862,1.646551724137931,1.3275862068965518,139
1043210.0603448276,2005.4741379310344,43.741379310344826,2.0172413793103448,1.2155172413793103,3.0344827586206895,1.543103448275862,1.646551724137931,1.3275862068965518,65
1043210.0603448276,2005.4741379310344,43.741379310344826,2.0172413793103448,1.2155172413793103,3.0344827586206895,1.543103448275862,1.646551724137931,1.3275862068965518,61
1043210.0603448276,2005.4741379310344,43.741379310344826,2.0172413793103448,1.2155172413793103,3.0344827586206895,1.543103448275862,1.646551724137931,1.3275862068965518,103
1043210.0603448276,2005.4741379310344,43.741379310344826,2.0172413793103448,1.2155172413793103,3.0344827586206895,1.543103448275862,1.646551724137931,1.3275862068965518,140
1043210.0603448276,2005.4741379310344,43.741379310344826,2.0172413793103448,1.2155172413793103,3.0344827586206895,1.543103448275862,1.646551724137931,1.3275862068965518,129
1043210.0603448276,2005.4741379310344,43.741379310344826,2.0172413793103448,1.2155172413793103,3.0344827586206895,1.543103448275862,1.646551724137931,1.3275862068965518,155
1043210.0603448276,2005.4741379310344,43.741379310344826,2.0172413793103448,1.2155172413793103,3.0344827586206895,1.543103448275862,1.646551724137931,1.3275862068965518,100
1043210.0603448276,2005.4741379310344,43.741379310344826,2.0172413793103448,1.2155172413793103,3.0344827586206895,1.543103448275862,1.646551724137931,1.3275862068965518,148
1043210.0603448276,2005.4741379310344,43.741379310344826,2.0172413793103448,1.2155172413793103,3.0344827586206895,1.543103448275862,1.646551724137931,1.3275862068965518,117
1043210.0603448276,2005.4741379310344,43.741379310344826,2.0172413793103448,1.2155172413793103,3.0344827586206895,1.543103448275862,1.646551724137931,1.3275862068965518,127
1043210.0603448276,2005.4741379310344,43.741379310344826,2.0172413793103448,1.2155172413793103,3.0344827586206895,1.543103448275862,1.646551724137931,1.3275862068965518,67
1043210.0603448276,2005.4741379310344,43.741379310344826,2.0172413793103448,1.2155172413793103,3.0344827586206895,1.543103448275862,1.646551724137931,1.3275862068965518,131
1043210.0603448276,2005.4741379310344,43.741379310344826,2.0172413793103448,1.2155172413793103,3.0344827586206895,1.543103448275862,1.646551724137931,1.3275862068965518,114
1043210.0603448276,2005.4741379310344,43.741379310344826,2.0172413793103448,1.2155172413793103,3.0344827586206895,1.543103448275862,1.646551724137931,1.3275862068965518,105
1043210.0603448276,2005.4741379310344,43.741379310344826,2.0172413793103448,1.2155172413793103,3.0344827586206895,1.543103448275862,1.646551724137931,1.3275862068965518,69
1043210.0603448276,2005.4741379310344,43.741379310344826,2.0172413793103448,1.2155172413793103,3.0344827586206895,1.543103448275862,1.646551724137931,1.3275862068965518,81
1043210.0603448276,2005.4741379310344,43.741379310344826,2.0172413793103448,1.2155172413793103,3.0344827586206895,1.543103448275862,1.646551724137931,1.3275862068965518,121
1043210.0603448276,2005.4741379310344,43.741379310344826,2.0172413793103448,1.2155172413793103,3.0344827586206895,1.543103448275862,1.646551724137931,1.3275862068965518,110
1043210.0603448276,2005.4741379310344,43.741379310344826,2.0172413793103448,1.2155172413793103,3.0344827586206895,1.543103448275862,1.646551724137931,1.3275862068965518,108
1043210.0603448276,2005.4741379310344,43.741379310344826,2.0172413793103448,1.2155172413793103,3.0344827586206895,1.543103448275862,1.646551724137931,1.3275862068965518,74
1043210.0603448276,2005.4741379310344,43.741379310344826,2.0172413793103448,1.2155172413793103,3.0344827586206895,1.543103448275862,1.646551724137931,1.3275862068965518,158
1043210.0603448276,2005.4741379310344,43.741379310344826,2.0172413793103448,1.2155172413793103,3.0344827586206895,1.543103448275862,1.646551724137931,1.3275862068965518,126
1043210.0603448276,2005.4741379310344,43.741379310344826,2.0172413793103448,1.2155172413793103,3.0344827586206895,1.543103448275862,1.646551724137931,1.3275862068965518,114
1043210.0603448276,2005.4741379310344,43.741379310344826,2.0172413793103448,1.2155172413793103,3.0344827586206895,1.543103448275862,1.646551724137931,1.3275862068965518,80
1043210.0603448276,2005.4741379310344,43.741379310344826,2.0172413793103448,1.2155172413793103,3.0344827586206895,1.543103448275862,1.646551724137931,1.3275862068965518,88
1043210.0603448276,2005.4741379310344,43.741379310344826,2.0172413793103448,1.2155172413793103,3.0344827586206895,1.543103448275862,1.646551724137931,1.3275862068965518,81
1043210.0603448276,2005.4741379310344,43.741379310344826,2.0172413793103448,1.2155172413793103,3.0344827586206895,1.543103448275862,1.646551724137931,1.3275862068965518,127
1043210.0603448276,2005.4741379310344,43.741379310344826,2.0172413793103448,1.2155172413793103,3.0344827586206895,1.543103448275862,1.646551724137931,1.3275862068965518,148
1043210.0603448276,2005.4741379310344,43.741379310344826,2.0172413793103448,1.2155172413793103,3.0344827586206895,1.543103448275862,1.646551724137931,1.3275862068965518,72
1043210.0603448276,2005.4741379310344,43.741379310344826,2.0172413793103448,1.2155172413793103,3.0344827586206895,1.543103448275862,1.646551724137931,1.3275862068965518,177
1043210.0603448276,2005.4741379310344,43.741379310344826,2.0172413793103448,1.2155172413793103,3.0344827586206895,1.543103448275862,1.646551724137931,1.3275862068965518,110
1043210.0603448276,2005.4741379310344,43.741379310344826,2.0172413793103448,1.2155172413793103,3.0344827586206895,1.543103448275862,1.646551724137931,1.3275862068965518,89
1043210.0603448276,2005.4741379310344,43.741379310344826,2.0172413793103448,1.2155172413793103,3.0344827586206895,1.543103448275862,1.646551724137931,1.3275862068965518,125
1043210.0603448276,2005.4741379310344,43.741379310344826,2.0172413793103448,1.2155172413793103,3.0344827586206895,1.543103448275862,1.646551724137931,1.3275862068965518,161
1043210.0603448276,2005.4741379310344,43.741379310344826,2.0172413793103448,1.2155172413793103,3.0344827586206895,1.543103448275862,1.646551724137931,1.3275862068965518,272
1043210.0603448276,2005.4741379310344,43.741379310344826,2.0172413793103448,1.2155172413793103,3.0344827586206895,1.543103448275862,1.646551724137931,1.3275862068965518,145
1043210.0603448276,2005.4741379310344,43.741379310344826,2.0172413793103448,1.2155172413793103,3.0344827586206895,1.543103448275862,1.646551724137931,1.3275862068965518,84
1043210.0603448276,2005.4741379310344,43.741379310344826,2.0172413793103448,1.2155172413793103,3.0344827586206895,1.543103448275862,1.646551724137931,1.3275862068965518,66
1043210.0603448276,2005.4741379310344,43.741379310344826,2.0172413793103448,1.2155172413793103,3.0344827586206895,1.543103448275862,1.646551724137931,1.3275862068965518,93
1043210.0603448276,2005.4741379310344,43.741379310344826,2.0172413793103448,1.2155172413793103,3.0344827586206895,1.543103448275862,1.646551724137931,1.3275862068965518,90
1043210.0603448276,2005.4741379310344,43.741379310344826,2.0172413793103448,1.2155172413793103,3.0344827586206895,1.543103448275862,1.646551724137931,1.3275862068965518,63
1043210.0603448276,2005.4741379310344,43.741379310344826,2.0172413793103448,1.2155172413793103,3.0344827586206895,1.543103448275862,1.646551724137931,1.3275862068965518,119
1043210.0603448276,2005.4741379310344,43.741379310344826,2.0172413793103448,1.2155172413793103,3.0344827586206895,1.543103448275862,1.646551724137931,1.3275862068965518,74
1043210.0603448276,2005.4741379310344,43.741379310344826,2.0172413793103448,1.2155172413793103,3.0344827586206895,1.543103448275862,1.646551724137931,1.3275862068965518,111
1043210.0603448276,2005.4741379310344,43.741379310344826,2.0172413793103448,1.2155172413793103,3.0344827586206895,1.543103448275862,1.646551724137931,1.3275862068965518,88
1043210.0603448276,2005.4741379310344,43.741379310344826,2.0172413793103448,1.2155172413793103,3.0344827586206895,1.543103448275862,1.646551724137931,1.3275862068965518,110
1043210.0603448276,2005.4741379310344,43.741379310344826,2.0172413793103448,1.2155172413793103,3.0344827586206895,1.543103448275862,1.646551724137931,1.3275862068965518,128
1043210.0603448276,2005.4741379310344,43.741379310344826,2.0172413793103448,1.2155172413793103,3.0344827586206895,1.543103448275862,1.646551724137931,1.3275862068965518,172
1043210.0603448276,2005.4741379310344,43.741379310344826,2.0172413793103448,1.2155172413793103,3.0344827586206895,1.543103448275862,1.646551724137931,1.3275862068965518,278
1043210.0603448276,2005.4741379310344,43.741379310344826,2.0172413793103448,1.2155172413793103,3.0344827586206895,1.543103448275862,1.646551724137931,1.3275862068965518,164
1043210.0603448276,2005.4741379310344,43.741379310344826,2.0172413793103448,1.2155172413793103,3.0344827586206895,1.543103448275862,1.646551724137931,1.3275862068965518,85
1043210.0603448276,2005.4741379310344,43.741379310344826,2.0172413793103448,1.2155172413793103,3.0344827586206895,1.543103448275862,1.646551724137931,1.3275862068965518,102
1043210.0603448276,2005.4741379310344,43.741379310344826,2.0172413793103448,1.2155172413793103,3.0344827586206895,1.543103448275862,1.646551724137931,1.3275862068965518,137
1043210.0603448276,2005.4741379310344,43.741379310344826,2.0172413793103448,1.2155172413793103,3.0344827586206895,1.543103448275862,1.646551724137931,1.3275862068965518,116
1043210.0603448276,2005.4741379310344,43.741379310344826,2.0172413793103448,1.2155172413793103,3.0344827586206895,1.543103448275862,1.646551724137931,1.3275862068965518,119
1043210.0603448276,2005.4741379310344,43.741379310344826,2.0172413793103448,1.2155172413793103,3.0344827586206895,1.543103448275862,1.646551724137931,1.3275862068965518,113
1043210.0603448276,2005.4741379310344,43.741379310344826,2.0172413793103448,1.2155172413793103,3.0344827586206895,1.543103448275862,1.646551724137931,1.3275862068965518,74
1043210.0603448276,2005.4741379310344,43.741379310344826,2.0172413793103448,1.2155172413793103,3.0344827586206895,1.543103448275862,1.646551724137931,1.3275862068965518,95
1043210.0603448276,2005.4741379310344,43.741379310344826,2.0172413793103448,1.2155172413793103,3.0344827586206895,1.543103448275862,1.646551724137931,1.3275862068965518,135
1043210.0603448276,2005.4741379310344,43.741379310344826,2.0172413793103448,1.2155172413793103,3.0344827586206895,1.543103448275862,1.646551724137931,1.3275862068965518,114
1043210.0603448276,2005.4741379310344,43.741379310344826,2.0172413793103448,1.2155172413793103,3.0344827586206895,1.543103448275862,1.646551724137931,1.3275862068965518,59
1043210.0603448276,2005.4741379310344,43.741379310344826,2.0172413793103448,1.2155172413793103,3.0344827586206895,1.543103448275862,1.646551724137931,1.3275862068965518,92
1043210.0603448276,2005.4741379310344,43.741379310344826,2.0172413793103448,1.2155172413793103,3.0344827586206895,1.543103448275862,1.646551724137931,1.3275862068965518,70
1043210.0603448276,2005.4741379310344,43.741379310344826,2.0172413793103448,1.2155172413793103,3.0344827586206895,1.543103448275862,1.646551724137931,1.3275862068965518,81
1043210.0603448276,2005.4741379310344,43.741379310344826,2.0172413793103448,1.2155172413793103,3.0344827586206895,1.543103448275862,1.646551724137931,1.3275862068965518,83
1043210.0603448276,2005.4741379310344,43.741379310344826,2.0172413793103448,1.2155172413793103,3.0344827586206895,1.543103448275862,1.646551724137931,1.3275862068965518,112
1034921.405940594,2005.7475247524753,42.67821782178218,2.01980198019802,1.2871287128712872,3.00990099009901,1.5247524752475248,1.7376237623762376,1.2821782178217822,100
1034921.405940594,2005.7475247524753,42.67821782178218,2.01980198019802,1.2871287128712872,3.00990099009901,1.5247524752475248,1.7376237623762376,1.2821782178217822,117
1034921.405940594,2005.7475247524753,42.67821782178218,2.01980198019802,1.2871287128712872,3.00990099009901,1.5247524752475248,1.7376237623762376,1.2821782178217822,146
1034921.405940594,2005.7475247524753,42.67821782178218,2.01980198019802,1.2871287128712872,3.00990099009901,1.5247524752475248,1.7376237623762376,1.2821782178217822,125
1034921.405940594,2005.7475247524753,42.67821782178218,2.01980198019802,1.2871287128712872,3.00990099009901,1.5247524752475248,1.7376237623762376,1.2821782178217822,119
1034921.405940594,2005.7475247524753,42.67821782178218,2.01980198019802,1.2871287128712872,3.00990099009901,1.5247524752475248,1.7376237623762376,1.2821782178217822,94
1034921.405940594,2005.7475247524753,42.67821782178218,2.01980198019802,1.2871287128712872,3.00990099009901,1.5247524752475248,1.7376237623762376,1.2821782178217822,138
1034921.405940594,2005.7475247524753,42.67821782178218,2.01980198019802,1.2871287128712872,3.00990099009901,1.5247524752475248,1.7376237623762376,1.2821782178217822,127
1034921.405940594,2005.7475247524753,42.67821782178218,2.01980198019802,1.2871287128712872,3.00990099009901,1.5247524752475248,1.7376237623762376,1.2821782178217822,55
1034921.405940594,2005.7475247524753,42.67821782178218,2.01980198019802,1.2871287128712872,3.00990099009901,1.5247524752475248,1.7376237623762376,1.2821782178217822,63
1034921.405940594,2005.7475247524753,42.67821782178218,2.01980198019802,1.2871287128712872,3.00990099009901,1.5247524752475248,1.7376237623762376,1.2821782178217822,129
1034921.405940594,2005.7475247524753,42.67821782178218,2.01980198019802,1.2871287128712872,3.00990099009901,1.5247524752475248,1.7376237623762376,1.2821782178217822,148
1034921.405940594,2005.7475247524753,42.67821782178218,2.01980198019802,1.2871287128712872,3.00990099009901,1.5247524752475248,1.7376237623762376,1.2821782178217822,110
1034921.405940594,2005.7475247524753,42.67821782178218,2.01980198019802,1.2871287128712872,3.00990099009901,1.5247524752475248,1.7376237623762376,1.2821782178217822,123
1034921.405940594,2005.7475247524753,42.67821782178218,2.01980198019802,1.2871287128712872,3.00990099009901,1.5247524752475248,1.7376237623762376,1.2821782178217822,88
1034921.405940594,2005.7475247524753,42.67821782178218,2.01980198019802,1.2871287128712872,3.00990099009901,1.5247524752475248,1.7376237623762376,1.2821782178217822,272
1034921.405940594,2005.7475247524753,42.67821782178218,2.01980198019802,1.2871287128712872,3.00990099009901,1.5247524752475248,1.7376237623762376,1.2821782178217822,66
1034921.405940594,2005.7475247524753,42.67821782178218,2.01980198019802,1.2871287128712872,3.00990099009901,1.5247524752475248,1.7376237623762376,1.2821782178217822,142
1034921.405940594,2005.7475247524753,42.67821782178218,2.01980198019802,1.2871287128712872,3.00990099009901,1.5247524752475248,1.7376237623762376,1.2821782178217822,177
1034921.405940594,2005.7475247524753,42.67821782178218,2.01980198019802,1.2871287128712872,3.00990099009901,1.5247524752475248,1.7376237623762376,1.2821782178217822,100
1034921.405940594,2005.7475247524753,42.67821782178218,2.01980198019802,1.2871287128712872,3.00990099009901,1.5247524752475248,1.7376237623762376,1.2821782178217822,81
1034921.405940594,2005.7475247524753,42.67821782178218,2.01980198019802,1.2871287128712872,3.00990099009901,1.5247524752475248,1.7376237623762376,1.2821782178217822,161
1034921.405940594,2005.7475247524753,42.67821782178218,2.01980198019802,1.2871287128712872,3.00990099009901,1.5247524752475248,1.7376237623762376,1.2821782178217822,112
1034921.405940594,2005.7475247524753,42.67821782178218,2.01980198019802,1.2871287128712872,3.00990099009901,1.5247524752475248,1.7376237623762376,1.2821782178217822,108
1034921.405940594,2005.7475247524753,42.67821782178218,2.01980198019802,1.2871287128712872,3.00990099009901,1.5247524752475248,1.7376237623762376,1.2821782178217822,105
1034921.405940594,2005.7475247524753,42.67821782178218,2.01980198019802,1.2871287128712872,3.00990099009901,1.5247524752475248,1.7376237623762376,1.2821782178217822,88
1034921.405940594,2005.7475247524753,42.67821782178218,2.01980198019802,1.2871287128712872,3.00990099009901,1.5247524752475248,1.7376237623762376,1.2821782178217822,107
1034921.405940594,2005.7475247524753,42.67821782178218,2.01980198019802,1.2871287128712872,3.00990099009901,1.5247524752475248,1.7376237623762376,1.2821782178217822,100
1034921.405940594,2005.7475247524753,42.67821782178218,2.01980198019802,1.2871287128712872,3.00990099009901,1.5247524752475248,1.7376237623762376,1.2821782178217822,35
1034921.405940594,2005.7475247524753,42.67821782178218,2.01980198019802,1.2871287128712872,3.00990099009901,1.5247524752475248,1.7376237623762376,1.2821782178217822,137
1034921.405940594,2005.7475247524753,42.67821782178218,2.01980198019802,1.2871287128712872,3.00990099009901,1.5247524752475248,1.7376237623762376,1.2821782178217822,94
1034921.405940594,2005.7475247524753,42.67821782178218,2.01980198019802,1.2871287128712872,3.00990099009901,1.5247524752475248,1.7376237623762376,1.2821782178217822,93
1034921.405940594,2005.7475247524753,42.67821782178218,2.01980198019802,1.2871287128712872,3.00990099009901,1.5247524752475248,1.7376237623762376,1.2821782178217822,113
1034921.405940594,2005.7475247524753,42.67821782178218,2.01980198019802,1.2871287128712872,3.00990099009901,1.5247524752475248,1.7376237623762376,1.2821782178217822,59
1034921.405940594,2005.7475247524753,42.67821782178218,2.01980198019802,1.2871287128712872,3.00990099009901,1.5247524752475248,1.7376237623762376,1.2821782178217822,112
1034921.405940594,2005.7475247524753,42.67821782178218,2.01980198019802,1.2871287128712872,3.00990099009901,1.5247524752475248,1.7376237623762376,1.2821782178217822,105
1034921.405940594,2005.7475247524753,42.67821782178218,2.01980198019802,1.2871287128712872,3.00990099009901,1.5247524752475248,1.7376237623762376,1.2821782178217822,100
1034921.405940594,2005.7475247524753,42.67821782178218,2.01980198019802,1.2871287128712872,3.00990099009901,1.5247524752475248,1.7376237623762376,1.2821782178217822,129
1034921.405940594,2005.7475247524753,42.67821782178218,2.01980198019802,1.2871287128712872,3.00990099009901,1.5247524752475248,1.7376237623762376,1.2821782178217822,172
1034921.405940594,2005.7475247524753,42.67821782178218,2.01980198019802,1.2871287128712872,3.00990099009901,1.5247524752475248,1.7376237623762376,1.2821782178217822,111
1034921.405940594,2005.7475247524753,42.67821782178218,2.01980198019802,1.2871287128712872,3.00990099009901,1.5247524752475248,1.7376237623762376,1.2821782178217822,148
1034921.405940594,2005.7475247524753,42.67821782178218,2.01980198019802,1.2871287128712872,3.00990099009901,1.5247524752475248,1.7376237623762376,1.2821782178217822,136
1034921.405940594,2005.7475247524753,42.67821782178218,2.01980198019802,1.2871287128712872,3.00990099009901,1.5247524752475248,1.7376237623762376,1.2821782178217822,196
1034921.405940594,2005.7475247524753,42.67821782178218,2.01980198019802,1.2871287128712872,3.00990099009901,1.5247524752475248,1.7376237623762376,1.2821782178217822,278
1034921.405940594,2005.7475247524753,42.67821782178218,2.01980198019802,1.2871287128712872,3.00990099009901,1.5247524752475248,1.7376237623762376,1.2821782178217822,164
1034921.405940594,2005.7475247524753,42.67821782178218,2.01980198019802,1.2871287128712872,3.00990099009901,1.5247524752475248,1.7376237623762376,1.2821782178217822,75
1034921.405940594,2005.7475247524753,42.67821782178218,2.01980198019802,1.2871287128712872,3.00990099009901,1.5247524752475248,1.7376237623762376,1.2821782178217822,103
1034921.405940594,2005.7475247524753,42.67821782178218,2.01980198019802,1.2871287128712872,3.00990099009901,1.5247524752475248,1.7376237623762376,1.2821782178217822,89
1034921.405940594,2005.7475247524753,42.67821782178218,2.01980198019802,1.2871287128712872,3.00990099009901,1.5247524752475248,1.7376237623762376,1.2821782178217822,123
1034921.405940594,2005.7475247524753,42.67821782178218,2.01980198019802,1.2871287128712872,3.00990099009901,1.5247524752475248,1.7376237623762376,1.2821782178217822,128
1034921.405940594,2005.7475247524753,42.67821782178218,2.01980198019802,1.2871287128712872,3.00990099009901,1.5247524752475248,1.7376237623762376,1.2821782178217822,88
1034921.405940594,2005.7475247524753,42.67821782178218,2.01980198019802,1.2871287128712872,3.00990099009901,1.5247524752475248,1.7376237623762376,1.2821782178217822,110
1034921.405940594,2005.7475247524753,42.67821782178218,2.01980198019802,1.2871287128712872,3.00990099009901,1.5247524752475248,1.7376237623762376,1.2821782178217822,81
1034921.405940594,2005.7475247524753,42.67821782178218,2.01980198019802,1.2871287128712872,3.00990099009901,1.5247524752475248,1.7376237623762376,1.2821782178217822,115
1034921.405940594,2005.7475247524753,42.67821782178218,2.01980198019802,1.2871287128712872,3.00990099009901,1.5247524752475248,1.7376237623762376,1.2821782178217822,108
1034921.405940594,2005.7475247524753,42.67821782178218,2.01980198019802,1.2871287128712872,3.00990099009901,1.5247524752475248,1.7376237623762376,1.2821782178217822,74
1034921.405940594,2005.7475247524753,42.67821782178218,2.01980198019802,1.2871287128712872,3.00990099009901,1.5247524752475248,1.7376237623762376,1.2821782178217822,114
1034921.405940594,2005.7475247524753,42.67821782178218,2.01980198019802,1.2871287128712872,3.00990099009901,1.5247524752475248,1.7376237623762376,1.2821782178217822,117
1034921.405940594,2005.7475247524753,42.67821782178218,2.01980198019802,1.2871287128712872,3.00990099009901,1.5247524752475248,1.7376237623762376,1.2821782178217822,121
1034921.405940594,2005.7475247524753,42.67821782178218,2.01980198019802,1.2871287128712872,3.00990099009901,1.5247524752475248,1.7376237623762376,1.2821782178217822,116
1034921.405940594,2005.7475247524753,42.67821782178218,2.01980198019802,1.2871287128712872,3.00990099009901,1.5247524752475248,1.7376237623762376,1.2821782178217822,126
1034921.405940594,2005.7475247524753,42.67821782178218,2.01980198019802,1.2871287128712872,3.00990099009901,1.5247524752475248,1.7376237623762376,1.2821782178217822,119
1034921.405940594,2005.7475247524753,42.67821782178218,2.01980198019802,1.2871287128712872,3.00990099009901,1.5247524752475248,1.7376237623762376,1.2821782178217822,132
1034921.405940594,2005.7475247524753,42.67821782178218,2.01980198019802,1.2871287128712872,3.00990099009901,1.5247524752475248,1.7376237623762376,1.2821782178217822,114
1034921.405940594,2005.7475247524753,42.67821782178218,2.01980198019802,1.2871287128712872,3.00990099009901,1.5247524752475248,1.7376237623762376,1.2821782178217822,65
1034921.405940594,2005.7475247524753,42.67821782178218,2.01980198019802,1.2871287128712872,3.00990099009901,1.5247524752475248,1.7376237623762376,1.2821782178217822,102
1034921.405940594,2005.7475247524753,42.67821782178218,2.01980198019802,1.2871287128712872,3.00990099009901,1.5247524752475248,1.7376237623762376,1.2821782178217822,94
1034921.405940594,2005.7475247524753,42.67821782178218,2.01980198019802,1.2871287128712872,3.00990099009901,1.5247524752475248,1.7376237623762376,1.2821782178217822,131
1034921.405940594,2005.7475247524753,42.67821782178218,2.01980198019802,1.2871287128712872,3.00990099009901,1.5247524752475248,1.7376237623762376,1.2821782178217822,93
1034921.405940594,2005.7475247524753,42.67821782178218,2.01980198019802,1.2871287128712872,3.00990099009901,1.5247524752475248,1.7376237623762376,1.2821782178217822,148
1034921.405940594,2005.7475247524753,42.67821782178218,2.01980198019802,1.2871287128712872,3.00990099009901,1.5247524752475248,1.7376237623762376,1.2821782178217822,135
1034921.405940594,2005.7475247524753,42.67821782178218,2.01980198019802,1.2871287128712872,3.00990099009901,1.5247524752475248,1.7376237623762376,1.2821782178217822,105
1034921.405940594,2005.7475247524753,42.67821782178218,2.01980198019802,1.2871287128712872,3.00990099009901,1.5247524752475248,1.7376237623762376,1.2821782178217822,100
1034921.405940594,2005.7475247524753,42.67821782178218,2.01980198019802,1.2871287128712872,3.00990099009901,1.5247524752475248,1.7376237623762376,1.2821782178217822,83
1034921.405940594,2005.7475247524753,42.67821782178218,2.01980198019802,1.2871287128712872,3.00990099009901,1.5247524752475248,1.7376237623762376,1.2821782178217822,119
1034921.405940594,2005.7475247524753,42.67821782178218,2.01980198019802,1.2871287128712872,3.00990099009901,1.5247524752475248,1.7376237623762376,1.2821782178217822,110
1034921.405940594,2005.7475247524753,42.67821782178218,2.01980198019802,1.2871287128712872,3.00990099009901,1.5247524752475248,1.7376237623762376,1.2821782178217822,282
1034921.405940594,2005.7475247524753,42.67821782178218,2.01980198019802,1.2871287128712872,3.00990099009901,1.5247524752475248,1.7376237623762376,1.2821782178217822,84
1034921.405940594,2005.7475247524753,42.67821782178218,2.01980198019802,1.2871287128712872,3.00990099009901,1.5247524752475248,1.7376237623762376,1.2821782178217822,123
1034921.405940594,2005.7475247524753,42.67821782178218,2.01980198019802,1.2871287128712872,3.00990099009901,1.5247524752475248,1.7376237623762376,1.2821782178217822,52
1034921.405940594,2005.7475247524753,42.67821782178218,2.01980198019802,1.2871287128712872,3.00990099009901,1.5247524752475248,1.7376237623762376,1.2821782178217822,81
1034921.405940594,2005.7475247524753,42.67821782178218,2.01980198019802,1.2871287128712872,3.00990099009901,1.5247524752475248,1.7376237623762376,1.2821782178217822,75
1034921.405940594,2005.7475247524753,42.67821782178218,2.01980198019802,1.2871287128712872,3.00990099009901,1.5247524752475248,1.7376237623762376,1.2821782178217822,70
1034921.405940594,2005.7475247524753,42.67821782178218,2.01980198019802,1.2871287128712872,3.00990099009901,1.5247524752475248,1.7376237623762376,1.2821782178217822,85
1034921.405940594,2005.7475247524753,42.67821782178218,2.01980198019802,1.2871287128712872,3.00990099009901,1.5247524752475248,1.7376237623762376,1.2821782178217822,97
1034921.405940594,2005.7475247524753,42.67821782178218,2.01980198019802,1.2871287128712872,3.00990099009901,1.5247524752475248,1.7376237623762376,1.2821782178217822,121
1034921.405940594,2005.7475247524753,42.67821782178218,2.01980198019802,1.2871287128712872,3.00990099009901,1.5247524752475248,1.7376237623762376,1.2821782178217822,155
1034921.405940594,2005.7475247524753,42.67821782178218,2.01980198019802,1.2871287128712872,3.00990099009901,1.5247524752475248,1.7376237623762376,1.2821782178217822,103
1034921.405940594,2005.7475247524753,42.67821782178218,2.01980198019802,1.2871287128712872,3.00990099009901,1.5247524752475248,1.7376237623762376,1.2821782178217822,92
1034921.405940594,2005.7475247524753,42.67821782178218,2.01980198019802,1.2871287128712872,3.00990099009901,1.5247524752475248,1.7376237623762376,1.2821782178217822,50
1034921.405940594,2005.7475247524753,42.67821782178218,2.01980198019802,1.2871287128712872,3.00990099009901,1.5247524752475248,1.7376237623762376,1.2821782178217822,89
1034921.405940594,2005.7475247524753,42.67821782178218,2.01980198019802,1.2871287128712872,3.00990099009901,1.5247524752475248,1.7376237623762376,1.2821782178217822,72
1034921.405940594,2005.7475247524753,42.67821782178218,2.01980198019802,1.2871287128712872,3.00990099009901,1.5247524752475248,1.7376237623762376,1.2821782178217822,129
1034921.405940594,2005.7475247524753,42.67821782178218,2.01980198019802,1.2871287128712872,3.00990099009901,1.5247524752475248,1.7376237623762376,1.2821782178217822,153
1034921.405940594,2005.7475247524753,42.67821782178218,2.01980198019802,1.2871287128712872,3.00990099009901,1.5247524752475248,1.7376237623762376,1.2821782178217822,187
1034921.405940594,2005.7475247524753,42.67821782178218,2.01980198019802,1.2871287128712872,3.00990099009901,1.5247524752475248,1.7376237623762376,1.2821782178217822,88
1034921.405940594,2005.7475247524753,42.67821782178218,2.01980198019802,1.2871287128712872,3.00990099009901,1.5247524752475248,1.7376237623762376,1.2821782178217822,74
1034921.405940594,2005.7475247524753,42.67821782178218,2.01980198019802,1.2871287128712872,3.00990099009901,1.5247524752475248,1.7376237623762376,1.2821782178217822,71
1034921.405940594,2005.7475247524753,42.67821782178218,2.01980198019802,1.2871287128712872,3.00990099009901,1.5247524752475248,1.7376237623762376,1.2821782178217822,131
1034921.405940594,2005.7475247524753,42.67821782178218,2.01980198019802,1.2871287128712872,3.00990099009901,1.5247524752475248,1.7376237623762376,1.2821782178217822,102
1034921.405940594,2005.7475247524753,42.67821782178218,2.01980198019802,1.2871287128712872,3.00990099009901,1.5247524752475248,1.7376237623762376,1.2821782178217822,104
1034921.405940594,2005.7475247524753,42.67821782178218,2.01980198019802,1.2871287128712872,3.00990099009901,1.5247524752475248,1.7376237623762376,1.2821782178217822,87
1034921.405940594,2005.7475247524753,42.67821782178218,2.01980198019802,1.2871287128712872,3.00990099009901,1.5247524752475248,1.7376237623762376,1.2821782178217822,114
1034921.405940594,2005.7475247524753,42.67821782178218,2.01980198019802,1.2871287128712872,3.00990099009901,1.5247524752475248,1.7376237623762376,1.2821782178217822,90
1034921.405940594,2005.7475247524753,42.67821782178218,2.01980198019802,1.2871287128712872,3.00990099009901,1.5247524752475248,1.7376237623762376,1.2821782178217822,105
1034921.405940594,2005.7475247524753,42.67821782178218,2.01980198019802,1.2871287128712872,3.00990099009901,1.5247524752475248,1.7376237623762376,1.2821782178217822,83
1034921.405940594,2005.7475247524753,42.67821782178218,2.01980198019802,1.2871287128712872,3.00990099009901,1.5247524752475248,1.7376237623762376,1.2821782178217822,119
1034921.405940594,2005.7475247524753,42.67821782178218,2.01980198019802,1.2871287128712872,3.00990099009901,1.5247524752475248,1.7376237623762376,1.2821782178217822,110
1034921.405940594,2005.7475247524753,42.67821782178218,2.01980198019802,1.2871287128712872,3.00990099009901,1.5247524752475248,1.7376237623762376,1.2821782178217822,152
1034921.405940594,2005.7475247524753,42.67821782178218,2.01980198019802,1.2871287128712872,3.00990099009901,1.5247524752475248,1.7376237623762376,1.2821782178217822,40
1034921.405940594,2005.7475247524753,42.67821782178218,2.01980198019802,1.2871287128712872,3.00990099009901,1.5247524752475248,1.7376237623762376,1.2821782178217822,201
1034921.405940594,2005.7475247524753,42.67821782178218,2.01980198019802,1.2871287128712872,3.00990099009901,1.5247524752475248,1.7376237623762376,1.2821782178217822,72
1034921.405940594,2005.7475247524753,42.67821782178218,2.01980198019802,1.2871287128712872,3.00990099009901,1.5247524752475248,1.7376237623762376,1.2821782178217822,85
1034921.405940594,2005.7475247524753,42.67821782178218,2.01980198019802,1.2871287128712872,3.00990099009901,1.5247524752475248,1.7376237623762376,1.2821782178217822,88
1034921.405940594,2005.7475247524753,42.67821782178218,2.01980198019802,1.2871287128712872,3.00990099009901,1.5247524752475248,1.7376237623762376,1.2821782178217822,97
1034921.405940594,2005.7475247524753,42.67821782178218,2.01980198019802,1.2871287128712872,3.00990099009901,1.5247524752475248,1.7376237623762376,1.2821782178217822,57
1034921.405940594,2005.7475247524753,42.67821782178218,2.01980198019802,1.2871287128712872,3.00990099009901,1.5247524752475248,1.7376237623762376,1.2821782178217822,92
1034921.405940594,2005.7475247524753,42.67821782178218,2.01980198019802,1.2871287128712872,3.00990099009901,1.5247524752475248,1.7376237623762376,1.2821782178217822,77
1034921.405940594,2005.7475247524753,42.67821782178218,2.01980198019802,1.2871287128712872,3.00990099009901,1.5247524752475248,1.7376237623762376,1.2821782178217822,70
1034921.405940594,2005.7475247524753,42.67821782178218,2.01980198019802,1.2871287128712872,3.00990099009901,1.5247524752475248,1.7376237623762376,1.2821782178217822,127
1034921.405940594,2005.7475247524753,42.67821782178218,2.01980198019802,1.2871287128712872,3.00990099009901,1.5247524752475248,1.7376237623762376,1.2821782178217822,80
1034921.405940594,2005.7475247524753,42.67821782178218,2.01980198019802,1.2871287128712872,3.00990099009901,1.5247524752475248,1.7376237623762376,1.2821782178217822,64
1034921.405940594,2005.7475247524753,42.67821782178218,2.01980198019802,1.2871287128712872,3.00990099009901,1.5247524752475248,1.7376237623762376,1.2821782178217822,65
1034921.405940594,2005.7475247524753,42.67821782178218,2.01980198019802,1.2871287128712872,3.00990099009901,1.5247524752475248,1.7376237623762376,1.2821782178217822,74
1034921.405940594,2005.7475247524753,42.67821782178218,2.01980198019802,1.2871287128712872,3.00990099009901,1.5247524752475248,1.7376237623762376,1.2821782178217822,60
1034921.405940594,2005.7475247524753,42.67821782178218,2.01980198019802,1.2871287128712872,3.00990099009901,1.5247524752475248,1.7376237623762376,1.2821782178217822,84
1034921.405940594,2005.7475247524753,42.67821782178218,2.01980198019802,1.2871287128712872,3.00990099009901,1.5247524752475248,1.7376237623762376,1.2821782178217822,81
1034921.405940594,2005.7475247524753,42.67821782178218,2.01980198019802,1.2871287128712872,3.00990099009901,1.5247524752475248,1.7376237623762376,1.2821782178217822,144
1034921.405940594,2005.7475247524753,42.67821782178218,2.01980198019802,1.2871287128712872,3.00990099009901,1.5247524752475248,1.7376237623762376,1.2821782178217822,145
1034921.405940594,2005.7475247524753,42.67821782178218,2.01980198019802,1.2871287128712872,3.00990099009901,1.5247524752475248,1.7376237623762376,1.2821782178217822,143
1034921.405940594,2005.7475247524753,42.67821782178218,2.01980198019802,1.2871287128712872,3.00990099009901,1.5247524752475248,1.7376237623762376,1.2821782178217822,94
1034921.405940594,2005.7475247524753,42.67821782178218,2.01980198019802,1.2871287128712872,3.00990099009901,1.5247524752475248,1.7376237623762376,1.2821782178217822,135
1034921.405940594,2005.7475247524753,42.67821782178218,2.01980198019802,1.2871287128712872,3.00990099009901,1.5247524752475248,1.7376237623762376,1.2821782178217822,100
1034921.405940594,2005.7475247524753,42.67821782178218,2.01980198019802,1.2871287128712872,3.00990099009901,1.5247524752475248,1.7376237623762376,1.2821782178217822,56
1034921.405940594,2005.7475247524753,42.67821782178218,2.01980198019802,1.2871287128712872,3.00990099009901,1.5247524752475248,1.7376237623762376,1.2821782178217822,77
1034921.405940594,2005.7475247524753,42.67821782178218,2.01980198019802,1.2871287128712872,3.00990099009901,1.5247524752475248,1.7376237623762376,1.2821782178217822,148
1034921.405940594,2005.7475247524753,42.67821782178218,2.01980198019802,1.2871287128712872,3.00990099009901,1.5247524752475248,1.7376237623762376,1.2821782178217822,74
1034921.405940594,2005.7475247524753,42.67821782178218,2.01980198019802,1.2871287128712872,3.00990099009901,1.5247524752475248,1.7376237623762376,1.2821782178217822,110
1034921.405940594,2005.7475247524753,42.67821782178218,2.01980198019802,1.2871287128712872,3.00990099009901,1.5247524752475248,1.7376237623762376,1.2821782178217822,127
1034921.405940594,2005.7475247524753,42.67821782178218,2.01980198019802,1.2871287128712872,3.00990099009901,1.5247524752475248,1.7376237623762376,1.2821782178217822,100
1034921.405940594,2005.7475247524753,42.67821782178218,2.01980198019802,1.2871287128712872,3.00990099009901,1.5247524752475248,1.7376237623762376,1.2821782178217822,166
1034921.405940594,2005.7475247524753,42.67821782178218,2.01980198019802,1.2871287128712872,3.00990099009901,1.5247524752475248,1.7376237623762376,1.2821782178217822,109
1034921.405940594,2005.7475247524753,42.67821782178218,2.01980198019802,1.2871287128712872,3.00990099009901,1.5247524752475248,1.7376237623762376,1.2821782178217822,133
1034921.405940594,2005.7475247524753,42.67821782178218,2.01980198019802,1.2871287128712872,3.00990099009901,1.5247524752475248,1.7376237623762376,1.2821782178217822,76
1034921.405940594,2005.7475247524753,42.67821782178218,2.01980198019802,1.2871287128712872,3.00990099009901,1.5247524752475248,1.7376237623762376,1.2821782178217822,65
1034921.405940594,2005.7475247524753,42.67821782178218,2.01980198019802,1.2871287128712872,3.00990099009901,1.5247524752475248,1.7376237623762376,1.2821782178217822,68
1034921.405940594,2005.7475247524753,42.67821782178218,2.01980198019802,1.2871287128712872,3.00990099009901,1.5247524752475248,1.7376237623762376,1.2821782178217822,83
1034921.405940594,2005.7475247524753,42.67821782178218,2.01980198019802,1.2871287128712872,3.00990099009901,1.5247524752475248,1.7376237623762376,1.2821782178217822,94
1034921.405940594,2005.7475247524753,42.67821782178218,2.01980198019802,1.2871287128712872,3.00990099009901,1.5247524752475248,1.7376237623762376,1.2821782178217822,119
1034921.405940594,2005.7475247524753,42.67821782178218,2.01980198019802,1.2871287128712872,3.00990099009901,1.5247524752475248,1.7376237623762376,1.2821782178217822,277
1034921.405940594,2005.7475247524753,42.67821782178218,2.01980198019802,1.2871287128712872,3.00990099009901,1.5247524752475248,1.7376237623762376,1.2821782178217822,88
1034921.405940594,2005.7475247524753,42.67821782178218,2.01980198019802,1.2871287128712872,3.00990099009901,1.5247524752475248,1.7376237623762376,1.2821782178217822,131
1034921.405940594,2005.7475247524753,42.67821782178218,2.01980198019802,1.2871287128712872,3.00990099009901,1.5247524752475248,1.7376237623762376,1.2821782178217822,118
1034921.405940594,2005.7475247524753,42.67821782178218,2.01980198019802,1.2871287128712872,3.00990099009901,1.5247524752475248,1.7376237623762376,1.2821782178217822,114
1034921.405940594,2005.7475247524753,42.67821782178218,2.01980198019802,1.2871287128712872,3.00990099009901,1.5247524752475248,1.7376237623762376,1.2821782178217822,95
1034921.405940594,2005.7475247524753,42.67821782178218,2.01980198019802,1.2871287128712872,3.00990099009901,1.5247524752475248,1.7376237623762376,1.2821782178217822,106
1034921.405940594,2005.7475247524753,42.67821782178218,2.01980198019802,1.2871287128712872,3.00990099009901,1.5247524752475248,1.7376237623762376,1.2821782178217822,81
1034921.405940594,2005.7475247524753,42.67821782178218,2.01980198019802,1.2871287128712872,3.00990099009901,1.5247524752475248,1.7376237623762376,1.2821782178217822,142
1034921.405940594,2005.7475247524753,42.67821782178218,2.01980198019802,1.2871287128712872,3.00990099009901,1.5247524752475248,1.7376237623762376,1.2821782178217822,44
1034921.405940594,2005.7475247524753,42.67821782178218,2.01980198019802,1.2871287128712872,3.00990099009901,1.5247524752475248,1.7376237623762376,1.2821782178217822,110
1034921.405940594,2005.7475247524753,42.67821782178218,2.01980198019802,1.2871287128712872,3.00990099009901,1.5247524752475248,1.7376237623762376,1.2821782178217822,102
1034921.405940594,2005.7475247524753,42.67821782178218,2.01980198019802,1.2871287128712872,3.00990099009901,1.5247524752475248,1.7376237623762376,1.2821782178217822,80
1034921.405940594,2005.7475247524753,42.67821782178218,2.01980198019802,1.2871287128712872,3.00990099009901,1.5247524752475248,1.7376237623762376,1.2821782178217822,135
1034921.405940594,2005.7475247524753,42.67821782178218,2.01980198019802,1.2871287128712872,3.00990099009901,1.5247524752475248,1.7376237623762376,1.2821782178217822,124
1034921.405940594,2005.7475247524753,42.67821782178218,2.01980198019802,1.2871287128712872,3.00990099009901,1.5247524752475248,1.7376237623762376,1.2821782178217822,150
1034921.405940594,2005.7475247524753,42.67821782178218,2.01980198019802,1.2871287128712872,3.00990099009901,1.5247524752475248,1.7376237623762376,1.2821782178217822,182
1034921.405940594,2005.7475247524753,42.67821782178218,2.01980198019802,1.2871287128712872,3.00990099009901,1.5247524752475248,1.7376237623762376,1.2821782178217822,119
1034921.405940594,2005.7475247524753,42.67821782178218,2.01980198019802,1.2871287128712872,3.00990099009901,1.5247524752475248,1.7376237623762376,1.2821782178217822,90
1034921.405940594,2005.7475247524753,42.67821782178218,2.01980198019802,1.2871287128712872,3.00990099009901,1.5247524752475248,1.7376237623762376,1.2821782178217822,85
1034921.405940594,2005.7475247524753,42.67821782178218,2.01980198019802,1.2871287128712872,3.00990099009901,1.5247524752475248,1.7376237623762376,1.2821782178217822,161
1034921.405940594,2005.7475247524753,42.67821782178218,2.01980198019802,1.2871287128712872,3.00990099009901,1.5247524752475248,1.7376237623762376,1.2821782178217822,95
1034921.405940594,2005.7475247524753,42.67821782178218,2.01980198019802,1.2871287128712872,3.00990099009901,1.5247524752475248,1.7376237623762376,1.2821782178217822,138
1034921.405940594,2005.7475247524753,42.67821782178218,2.01980198019802,1.2871287128712872,3.00990099009901,1.5247524752475248,1.7376237623762376,1.2821782178217822,114
1034921.405940594,2005.7475247524753,42.67821782178218,2.01980198019802,1.2871287128712872,3.00990099009901,1.5247524752475248,1.7376237623762376,1.2821782178217822,55
1034921.405940594,2005.7475247524753,42.67821782178218,2.01980198019802,1.2871287128712872,3.00990099009901,1.5247524752475248,1.7376237623762376,1.2821782178217822,140
1034921.405940594,2005.7475247524753,42.67821782178218,2.01980198019802,1.2871287128712872,3.00990099009901,1.5247524752475248,1.7376237623762376,1.2821782178217822,106
1034921.405940594,2005.7475247524753,42.67821782178218,2.01980198019802,1.2871287128712872,3.00990099009901,1.5247524752475248,1.7376237623762376,1.2821782178217822,100
1034921.405940594,2005.7475247524753,42.67821782178218,2.01980198019802,1.2871287128712872,3.00990099009901,1.5247524752475248,1.7376237623762376,1.2821782178217822,147
1034921.405940594,2005.7475247524753,42.67821782178218,2.01980198019802,1.2871287128712872,3.00990099009901,1.5247524752475248,1.7376237623762376,1.2821782178217822,139
1034921.405940594,2005.7475247524753,42.67821782178218,2.01980198019802,1.2871287128712872,3.00990099009901,1.5247524752475248,1.7376237623762376,1.2821782178217822,268
1034921.405940594,2005.7475247524753,42.67821782178218,2.01980198019802,1.2871287128712872,3.00990099009901,1.5247524752475248,1.7376237623762376,1.2821782178217822,69
1034921.405940594,2005.7475247524753,42.67821782178218,2.01980198019802,1.2871287128712872,3.00990099009901,1.5247524752475248,1.7376237623762376,1.2821782178217822,158
1034921.405940594,2005.7475247524753,42.67821782178218,2.01980198019802,1.2871287128712872,3.00990099009901,1.5247524752475248,1.7376237623762376,1.2821782178217822,88
1034921.405940594,2005.7475247524753,42.67821782178218,2.01980198019802,1.2871287128712872,3.00990099009901,1.5247524752475248,1.7376237623762376,1.2821782178217822,119
1034921.405940594,2005.7475247524753,42.67821782178218,2.01980198019802,1.2871287128712872,3.00990099009901,1.5247524752475248,1.7376237623762376,1.2821782178217822,62
1034921.405940594,2005.7475247524753,42.67821782178218,2.01980198019802,1.2871287128712872,3.00990099009901,1.5247524752475248,1.7376237623762376,1.2821782178217822,177
1034921.405940594,2005.7475247524753,42.67821782178218,2.01980198019802,1.2871287128712872,3.00990099009901,1.5247524752475248,1.7376237623762376,1.2821782178217822,81
1034921.405940594,2005.7475247524753,42.67821782178218,2.01980198019802,1.2871287128712872,3.00990099009901,1.5247524752475248,1.7376237623762376,1.2821782178217822,110
1034921.405940594,2005.7475247524753,42.67821782178218,2.01980198019802,1.2871287128712872,3.00990099009901,1.5247524752475248,1.7376237623762376,1.2821782178217822,67
1034921.405940594,2005.7475247524753,42.67821782178218,2.01980198019802,1.2871287128712872,3.00990099009901,1.5247524752475248,1.7376237623762376,1.2821782178217822,48
1034921.405940594,2005.7475247524753,42.67821782178218,2.01980198019802,1.2871287128712872,3.00990099009901,1.5247524752475248,1.7376237623762376,1.2821782178217822,74
1034921.405940594,2005.7475247524753,42.67821782178218,2.01980198019802,1.2871287128712872,3.00990099009901,1.5247524752475248,1.7376237623762376,1.2821782178217822,105
1034921.405940594,2005.7475247524753,42.67821782178218,2.01980198019802,1.2871287128712872,3.00990099009901,1.5247524752475248,1.7376237623762376,1.2821782178217822,94
1034921.405940594,2005.7475247524753,42.67821782178218,2.01980198019802,1.2871287128712872,3.00990099009901,1.5247524752475248,1.7376237623762376,1.2821782178217822,148
1034921.405940594,2005.7475247524753,42.67821782178218,2.01980198019802,1.2871287128712872,3.00990099009901,1.5247524752475248,1.7376237623762376,1.2821782178217822,96
1034921.405940594,2005.7475247524753,42.67821782178218,2.01980198019802,1.2871287128712872,3.00990099009901,1.5247524752475248,1.7376237623762376,1.2821782178217822,127
1034921.405940594,2005.7475247524753,42.67821782178218,2.01980198019802,1.2871287128712872,3.00990099009901,1.5247524752475248,1.7376237623762376,1.2821782178217822,101
1034921.405940594,2005.7475247524753,42.67821782178218,2.01980198019802,1.2871287128712872,3.00990099009901,1.5247524752475248,1.7376237623762376,1.2821782178217822,61
1034921.405940594,2005.7475247524753,42.67821782178218,2.01980198019802,1.2871287128712872,3.00990099009901,1.5247524752475248,1.7376237623762376,1.2821782178217822,99
1034921.405940594,2005.7475247524753,42.67821782178218,2.01980198019802,1.2871287128712872,3.00990099009901,1.5247524752475248,1.7376237623762376,1.2821782178217822,142
1034921.405940594,2005.7475247524753,42.67821782178218,2.01980198019802,1.2871287128712872,3.00990099009901,1.5247524752475248,1.7376237623762376,1.2821782178217822,119
1034921.405940594,2005.7475247524753,42.67821782178218,2.01980198019802,1.2871287128712872,3.00990099009901,1.5247524752475248,1.7376237623762376,1.2821782178217822,78
1037397.5875,2005.884375,41.6875,2.01875,1.278125,2.953125,1.49375,1.69375,1.275,81
1037397.5875,2005.884375,41.6875,2.01875,1.278125,2.953125,1.49375,1.69375,1.275,119
1037397.5875,2005.884375,41.6875,2.01875,1.278125,2.953125,1.49375,1.69375,1.275,111
1037397.5875,2005.884375,41.6875,2.01875,1.278125,2.953125,1.49375,1.69375,1.275,155
1037397.5875,2005.884375,41.6875,2.01875,1.278125,2.953125,1.49375,1.69375,1.275,116
1037397.5875,2005.884375,41.6875,2.01875,1.278125,2.953125,1.49375,1.69375,1.275,70
1037397.5875,2005.884375,41.6875,2.01875,1.278125,2.953125,1.49375,1.69375,1.275,132
1037397.5875,2005.884375,41.6875,2.01875,1.278125,2.953125,1.49375,1.69375,1.275,83
1037397.5875,2005.884375,41.6875,2.01875,1.278125,2.953125,1.49375,1.69375,1.275,135
1037397.5875,2005.884375,41.6875,2.01875,1.278125,2.953125,1.49375,1.69375,1.275,90
1037397.5875,2005.884375,41.6875,2.01875,1.278125,2.953125,1.49375,1.69375,1.275,96
1037397.5875,2005.884375,41.6875,2.01875,1.278125,2.953125,1.49375,1.69375,1.275,75
1037397.5875,2005.884375,41.6875,2.01875,1.278125,2.953125,1.49375,1.69375,1.275,148
1037397.5875,2005.884375,41.6875,2.01875,1.278125,2.953125,1.49375,1.69375,1.275,164
1037397.5875,2005.884375,41.6875,2.01875,1.278125,2.953125,1.49375,1.69375,1.275,131
1037397.5875,2005.884375,41.6875,2.01875,1.278125,2.953125,1.49375,1.69375,1.275,115
1037397.5875,2005.884375,41.6875,2.01875,1.278125,2.953125,1.49375,1.69375,1.275,278
1037397.5875,2005.884375,41.6875,2.01875,1.278125,2.953125,1.49375,1.69375,1.275,85
1037397.5875,2005.884375,41.6875,2.01875,1.278125,2.953125,1.49375,1.69375,1.275,59
1037397.5875,2005.884375,41.6875,2.01875,1.278125,2.953125,1.49375,1.69375,1.275,65
1037397.5875,2005.884375,41.6875,2.01875,1.278125,2.953125,1.49375,1.69375,1.275,81
1037397.5875,2005.884375,41.6875,2.01875,1.278125,2.953125,1.49375,1.69375,1.275,172
1037397.5875,2005.884375,41.6875,2.01875,1.278125,2.953125,1.49375,1.69375,1.275,136
1037397.5875,2005.884375,41.6875,2.01875,1.278125,2.953125,1.49375,1.69375,1.275,201
1037397.5875,2005.884375,41.6875,2.01875,1.278125,2.953125,1.49375,1.69375,1.275,94
1037397.5875,2005.884375,41.6875,2.01875,1.278125,2.953125,1.49375,1.69375,1.275,114
1037397.5875,2005.884375,41.6875,2.01875,1.278125,2.953125,1.49375,1.69375,1.275,110
1037397.5875,2005.884375,41.6875,2.01875,1.278125,2.953125,1.49375,1.69375,1.275,127
1037397.5875,2005.884375,41.6875,2.01875,1.278125,2.953125,1.49375,1.69375,1.275,119
1037397.5875,2005.884375,41.6875,2.01875,1.278125,2.953125,1.49375,1.69375,1.275,89
1037397.5875,2005.884375,41.6875,2.01875,1.278125,2.953125,1.49375,1.69375,1.275,88
1037397.5875,2005.884375,41.6875,2.01875,1.278125,2.953125,1.49375,1.69375,1.275,74
1037397.5875,2005.884375,41.6875,2.01875,1.278125,2.953125,1.49375,1.69375,1.275,137
1037397.5875,2005.884375,41.6875,2.01875,1.278125,2.953125,1.49375,1.69375,1.275,148
1037397.5875,2005.884375,41.6875,2.01875,1.278125,2.953125,1.49375,1.69375,1.275,84
1037397.5875,2005.884375,41.6875,2.01875,1.278125,2.953125,1.49375,1.69375,1.275,92
1037397.5875,2005.884375,41.6875,2.01875,1.278125,2.953125,1.49375,1.69375,1.275,100
1037397.5875,2005.884375,41.6875,2.01875,1.278125,2.953125,1.49375,1.69375,1.275,80
1037397.5875,2005.884375,41.6875,2.01875,1.278125,2.953125,1.49375,1.69375,1.275,177
1037397.5875,2005.884375,41.6875,2.01875,1.278125,2.953125,1.49375,1.69375,1.275,128
1037397.5875,2005.884375,41.6875,2.01875,1.278125,2.953125,1.49375,1.69375,1.275,142
1037397.5875,2005.884375,41.6875,2.01875,1.278125,2.953125,1.49375,1.69375,1.275,77
1037397.5875,2005.884375,41.6875,2.01875,1.278125,2.953125,1.49375,1.69375,1.275,161
1037397.5875,2005.884375,41.6875,2.01875,1.278125,2.953125,1.49375,1.69375,1.275,95
1037397.5875,2005.884375,41.6875,2.01875,1.278125,2.953125,1.49375,1.69375,1.275,119
1037397.5875,2005.884375,41.6875,2.01875,1.278125,2.953125,1.49375,1.69375,1.275,74
1037397.5875,2005.884375,41.6875,2.01875,1.278125,2.953125,1.49375,1.69375,1.275,100
1037397.5875,2005.884375,41.6875,2.01875,1.278125,2.953125,1.49375,1.69375,1.275,94
1037397.5875,2005.884375,41.6875,2.01875,1.278125,2.953125,1.49375,1.69375,1.275,103
1037397.5875,2005.884375,41.6875,2.01875,1.278125,2.953125,1.49375,1.69375,1.275,114
1037397.5875,2005.884375,41.6875,2.01875,1.278125,2.953125,1.49375,1.69375,1.275,93
1037397.5875,2005.884375,41.6875,2.01875,1.278125,2.953125,1.49375,1.69375,1.275,110
1037397.5875,2005.884375,41.6875,2.01875,1.278125,2.953125,1.49375,1.69375,1.275,102
1037397.5875,2005.884375,41.6875,2.01875,1.278125,2.953125,1.49375,1.69375,1.275,106
1037397.5875,2005.884375,41.6875,2.01875,1.278125,2.953125,1.49375,1.69375,1.275,88
1037397.5875,2005.884375,41.6875,2.01875,1.278125,2.953125,1.49375,1.69375,1.275,127
1037397.5875,2005.884375,41.6875,2.01875,1.278125,2.953125,1.49375,1.69375,1.275,72
1037397.5875,2005.884375,41.6875,2.01875,1.278125,2.953125,1.49375,1.69375,1.275,113
1037397.5875,2005.884375,41.6875,2.01875,1.278125,2.953125,1.49375,1.69375,1.275,105
1037397.5875,2005.884375,41.6875,2.01875,1.278125,2.953125,1.49375,1.69375,1.275,123
1037397.5875,2005.884375,41.6875,2.01875,1.278125,2.953125,1.49375,1.69375,1.275,100
1037397.5875,2005.884375,41.6875,2.01875,1.278125,2.953125,1.49375,1.69375,1.275,81
1037397.5875,2005.884375,41.6875,2.01875,1.278125,2.953125,1.49375,1.69375,1.275,127
1037397.5875,2005.884375,41.6875,2.01875,1.278125,2.953125,1.49375,1.69375,1.275,119
1037397.5875,2005.884375,41.6875,2.01875,1.278125,2.953125,1.49375,1.69375,1.275,89
1037397.5875,2005.884375,41.6875,2.01875,1.278125,2.953125,1.49375,1.69375,1.275,129
1037397.5875,2005.884375,41.6875,2.01875,1.278125,2.953125,1.49375,1.69375,1.275,101
1037397.5875,2005.884375,41.6875,2.01875,1.278125,2.953125,1.49375,1.69375,1.275,177
1037397.5875,2005.884375,41.6875,2.01875,1.278125,2.953125,1.49375,1.69375,1.275,65
1037397.5875,2005.884375,41.6875,2.01875,1.278125,2.953125,1.49375,1.69375,1.275,145
1037397.5875,2005.884375,41.6875,2.01875,1.278125,2.953125,1.49375,1.69375,1.275,282
1037397.5875,2005.884375,41.6875,2.01875,1.278125,2.953125,1.49375,1.69375,1.275,110
1037397.5875,2005.884375,41.6875,2.01875,1.278125,2.953125,1.49375,1.69375,1.275,92
1037397.5875,2005.884375,41.6875,2.01875,1.278125,2.953125,1.49375,1.69375,1.275,105
1037397.5875,2005.884375,41.6875,2.01875,1.278125,2.953125,1.49375,1.69375,1.275,106
1037397.5875,2005.884375,41.6875,2.01875,1.278125,2.953125,1.49375,1.69375,1.275,90
1037397.5875,2005.884375,41.6875,2.01875,1.278125,2.953125,1.49375,1.69375,1.275,119
1037397.5875,2005.884375,41.6875,2.01875,1.278125,2.953125,1.49375,1.69375,1.275,80
1037397.5875,2005.884375,41.6875,2.01875,1.278125,2.953125,1.49375,1.69375,1.275,50
1037397.5875,2005.884375,41.6875,2.01875,1.278125,2.953125,1.49375,1.69375,1.275,161
1037397.5875,2005.884375,41.6875,2.01875,1.278125,2.953125,1.49375,1.69375,1.275,95
1037397.5875,2005.884375,41.6875,2.01875,1.278125,2.953125,1.49375,1.69375,1.275,88
1037397.5875,2005.884375,41.6875,2.01875,1.278125,2.953125,1.49375,1.69375,1.275,81
1037397.5875,2005.884375,41.6875,2.01875,1.278125,2.953125,1.49375,1.69375,1.275,110
1037397.5875,2005.884375,41.6875,2.01875,1.278125,2.953125,1.49375,1.69375,1.275,142
1037397.5875,2005.884375,41.6875,2.01875,1.278125,2.953125,1.49375,1.69375,1.275,135
1037397.5875,2005.884375,41.6875,2.01875,1.278125,2.953125,1.49375,1.69375,1.275,97
1037397.5875,2005.884375,41.6875,2.01875,1.278125,2.953125,1.49375,1.69375,1.275,88
1037397.5875,2005.884375,41.6875,2.01875,1.278125,2.953125,1.49375,1.69375,1.275,104
1037397.5875,2005.884375,41.6875,2.01875,1.278125,2.953125,1.49375,1.69375,1.275,148
1037397.5875,2005.884375,41.6875,2.01875,1.278125,2.953125,1.49375,1.69375,1.275,87
1037397.5875,2005.884375,41.6875,2.01875,1.278125,2.953125,1.49375,1.69375,1.275,70
1037397.5875,2005.884375,41.6875,2.01875,1.278125,2.953125,1.49375,1.69375,1.275,131
1037397.5875,2005.884375,41.6875,2.01875,1.278125,2.953125,1.49375,1.69375,1.275,77
1037397.5875,2005.884375,41.6875,2.01875,1.278125,2.953125,1.49375,1.69375,1.275,75
1037397.5875,2005.884375,41.6875,2.01875,1.278125,2.953125,1.49375,1.69375,1.275,127
1037397.5875,2005.884375,41.6875,2.01875,1.278125,2.953125,1.49375,1.69375,1.275,102
1037397.5875,2005.884375,41.6875,2.01875,1.278125,2.953125,1.49375,1.69375,1.275,71
1037397.5875,2005.884375,41.6875,2.01875,1.278125,2.953125,1.49375,1.69375,1.275,74
1037397.5875,2005.884375,41.6875,2.01875,1.278125,2.953125,1.49375,1.69375,1.275,155
1037397.5875,2005.884375,41.6875,2.01875,1.278125,2.953125,1.49375,1.69375,1.275,114
1037397.5875,2005.884375,41.6875,2.01875,1.278125,2.953125,1.49375,1.69375,1.275,148
1037397.5875,2005.884375,41.6875,2.01875,1.278125,2.953125,1.49375,1.69375,1.275,94
1037397.5875,2005.884375,41.6875,2.01875,1.278125,2.953125,1.49375,1.69375,1.275,100
1037397.5875,2005.884375,41.6875,2.01875,1.278125,2.953125,1.49375,1.69375,1.275,85
1037397.5875,2005.884375,41.6875,2.01875,1.278125,2.953125,1.49375,1.69375,1.275,83
1037397.5875,2005.884375,41.6875,2.01875,1.278125,2.953125,1.49375,1.69375,1.275,72
1037397.5875,2005.884375,41.6875,2.01875,1.278125,2.953125,1.49375,1.69375,1.275,153
1037397.5875,2005.884375,41.6875,2.01875,1.278125,2.953125,1.49375,1.69375,1.275,84
1037397.5875,2005.884375,41.6875,2.01875,1.278125,2.953125,1.49375,1.69375,1.275,94
1037397.5875,2005.884375,41.6875,2.01875,1.278125,2.953125,1.49375,1.69375,1.275,94
1037397.5875,2005.884375,41.6875,2.01875,1.278125,2.953125,1.49375,1.69375,1.275,142
1037397.5875,2005.884375,41.6875,2.01875,1.278125,2.953125,1.49375,1.69375,1.275,133
1037397.5875,2005.884375,41.6875,2.01875,1.278125,2.953125,1.49375,1.69375,1.275,148
1037397.5875,2005.884375,41.6875,2.01875,1.278125,2.953125,1.49375,1.69375,1.275,148
1037397.5875,2005.884375,41.6875,2.01875,1.278125,2.953125,1.49375,1.69375,1.275,77
1037397.5875,2005.884375,41.6875,2.01875,1.278125,2.953125,1.49375,1.69375,1.275,112
1037397.5875,2005.884375,41.6875,2.01875,1.278125,2.953125,1.49375,1.69375,1.275,57
1037397.5875,2005.884375,41.6875,2.01875,1.278125,2.953125,1.49375,1.69375,1.275,81
1037397.5875,2005.884375,41.6875,2.01875,1.278125,2.953125,1.49375,1.69375,1.275,110
1037397.5875,2005.884375,41.6875,2.01875,1.278125,2.953125,1.49375,1.69375,1.275,143
1037397.5875,2005.884375,41.6875,2.01875,1.278125,2.953125,1.49375,1.69375,1.275,110
1037397.5875,2005.884375,41.6875,2.01875,1.278125,2.953125,1.49375,1.69375,1.275,144
1037397.5875,2005.884375,41.6875,2.01875,1.278125,2.953125,1.49375,1.69375,1.275,138
1037397.5875,2005.884375,41.6875,2.01875,1.278125,2.953125,1.49375,1.69375,1.275,127
1037397.5875,2005.884375,41.6875,2.01875,1.278125,2.953125,1.49375,1.69375,1.275,80
1037397.5875,2005.884375,41.6875,2.01875,1.278125,2.953125,1.49375,1.69375,1.275,95
1037397.5875,2005.884375,41.6875,2.01875,1.278125,2.953125,1.49375,1.69375,1.275,145
1037397.5875,2005.884375,41.6875,2.01875,1.278125,2.953125,1.49375,1.69375,1.275,119
1037397.5875,2005.884375,41.6875,2.01875,1.278125,2.953125,1.49375,1.69375,1.275,97
1037397.5875,2005.884375,41.6875,2.01875,1.278125,2.953125,1.49375,1.69375,1.275,75
1037397.5875,2005.884375,41.6875,2.01875,1.278125,2.953125,1.49375,1.69375,1.275,99
1037397.5875,2005.884375,41.6875,2.01875,1.278125,2.953125,1.49375,1.69375,1.275,55
1037397.5875,2005.884375,41.6875,2.01875,1.278125,2.953125,1.49375,1.69375,1.275,129
1037397.5875,2005.884375,41.6875,2.01875,1.278125,2.953125,1.49375,1.69375,1.275,101
1037397.5875,2005.884375,41.6875,2.01875,1.278125,2.953125,1.49375,1.69375,1.275,87
1037397.5875,2005.884375,41.6875,2.01875,1.278125,2.953125,1.49375,1.69375,1.275,135
1037397.5875,2005.884375,41.6875,2.01875,1.278125,2.953125,1.49375,1.69375,1.275,88
1037397.5875,2005.884375,41.6875,2.01875,1.278125,2.953125,1.49375,1.69375,1.275,90
1037397.5875,2005.884375,41.6875,2.01875,1.278125,2.953125,1.49375,1.69375,1.275,105
1037397.5875,2005.884375,41.6875,2.01875,1.278125,2.953125,1.49375,1.69375,1.275,104
1037397.5875,2005.884375,41.6875,2.01875,1.278125,2.953125,1.49375,1.69375,1.275,74
1037397.5875,2005.884375,41.6875,2.01875,1.278125,2.953125,1.49375,1.69375,1.275,109
1037397.5875,2005.884375,41.6875,2.01875,1.278125,2.953125,1.49375,1.69375,1.275,166
1037397.5875,2005.884375,41.6875,2.01875,1.278125,2.953125,1.49375,1.69375,1.275,100
1037397.5875,2005.884375,41.6875,2.01875,1.278125,2.953125,1.49375,1.69375,1.275,88
1037397.5875,2005.884375,41.6875,2.01875,1.278125,2.953125,1.49375,1.69375,1.275,100
1037397.5875,2005.884375,41.6875,2.01875,1.278125,2.953125,1.49375,1.69375,1.275,121
1037397.5875,2005.884375,41.6875,2.01875,1.278125,2.953125,1.49375,1.69375,1.275,123
1037397.5875,2005.884375,41.6875,2.01875,1.278125,2.953125,1.49375,1.69375,1.275,105
1037397.5875,2005.884375,41.6875,2.01875,1.278125,2.953125,1.49375,1.69375,1.275,119
1037397.5875,2005.884375,41.6875,2.01875,1.278125,2.953125,1.49375,1.69375,1.275,152
1037397.5875,2005.884375,41.6875,2.01875,1.278125,2.953125,1.49375,1.69375,1.275,81
1037397.5875,2005.884375,41.6875,2.01875,1.278125,2.953125,1.49375,1.69375,1.275,89
1037397.5875,2005.884375,41.6875,2.01875,1.278125,2.953125,1.49375,1.69375,1.275,131
1037397.5875,2005.884375,41.6875,2.01875,1.278125,2.953125,1.49375,1.69375,1.275,114
1037397.5875,2005.884375,41.6875,2.01875,1.278125,2.953125,1.49375,1.69375,1.275,148
1037397.5875,2005.884375,41.6875,2.01875,1.278125,2.953125,1.49375,1.69375,1.275,182
1037397.5875,2005.884375,41.6875,2.01875,1.278125,2.953125,1.49375,1.69375,1.275,126
1037397.5875,2005.884375,41.6875,2.01875,1.278125,2.953125,1.49375,1.69375,1.275,268
1037397.5875,2005.884375,41.6875,2.01875,1.278125,2.953125,1.49375,1.69375,1.275,121
1037397.5875,2005.884375,41.6875,2.01875,1.278125,2.953125,1.49375,1.69375,1.275,105
1037397.5875,2005.884375,41.6875,2.01875,1.278125,2.953125,1.49375,1.69375,1.275,78
1037397.5875,2005.884375,41.6875,2.01875,1.278125,2.953125,1.49375,1.69375,1.275,76
1037397.5875,2005.884375,41.6875,2.01875,1.278125,2.953125,1.49375,1.69375,1.275,69
1037397.5875,2005.884375,41.6875,2.01875,1.278125,2.953125,1.49375,1.69375,1.275,112
1037397.5875,2005.884375,41.6875,2.01875,1.278125,2.953125,1.49375,1.69375,1.275,133
1037397.5875,2005.884375,41.6875,2.01875,1.278125,2.953125,1.49375,1.69375,1.275,97
1037397.5875,2005.884375,41.6875,2.01875,1.278125,2.953125,1.49375,1.69375,1.275,110
1037397.5875,2005.884375,41.6875,2.01875,1.278125,2.953125,1.49375,1.69375,1.275,74
1037397.5875,2005.884375,41.6875,2.01875,1.278125,2.953125,1.49375,1.69375,1.275,89
1037397.5875,2005.884375,41.6875,2.01875,1.278125,2.953125,1.49375,1.69375,1.275,75
1037397.5875,2005.884375,41.6875,2.01875,1.278125,2.953125,1.49375,1.69375,1.275,135
1037397.5875,2005.884375,41.6875,2.01875,1.278125,2.953125,1.49375,1.69375,1.275,119
1037397.5875,2005.884375,41.6875,2.01875,1.278125,2.953125,1.49375,1.69375,1.275,95
1037397.5875,2005.884375,41.6875,2.01875,1.278125,2.953125,1.49375,1.69375,1.275,99
1037397.5875,2005.884375,41.6875,2.01875,1.278125,2.953125,1.49375,1.69375,1.275,119
1037397.5875,2005.884375,41.6875,2.01875,1.278125,2.953125,1.49375,1.69375,1.275,81
1037397.5875,2005.884375,41.6875,2.01875,1.278125,2.953125,1.49375,1.69375,1.275,124
1037397.5875,2005.884375,41.6875,2.01875,1.278125,2.953125,1.49375,1.69375,1.275,138
1037397.5875,2005.884375,41.6875,2.01875,1.278125,2.953125,1.49375,1.69375,1.275,110
1037397.5875,2005.884375,41.6875,2.01875,1.278125,2.953125,1.49375,1.69375,1.275,277
1037397.5875,2005.884375,41.6875,2.01875,1.278125,2.953125,1.49375,1.69375,1.275,88
1037397.5875,2005.884375,41.6875,2.01875,1.278125,2.953125,1.49375,1.69375,1.275,114
1037397.5875,2005.884375,41.6875,2.01875,1.278125,2.953125,1.49375,1.69375,1.275,129
1037397.5875,2005.884375,41.6875,2.01875,1.278125,2.953125,1.49375,1.69375,1.275,123
1037397.5875,2005.884375,41.6875,2.01875,1.278125,2.953125,1.49375,1.69375,1.275,100
1037397.5875,2005.884375,41.6875,2.01875,1.278125,2.953125,1.49375,1.69375,1.275,44
1037397.5875,2005.884375,41.6875,2.01875,1.278125,2.953125,1.49375,1.69375,1.275,68
1037397.5875,2005.884375,41.6875,2.01875,1.278125,2.953125,1.49375,1.69375,1.275,142
1037397.5875,2005.884375,41.6875,2.01875,1.278125,2.953125,1.49375,1.69375,1.275,117
1037397.5875,2005.884375,41.6875,2.01875,1.278125,2.953125,1.49375,1.69375,1.275,65
1037397.5875,2005.884375,41.6875,2.01875,1.278125,2.953125,1.49375,1.69375,1.275,127
1037397.5875,2005.884375,41.6875,2.01875,1.278125,2.953125,1.49375,1.69375,1.275,66
1037397.5875,2005.884375,41.6875,2.01875,1.278125,2.953125,1.49375,1.69375,1.275,108
1037397.5875,2005.884375,41.6875,2.01875,1.278125,2.953125,1.49375,1.69375,1.275,148
1037397.5875,2005.884375,41.6875,2.01875,1.278125,2.953125,1.49375,1.69375,1.275,83
1037397.5875,2005.884375,41.6875,2.01875,1.278125,2.953125,1.49375,1.69375,1.275,102
1037397.5875,2005.884375,41.6875,2.01875,1.278125,2.953125,1.49375,1.69375,1.275,109
1037397.5875,2005.884375,41.6875,2.01875,1.278125,2.953125,1.49375,1.69375,1.275,94
1037397.5875,2005.884375,41.6875,2.01875,1.278125,2.953125,1.49375,1.69375,1.275,100
1037397.5875,2005.884375,41.6875,2.01875,1.278125,2.953125,1.49375,1.69375,1.275,105
1037397.5875,2005.884375,41.6875,2.01875,1.278125,2.953125,1.49375,1.69375,1.275,119
1037397.5875,2005.884375,41.6875,2.01875,1.278125,2.953125,1.49375,1.69375,1.275,118
1037397.5875,2005.884375,41.6875,2.01875,1.278125,2.953125,1.49375,1.69375,1.275,166
1037397.5875,2005.884375,41.6875,2.01875,1.278125,2.953125,1.49375,1.69375,1.275,131
1037397.5875,2005.884375,41.6875,2.01875,1.278125,2.953125,1.49375,1.69375,1.275,81
1037397.5875,2005.884375,41.6875,2.01875,1.278125,2.953125,1.49375,1.69375,1.275,94
1037397.5875,2005.884375,41.6875,2.01875,1.278125,2.953125,1.49375,1.69375,1.275,88
1037397.5875,2005.884375,41.6875,2.01875,1.278125,2.953125,1.49375,1.69375,1.275,55
1037397.5875,2005.884375,41.6875,2.01875,1.278125,2.953125,1.49375,1.69375,1.275,100
1037397.5875,2005.884375,41.6875,2.01875,1.278125,2.953125,1.49375,1.69375,1.275,119
1037397.5875,2005.884375,41.6875,2.01875,1.278125,2.953125,1.49375,1.69375,1.275,65
1037397.5875,2005.884375,41.6875,2.01875,1.278125,2.953125,1.49375,1.69375,1.275,105
1037397.5875,2005.884375,41.6875,2.01875,1.278125,2.953125,1.49375,1.69375,1.275,88
1037397.5875,2005.884375,41.6875,2.01875,1.278125,2.953125,1.49375,1.69375,1.275,100
1037397.5875,2005.884375,41.6875,2.01875,1.278125,2.953125,1.49375,1.69375,1.275,108
1037397.5875,2005.884375,41.6875,2.01875,1.278125,2.953125,1.49375,1.69375,1.275,131
1037397.5875,2005.884375,41.6875,2.01875,1.278125,2.953125,1.49375,1.69375,1.275,81
1037397.5875,2005.884375,41.6875,2.01875,1.278125,2.953125,1.49375,1.69375,1.275,123
1037397.5875,2005.884375,41.6875,2.01875,1.278125,2.953125,1.49375,1.69375,1.275,268
1037397.5875,2005.884375,41.6875,2.01875,1.278125,2.953125,1.49375,1.69375,1.275,158
1037397.5875,2005.884375,41.6875,2.01875,1.278125,2.953125,1.49375,1.69375,1.275,138
1037397.5875,2005.884375,41.6875,2.01875,1.278125,2.953125,1.49375,1.69375,1.275,126
1037397.5875,2005.884375,41.6875,2.01875,1.278125,2.953125,1.49375,1.69375,1.275,88
1037397.5875,2005.884375,41.6875,2.01875,1.278125,2.953125,1.49375,1.69375,1.275,114
1037397.5875,2005.884375,41.6875,2.01875,1.278125,2.953125,1.49375,1.69375,1.275,81
1037397.5875,2005.884375,41.6875,2.01875,1.278125,2.953125,1.49375,1.69375,1.275,88
1037397.5875,2005.884375,41.6875,2.01875,1.278125,2.953125,1.49375,1.69375,1.275,78
1037397.5875,2005.884375,41.6875,2.01875,1.278125,2.953125,1.49375,1.69375,1.275,74
1037397.5875,2005.884375,41.6875,2.01875,1.278125,2.953125,1.49375,1.69375,1.275,110
1037397.5875,2005.884375,41.6875,2.01875,1.278125,2.953125,1.49375,1.69375,1.275,94
1037397.5875,2005.884375,41.6875,2.01875,1.278125,2.953125,1.49375,1.69375,1.275,105
1037397.5875,2005.884375,41.6875,2.01875,1.278125,2.953125,1.49375,1.69375,1.275,121
1037397.5875,2005.884375,41.6875,2.01875,1.278125,2.953125,1.49375,1.69375,1.275,62
1037397.5875,2005.884375,41.6875,2.01875,1.278125,2.953125,1.49375,1.69375,1.275,177
1037397.5875,2005.884375,41.6875,2.01875,1.278125,2.953125,1.49375,1.69375,1.275,114
1037397.5875,2005.884375,41.6875,2.01875,1.278125,2.953125,1.49375,1.69375,1.275,94
1037397.5875,2005.884375,41.6875,2.01875,1.278125,2.953125,1.49375,1.69375,1.275,55
1037397.5875,2005.884375,41.6875,2.01875,1.278125,2.953125,1.49375,1.69375,1.275,100
1037397.5875,2005.884375,41.6875,2.01875,1.278125,2.953125,1.49375,1.69375,1.275,140
1037397.5875,2005.884375,41.6875,2.01875,1.278125,2.953125,1.49375,1.69375,1.275,67
1037397.5875,2005.884375,41.6875,2.01875,1.278125,2.953125,1.49375,1.69375,1.275,100
1037397.5875,2005.884375,41.6875,2.01875,1.278125,2.953125,1.49375,1.69375,1.275,85
1037397.5875,2005.884375,41.6875,2.01875,1.278125,2.953125,1.49375,1.69375,1.275,127
1037397.5875,2005.884375,41.6875,2.01875,1.278125,2.953125,1.49375,1.69375,1.275,102
1037397.5875,2005.884375,41.6875,2.01875,1.278125,2.953125,1.49375,1.69375,1.275,119
1037397.5875,2005.884375,41.6875,2.01875,1.278125,2.953125,1.49375,1.69375,1.275,103
1037397.5875,2005.884375,41.6875,2.01875,1.278125,2.953125,1.49375,1.69375,1.275,119
1037397.5875,2005.884375,41.6875,2.01875,1.278125,2.953125,1.49375,1.69375,1.275,135
1037397.5875,2005.884375,41.6875,2.01875,1.278125,2.953125,1.49375,1.69375,1.275,83
1037397.5875,2005.884375,41.6875,2.01875,1.278125,2.953125,1.49375,1.69375,1.275,112
1037397.5875,2005.884375,41.6875,2.01875,1.278125,2.953125,1.49375,1.69375,1.275,110
1037397.5875,2005.884375,41.6875,2.01875,1.278125,2.953125,1.49375,1.69375,1.275,97
1037397.5875,2005.884375,41.6875,2.01875,1.278125,2.953125,1.49375,1.69375,1.275,117
1037397.5875,2005.884375,41.6875,2.01875,1.278125,2.953125,1.49375,1.69375,1.275,74
1037397.5875,2005.884375,41.6875,2.01875,1.278125,2.953125,1.49375,1.69375,1.275,107
1037397.5875,2005.884375,41.6875,2.01875,1.278125,2.953125,1.49375,1.69375,1.275,129
1037397.5875,2005.884375,41.6875,2.01875,1.278125,2.953125,1.49375,1.69375,1.275,69
1037397.5875,2005.884375,41.6875,2.01875,1.278125,2.953125,1.49375,1.69375,1.275,148
1037397.5875,2005.884375,41.6875,2.01875,1.278125,2.953125,1.49375,1.69375,1.275,139
1037397.5875,2005.884375,41.6875,2.01875,1.278125,2.953125,1.49375,1.69375,1.275,70
1037397.5875,2005.884375,41.6875,2.01875,1.278125,2.953125,1.49375,1.69375,1.275,66
1037397.5875,2005.884375,41.6875,2.01875,1.278125,2.953125,1.49375,1.69375,1.275,61
1037397.5875,2005.884375,41.6875,2.01875,1.278125,2.953125,1.49375,1.69375,1.275,161
1037397.5875,2005.884375,41.6875,2.01875,1.278125,2.953125,1.49375,1.69375,1.275,93
1037397.5875,2005.884375,41.6875,2.01875,1.278125,2.953125,1.49375,1.69375,1.275,80
1037397.5875,2005.884375,41.6875,2.01875,1.278125,2.953125,1.49375,1.69375,1.275,92
1037397.5875,2005.884375,41.6875,2.01875,1.278125,2.953125,1.49375,1.69375,1.275,119
1037397.5875,2005.884375,41.6875,2.01875,1.278125,2.953125,1.49375,1.69375,1.275,108
1037397.5875,2005.884375,41.6875,2.01875,1.278125,2.953125,1.49375,1.69375,1.275,94
1037397.5875,2005.884375,41.6875,2.01875,1.278125,2.953125,1.49375,1.69375,1.275,201
1037397.5875,2005.884375,41.6875,2.01875,1.278125,2.953125,1.49375,1.69375,1.275,100
1037397.5875,2005.884375,41.6875,2.01875,1.278125,2.953125,1.49375,1.69375,1.275,103
1037397.5875,2005.884375,41.6875,2.01875,1.278125,2.953125,1.49375,1.69375,1.275,129
1037397.5875,2005.884375,41.6875,2.01875,1.278125,2.953125,1.49375,1.69375,1.275,148
1037397.5875,2005.884375,41.6875,2.01875,1.278125,2.953125,1.49375,1.69375,1.275,96
1037397.5875,2005.884375,41.6875,2.01875,1.278125,2.953125,1.49375,1.69375,1.275,135
1037397.5875,2005.884375,41.6875,2.01875,1.278125,2.953125,1.49375,1.69375,1.275,132
1037397.5875,2005.884375,41.6875,2.01875,1.278125,2.953125,1.49375,1.69375,1.275,77
1037397.5875,2005.884375,41.6875,2.01875,1.278125,2.953125,1.49375,1.69375,1.275,177
1037397.5875,2005.884375,41.6875,2.01875,1.278125,2.953125,1.49375,1.69375,1.275,131
1037397.5875,2005.884375,41.6875,2.01875,1.278125,2.953125,1.49375,1.69375,1.275,107
1037397.5875,2005.884375,41.6875,2.01875,1.278125,2.953125,1.49375,1.69375,1.275,83
1037397.5875,2005.884375,41.6875,2.01875,1.278125,2.953125,1.49375,1.69375,1.275,70
1037397.5875,2005.884375,41.6875,2.01875,1.278125,2.953125,1.49375,1.69375,1.275,65
1037397.5875,2005.884375,41.6875,2.01875,1.278125,2.953125,1.49375,1.69375,1.275,100
1037397.5875,2005.884375,41.6875,2.01875,1.278125,2.953125,1.49375,1.69375,1.275,74
1037397.5875,2005.884375,41.6875,2.01875,1.278125,2.953125,1.49375,1.69375,1.275,278
1037397.5875,2005.884375,41.6875,2.01875,1.278125,2.953125,1.49375,1.69375,1.275,94
1037397.5875,2005.884375,41.6875,2.01875,1.278125,2.953125,1.49375,1.69375,1.275,161
1037397.5875,2005.884375,41.6875,2.01875,1.278125,2.953125,1.49375,1.69375,1.275,90
1037397.5875,2005.884375,41.6875,2.01875,1.278125,2.953125,1.49375,1.69375,1.275,105
1037397.5875,2005.884375,41.6875,2.01875,1.278125,2.953125,1.49375,1.69375,1.275,114
1037397.5875,2005.884375,41.6875,2.01875,1.278125,2.953125,1.49375,1.69375,1.275,74
1037397.5875,2005.884375,41.6875,2.01875,1.278125,2.953125,1.49375,1.69375,1.275,123
1037397.5875,2005.884375,41.6875,2.01875,1.278125,2.953125,1.49375,1.69375,1.275,85
1037397.5875,2005.884375,41.6875,2.01875,1.278125,2.953125,1.49375,1.69375,1.275,84
1037397.5875,2005.884375,41.6875,2.01875,1.278125,2.953125,1.49375,1.69375,1.275,81
1037397.5875,2005.884375,41.6875,2.01875,1.278125,2.953125,1.49375,1.69375,1.275,114
1037397.5875,2005.884375,41.6875,2.01875,1.278125,2.953125,1.49375,1.69375,1.275,106
1037397.5875,2005.884375,41.6875,2.01875,1.278125,2.953125,1.49375,1.69375,1.275,272
1037397.5875,2005.884375,41.6875,2.01875,1.278125,2.953125,1.49375,1.69375,1.275,100
1037397.5875,2005.884375,41.6875,2.01875,1.278125,2.953125,1.49375,1.69375,1.275,63
1037397.5875,2005.884375,41.6875,2.01875,1.278125,2.953125,1.49375,1.69375,1.275,119
1037397.5875,2005.884375,41.6875,2.01875,1.278125,2.953125,1.49375,1.69375,1.275,59
1037397.5875,2005.884375,41.6875,2.01875,1.278125,2.953125,1.49375,1.69375,1.275,93
1037397.5875,2005.884375,41.6875,2.01875,1.278125,2.953125,1.49375,1.69375,1.275,119
1037397.5875,2005.884375,41.6875,2.01875,1.278125,2.953125,1.49375,1.69375,1.275,110
1037397.5875,2005.884375,41.6875,2.01875,1.278125,2.953125,1.49375,1.69375,1.275,102
1037397.5875,2005.884375,41.6875,2.01875,1.278125,2.953125,1.49375,1.69375,1.275,112
1037397.5875,2005.884375,41.6875,2.01875,1.278125,2.953125,1.49375,1.69375,1.275,88
1037397.5875,2005.884375,41.6875,2.01875,1.278125,2.953125,1.49375,1.69375,1.275,127
1037397.5875,2005.884375,41.6875,2.01875,1.278125,2.953125,1.49375,1.69375,1.275,110
1037397.5875,2005.884375,41.6875,2.01875,1.278125,2.953125,1.49375,1.69375,1.275,88
1037397.5875,2005.884375,41.6875,2.01875,1.278125,2.953125,1.49375,1.69375,1.275,117
1037397.5875,2005.884375,41.6875,2.01875,1.278125,2.953125,1.49375,1.69375,1.275,115
1037397.5875,2005.884375,41.6875,2.01875,1.278125,2.953125,1.49375,1.69375,1.275,125
1037397.5875,2005.884375,41.6875,2.01875,1.278125,2.953125,1.49375,1.69375,1.275,81
1037397.5875,2005.884375,41.6875,2.01875,1.278125,2.953125,1.49375,1.69375,1.275,88
