937282.783171521,2005.7411003236246,42.80906148867314,2.0,1.2362459546925566,2.9644012944983817,1.4919093851132685,1.7249190938511327,1.3203883495145632,69
937282.783171521,2005.7411003236246,42.80906148867314,2.0,1.2362459546925566,2.9644012944983817,1.4919093851132685,1.7249190938511327,1.3203883495145632,75
937282.783171521,2005.7411003236246,42.80906148867314,2.0,1.2362459546925566,2.9644012944983817,1.4919093851132685,1.7249190938511327,1.3203883495145632,143
937282.783171521,2005.7411003236246,42.80906148867314,2.0,1.2362459546925566,2.9644012944983817,1.4919093851132685,1.7249190938511327,1.3203883495145632,88
937282.783171521,2005.7411003236246,42.80906148867314,2.0,1.2362459546925566,2.9644012944983817,1.4919093851132685,1.7249190938511327,1.3203883495145632,65
937282.783171521,2005.7411003236246,42.80906148867314,2.0,1.2362459546925566,2.9644012944983817,1.4919093851132685,1.7249190938511327,1.3203883495145632,97
937282.783171521,2005.7411003236246,42.80906148867314,2.0,1.2362459546925566,2.9644012944983817,1.4919093851132685,1.7249190938511327,1.3203883495145632,126
937282.783171521,2005.7411003236246,42.80906148867314,2.0,1.2362459546925566,2.9644012944983817,1.4919093851132685,1.7249190938511327,1.3203883495145632,103
937282.783171521,2005.7411003236246,42.80906148867314,2.0,1.2362459546925566,2.9644012944983817,1.4919093851132685,1.7249190938511327,1.3203883495145632,57
937282.783171521,2005.7411003236246,42.80906148867314,2.0,1.2362459546925566,2.9644012944983817,1.4919093851132685,1.7249190938511327,1.3203883495145632,100
937282.783171521,2005.7411003236246,42.80906148867314,2.0,1.2362459546925566,2.9644012944983817,1.4919093851132685,1.7249190938511327,1.3203883495145632,107
937282.783171521,2005.7411003236246,42.80906148867314,2.0,1.2362459546925566,2.9644012944983817,1.4919093851132685,1.7249190938511327,1.3203883495145632,90
937282.783171521,2005.7411003236246,42.80906148867314,2.0,1.2362459546925566,2.9644012944983817,1.4919093851132685,1.7249190938511327,1.3203883495145632,119
937282.783171521,2005.7411003236246,42.80906148867314,2.0,1.2362459546925566,2.9644012944983817,1.4919093851132685,1.7249190938511327,1.3203883495145632,94
937282.783171521,2005.7411003236246,42.80906148867314,2.0,1.2362459546925566,2.9644012944983817,1.4919093851132685,1.7249190938511327,1.3203883495145632,80
937282.783171521,2005.7411003236246,42.80906148867314,2.0,1.2362459546925566,2.9644012944983817,1.4919093851132685,1.7249190938511327,1.3203883495145632,148
937282.783171521,2005.7411003236246,42.80906148867314,2.0,1.2362459546925566,2.9644012944983817,1.4919093851132685,1.7249190938511327,1.3203883495145632,129
937282.783171521,2005.7411003236246,42.80906148867314,2.0,1.2362459546925566,2.9644012944983817,1.4919093851132685,1.7249190938511327,1.3203883495145632,131
937282.783171521,2005.7411003236246,42.80906148867314,2.0,1.2362459546925566,2.9644012944983817,1.4919093851132685,1.7249190938511327,1.3203883495145632,135
937282.783171521,2005.7411003236246,42.80906148867314,2.0,1.2362459546925566,2.9644012944983817,1.4919093851132685,1.7249190938511327,1.3203883495145632,110
937282.783171521,2005.7411003236246,42.80906148867314,2.0,1.2362459546925566,2.9644012944983817,1.4919093851132685,1.7249190938511327,1.3203883495145632,71
937282.783171521,2005.7411003236246,42.80906148867314,2.0,1.2362459546925566,2.9644012944983817,1.4919093851132685,1.7249190938511327,1.3203883495145632,127
937282.783171521,2005.7411003236246,42.80906148867314,2.0,1.2362459546925566,2.9644012944983817,1.4919093851132685,1.7249190938511327,1.3203883495145632,105
937282.783171521,2005.7411003236246,42.80906148867314,2.0,1.2362459546925566,2.9644012944983817,1.4919093851132685,1.7249190938511327,1.3203883495145632,110
937282.783171521,2005.7411003236246,42.80906148867314,2.0,1.2362459546925566,2.9644012944983817,1.4919093851132685,1.7249190938511327,1.3203883495145632,84
937282.783171521,2005.7411003236246,42.80906148867314,2.0,1.2362459546925566,2.9644012944983817,1.4919093851132685,1.7249190938511327,1.3203883495145632,95
937282.783171521,2005.7411003236246,42.80906148867314,2.0,1.2362459546925566,2.9644012944983817,1.4919093851132685,1.7249190938511327,1.3203883495145632,81
937282.783171521,2005.7411003236246,42.80906148867314,2.0,1.2362459546925566,2.9644012944983817,1.4919093851132685,1.7249190938511327,1.3203883495145632,77
937282.783171521,2005.7411003236246,42.80906148867314,2.0,1.2362459546925566,2.9644012944983817,1.4919093851132685,1.7249190938511327,1.3203883495145632,119
937282.783171521,2005.7411003236246,42.80906148867314,2.0,1.2362459546925566,2.9644012944983817,1.4919093851132685,1.7249190938511327,1.3203883495145632,123
937282.783171521,2005.7411003236246,42.80906148867314,2.0,1.2362459546925566,2.9644012944983817,1.4919093851132685,1.7249190938511327,1.3203883495145632,74
937282.783171521,2005.7411003236246,42.80906148867314,2.0,1.2362459546925566,2.9644012944983817,1.4919093851132685,1.7249190938511327,1.3203883495145632,148
937282.783171521,2005.7411003236246,42.80906148867314,2.0,1.2362459546925566,2.9644012944983817,1.4919093851132685,1.7249190938511327,1.3203883495145632,152
937282.783171521,2005.7411003236246,42.80906148867314,2.0,1.2362459546925566,2.9644012944983817,1.4919093851132685,1.7249190938511327,1.3203883495145632,78
937282.783171521,2005.7411003236246,42.80906148867314,2.0,1.2362459546925566,2.9644012944983817,1.4919093851132685,1.7249190938511327,1.3203883495145632,102
937282.783171521,2005.7411003236246,42.80906148867314,2.0,1.2362459546925566,2.9644012944983817,1.4919093851132685,1.7249190938511327,1.3203883495145632,89
937282.783171521,2005.7411003236246,42.80906148867314,2.0,1.2362459546925566,2.9644012944983817,1.4919093851132685,1.7249190938511327,1.3203883495145632,88
937282.783171521,2005.7411003236246,42.80906148867314,2.0,1.2362459546925566,2.9644012944983817,1.4919093851132685,1.7249190938511327,1.3203883495145632,112
937282.783171521,2005.7411003236246,42.80906148867314,2.0,1.2362459546925566,2.9644012944983817,1.4919093851132685,1.7249190938511327,1.3203883495145632,100
937282.783171521,2005.7411003236246,42.80906148867314,2.0,1.2362459546925566,2.9644012944983817,1.4919093851132685,1.7249190938511327,1.3203883495145632,121
937282.783171521,2005.7411003236246,42.80906148867314,2.0,1.2362459546925566,2.9644012944983817,1.4919093851132685,1.7249190938511327,1.3203883495145632,88
937282.783171521,2005.7411003236246,42.80906148867314,2.0,1.2362459546925566,2.9644012944983817,1.4919093851132685,1.7249190938511327,1.3203883495145632,268
937282.783171521,2005.7411003236246,42.80906148867314,2.0,1.2362459546925566,2.9644012944983817,1.4919093851132685,1.7249190938511327,1.3203883495145632,81
937282.783171521,2005.7411003236246,42.80906148867314,2.0,1.2362459546925566,2.9644012944983817,1.4919093851132685,1.7249190938511327,1.3203883495145632,114
937282.783171521,2005.7411003236246,42.80906148867314,2.0,1.2362459546925566,2.9644012944983817,1.4919093851132685,1.7249190938511327,1.3203883495145632,83
937282.783171521,2005.7411003236246,42.80906148867314,2.0,1.2362459546925566,2.9644012944983817,1.4919093851132685,1.7249190938511327,1.3203883495145632,85
937282.783171521,2005.7411003236246,42.80906148867314,2.0,1.2362459546925566,2.9644012944983817,1.4919093851132685,1.7249190938511327,1.3203883495145632,114
937282.783171521,2005.7411003236246,42.80906148867314,2.0,1.2362459546925566,2.9644012944983817,1.4919093851132685,1.7249190938511327,1.3203883495145632,132
937282.783171521,2005.7411003236246,42.80906148867314,2.0,1.2362459546925566,2.9644012944983817,1.4919093851132685,1.7249190938511327,1.3203883495145632,131
937282.783171521,2005.7411003236246,42.80906148867314,2.0,1.2362459546925566,2.9644012944983817,1.4919093851132685,1.7249190938511327,1.3203883495145632,144
937282.783171521,2005.7411003236246,42.80906148867314,2.0,1.2362459546925566,2.9644012944983817,1.4919093851132685,1.7249190938511327,1.3203883495145632,65
937282.783171521,2005.7411003236246,42.80906148867314,2.0,1.2362459546925566,2.9644012944983817,1.4919093851132685,1.7249190938511327,1.3203883495145632,93
937282.783171521,2005.7411003236246,42.80906148867314,2.0,1.2362459546925566,2.9644012944983817,1.4919093851132685,1.7249190938511327,1.3203883495145632,119
937282.783171521,2005.7411003236246,42.80906148867314,2.0,1.2362459546925566,2.9644012944983817,1.4919093851132685,1.7249190938511327,1.3203883495145632,148
937282.783171521,2005.7411003236246,42.80906148867314,2.0,1.2362459546925566,2.9644012944983817,1.4919093851132685,1.7249190938511327,1.3203883495145632,74
937282.783171521,2005.7411003236246,42.80906148867314,2.0,1.2362459546925566,2.9644012944983817,1.4919093851132685,1.7249190938511327,1.3203883495145632,201
937282.783171521,2005.7411003236246,42.80906148867314,2.0,1.2362459546925566,2.9644012944983817,1.4919093851132685,1.7249190938511327,1.3203883495145632,59
937282.783171521,2005.7411003236246,42.80906148867314,2.0,1.2362459546925566,2.9644012944983817,1.4919093851132685,1.7249190938511327,1.3203883495145632,124
937282.783171521,2005.7411003236246,42.80906148867314,2.0,1.2362459546925566,2.9644012944983817,1.4919093851132685,1.7249190938511327,1.3203883495145632,83
937282.783171521,2005.7411003236246,42.80906148867314,2.0,1.2362459546925566,2.9644012944983817,1.4919093851132685,1.7249190938511327,1.3203883495145632,85
937282.783171521,2005.7411003236246,42.80906148867314,2.0,1.2362459546925566,2.9644012944983817,1.4919093851132685,1.7249190938511327,1.3203883495145632,68
937282.783171521,2005.7411003236246,42.80906148867314,2.0,1.2362459546925566,2.9644012944983817,1.4919093851132685,1.7249190938511327,1.3203883495145632,88
937282.783171521,2005.7411003236246,42.80906148867314,2.0,1.2362459546925566,2.9644012944983817,1.4919093851132685,1.7249190938511327,1.3203883495145632,81
937282.783171521,2005.7411003236246,42.80906148867314,2.0,1.2362459546925566,2.9644012944983817,1.4919093851132685,1.7249190938511327,1.3203883495145632,89
937282.783171521,2005.7411003236246,42.80906148867314,2.0,1.2362459546925566,2.9644012944983817,1.4919093851132685,1.7249190938511327,1.3203883495145632,112
937282.783171521,2005.7411003236246,42.80906148867314,2.0,1.2362459546925566,2.9644012944983817,1.4919093851132685,1.7249190938511327,1.3203883495145632,100
937282.783171521,2005.7411003236246,42.80906148867314,2.0,1.2362459546925566,2.9644012944983817,1.4919093851132685,1.7249190938511327,1.3203883495145632,115
937282.783171521,2005.7411003236246,42.80906148867314,2.0,1.2362459546925566,2.9644012944983817,1.4919093851132685,1.7249190938511327,1.3203883495145632,81
937282.783171521,2005.7411003236246,42.80906148867314,2.0,1.2362459546925566,2.9644012944983817,1.4919093851132685,1.7249190938511327,1.3203883495145632,127
937282.783171521,2005.7411003236246,42.80906148867314,2.0,1.2362459546925566,2.9644012944983817,1.4919093851132685,1.7249190938511327,1.3203883495145632,148
937282.783171521,2005.7411003236246,42.80906148867314,2.0,1.2362459546925566,2.9644012944983817,1.4919093851132685,1.7249190938511327,1.3203883495145632,123
937282.783171521,2005.7411003236246,42.80906148867314,2.0,1.2362459546925566,2.9644012944983817,1.4919093851132685,1.7249190938511327,1.3203883495145632,84
937282.783171521,2005.7411003236246,42.80906148867314,2.0,1.2362459546925566,2.9644012944983817,1.4919093851132685,1.7249190938511327,1.3203883495145632,76
937282.783171521,2005.7411003236246,42.80906148867314,2.0,1.2362459546925566,2.9644012944983817,1.4919093851132685,1.7249190938511327,1.3203883495145632,135
937282.783171521,2005.7411003236246,42.80906148867314,2.0,1.2362459546925566,2.9644012944983817,1.4919093851132685,1.7249190938511327,1.3203883495145632,88
937282.783171521,2005.7411003236246,42.80906148867314,2.0,1.2362459546925566,2.9644012944983817,1.4919093851132685,1.7249190938511327,1.3203883495145632,114
937282.783171521,2005.7411003236246,42.80906148867314,2.0,1.2362459546925566,2.9644012944983817,1.4919093851132685,1.7249190938511327,1.3203883495145632,75
937282.783171521,2005.7411003236246,42.80906148867314,2.0,1.2362459546925566,2.9644012944983817,1.4919093851132685,1.7249190938511327,1.3203883495145632,129
937282.783171521,2005.7411003236246,42.80906148867314,2.0,1.2362459546925566,2.9644012944983817,1.4919093851132685,1.7249190938511327,1.3203883495145632,102
937282.783171521,2005.7411003236246,42.80906148867314,2.0,1.2362459546925566,2.9644012944983817,1.4919093851132685,1.7249190938511327,1.3203883495145632,118
937282.783171521,2005.7411003236246,42.80906148867314,2.0,1.2362459546925566,2.9644012944983817,1.4919093851132685,1.7249190938511327,1.3203883495145632,44
937282.783171521,2005.7411003236246,42.80906148867314,2.0,1.2362459546925566,2.9644012944983817,1.4919093851132685,1.7249190938511327,1.3203883495145632,96
937282.783171521,2005.7411003236246,42.80906148867314,2.0,1.2362459546925566,2.9644012944983817,1.4919093851132685,1.7249190938511327,1.3203883495145632,74
937282.783171521,2005.7411003236246,42.80906148867314,2.0,1.2362459546925566,2.9644012944983817,1.4919093851132685,1.7249190938511327,1.3203883495145632,182
937282.783171521,2005.7411003236246,42.80906148867314,2.0,1.2362459546925566,2.9644012944983817,1.4919093851132685,1.7249190938511327,1.3203883495145632,107
937282.783171521,2005.7411003236246,42.80906148867314,2.0,1.2362459546925566,2.9644012944983817,1.4919093851132685,1.7249190938511327,1.3203883495145632,97
937282.783171521,2005.7411003236246,42.80906148867314,2.0,1.2362459546925566,2.9644012944983817,1.4919093851132685,1.7249190938511327,1.3203883495145632,119
937282.783171521,2005.7411003236246,42.80906148867314,2.0,1.2362459546925566,2.9644012944983817,1.4919093851132685,1.7249190938511327,1.3203883495145632,277
937282.783171521,2005.7411003236246,42.80906148867314,2.0,1.2362459546925566,2.9644012944983817,1.4919093851132685,1.7249190938511327,1.3203883495145632,110
937282.783171521,2005.7411003236246,42.80906148867314,2.0,1.2362459546925566,2.9644012944983817,1.4919093851132685,1.7249190938511327,1.3203883495145632,105
937282.783171521,2005.7411003236246,42.80906148867314,2.0,1.2362459546925566,2.9644012944983817,1.4919093851132685,1.7249190938511327,1.3203883495145632,95
937282.783171521,2005.7411003236246,42.80906148867314,2.0,1.2362459546925566,2.9644012944983817,1.4919093851132685,1.7249190938511327,1.3203883495145632,94
937282.783171521,2005.7411003236246,42.80906148867314,2.0,1.2362459546925566,2.9644012944983817,1.4919093851132685,1.7249190938511327,1.3203883495145632,110
937282.783171521,2005.7411003236246,42.80906148867314,2.0,1.2362459546925566,2.9644012944983817,1.4919093851132685,1.7249190938511327,1.3203883495145632,278
937282.783171521,2005.7411003236246,42.80906148867314,2.0,1.2362459546925566,2.9644012944983817,1.4919093851132685,1.7249190938511327,1.3203883495145632,88
937282.783171521,2005.7411003236246,42.80906148867314,2.0,1.2362459546925566,2.9644012944983817,1.4919093851132685,1.7249190938511327,1.3203883495145632,100
937282.783171521,2005.7411003236246,42.80906148867314,2.0,1.2362459546925566,2.9644012944983817,1.4919093851132685,1.7249190938511327,1.3203883495145632,119
937282.783171521,2005.7411003236246,42.80906148867314,2.0,1.2362459546925566,2.9644012944983817,1.4919093851132685,1.7249190938511327,1.3203883495145632,88
937282.783171521,2005.7411003236246,42.80906148867314,2.0,1.2362459546925566,2.9644012944983817,1.4919093851132685,1.7249190938511327,1.3203883495145632,278
937282.783171521,2005.7411003236246,42.80906148867314,2.0,1.2362459546925566,2.9644012944983817,1.4919093851132685,1.7249190938511327,1.3203883495145632,70
937282.783171521,2005.7411003236246,42.80906148867314,2.0,1.2362459546925566,2.9644012944983817,1.4919093851132685,1.7249190938511327,1.3203883495145632,105
937282.783171521,2005.7411003236246,42.80906148867314,2.0,1.2362459546925566,2.9644012944983817,1.4919093851132685,1.7249190938511327,1.3203883495145632,115
937282.783171521,2005.7411003236246,42.80906148867314,2.0,1.2362459546925566,2.9644012944983817,1.4919093851132685,1.7249190938511327,1.3203883495145632,112
937282.783171521,2005.7411003236246,42.80906148867314,2.0,1.2362459546925566,2.9644012944983817,1.4919093851132685,1.7249190938511327,1.3203883495145632,94
937282.783171521,2005.7411003236246,42.80906148867314,2.0,1.2362459546925566,2.9644012944983817,1.4919093851132685,1.7249190938511327,1.3203883495145632,148
937282.783171521,2005.7411003236246,42.80906148867314,2.0,1.2362459546925566,2.9644012944983817,1.4919093851132685,1.7249190938511327,1.3203883495145632,177
937282.783171521,2005.7411003236246,42.80906148867314,2.0,1.2362459546925566,2.9644012944983817,1.4919093851132685,1.7249190938511327,1.3203883495145632,85
937282.783171521,2005.7411003236246,42.80906148867314,2.0,1.2362459546925566,2.9644012944983817,1.4919093851132685,1.7249190938511327,1.3203883495145632,142
937282.783171521,2005.7411003236246,42.80906148867314,2.0,1.2362459546925566,2.9644012944983817,1.4919093851132685,1.7249190938511327,1.3203883495145632,83
937282.783171521,2005.7411003236246,42.80906148867314,2.0,1.2362459546925566,2.9644012944983817,1.4919093851132685,1.7249190938511327,1.3203883495145632,94
937282.783171521,2005.7411003236246,42.80906148867314,2.0,1.2362459546925566,2.9644012944983817,1.4919093851132685,1.7249190938511327,1.3203883495145632,88
937282.783171521,2005.7411003236246,42.80906148867314,2.0,1.2362459546925566,2.9644012944983817,1.4919093851132685,1.7249190938511327,1.3203883495145632,119
937282.783171521,2005.7411003236246,42.80906148867314,2.0,1.2362459546925566,2.9644012944983817,1.4919093851132685,1.7249190938511327,1.3203883495145632,106
937282.783171521,2005.7411003236246,42.80906148867314,2.0,1.2362459546925566,2.9644012944983817,1.4919093851132685,1.7249190938511327,1.3203883495145632,158
937282.783171521,2005.7411003236246,42.80906148867314,2.0,1.2362459546925566,2.9644012944983817,1.4919093851132685,1.7249190938511327,1.3203883495145632,138
937282.783171521,2005.7411003236246,42.80906148867314,2.0,1.2362459546925566,2.9644012944983817,1.4919093851132685,1.7249190938511327,1.3203883495145632,161
937282.783171521,2005.7411003236246,42.80906148867314,2.0,1.2362459546925566,2.9644012944983817,1.4919093851132685,1.7249190938511327,1.3203883495145632,100
937282.783171521,2005.7411003236246,42.80906148867314,2.0,1.2362459546925566,2.9644012944983817,1.4919093851132685,1.7249190938511327,1.3203883495145632,110
937282.783171521,2005.7411003236246,42.80906148867314,2.0,1.2362459546925566,2.9644012944983817,1.4919093851132685,1.7249190938511327,1.3203883495145632,102
937282.783171521,2005.7411003236246,42.80906148867314,2.0,1.2362459546925566,2.9644012944983817,1.4919093851132685,1.7249190938511327,1.3203883495145632,127
937282.783171521,2005.7411003236246,42.80906148867314,2.0,1.2362459546925566,2.9644012944983817,1.4919093851132685,1.7249190938511327,1.3203883495145632,110
937282.783171521,2005.7411003236246,42.80906148867314,2.0,1.2362459546925566,2.9644012944983817,1.4919093851132685,1.7249190938511327,1.3203883495145632,135
937282.783171521,2005.7411003236246,42.80906148867314,2.0,1.2362459546925566,2.9644012944983817,1.4919093851132685,1.7249190938511327,1.3203883495145632,61
937282.783171521,2005.7411003236246,42.80906148867314,2.0,1.2362459546925566,2.9644012944983817,1.4919093851132685,1.7249190938511327,1.3203883495145632,92
937282.783171521,2005.7411003236246,42.80906148867314,2.0,1.2362459546925566,2.9644012944983817,1.4919093851132685,1.7249190938511327,1.3203883495145632,201
937282.783171521,2005.7411003236246,42.80906148867314,2.0,1.2362459546925566,2.9644012944983817,1.4919093851132685,1.7249190938511327,1.3203883495145632,100
937282.783171521,2005.7411003236246,42.80906148867314,2.0,1.2362459546925566,2.9644012944983817,1.4919093851132685,1.7249190938511327,1.3203883495145632,114
937282.783171521,2005.7411003236246,42.80906148867314,2.0,1.2362459546925566,2.9644012944983817,1.4919093851132685,1.7249190938511327,1.3203883495145632,81
937282.783171521,2005.7411003236246,42.80906148867314,2.0,1.2362459546925566,2.9644012944983817,1.4919093851132685,1.7249190938511327,1.3203883495145632,55
937282.783171521,2005.7411003236246,42.80906148867314,2.0,1.2362459546925566,2.9644012944983817,1.4919093851132685,1.7249190938511327,1.3203883495145632,139
937282.783171521,2005.7411003236246,42.80906148867314,2.0,1.2362459546925566,2.9644012944983817,1.4919093851132685,1.7249190938511327,1.3203883495145632,81
937282.783171521,2005.7411003236246,42.80906148867314,2.0,1.2362459546925566,2.9644012944983817,1.4919093851132685,1.7249190938511327,1.3203883495145632,127
937282.783171521,2005.7411003236246,42.80906148867314,2.0,1.2362459546925566,2.9644012944983817,1.4919093851132685,1.7249190938511327,1.3203883495145632,96
937282.783171521,2005.7411003236246,42.80906148867314,2.0,1.2362459546925566,2.9644012944983817,1.4919093851132685,1.7249190938511327,1.3203883495145632,119
937282.783171521,2005.7411003236246,42.80906148867314,2.0,1.2362459546925566,2.9644012944983817,1.4919093851132685,1.7249190938511327,1.3203883495145632,65
937282.783171521,2005.7411003236246,42.80906148867314,2.0,1.2362459546925566,2.9644012944983817,1.4919093851132685,1.7249190938511327,1.3203883495145632,155
937282.783171521,2005.7411003236246,42.80906148867314,2.0,1.2362459546925566,2.9644012944983817,1.4919093851132685,1.7249190938511327,1.3203883495145632,105
937282.783171521,2005.7411003236246,42.80906148867314,2.0,1.2362459546925566,2.9644012944983817,1.4919093851132685,1.7249190938511327,1.3203883495145632,59
937282.783171521,2005.7411003236246,42.80906148867314,2.0,1.2362459546925566,2.9644012944983817,1.4919093851132685,1.7249190938511327,1.3203883495145632,97
937282.783171521,2005.7411003236246,42.80906148867314,2.0,1.2362459546925566,2.9644012944983817,1.4919093851132685,1.7249190938511327,1.3203883495145632,74
937282.783171521,2005.7411003236246,42.80906148867314,2.0,1.2362459546925566,2.9644012944983817,1.4919093851132685,1.7249190938511327,1.3203883495145632,131
937282.783171521,2005.7411003236246,42.80906148867314,2.0,1.2362459546925566,2.9644012944983817,1.4919093851132685,1.7249190938511327,1.3203883495145632,74
937282.783171521,2005.7411003236246,42.80906148867314,2.0,1.2362459546925566,2.9644012944983817,1.4919093851132685,1.7249190938511327,1.3203883495145632,119
937282.783171521,2005.7411003236246,42.80906148867314,2.0,1.2362459546925566,2.9644012944983817,1.4919093851132685,1.7249190938511327,1.3203883495145632,93
937282.783171521,2005.7411003236246,42.80906148867314,2.0,1.2362459546925566,2.9644012944983817,1.4919093851132685,1.7249190938511327,1.3203883495145632,114
937282.783171521,2005.7411003236246,42.80906148867314,2.0,1.2362459546925566,2.9644012944983817,1.4919093851132685,1.7249190938511327,1.3203883495145632,142
937282.783171521,2005.7411003236246,42.80906148867314,2.0,1.2362459546925566,2.9644012944983817,1.4919093851132685,1.7249190938511327,1.3203883495145632,127
937282.783171521,2005.7411003236246,42.80906148867314,2.0,1.2362459546925566,2.9644012944983817,1.4919093851132685,1.7249190938511327,1.3203883495145632,105
937282.783171521,2005.7411003236246,42.80906148867314,2.0,1.2362459546925566,2.9644012944983817,1.4919093851132685,1.7249190938511327,1.3203883495145632,110
937282.783171521,2005.7411003236246,42.80906148867314,2.0,1.2362459546925566,2.9644012944983817,1.4919093851132685,1.7249190938511327,1.3203883495145632,63
937282.783171521,2005.7411003236246,42.80906148867314,2.0,1.2362459546925566,2.9644012944983817,1.4919093851132685,1.7249190938511327,1.3203883495145632,117
937282.783171521,2005.7411003236246,42.80906148867314,2.0,1.2362459546925566,2.9644012944983817,1.4919093851132685,1.7249190938511327,1.3203883495145632,112
937282.783171521,2005.7411003236246,42.80906148867314,2.0,1.2362459546925566,2.9644012944983817,1.4919093851132685,1.7249190938511327,1.3203883495145632,101
937282.783171521,2005.7411003236246,42.80906148867314,2.0,1.2362459546925566,2.9644012944983817,1.4919093851132685,1.7249190938511327,1.3203883495145632,88
937282.783171521,2005.7411003236246,42.80906148867314,2.0,1.2362459546925566,2.9644012944983817,1.4919093851132685,1.7249190938511327,1.3203883495145632,272
937282.783171521,2005.7411003236246,42.80906148867314,2.0,1.2362459546925566,2.9644012944983817,1.4919093851132685,1.7249190938511327,1.3203883495145632,65
937282.783171521,2005.7411003236246,42.80906148867314,2.0,1.2362459546925566,2.9644012944983817,1.4919093851132685,1.7249190938511327,1.3203883495145632,102
937282.783171521,2005.7411003236246,42.80906148867314,2.0,1.2362459546925566,2.9644012944983817,1.4919093851132685,1.7249190938511327,1.3203883495145632,55
937282.783171521,2005.7411003236246,42.80906148867314,2.0,1.2362459546925566,2.9644012944983817,1.4919093851132685,1.7249190938511327,1.3203883495145632,90
937282.783171521,2005.7411003236246,42.80906148867314,2.0,1.2362459546925566,2.9644012944983817,1.4919093851132685,1.7249190938511327,1.3203883495145632,77
937282.783171521,2005.7411003236246,42.80906148867314,2.0,1.2362459546925566,2.9644012944983817,1.4919093851132685,1.7249190938511327,1.3203883495145632,94
937282.783171521,2005.7411003236246,42.80906148867314,2.0,1.2362459546925566,2.9644012944983817,1.4919093851132685,1.7249190938511327,1.3203883495145632,148
937282.783171521,2005.7411003236246,42.80906148867314,2.0,1.2362459546925566,2.9644012944983817,1.4919093851132685,1.7249190938511327,1.3203883495145632,81
937282.783171521,2005.7411003236246,42.80906148867314,2.0,1.2362459546925566,2.9644012944983817,1.4919093851132685,1.7249190938511327,1.3203883495145632,104
937282.783171521,2005.7411003236246,42.80906148867314,2.0,1.2362459546925566,2.9644012944983817,1.4919093851132685,1.7249190938511327,1.3203883495145632,129
937282.783171521,2005.7411003236246,42.80906148867314,2.0,1.2362459546925566,2.9644012944983817,1.4919093851132685,1.7249190938511327,1.3203883495145632,119
937282.783171521,2005.7411003236246,42.80906148867314,2.0,1.2362459546925566,2.9644012944983817,1.4919093851132685,1.7249190938511327,1.3203883495145632,87
937282.783171521,2005.7411003236246,42.80906148867314,2.0,1.2362459546925566,2.9644012944983817,1.4919093851132685,1.7249190938511327,1.3203883495145632,94
937282.783171521,2005.7411003236246,42.80906148867314,2.0,1.2362459546925566,2.9644012944983817,1.4919093851132685,1.7249190938511327,1.3203883495145632,123
937282.783171521,2005.7411003236246,42.80906148867314,2.0,1.2362459546925566,2.9644012944983817,1.4919093851132685,1.7249190938511327,1.3203883495145632,81
937282.783171521,2005.7411003236246,42.80906148867314,2.0,1.2362459546925566,2.9644012944983817,1.4919093851132685,1.7249190938511327,1.3203883495145632,138
937282.783171521,2005.7411003236246,42.80906148867314,2.0,1.2362459546925566,2.9644012944983817,1.4919093851132685,1.7249190938511327,1.3203883495145632,155
937282.783171521,2005.7411003236246,42.80906148867314,2.0,1.2362459546925566,2.9644012944983817,1.4919093851132685,1.7249190938511327,1.3203883495145632,100
937282.783171521,2005.7411003236246,42.80906148867314,2.0,1.2362459546925566,2.9644012944983817,1.4919093851132685,1.7249190938511327,1.3203883495145632,74
937282.783171521,2005.7411003236246,42.80906148867314,2.0,1.2362459546925566,2.9644012944983817,1.4919093851132685,1.7249190938511327,1.3203883495145632,119
937282.783171521,2005.7411003236246,42.80906148867314,2.0,1.2362459546925566,2.9644012944983817,1.4919093851132685,1.7249190938511327,1.3203883495145632,110
937282.783171521,2005.7411003236246,42.80906148867314,2.0,1.2362459546925566,2.9644012944983817,1.4919093851132685,1.7249190938511327,1.3203883495145632,135
937282.783171521,2005.7411003236246,42.80906148867314,2.0,1.2362459546925566,2.9644012944983817,1.4919093851132685,1.7249190938511327,1.3203883495145632,88
937282.783171521,2005.7411003236246,42.80906148867314,2.0,1.2362459546925566,2.9644012944983817,1.4919093851132685,1.7249190938511327,1.3203883495145632,92
937282.783171521,2005.7411003236246,42.80906148867314,2.0,1.2362459546925566,2.9644012944983817,1.4919093851132685,1.7249190938511327,1.3203883495145632,100
937282.783171521,2005.7411003236246,42.80906148867314,2.0,1.2362459546925566,2.9644012944983817,1.4919093851132685,1.7249190938511327,1.3203883495145632,119
937282.783171521,2005.7411003236246,42.80906148867314,2.0,1.2362459546925566,2.9644012944983817,1.4919093851132685,1.7249190938511327,1.3203883495145632,67
937282.783171521,2005.7411003236246,42.80906148867314,2.0,1.2362459546925566,2.9644012944983817,1.4919093851132685,1.7249190938511327,1.3203883495145632,108
937282.783171521,2005.7411003236246,42.80906148867314,2.0,1.2362459546925566,2.9644012944983817,1.4919093851132685,1.7249190938511327,1.3203883495145632,100
937282.783171521,2005.7411003236246,42.80906148867314,2.0,1.2362459546925566,2.9644012944983817,1.4919093851132685,1.7249190938511327,1.3203883495145632,106
937282.783171521,2005.7411003236246,42.80906148867314,2.0,1.2362459546925566,2.9644012944983817,1.4919093851132685,1.7249190938511327,1.3203883495145632,177
937282.783171521,2005.7411003236246,42.80906148867314,2.0,1.2362459546925566,2.9644012944983817,1.4919093851132685,1.7249190938511327,1.3203883495145632,85
937282.783171521,2005.7411003236246,42.80906148867314,2.0,1.2362459546925566,2.9644012944983817,1.4919093851132685,1.7249190938511327,1.3203883495145632,105
937282.783171521,2005.7411003236246,42.80906148867314,2.0,1.2362459546925566,2.9644012944983817,1.4919093851132685,1.7249190938511327,1.3203883495145632,74
937282.783171521,2005.7411003236246,42.80906148867314,2.0,1.2362459546925566,2.9644012944983817,1.4919093851132685,1.7249190938511327,1.3203883495145632,83
937282.783171521,2005.7411003236246,42.80906148867314,2.0,1.2362459546925566,2.9644012944983817,1.4919093851132685,1.7249190938511327,1.3203883495145632,125
937282.783171521,2005.7411003236246,42.80906148867314,2.0,1.2362459546925566,2.9644012944983817,1.4919093851132685,1.7249190938511327,1.3203883495145632,140
937282.783171521,2005.7411003236246,42.80906148867314,2.0,1.2362459546925566,2.9644012944983817,1.4919093851132685,1.7249190938511327,1.3203883495145632,70
937282.783171521,2005.7411003236246,42.80906148867314,2.0,1.2362459546925566,2.9644012944983817,1.4919093851132685,1.7249190938511327,1.3203883495145632,80
937282.783171521,2005.7411003236246,42.80906148867314,2.0,1.2362459546925566,2.9644012944983817,1.4919093851132685,1.7249190938511327,1.3203883495145632,161
937282.783171521,2005.7411003236246,42.80906148867314,2.0,1.2362459546925566,2.9644012944983817,1.4919093851132685,1.7249190938511327,1.3203883495145632,131
937282.783171521,2005.7411003236246,42.80906148867314,2.0,1.2362459546925566,2.9644012944983817,1.4919093851132685,1.7249190938511327,1.3203883495145632,145
937282.783171521,2005.7411003236246,42.80906148867314,2.0,1.2362459546925566,2.9644012944983817,1.4919093851132685,1.7249190938511327,1.3203883495145632,93
937282.783171521,2005.7411003236246,42.80906148867314,2.0,1.2362459546925566,2.9644012944983817,1.4919093851132685,1.7249190938511327,1.3203883495145632,100
937282.783171521,2005.7411003236246,42.80906148867314,2.0,1.2362459546925566,2.9644012944983817,1.4919093851132685,1.7249190938511327,1.3203883495145632,129
937282.783171521,2005.7411003236246,42.80906148867314,2.0,1.2362459546925566,2.9644012944983817,1.4919093851132685,1.7249190938511327,1.3203883495145632,117
937282.783171521,2005.7411003236246,42.80906148867314,2.0,1.2362459546925566,2.9644012944983817,1.4919093851132685,1.7249190938511327,1.3203883495145632,75
937282.783171521,2005.7411003236246,42.80906148867314,2.0,1.2362459546925566,2.9644012944983817,1.4919093851132685,1.7249190938511327,1.3203883495145632,135
937282.783171521,2005.7411003236246,42.80906148867314,2.0,1.2362459546925566,2.9644012944983817,1.4919093851132685,1.7249190938511327,1.3203883495145632,105
937282.783171521,2005.7411003236246,42.80906148867314,2.0,1.2362459546925566,2.9644012944983817,1.4919093851132685,1.7249190938511327,1.3203883495145632,94
937282.783171521,2005.7411003236246,42.80906148867314,2.0,1.2362459546925566,2.9644012944983817,1.4919093851132685,1.7249190938511327,1.3203883495145632,100
937282.783171521,2005.7411003236246,42.80906148867314,2.0,1.2362459546925566,2.9644012944983817,1.4919093851132685,1.7249190938511327,1.3203883495145632,166
937282.783171521,2005.7411003236246,42.80906148867314,2.0,1.2362459546925566,2.9644012944983817,1.4919093851132685,1.7249190938511327,1.3203883495145632,77
937282.783171521,2005.7411003236246,42.80906148867314,2.0,1.2362459546925566,2.9644012944983817,1.4919093851132685,1.7249190938511327,1.3203883495145632,89
937282.783171521,2005.7411003236246,42.80906148867314,2.0,1.2362459546925566,2.9644012944983817,1.4919093851132685,1.7249190938511327,1.3203883495145632,108
937282.783171521,2005.7411003236246,42.80906148867314,2.0,1.2362459546925566,2.9644012944983817,1.4919093851132685,1.7249190938511327,1.3203883495145632,111
937282.783171521,2005.7411003236246,42.80906148867314,2.0,1.2362459546925566,2.9644012944983817,1.4919093851132685,1.7249190938511327,1.3203883495145632,119
937282.783171521,2005.7411003236246,42.80906148867314,2.0,1.2362459546925566,2.9644012944983817,1.4919093851132685,1.7249190938511327,1.3203883495145632,90
937282.783171521,2005.7411003236246,42.80906148867314,2.0,1.2362459546925566,2.9644012944983817,1.4919093851132685,1.7249190938511327,1.3203883495145632,113
937282.783171521,2005.7411003236246,42.80906148867314,2.0,1.2362459546925566,2.9644012944983817,1.4919093851132685,1.7249190938511327,1.3203883495145632,110
937282.783171521,2005.7411003236246,42.80906148867314,2.0,1.2362459546925566,2.9644012944983817,1.4919093851132685,1.7249190938511327,1.3203883495145632,55
937282.783171521,2005.7411003236246,42.80906148867314,2.0,1.2362459546925566,2.9644012944983817,1.4919093851132685,1.7249190938511327,1.3203883495145632,136
937282.783171521,2005.7411003236246,42.80906148867314,2.0,1.2362459546925566,2.9644012944983817,1.4919093851132685,1.7249190938511327,1.3203883495145632,80
937282.783171521,2005.7411003236246,42.80906148867314,2.0,1.2362459546925566,2.9644012944983817,1.4919093851132685,1.7249190938511327,1.3203883495145632,148
937282.783171521,2005.7411003236246,42.80906148867314,2.0,1.2362459546925566,2.9644012944983817,1.4919093851132685,1.7249190938511327,1.3203883495145632,128
937282.783171521,2005.7411003236246,42.80906148867314,2.0,1.2362459546925566,2.9644012944983817,1.4919093851132685,1.7249190938511327,1.3203883495145632,142
937282.783171521,2005.7411003236246,42.80906148867314,2.0,1.2362459546925566,2.9644012944983817,1.4919093851132685,1.7249190938511327,1.3203883495145632,72
937282.783171521,2005.7411003236246,42.80906148867314,2.0,1.2362459546925566,2.9644012944983817,1.4919093851132685,1.7249190938511327,1.3203883495145632,161
937282.783171521,2005.7411003236246,42.80906148867314,2.0,1.2362459546925566,2.9644012944983817,1.4919093851132685,1.7249190938511327,1.3203883495145632,94
937282.783171521,2005.7411003236246,42.80906148867314,2.0,1.2362459546925566,2.9644012944983817,1.4919093851132685,1.7249190938511327,1.3203883495145632,109
937282.783171521,2005.7411003236246,42.80906148867314,2.0,1.2362459546925566,2.9644012944983817,1.4919093851132685,1.7249190938511327,1.3203883495145632,103
937282.783171521,2005.7411003236246,42.80906148867314,2.0,1.2362459546925566,2.9644012944983817,1.4919093851132685,1.7249190938511327,1.3203883495145632,100
937282.783171521,2005.7411003236246,42.80906148867314,2.0,1.2362459546925566,2.9644012944983817,1.4919093851132685,1.7249190938511327,1.3203883495145632,123
937282.783171521,2005.7411003236246,42.80906148867314,2.0,1.2362459546925566,2.9644012944983817,1.4919093851132685,1.7249190938511327,1.3203883495145632,88
937282.783171521,2005.7411003236246,42.80906148867314,2.0,1.2362459546925566,2.9644012944983817,1.4919093851132685,1.7249190938511327,1.3203883495145632,99
937282.783171521,2005.7411003236246,42.80906148867314,2.0,1.2362459546925566,2.9644012944983817,1.4919093851132685,1.7249190938511327,1.3203883495145632,101
937282.783171521,2005.7411003236246,42.80906148867314,2.0,1.2362459546925566,2.9644012944983817,1.4919093851132685,1.7249190938511327,1.3203883495145632,137
937282.783171521,2005.7411003236246,42.80906148867314,2.0,1.2362459546925566,2.9644012944983817,1.4919093851132685,1.7249190938511327,1.3203883495145632,70
937282.783171521,2005.7411003236246,42.80906148867314,2.0,1.2362459546925566,2.9644012944983817,1.4919093851132685,1.7249190938511327,1.3203883495145632,88
937282.783171521,2005.7411003236246,42.80906148867314,2.0,1.2362459546925566,2.9644012944983817,1.4919093851132685,1.7249190938511327,1.3203883495145632,114
937282.783171521,2005.7411003236246,42.80906148867314,2.0,1.2362459546925566,2.9644012944983817,1.4919093851132685,1.7249190938511327,1.3203883495145632,95
937282.783171521,2005.7411003236246,42.80906148867314,2.0,1.2362459546925566,2.9644012944983817,1.4919093851132685,1.7249190938511327,1.3203883495145632,74
937282.783171521,2005.7411003236246,42.80906148867314,2.0,1.2362459546925566,2.9644012944983817,1.4919093851132685,1.7249190938511327,1.3203883495145632,110
937282.783171521,2005.7411003236246,42.80906148867314,2.0,1.2362459546925566,2.9644012944983817,1.4919093851132685,1.7249190938511327,1.3203883495145632,148
937282.783171521,2005.7411003236246,42.80906148867314,2.0,1.2362459546925566,2.9644012944983817,1.4919093851132685,1.7249190938511327,1.3203883495145632,131
937282.783171521,2005.7411003236246,42.80906148867314,2.0,1.2362459546925566,2.9644012944983817,1.4919093851132685,1.7249190938511327,1.3203883495145632,127
937282.783171521,2005.7411003236246,42.80906148867314,2.0,1.2362459546925566,2.9644012944983817,1.4919093851132685,1.7249190938511327,1.3203883495145632,119
937282.783171521,2005.7411003236246,42.80906148867314,2.0,1.2362459546925566,2.9644012944983817,1.4919093851132685,1.7249190938511327,1.3203883495145632,114
937282.783171521,2005.7411003236246,42.80906148867314,2.0,1.2362459546925566,2.9644012944983817,1.4919093851132685,1.7249190938511327,1.3203883495145632,104
937282.783171521,2005.7411003236246,42.80906148867314,2.0,1.2362459546925566,2.9644012944983817,1.4919093851132685,1.7249190938511327,1.3203883495145632,105
937282.783171521,2005.7411003236246,42.80906148867314,2.0,1.2362459546925566,2.9644012944983817,1.4919093851132685,1.7249190938511327,1.3203883495145632,177
937282.783171521,2005.7411003236246,42.80906148867314,2.0,1.2362459546925566,2.9644012944983817,1.4919093851132685,1.7249190938511327,1.3203883495145632,138
937282.783171521,2005.7411003236246,42.80906148867314,2.0,1.2362459546925566,2.9644012944983817,1.4919093851132685,1.7249190938511327,1.3203883495145632,81
937282.783171521,2005.7411003236246,42.80906148867314,2.0,1.2362459546925566,2.9644012944983817,1.4919093851132685,1.7249190938511327,1.3203883495145632,87
937282.783171521,2005.7411003236246,42.80906148867314,2.0,1.2362459546925566,2.9644012944983817,1.4919093851132685,1.7249190938511327,1.3203883495145632,133
937282.783171521,2005.7411003236246,42.80906148867314,2.0,1.2362459546925566,2.9644012944983817,1.4919093851132685,1.7249190938511327,1.3203883495145632,81
937282.783171521,2005.7411003236246,42.80906148867314,2.0,1.2362459546925566,2.9644012944983817,1.4919093851132685,1.7249190938511327,1.3203883495145632,145
937282.783171521,2005.7411003236246,42.80906148867314,2.0,1.2362459546925566,2.9644012944983817,1.4919093851132685,1.7249190938511327,1.3203883495145632,92
937282.783171521,2005.7411003236246,42.80906148867314,2.0,1.2362459546925566,2.9644012944983817,1.4919093851132685,1.7249190938511327,1.3203883495145632,172
937282.783171521,2005.7411003236246,42.80906148867314,2.0,1.2362459546925566,2.9644012944983817,1.4919093851132685,1.7249190938511327,1.3203883495145632,88
937282.783171521,2005.7411003236246,42.80906148867314,2.0,1.2362459546925566,2.9644012944983817,1.4919093851132685,1.7249190938511327,1.3203883495145632,114
937282.783171521,2005.7411003236246,42.80906148867314,2.0,1.2362459546925566,2.9644012944983817,1.4919093851132685,1.7249190938511327,1.3203883495145632,105
937282.783171521,2005.7411003236246,42.80906148867314,2.0,1.2362459546925566,2.9644012944983817,1.4919093851132685,1.7249190938511327,1.3203883495145632,88
937282.783171521,2005.7411003236246,42.80906148867314,2.0,1.2362459546925566,2.9644012944983817,1.4919093851132685,1.7249190938511327,1.3203883495145632,119
937282.783171521,2005.7411003236246,42.80906148867314,2.0,1.2362459546925566,2.9644012944983817,1.4919093851132685,1.7249190938511327,1.3203883495145632,135
937282.783171521,2005.7411003236246,42.80906148867314,2.0,1.2362459546925566,2.9644012944983817,1.4919093851132685,1.7249190938511327,1.3203883495145632,110
937282.783171521,2005.7411003236246,42.80906148867314,2.0,1.2362459546925566,2.9644012944983817,1.4919093851132685,1.7249190938511327,1.3203883495145632,81
937282.783171521,2005.7411003236246,42.80906148867314,2.0,1.2362459546925566,2.9644012944983817,1.4919093851132685,1.7249190938511327,1.3203883495145632,66
937282.783171521,2005.7411003236246,42.80906148867314,2.0,1.2362459546925566,2.9644012944983817,1.4919093851132685,1.7249190938511327,1.3203883495145632,121
937282.783171521,2005.7411003236246,42.80906148867314,2.0,1.2362459546925566,2.9644012944983817,1.4919093851132685,1.7249190938511327,1.3203883495145632,75
937282.783171521,2005.7411003236246,42.80906148867314,2.0,1.2362459546925566,2.9644012944983817,1.4919093851132685,1.7249190938511327,1.3203883495145632,50
937282.783171521,2005.7411003236246,42.80906148867314,2.0,1.2362459546925566,2.9644012944983817,1.4919093851132685,1.7249190938511327,1.3203883495145632,117
937282.783171521,2005.7411003236246,42.80906148867314,2.0,1.2362459546925566,2.9644012944983817,1.4919093851132685,1.7249190938511327,1.3203883495145632,81
937282.783171521,2005.7411003236246,42.80906148867314,2.0,1.2362459546925566,2.9644012944983817,1.4919093851132685,1.7249190938511327,1.3203883495145632,142
937282.783171521,2005.7411003236246,42.80906148867314,2.0,1.2362459546925566,2.9644012944983817,1.4919093851132685,1.7249190938511327,1.3203883495145632,78
937282.783171521,2005.7411003236246,42.80906148867314,2.0,1.2362459546925566,2.9644012944983817,1.4919093851132685,1.7249190938511327,1.3203883495145632,148
937282.783171521,2005.7411003236246,42.80906148867314,2.0,1.2362459546925566,2.9644012944983817,1.4919093851132685,1.7249190938511327,1.3203883495145632,161
937282.783171521,2005.7411003236246,42.80906148867314,2.0,1.2362459546925566,2.9644012944983817,1.4919093851132685,1.7249190938511327,1.3203883495145632,166
937282.783171521,2005.7411003236246,42.80906148867314,2.0,1.2362459546925566,2.9644012944983817,1.4919093851132685,1.7249190938511327,1.3203883495145632,94
937282.783171521,2005.7411003236246,42.80906148867314,2.0,1.2362459546925566,2.9644012944983817,1.4919093851132685,1.7249190938511327,1.3203883495145632,177
937282.783171521,2005.7411003236246,42.80906148867314,2.0,1.2362459546925566,2.9644012944983817,1.4919093851132685,1.7249190938511327,1.3203883495145632,119
937282.783171521,2005.7411003236246,42.80906148867314,2.0,1.2362459546925566,2.9644012944983817,1.4919093851132685,1.7249190938511327,1.3203883495145632,69
937282.783171521,2005.7411003236246,42.80906148867314,2.0,1.2362459546925566,2.9644012944983817,1.4919093851132685,1.7249190938511327,1.3203883495145632,126
937282.783171521,2005.7411003236246,42.80906148867314,2.0,1.2362459546925566,2.9644012944983817,1.4919093851132685,1.7249190938511327,1.3203883495145632,100
937282.783171521,2005.7411003236246,42.80906148867314,2.0,1.2362459546925566,2.9644012944983817,1.4919093851132685,1.7249190938511327,1.3203883495145632,116
937282.783171521,2005.7411003236246,42.80906148867314,2.0,1.2362459546925566,2.9644012944983817,1.4919093851132685,1.7249190938511327,1.3203883495145632,123
937282.783171521,2005.7411003236246,42.80906148867314,2.0,1.2362459546925566,2.9644012944983817,1.4919093851132685,1.7249190938511327,1.3203883495145632,72
937282.783171521,2005.7411003236246,42.80906148867314,2.0,1.2362459546925566,2.9644012944983817,1.4919093851132685,1.7249190938511327,1.3203883495145632,108
937282.783171521,2005.7411003236246,42.80906148867314,2.0,1.2362459546925566,2.9644012944983817,1.4919093851132685,1.7249190938511327,1.3203883495145632,80
937282.783171521,2005.7411003236246,42.80906148867314,2.0,1.2362459546925566,2.9644012944983817,1.4919093851132685,1.7249190938511327,1.3203883495145632,109
937282.783171521,2005.7411003236246,42.80906148867314,2.0,1.2362459546925566,2.9644012944983817,1.4919093851132685,1.7249190938511327,1.3203883495145632,114
937282.783171521,2005.7411003236246,42.80906148867314,2.0,1.2362459546925566,2.9644012944983817,1.4919093851132685,1.7249190938511327,1.3203883495145632,89
937282.783171521,2005.7411003236246,42.80906148867314,2.0,1.2362459546925566,2.9644012944983817,1.4919093851132685,1.7249190938511327,1.3203883495145632,77
937282.783171521,2005.7411003236246,42.80906148867314,2.0,1.2362459546925566,2.9644012944983817,1.4919093851132685,1.7249190938511327,1.3203883495145632,84
937282.783171521,2005.7411003236246,42.80906148867314,2.0,1.2362459546925566,2.9644012944983817,1.4919093851132685,1.7249190938511327,1.3203883495145632,97
937282.783171521,2005.7411003236246,42.80906148867314,2.0,1.2362459546925566,2.9644012944983817,1.4919093851132685,1.7249190938511327,1.3203883495145632,70
937282.783171521,2005.7411003236246,42.80906148867314,2.0,1.2362459546925566,2.9644012944983817,1.4919093851132685,1.7249190938511327,1.3203883495145632,65
937282.783171521,2005.7411003236246,42.80906148867314,2.0,1.2362459546925566,2.9644012944983817,1.4919093851132685,1.7249190938511327,1.3203883495145632,90
937282.783171521,2005.7411003236246,42.80906148867314,2.0,1.2362459546925566,2.9644012944983817,1.4919093851132685,1.7249190938511327,1.3203883495145632,148
937282.783171521,2005.7411003236246,42.80906148867314,2.0,1.2362459546925566,2.9644012944983817,1.4919093851132685,1.7249190938511327,1.3203883495145632,164
937282.783171521,2005.7411003236246,42.80906148867314,2.0,1.2362459546925566,2.9644012944983817,1.4919093851132685,1.7249190938511327,1.3203883495145632,100
937282.783171521,2005.7411003236246,42.80906148867314,2.0,1.2362459546925566,2.9644012944983817,1.4919093851132685,1.7249190938511327,1.3203883495145632,74
937282.783171521,2005.7411003236246,42.80906148867314,2.0,1.2362459546925566,2.9644012944983817,1.4919093851132685,1.7249190938511327,1.3203883495145632,268
937282.783171521,2005.7411003236246,42.80906148867314,2.0,1.2362459546925566,2.9644012944983817,1.4919093851132685,1.7249190938511327,1.3203883495145632,103
937282.783171521,2005.7411003236246,42.80906148867314,2.0,1.2362459546925566,2.9644012944983817,1.4919093851132685,1.7249190938511327,1.3203883495145632,94
937282.783171521,2005.7411003236246,42.80906148867314,2.0,1.2362459546925566,2.9644012944983817,1.4919093851132685,1.7249190938511327,1.3203883495145632,102
937282.783171521,2005.7411003236246,42.80906148867314,2.0,1.2362459546925566,2.9644012944983817,1.4919093851132685,1.7249190938511327,1.3203883495145632,83
937282.783171521,2005.7411003236246,42.80906148867314,2.0,1.2362459546925566,2.9644012944983817,1.4919093851132685,1.7249190938511327,1.3203883495145632,133
937282.783171521,2005.7411003236246,42.80906148867314,2.0,1.2362459546925566,2.9644012944983817,1.4919093851132685,1.7249190938511327,1.3203883495145632,131
937282.783171521,2005.7411003236246,42.80906148867314,2.0,1.2362459546925566,2.9644012944983817,1.4919093851132685,1.7249190938511327,1.3203883495145632,100
937282.783171521,2005.7411003236246,42.80906148867314,2.0,1.2362459546925566,2.9644012944983817,1.4919093851132685,1.7249190938511327,1.3203883495145632,127
937282.783171521,2005.7411003236246,42.80906148867314,2.0,1.2362459546925566,2.9644012944983817,1.4919093851132685,1.7249190938511327,1.3203883495145632,129
937282.783171521,2005.7411003236246,42.80906148867314,2.0,1.2362459546925566,2.9644012944983817,1.4919093851132685,1.7249190938511327,1.3203883495145632,110
937282.783171521,2005.7411003236246,42.80906148867314,2.0,1.2362459546925566,2.9644012944983817,1.4919093851132685,1.7249190938511327,1.3203883495145632,95
1083695.3392857143,2005.763392857143,43.10267857142857,1.9375,1.2589285714285714,3.0669642857142856,1.4821428571428572,1.7544642857142858,1.3482142857142858,119
1083695.3392857143,2005.763392857143,43.10267857142857,1.9375,1.2589285714285714,3.0669642857142856,1.4821428571428572,1.7544642857142858,1.3482142857142858,55
1083695.3392857143,2005.763392857143,43.10267857142857,1.9375,1.2589285714285714,3.0669642857142856,1.4821428571428572,1.7544642857142858,1.3482142857142858,115
1083695.3392857143,2005.763392857143,43.10267857142857,1.9375,1.2589285714285714,3.0669642857142856,1.4821428571428572,1.7544642857142858,1.3482142857142858,152
1083695.3392857143,2005.763392857143,43.10267857142857,1.9375,1.2589285714285714,3.0669642857142856,1.4821428571428572,1.7544642857142858,1.3482142857142858,100
1083695.3392857143,2005.763392857143,43.10267857142857,1.9375,1.2589285714285714,3.0669642857142856,1.4821428571428572,1.7544642857142858,1.3482142857142858,155
1083695.3392857143,2005.763392857143,43.10267857142857,1.9375,1.2589285714285714,3.0669642857142856,1.4821428571428572,1.7544642857142858,1.3482142857142858,97
1083695.3392857143,2005.763392857143,43.10267857142857,1.9375,1.2589285714285714,3.0669642857142856,1.4821428571428572,1.7544642857142858,1.3482142857142858,88
1083695.3392857143,2005.763392857143,43.10267857142857,1.9375,1.2589285714285714,3.0669642857142856,1.4821428571428572,1.7544642857142858,1.3482142857142858,83
1083695.3392857143,2005.763392857143,43.10267857142857,1.9375,1.2589285714285714,3.0669642857142856,1.4821428571428572,1.7544642857142858,1.3482142857142858,100
1083695.3392857143,2005.763392857143,43.10267857142857,1.9375,1.2589285714285714,3.0669642857142856,1.4821428571428572,1.7544642857142858,1.3482142857142858,143
1083695.3392857143,2005.763392857143,43.10267857142857,1.9375,1.2589285714285714,3.0669642857142856,1.4821428571428572,1.7544642857142858,1.3482142857142858,65
1083695.3392857143,2005.763392857143,43.10267857142857,1.9375,1.2589285714285714,3.0669642857142856,1.4821428571428572,1.7544642857142858,1.3482142857142858,114
1083695.3392857143,2005.763392857143,43.10267857142857,1.9375,1.2589285714285714,3.0669642857142856,1.4821428571428572,1.7544642857142858,1.3482142857142858,127
1083695.3392857143,2005.763392857143,43.10267857142857,1.9375,1.2589285714285714,3.0669642857142856,1.4821428571428572,1.7544642857142858,1.3482142857142858,90
1083695.3392857143,2005.763392857143,43.10267857142857,1.9375,1.2589285714285714,3.0669642857142856,1.4821428571428572,1.7544642857142858,1.3482142857142858,104
1083695.3392857143,2005.763392857143,43.10267857142857,1.9375,1.2589285714285714,3.0669642857142856,1.4821428571428572,1.7544642857142858,1.3482142857142858,75
1083695.3392857143,2005.763392857143,43.10267857142857,1.9375,1.2589285714285714,3.0669642857142856,1.4821428571428572,1.7544642857142858,1.3482142857142858,95
1083695.3392857143,2005.763392857143,43.10267857142857,1.9375,1.2589285714285714,3.0669642857142856,1.4821428571428572,1.7544642857142858,1.3482142857142858,112
1083695.3392857143,2005.763392857143,43.10267857142857,1.9375,1.2589285714285714,3.0669642857142856,1.4821428571428572,1.7544642857142858,1.3482142857142858,60
1083695.3392857143,2005.763392857143,43.10267857142857,1.9375,1.2589285714285714,3.0669642857142856,1.4821428571428572,1.7544642857142858,1.3482142857142858,96
1083695.3392857143,2005.763392857143,43.10267857142857,1.9375,1.2589285714285714,3.0669642857142856,1.4821428571428572,1.7544642857142858,1.3482142857142858,81
1083695.3392857143,2005.763392857143,43.10267857142857,1.9375,1.2589285714285714,3.0669642857142856,1.4821428571428572,1.7544642857142858,1.3482142857142858,57
1083695.3392857143,2005.763392857143,43.10267857142857,1.9375,1.2589285714285714,3.0669642857142856,1.4821428571428572,1.7544642857142858,1.3482142857142858,80
1083695.3392857143,2005.763392857143,43.10267857142857,1.9375,1.2589285714285714,3.0669642857142856,1.4821428571428572,1.7544642857142858,1.3482142857142858,87
1083695.3392857143,2005.763392857143,43.10267857142857,1.9375,1.2589285714285714,3.0669642857142856,1.4821428571428572,1.7544642857142858,1.3482142857142858,74
1083695.3392857143,2005.763392857143,43.10267857142857,1.9375,1.2589285714285714,3.0669642857142856,1.4821428571428572,1.7544642857142858,1.3482142857142858,102
1083695.3392857143,2005.763392857143,43.10267857142857,1.9375,1.2589285714285714,3.0669642857142856,1.4821428571428572,1.7544642857142858,1.3482142857142858,89
1083695.3392857143,2005.763392857143,43.10267857142857,1.9375,1.2589285714285714,3.0669642857142856,1.4821428571428572,1.7544642857142858,1.3482142857142858,131
1083695.3392857143,2005.763392857143,43.10267857142857,1.9375,1.2589285714285714,3.0669642857142856,1.4821428571428572,1.7544642857142858,1.3482142857142858,148
1083695.3392857143,2005.763392857143,43.10267857142857,1.9375,1.2589285714285714,3.0669642857142856,1.4821428571428572,1.7544642857142858,1.3482142857142858,108
1083695.3392857143,2005.763392857143,43.10267857142857,1.9375,1.2589285714285714,3.0669642857142856,1.4821428571428572,1.7544642857142858,1.3482142857142858,94
1083695.3392857143,2005.763392857143,43.10267857142857,1.9375,1.2589285714285714,3.0669642857142856,1.4821428571428572,1.7544642857142858,1.3482142857142858,117
1083695.3392857143,2005.763392857143,43.10267857142857,1.9375,1.2589285714285714,3.0669642857142856,1.4821428571428572,1.7544642857142858,1.3482142857142858,138
1083695.3392857143,2005.763392857143,43.10267857142857,1.9375,1.2589285714285714,3.0669642857142856,1.4821428571428572,1.7544642857142858,1.3482142857142858,40
1083695.3392857143,2005.763392857143,43.10267857142857,1.9375,1.2589285714285714,3.0669642857142856,1.4821428571428572,1.7544642857142858,1.3482142857142858,105
1083695.3392857143,2005.763392857143,43.10267857142857,1.9375,1.2589285714285714,3.0669642857142856,1.4821428571428572,1.7544642857142858,1.3482142857142858,110
1083695.3392857143,2005.763392857143,43.10267857142857,1.9375,1.2589285714285714,3.0669642857142856,1.4821428571428572,1.7544642857142858,1.3482142857142858,144
1083695.3392857143,2005.763392857143,43.10267857142857,1.9375,1.2589285714285714,3.0669642857142856,1.4821428571428572,1.7544642857142858,1.3482142857142858,189
1083695.3392857143,2005.763392857143,43.10267857142857,1.9375,1.2589285714285714,3.0669642857142856,1.4821428571428572,1.7544642857142858,1.3482142857142858,85
1083695.3392857143,2005.763392857143,43.10267857142857,1.9375,1.2589285714285714,3.0669642857142856,1.4821428571428572,1.7544642857142858,1.3482142857142858,64
1083695.3392857143,2005.763392857143,43.10267857142857,1.9375,1.2589285714285714,3.0669642857142856,1.4821428571428572,1.7544642857142858,1.3482142857142858,74
1083695.3392857143,2005.763392857143,43.10267857142857,1.9375,1.2589285714285714,3.0669642857142856,1.4821428571428572,1.7544642857142858,1.3482142857142858,94
1083695.3392857143,2005.763392857143,43.10267857142857,1.9375,1.2589285714285714,3.0669642857142856,1.4821428571428572,1.7544642857142858,1.3482142857142858,73
1083695.3392857143,2005.763392857143,43.10267857142857,1.9375,1.2589285714285714,3.0669642857142856,1.4821428571428572,1.7544642857142858,1.3482142857142858,93
1083695.3392857143,2005.763392857143,43.10267857142857,1.9375,1.2589285714285714,3.0669642857142856,1.4821428571428572,1.7544642857142858,1.3482142857142858,27
1083695.3392857143,2005.763392857143,43.10267857142857,1.9375,1.2589285714285714,3.0669642857142856,1.4821428571428572,1.7544642857142858,1.3482142857142858,155
1083695.3392857143,2005.763392857143,43.10267857142857,1.9375,1.2589285714285714,3.0669642857142856,1.4821428571428572,1.7544642857142858,1.3482142857142858,114
1083695.3392857143,2005.763392857143,43.10267857142857,1.9375,1.2589285714285714,3.0669642857142856,1.4821428571428572,1.7544642857142858,1.3482142857142858,88
1083695.3392857143,2005.763392857143,43.10267857142857,1.9375,1.2589285714285714,3.0669642857142856,1.4821428571428572,1.7544642857142858,1.3482142857142858,68
1083695.3392857143,2005.763392857143,43.10267857142857,1.9375,1.2589285714285714,3.0669642857142856,1.4821428571428572,1.7544642857142858,1.3482142857142858,109
1083695.3392857143,2005.763392857143,43.10267857142857,1.9375,1.2589285714285714,3.0669642857142856,1.4821428571428572,1.7544642857142858,1.3482142857142858,100
1083695.3392857143,2005.763392857143,43.10267857142857,1.9375,1.2589285714285714,3.0669642857142856,1.4821428571428572,1.7544642857142858,1.3482142857142858,100
1083695.3392857143,2005.763392857143,43.10267857142857,1.9375,1.2589285714285714,3.0669642857142856,1.4821428571428572,1.7544642857142858,1.3482142857142858,118
1083695.3392857143,2005.763392857143,43.10267857142857,1.9375,1.2589285714285714,3.0669642857142856,1.4821428571428572,1.7544642857142858,1.3482142857142858,134
1083695.3392857143,2005.763392857143,43.10267857142857,1.9375,1.2589285714285714,3.0669642857142856,1.4821428571428572,1.7544642857142858,1.3482142857142858,65
1083695.3392857143,2005.763392857143,43.10267857142857,1.9375,1.2589285714285714,3.0669642857142856,1.4821428571428572,1.7544642857142858,1.3482142857142858,102
1083695.3392857143,2005.763392857143,43.10267857142857,1.9375,1.2589285714285714,3.0669642857142856,1.4821428571428572,1.7544642857142858,1.3482142857142858,124
1083695.3392857143,2005.763392857143,43.10267857142857,1.9375,1.2589285714285714,3.0669642857142856,1.4821428571428572,1.7544642857142858,1.3482142857142858,81
1083695.3392857143,2005.763392857143,43.10267857142857,1.9375,1.2589285714285714,3.0669642857142856,1.4821428571428572,1.7544642857142858,1.3482142857142858,101
1083695.3392857143,2005.763392857143,43.10267857142857,1.9375,1.2589285714285714,3.0669642857142856,1.4821428571428572,1.7544642857142858,1.3482142857142858,131
1083695.3392857143,2005.763392857143,43.10267857142857,1.9375,1.2589285714285714,3.0669642857142856,1.4821428571428572,1.7544642857142858,1.3482142857142858,121
1083695.3392857143,2005.763392857143,43.10267857142857,1.9375,1.2589285714285714,3.0669642857142856,1.4821428571428572,1.7544642857142858,1.3482142857142858,112
1083695.3392857143,2005.763392857143,43.10267857142857,1.9375,1.2589285714285714,3.0669642857142856,1.4821428571428572,1.7544642857142858,1.3482142857142858,85
1083695.3392857143,2005.763392857143,43.10267857142857,1.9375,1.2589285714285714,3.0669642857142856,1.4821428571428572,1.7544642857142858,1.3482142857142858,97
1083695.3392857143,2005.763392857143,43.10267857142857,1.9375,1.2589285714285714,3.0669642857142856,1.4821428571428572,1.7544642857142858,1.3482142857142858,83
1083695.3392857143,2005.763392857143,43.10267857142857,1.9375,1.2589285714285714,3.0669642857142856,1.4821428571428572,1.7544642857142858,1.3482142857142858,110
1083695.3392857143,2005.763392857143,43.10267857142857,1.9375,1.2589285714285714,3.0669642857142856,1.4821428571428572,1.7544642857142858,1.3482142857142858,145
1083695.3392857143,2005.763392857143,43.10267857142857,1.9375,1.2589285714285714,3.0669642857142856,1.4821428571428572,1.7544642857142858,1.3482142857142858,277
1083695.3392857143,2005.763392857143,43.10267857142857,1.9375,1.2589285714285714,3.0669642857142856,1.4821428571428572,1.7544642857142858,1.3482142857142858,95
1083695.3392857143,2005.763392857143,43.10267857142857,1.9375,1.2589285714285714,3.0669642857142856,1.4821428571428572,1.7544642857142858,1.3482142857142858,119
1083695.3392857143,2005.763392857143,43.10267857142857,1.9375,1.2589285714285714,3.0669642857142856,1.4821428571428572,1.7544642857142858,1.3482142857142858,108
1083695.3392857143,2005.763392857143,43.10267857142857,1.9375,1.2589285714285714,3.0669642857142856,1.4821428571428572,1.7544642857142858,1.3482142857142858,44
1083695.3392857143,2005.763392857143,43.10267857142857,1.9375,1.2589285714285714,3.0669642857142856,1.4821428571428572,1.7544642857142858,1.3482142857142858,166
1083695.3392857143,2005.763392857143,43.10267857142857,1.9375,1.2589285714285714,3.0669642857142856,1.4821428571428572,1.7544642857142858,1.3482142857142858,150
1083695.3392857143,2005.763392857143,43.10267857142857,1.9375,1.2589285714285714,3.0669642857142856,1.4821428571428572,1.7544642857142858,1.3482142857142858,148
1083695.3392857143,2005.763392857143,43.10267857142857,1.9375,1.2589285714285714,3.0669642857142856,1.4821428571428572,1.7544642857142858,1.3482142857142858,182
1083695.3392857143,2005.763392857143,43.10267857142857,1.9375,1.2589285714285714,3.0669642857142856,1.4821428571428572,1.7544642857142858,1.3482142857142858,56
1083695.3392857143,2005.763392857143,43.10267857142857,1.9375,1.2589285714285714,3.0669642857142856,1.4821428571428572,1.7544642857142858,1.3482142857142858,117
1083695.3392857143,2005.763392857143,43.10267857142857,1.9375,1.2589285714285714,3.0669642857142856,1.4821428571428572,1.7544642857142858,1.3482142857142858,142
1083695.3392857143,2005.763392857143,43.10267857142857,1.9375,1.2589285714285714,3.0669642857142856,1.4821428571428572,1.7544642857142858,1.3482142857142858,103
1083695.3392857143,2005.763392857143,43.10267857142857,1.9375,1.2589285714285714,3.0669642857142856,1.4821428571428572,1.7544642857142858,1.3482142857142858,110
1083695.3392857143,2005.763392857143,43.10267857142857,1.9375,1.2589285714285714,3.0669642857142856,1.4821428571428572,1.7544642857142858,1.3482142857142858,76
1083695.3392857143,2005.763392857143,43.10267857142857,1.9375,1.2589285714285714,3.0669642857142856,1.4821428571428572,1.7544642857142858,1.3482142857142858,133
1083695.3392857143,2005.763392857143,43.10267857142857,1.9375,1.2589285714285714,3.0669642857142856,1.4821428571428572,1.7544642857142858,1.3482142857142858,142
1083695.3392857143,2005.763392857143,43.10267857142857,1.9375,1.2589285714285714,3.0669642857142856,1.4821428571428572,1.7544642857142858,1.3482142857142858,48
1083695.3392857143,2005.763392857143,43.10267857142857,1.9375,1.2589285714285714,3.0669642857142856,1.4821428571428572,1.7544642857142858,1.3482142857142858,158
1083695.3392857143,2005.763392857143,43.10267857142857,1.9375,1.2589285714285714,3.0669642857142856,1.4821428571428572,1.7544642857142858,1.3482142857142858,170
1083695.3392857143,2005.763392857143,43.10267857142857,1.9375,1.2589285714285714,3.0669642857142856,1.4821428571428572,1.7544642857142858,1.3482142857142858,177
1083695.3392857143,2005.763392857143,43.10267857142857,1.9375,1.2589285714285714,3.0669642857142856,1.4821428571428572,1.7544642857142858,1.3482142857142858,69
1083695.3392857143,2005.763392857143,43.10267857142857,1.9375,1.2589285714285714,3.0669642857142856,1.4821428571428572,1.7544642857142858,1.3482142857142858,67
1083695.3392857143,2005.763392857143,43.10267857142857,1.9375,1.2589285714285714,3.0669642857142856,1.4821428571428572,1.7544642857142858,1.3482142857142858,92
1083695.3392857143,2005.763392857143,43.10267857142857,1.9375,1.2589285714285714,3.0669642857142856,1.4821428571428572,1.7544642857142858,1.3482142857142858,88
1083695.3392857143,2005.763392857143,43.10267857142857,1.9375,1.2589285714285714,3.0669642857142856,1.4821428571428572,1.7544642857142858,1.3482142857142858,100
1083695.3392857143,2005.763392857143,43.10267857142857,1.9375,1.2589285714285714,3.0669642857142856,1.4821428571428572,1.7544642857142858,1.3482142857142858,161
1083695.3392857143,2005.763392857143,43.10267857142857,1.9375,1.2589285714285714,3.0669642857142856,1.4821428571428572,1.7544642857142858,1.3482142857142858,105
1083695.3392857143,2005.763392857143,43.10267857142857,1.9375,1.2589285714285714,3.0669642857142856,1.4821428571428572,1.7544642857142858,1.3482142857142858,99
1083695.3392857143,2005.763392857143,43.10267857142857,1.9375,1.2589285714285714,3.0669642857142856,1.4821428571428572,1.7544642857142858,1.3482142857142858,84
1083695.3392857143,2005.763392857143,43.10267857142857,1.9375,1.2589285714285714,3.0669642857142856,1.4821428571428572,1.7544642857142858,1.3482142857142858,70
1083695.3392857143,2005.763392857143,43.10267857142857,1.9375,1.2589285714285714,3.0669642857142856,1.4821428571428572,1.7544642857142858,1.3482142857142858,81
1083695.3392857143,2005.763392857143,43.10267857142857,1.9375,1.2589285714285714,3.0669642857142856,1.4821428571428572,1.7544642857142858,1.3482142857142858,135
1083695.3392857143,2005.763392857143,43.10267857142857,1.9375,1.2589285714285714,3.0669642857142856,1.4821428571428572,1.7544642857142858,1.3482142857142858,140
1083695.3392857143,2005.763392857143,43.10267857142857,1.9375,1.2589285714285714,3.0669642857142856,1.4821428571428572,1.7544642857142858,1.3482142857142858,103
1083695.3392857143,2005.763392857143,43.10267857142857,1.9375,1.2589285714285714,3.0669642857142856,1.4821428571428572,1.7544642857142858,1.3482142857142858,62
1083695.3392857143,2005.763392857143,43.10267857142857,1.9375,1.2589285714285714,3.0669642857142856,1.4821428571428572,1.7544642857142858,1.3482142857142858,119
1083695.3392857143,2005.763392857143,43.10267857142857,1.9375,1.2589285714285714,3.0669642857142856,1.4821428571428572,1.7544642857142858,1.3482142857142858,74
1083695.3392857143,2005.763392857143,43.10267857142857,1.9375,1.2589285714285714,3.0669642857142856,1.4821428571428572,1.7544642857142858,1.3482142857142858,61
1083695.3392857143,2005.763392857143,43.10267857142857,1.9375,1.2589285714285714,3.0669642857142856,1.4821428571428572,1.7544642857142858,1.3482142857142858,145
1083695.3392857143,2005.763392857143,43.10267857142857,1.9375,1.2589285714285714,3.0669642857142856,1.4821428571428572,1.7544642857142858,1.3482142857142858,121
1083695.3392857143,2005.763392857143,43.10267857142857,1.9375,1.2589285714285714,3.0669642857142856,1.4821428571428572,1.7544642857142858,1.3482142857142858,79
1083695.3392857143,2005.763392857143,43.10267857142857,1.9375,1.2589285714285714,3.0669642857142856,1.4821428571428572,1.7544642857142858,1.3482142857142858,147
1083695.3392857143,2005.763392857143,43.10267857142857,1.9375,1.2589285714285714,3.0669642857142856,1.4821428571428572,1.7544642857142858,1.3482142857142858,114
1083695.3392857143,2005.763392857143,43.10267857142857,1.9375,1.2589285714285714,3.0669642857142856,1.4821428571428572,1.7544642857142858,1.3482142857142858,139
1083695.3392857143,2005.763392857143,43.10267857142857,1.9375,1.2589285714285714,3.0669642857142856,1.4821428571428572,1.7544642857142858,1.3482142857142858,110
1083695.3392857143,2005.763392857143,43.10267857142857,1.9375,1.2589285714285714,3.0669642857142856,1.4821428571428572,1.7544642857142858,1.3482142857142858,93
1083695.3392857143,2005.763392857143,43.10267857142857,1.9375,1.2589285714285714,3.0669642857142856,1.4821428571428572,1.7544642857142858,1.3482142857142858,94
1083695.3392857143,2005.763392857143,43.10267857142857,1.9375,1.2589285714285714,3.0669642857142856,1.4821428571428572,1.7544642857142858,1.3482142857142858,122
1083695.3392857143,2005.763392857143,43.10267857142857,1.9375,1.2589285714285714,3.0669642857142856,1.4821428571428572,1.7544642857142858,1.3482142857142858,72
1083695.3392857143,2005.763392857143,43.10267857142857,1.9375,1.2589285714285714,3.0669642857142856,1.4821428571428572,1.7544642857142858,1.3482142857142858,70
1083695.3392857143,2005.763392857143,43.10267857142857,1.9375,1.2589285714285714,3.0669642857142856,1.4821428571428572,1.7544642857142858,1.3482142857142858,127
1083695.3392857143,2005.763392857143,43.10267857142857,1.9375,1.2589285714285714,3.0669642857142856,1.4821428571428572,1.7544642857142858,1.3482142857142858,123
1083695.3392857143,2005.763392857143,43.10267857142857,1.9375,1.2589285714285714,3.0669642857142856,1.4821428571428572,1.7544642857142858,1.3482142857142858,84
1083695.3392857143,2005.763392857143,43.10267857142857,1.9375,1.2589285714285714,3.0669642857142856,1.4821428571428572,1.7544642857142858,1.3482142857142858,126
1083695.3392857143,2005.763392857143,43.10267857142857,1.9375,1.2589285714285714,3.0669642857142856,1.4821428571428572,1.7544642857142858,1.3482142857142858,177
1083695.3392857143,2005.763392857143,43.10267857142857,1.9375,1.2589285714285714,3.0669642857142856,1.4821428571428572,1.7544642857142858,1.3482142857142858,100
1083695.3392857143,2005.763392857143,43.10267857142857,1.9375,1.2589285714285714,3.0669642857142856,1.4821428571428572,1.7544642857142858,1.3482142857142858,142
1083695.3392857143,2005.763392857143,43.10267857142857,1.9375,1.2589285714285714,3.0669642857142856,1.4821428571428572,1.7544642857142858,1.3482142857142858,120
1083695.3392857143,2005.763392857143,43.10267857142857,1.9375,1.2589285714285714,3.0669642857142856,1.4821428571428572,1.7544642857142858,1.3482142857142858,129
1083695.3392857143,2005.763392857143,43.10267857142857,1.9375,1.2589285714285714,3.0669642857142856,1.4821428571428572,1.7544642857142858,1.3482142857142858,72
1083695.3392857143,2005.763392857143,43.10267857142857,1.9375,1.2589285714285714,3.0669642857142856,1.4821428571428572,1.7544642857142858,1.3482142857142858,110
1083695.3392857143,2005.763392857143,43.10267857142857,1.9375,1.2589285714285714,3.0669642857142856,1.4821428571428572,1.7544642857142858,1.3482142857142858,78
1083695.3392857143,2005.763392857143,43.10267857142857,1.9375,1.2589285714285714,3.0669642857142856,1.4821428571428572,1.7544642857142858,1.3482142857142858,88
1083695.3392857143,2005.763392857143,43.10267857142857,1.9375,1.2589285714285714,3.0669642857142856,1.4821428571428572,1.7544642857142858,1.3482142857142858,81
1083695.3392857143,2005.763392857143,43.10267857142857,1.9375,1.2589285714285714,3.0669642857142856,1.4821428571428572,1.7544642857142858,1.3482142857142858,63
1083695.3392857143,2005.763392857143,43.10267857142857,1.9375,1.2589285714285714,3.0669642857142856,1.4821428571428572,1.7544642857142858,1.3482142857142858,105
1083695.3392857143,2005.763392857143,43.10267857142857,1.9375,1.2589285714285714,3.0669642857142856,1.4821428571428572,1.7544642857142858,1.3482142857142858,119
1083695.3392857143,2005.763392857143,43.10267857142857,1.9375,1.2589285714285714,3.0669642857142856,1.4821428571428572,1.7544642857142858,1.3482142857142858,32
1083695.3392857143,2005.763392857143,43.10267857142857,1.9375,1.2589285714285714,3.0669642857142856,1.4821428571428572,1.7544642857142858,1.3482142857142858,135
1083695.3392857143,2005.763392857143,43.10267857142857,1.9375,1.2589285714285714,3.0669642857142856,1.4821428571428572,1.7544642857142858,1.3482142857142858,77
1083695.3392857143,2005.763392857143,43.10267857142857,1.9375,1.2589285714285714,3.0669642857142856,1.4821428571428572,1.7544642857142858,1.3482142857142858,148
1083695.3392857143,2005.763392857143,43.10267857142857,1.9375,1.2589285714285714,3.0669642857142856,1.4821428571428572,1.7544642857142858,1.3482142857142858,268
1083695.3392857143,2005.763392857143,43.10267857142857,1.9375,1.2589285714285714,3.0669642857142856,1.4821428571428572,1.7544642857142858,1.3482142857142858,94
1083695.3392857143,2005.763392857143,43.10267857142857,1.9375,1.2589285714285714,3.0669642857142856,1.4821428571428572,1.7544642857142858,1.3482142857142858,146
1083695.3392857143,2005.763392857143,43.10267857142857,1.9375,1.2589285714285714,3.0669642857142856,1.4821428571428572,1.7544642857142858,1.3482142857142858,161
1083695.3392857143,2005.763392857143,43.10267857142857,1.9375,1.2589285714285714,3.0669642857142856,1.4821428571428572,1.7544642857142858,1.3482142857142858,66
1083695.3392857143,2005.763392857143,43.10267857142857,1.9375,1.2589285714285714,3.0669642857142856,1.4821428571428572,1.7544642857142858,1.3482142857142858,125
1083695.3392857143,2005.763392857143,43.10267857142857,1.9375,1.2589285714285714,3.0669642857142856,1.4821428571428572,1.7544642857142858,1.3482142857142858,272
1083695.3392857143,2005.763392857143,43.10267857142857,1.9375,1.2589285714285714,3.0669642857142856,1.4821428571428572,1.7544642857142858,1.3482142857142858,92
1083695.3392857143,2005.763392857143,43.10267857142857,1.9375,1.2589285714285714,3.0669642857142856,1.4821428571428572,1.7544642857142858,1.3482142857142858,88
1083695.3392857143,2005.763392857143,43.10267857142857,1.9375,1.2589285714285714,3.0669642857142856,1.4821428571428572,1.7544642857142858,1.3482142857142858,107
1083695.3392857143,2005.763392857143,43.10267857142857,1.9375,1.2589285714285714,3.0669642857142856,1.4821428571428572,1.7544642857142858,1.3482142857142858,137
1083695.3392857143,2005.763392857143,43.10267857142857,1.9375,1.2589285714285714,3.0669642857142856,1.4821428571428572,1.7544642857142858,1.3482142857142858,77
1083695.3392857143,2005.763392857143,43.10267857142857,1.9375,1.2589285714285714,3.0669642857142856,1.4821428571428572,1.7544642857142858,1.3482142857142858,47
1083695.3392857143,2005.763392857143,43.10267857142857,1.9375,1.2589285714285714,3.0669642857142856,1.4821428571428572,1.7544642857142858,1.3482142857142858,94
1083695.3392857143,2005.763392857143,43.10267857142857,1.9375,1.2589285714285714,3.0669642857142856,1.4821428571428572,1.7544642857142858,1.3482142857142858,105
1083695.3392857143,2005.763392857143,43.10267857142857,1.9375,1.2589285714285714,3.0669642857142856,1.4821428571428572,1.7544642857142858,1.3482142857142858,100
1083695.3392857143,2005.763392857143,43.10267857142857,1.9375,1.2589285714285714,3.0669642857142856,1.4821428571428572,1.7544642857142858,1.3482142857142858,116
1083695.3392857143,2005.763392857143,43.10267857142857,1.9375,1.2589285714285714,3.0669642857142856,1.4821428571428572,1.7544642857142858,1.3482142857142858,268
1083695.3392857143,2005.763392857143,43.10267857142857,1.9375,1.2589285714285714,3.0669642857142856,1.4821428571428572,1.7544642857142858,1.3482142857142858,35
1083695.3392857143,2005.763392857143,43.10267857142857,1.9375,1.2589285714285714,3.0669642857142856,1.4821428571428572,1.7544642857142858,1.3482142857142858,161
1083695.3392857143,2005.763392857143,43.10267857142857,1.9375,1.2589285714285714,3.0669642857142856,1.4821428571428572,1.7544642857142858,1.3482142857142858,114
1083695.3392857143,2005.763392857143,43.10267857142857,1.9375,1.2589285714285714,3.0669642857142856,1.4821428571428572,1.7544642857142858,1.3482142857142858,172
1083695.3392857143,2005.763392857143,43.10267857142857,1.9375,1.2589285714285714,3.0669642857142856,1.4821428571428572,1.7544642857142858,1.3482142857142858,59
1083695.3392857143,2005.763392857143,43.10267857142857,1.9375,1.2589285714285714,3.0669642857142856,1.4821428571428572,1.7544642857142858,1.3482142857142858,113
1083695.3392857143,2005.763392857143,43.10267857142857,1.9375,1.2589285714285714,3.0669642857142856,1.4821428571428572,1.7544642857142858,1.3482142857142858,148
1083695.3392857143,2005.763392857143,43.10267857142857,1.9375,1.2589285714285714,3.0669642857142856,1.4821428571428572,1.7544642857142858,1.3482142857142858,127
1083695.3392857143,2005.763392857143,43.10267857142857,1.9375,1.2589285714285714,3.0669642857142856,1.4821428571428572,1.7544642857142858,1.3482142857142858,119
1083695.3392857143,2005.763392857143,43.10267857142857,1.9375,1.2589285714285714,3.0669642857142856,1.4821428571428572,1.7544642857142858,1.3482142857142858,110
1083695.3392857143,2005.763392857143,43.10267857142857,1.9375,1.2589285714285714,3.0669642857142856,1.4821428571428572,1.7544642857142858,1.3482142857142858,88
1083695.3392857143,2005.763392857143,43.10267857142857,1.9375,1.2589285714285714,3.0669642857142856,1.4821428571428572,1.7544642857142858,1.3482142857142858,75
1083695.3392857143,2005.763392857143,43.10267857142857,1.9375,1.2589285714285714,3.0669642857142856,1.4821428571428572,1.7544642857142858,1.3482142857142858,129
1083695.3392857143,2005.763392857143,43.10267857142857,1.9375,1.2589285714285714,3.0669642857142856,1.4821428571428572,1.7544642857142858,1.3482142857142858,119
1083695.3392857143,2005.763392857143,43.10267857142857,1.9375,1.2589285714285714,3.0669642857142856,1.4821428571428572,1.7544642857142858,1.3482142857142858,128
1083695.3392857143,2005.763392857143,43.10267857142857,1.9375,1.2589285714285714,3.0669642857142856,1.4821428571428572,1.7544642857142858,1.3482142857142858,135
1083695.3392857143,2005.763392857143,43.10267857142857,1.9375,1.2589285714285714,3.0669642857142856,1.4821428571428572,1.7544642857142858,1.3482142857142858,136
1083695.3392857143,2005.763392857143,43.10267857142857,1.9375,1.2589285714285714,3.0669642857142856,1.4821428571428572,1.7544642857142858,1.3482142857142858,123
1083695.3392857143,2005.763392857143,43.10267857142857,1.9375,1.2589285714285714,3.0669642857142856,1.4821428571428572,1.7544642857142858,1.3482142857142858,81
1083695.3392857143,2005.763392857143,43.10267857142857,1.9375,1.2589285714285714,3.0669642857142856,1.4821428571428572,1.7544642857142858,1.3482142857142858,74
1083695.3392857143,2005.763392857143,43.10267857142857,1.9375,1.2589285714285714,3.0669642857142856,1.4821428571428572,1.7544642857142858,1.3482142857142858,111
1083695.3392857143,2005.763392857143,43.10267857142857,1.9375,1.2589285714285714,3.0669642857142856,1.4821428571428572,1.7544642857142858,1.3482142857142858,177
1083695.3392857143,2005.763392857143,43.10267857142857,1.9375,1.2589285714285714,3.0669642857142856,1.4821428571428572,1.7544642857142858,1.3482142857142858,278
1083695.3392857143,2005.763392857143,43.10267857142857,1.9375,1.2589285714285714,3.0669642857142856,1.4821428571428572,1.7544642857142858,1.3482142857142858,196
1083695.3392857143,2005.763392857143,43.10267857142857,1.9375,1.2589285714285714,3.0669642857142856,1.4821428571428572,1.7544642857142858,1.3482142857142858,78
1083695.3392857143,2005.763392857143,43.10267857142857,1.9375,1.2589285714285714,3.0669642857142856,1.4821428571428572,1.7544642857142858,1.3482142857142858,106
1083695.3392857143,2005.763392857143,43.10267857142857,1.9375,1.2589285714285714,3.0669642857142856,1.4821428571428572,1.7544642857142858,1.3482142857142858,164
1083695.3392857143,2005.763392857143,43.10267857142857,1.9375,1.2589285714285714,3.0669642857142856,1.4821428571428572,1.7544642857142858,1.3482142857142858,75
1083695.3392857143,2005.763392857143,43.10267857142857,1.9375,1.2589285714285714,3.0669642857142856,1.4821428571428572,1.7544642857142858,1.3482142857142858,129
1083695.3392857143,2005.763392857143,43.10267857142857,1.9375,1.2589285714285714,3.0669642857142856,1.4821428571428572,1.7544642857142858,1.3482142857142858,65
1083695.3392857143,2005.763392857143,43.10267857142857,1.9375,1.2589285714285714,3.0669642857142856,1.4821428571428572,1.7544642857142858,1.3482142857142858,282
1083695.3392857143,2005.763392857143,43.10267857142857,1.9375,1.2589285714285714,3.0669642857142856,1.4821428571428572,1.7544642857142858,1.3482142857142858,50
1083695.3392857143,2005.763392857143,43.10267857142857,1.9375,1.2589285714285714,3.0669642857142856,1.4821428571428572,1.7544642857142858,1.3482142857142858,52
1083695.3392857143,2005.763392857143,43.10267857142857,1.9375,1.2589285714285714,3.0669642857142856,1.4821428571428572,1.7544642857142858,1.3482142857142858,81
1083695.3392857143,2005.763392857143,43.10267857142857,1.9375,1.2589285714285714,3.0669642857142856,1.4821428571428572,1.7544642857142858,1.3482142857142858,105
1083695.3392857143,2005.763392857143,43.10267857142857,1.9375,1.2589285714285714,3.0669642857142856,1.4821428571428572,1.7544642857142858,1.3482142857142858,138
1083695.3392857143,2005.763392857143,43.10267857142857,1.9375,1.2589285714285714,3.0669642857142856,1.4821428571428572,1.7544642857142858,1.3482142857142858,114
1083695.3392857143,2005.763392857143,43.10267857142857,1.9375,1.2589285714285714,3.0669642857142856,1.4821428571428572,1.7544642857142858,1.3482142857142858,100
1083695.3392857143,2005.763392857143,43.10267857142857,1.9375,1.2589285714285714,3.0669642857142856,1.4821428571428572,1.7544642857142858,1.3482142857142858,131
1083695.3392857143,2005.763392857143,43.10267857142857,1.9375,1.2589285714285714,3.0669642857142856,1.4821428571428572,1.7544642857142858,1.3482142857142858,90
1083695.3392857143,2005.763392857143,43.10267857142857,1.9375,1.2589285714285714,3.0669642857142856,1.4821428571428572,1.7544642857142858,1.3482142857142858,94
1083695.3392857143,2005.763392857143,43.10267857142857,1.9375,1.2589285714285714,3.0669642857142856,1.4821428571428572,1.7544642857142858,1.3482142857142858,153
1083695.3392857143,2005.763392857143,43.10267857142857,1.9375,1.2589285714285714,3.0669642857142856,1.4821428571428572,1.7544642857142858,1.3482142857142858,97
1083695.3392857143,2005.763392857143,43.10267857142857,1.9375,1.2589285714285714,3.0669642857142856,1.4821428571428572,1.7544642857142858,1.3482142857142858,201
1083695.3392857143,2005.763392857143,43.10267857142857,1.9375,1.2589285714285714,3.0669642857142856,1.4821428571428572,1.7544642857142858,1.3482142857142858,119
1083695.3392857143,2005.763392857143,43.10267857142857,1.9375,1.2589285714285714,3.0669642857142856,1.4821428571428572,1.7544642857142858,1.3482142857142858,89
1083695.3392857143,2005.763392857143,43.10267857142857,1.9375,1.2589285714285714,3.0669642857142856,1.4821428571428572,1.7544642857142858,1.3482142857142858,71
1083695.3392857143,2005.763392857143,43.10267857142857,1.9375,1.2589285714285714,3.0669642857142856,1.4821428571428572,1.7544642857142858,1.3482142857142858,88
1083695.3392857143,2005.763392857143,43.10267857142857,1.9375,1.2589285714285714,3.0669642857142856,1.4821428571428572,1.7544642857142858,1.3482142857142858,119
1083695.3392857143,2005.763392857143,43.10267857142857,1.9375,1.2589285714285714,3.0669642857142856,1.4821428571428572,1.7544642857142858,1.3482142857142858,102
1083695.3392857143,2005.763392857143,43.10267857142857,1.9375,1.2589285714285714,3.0669642857142856,1.4821428571428572,1.7544642857142858,1.3482142857142858,107
1083695.3392857143,2005.763392857143,43.10267857142857,1.9375,1.2589285714285714,3.0669642857142856,1.4821428571428572,1.7544642857142858,1.3482142857142858,115
1083695.3392857143,2005.763392857143,43.10267857142857,1.9375,1.2589285714285714,3.0669642857142856,1.4821428571428572,1.7544642857142858,1.3482142857142858,80
1083695.3392857143,2005.763392857143,43.10267857142857,1.9375,1.2589285714285714,3.0669642857142856,1.4821428571428572,1.7544642857142858,1.3482142857142858,148
1083695.3392857143,2005.763392857143,43.10267857142857,1.9375,1.2589285714285714,3.0669642857142856,1.4821428571428572,1.7544642857142858,1.3482142857142858,55
1083695.3392857143,2005.763392857143,43.10267857142857,1.9375,1.2589285714285714,3.0669642857142856,1.4821428571428572,1.7544642857142858,1.3482142857142858,187
1083695.3392857143,2005.763392857143,43.10267857142857,1.9375,1.2589285714285714,3.0669642857142856,1.4821428571428572,1.7544642857142858,1.3482142857142858,82
1083695.3392857143,2005.763392857143,43.10267857142857,1.9375,1.2589285714285714,3.0669642857142856,1.4821428571428572,1.7544642857142858,1.3482142857142858,127
1083695.3392857143,2005.763392857143,43.10267857142857,1.9375,1.2589285714285714,3.0669642857142856,1.4821428571428572,1.7544642857142858,1.3482142857142858,83
1083695.3392857143,2005.763392857143,43.10267857142857,1.9375,1.2589285714285714,3.0669642857142856,1.4821428571428572,1.7544642857142858,1.3482142857142858,106
1083695.3392857143,2005.763392857143,43.10267857142857,1.9375,1.2589285714285714,3.0669642857142856,1.4821428571428572,1.7544642857142858,1.3482142857142858,192
1083695.3392857143,2005.763392857143,43.10267857142857,1.9375,1.2589285714285714,3.0669642857142856,1.4821428571428572,1.7544642857142858,1.3482142857142858,74
1083695.3392857143,2005.763392857143,43.10267857142857,1.9375,1.2589285714285714,3.0669642857142856,1.4821428571428572,1.7544642857142858,1.3482142857142858,132
1083695.3392857143,2005.763392857143,43.10267857142857,1.9375,1.2589285714285714,3.0669642857142856,1.4821428571428572,1.7544642857142858,1.3482142857142858,123
1083695.3392857143,2005.763392857143,43.10267857142857,1.9375,1.2589285714285714,3.0669642857142856,1.4821428571428572,1.7544642857142858,1.3482142857142858,85
1083695.3392857143,2005.763392857143,43.10267857142857,1.9375,1.2589285714285714,3.0669642857142856,1.4821428571428572,1.7544642857142858,1.3482142857142858,110
