1155882.7115384615,2006.1538461538462,42.03846153846154,2.1346153846153846,1.5,2.8076923076923075,1.4423076923076923,1.6346153846153846,1.3461538461538463,89
1155882.7115384615,2006.1538461538462,42.03846153846154,2.1346153846153846,1.5,2.8076923076923075,1.4423076923076923,1.6346153846153846,1.3461538461538463,119
1155882.7115384615,2006.1538461538462,42.03846153846154,2.1346153846153846,1.5,2.8076923076923075,1.4423076923076923,1.6346153846153846,1.3461538461538463,161
1155882.7115384615,2006.1538461538462,42.03846153846154,2.1346153846153846,1.5,2.8076923076923075,1.4423076923076923,1.6346153846153846,1.3461538461538463,108
1155882.7115384615,2006.1538461538462,42.03846153846154,2.1346153846153846,1.5,2.8076923076923075,1.4423076923076923,1.6346153846153846,1.3461538461538463,90
1155882.7115384615,2006.1538461538462,42.03846153846154,2.1346153846153846,1.5,2.8076923076923075,1.4423076923076923,1.6346153846153846,1.3461538461538463,80
1155882.7115384615,2006.1538461538462,42.03846153846154,2.1346153846153846,1.5,2.8076923076923075,1.4423076923076923,1.6346153846153846,1.3461538461538463,117
1155882.7115384615,2006.1538461538462,42.03846153846154,2.1346153846153846,1.5,2.8076923076923075,1.4423076923076923,1.6346153846153846,1.3461538461538463,94
1155882.7115384615,2006.1538461538462,42.03846153846154,2.1346153846153846,1.5,2.8076923076923075,1.4423076923076923,1.6346153846153846,1.3461538461538463,177
1155882.7115384615,2006.1538461538462,42.03846153846154,2.1346153846153846,1.5,2.8076923076923075,1.4423076923076923,1.6346153846153846,1.3461538461538463,88
1155882.7115384615,2006.1538461538462,42.03846153846154,2.1346153846153846,1.5,2.8076923076923075,1.4423076923076923,1.6346153846153846,1.3461538461538463,112
1155882.7115384615,2006.1538461538462,42.03846153846154,2.1346153846153846,1.5,2.8076923076923075,1.4423076923076923,1.6346153846153846,1.3461538461538463,83
1155882.7115384615,2006.1538461538462,42.03846153846154,2.1346153846153846,1.5,2.8076923076923075,1.4423076923076923,1.6346153846153846,1.3461538461538463,148
1155882.7115384615,2006.1538461538462,42.03846153846154,2.1346153846153846,1.5,2.8076923076923075,1.4423076923076923,1.6346153846153846,1.3461538461538463,95
1155882.7115384615,2006.1538461538462,42.03846153846154,2.1346153846153846,1.5,2.8076923076923075,1.4423076923076923,1.6346153846153846,1.3461538461538463,114
1155882.7115384615,2006.1538461538462,42.03846153846154,2.1346153846153846,1.5,2.8076923076923075,1.4423076923076923,1.6346153846153846,1.3461538461538463,74
1155882.7115384615,2006.1538461538462,42.03846153846154,2.1346153846153846,1.5,2.8076923076923075,1.4423076923076923,1.6346153846153846,1.3461538461538463,93
1155882.7115384615,2006.1538461538462,42.03846153846154,2.1346153846153846,1.5,2.8076923076923075,1.4423076923076923,1.6346153846153846,1.3461538461538463,119
1155882.7115384615,2006.1538461538462,42.03846153846154,2.1346153846153846,1.5,2.8076923076923075,1.4423076923076923,1.6346153846153846,1.3461538461538463,102
1155882.7115384615,2006.1538461538462,42.03846153846154,2.1346153846153846,1.5,2.8076923076923075,1.4423076923076923,1.6346153846153846,1.3461538461538463,85
1155882.7115384615,2006.1538461538462,42.03846153846154,2.1346153846153846,1.5,2.8076923076923075,1.4423076923076923,1.6346153846153846,1.3461538461538463,74
1155882.7115384615,2006.1538461538462,42.03846153846154,2.1346153846153846,1.5,2.8076923076923075,1.4423076923076923,1.6346153846153846,1.3461538461538463,114
1155882.7115384615,2006.1538461538462,42.03846153846154,2.1346153846153846,1.5,2.8076923076923075,1.4423076923076923,1.6346153846153846,1.3461538461538463,75
1155882.7115384615,2006.1538461538462,42.03846153846154,2.1346153846153846,1.5,2.8076923076923075,1.4423076923076923,1.6346153846153846,1.3461538461538463,70
1155882.7115384615,2006.1538461538462,42.03846153846154,2.1346153846153846,1.5,2.8076923076923075,1.4423076923076923,1.6346153846153846,1.3461538461538463,123
1155882.7115384615,2006.1538461538462,42.03846153846154,2.1346153846153846,1.5,2.8076923076923075,1.4423076923076923,1.6346153846153846,1.3461538461538463,148
1155882.7115384615,2006.1538461538462,42.03846153846154,2.1346153846153846,1.5,2.8076923076923075,1.4423076923076923,1.6346153846153846,1.3461538461538463,100
1155882.7115384615,2006.1538461538462,42.03846153846154,2.1346153846153846,1.5,2.8076923076923075,1.4423076923076923,1.6346153846153846,1.3461538461538463,105
1155882.7115384615,2006.1538461538462,42.03846153846154,2.1346153846153846,1.5,2.8076923076923075,1.4423076923076923,1.6346153846153846,1.3461538461538463,92
1155882.7115384615,2006.1538461538462,42.03846153846154,2.1346153846153846,1.5,2.8076923076923075,1.4423076923076923,1.6346153846153846,1.3461538461538463,135
1155882.7115384615,2006.1538461538462,42.03846153846154,2.1346153846153846,1.5,2.8076923076923075,1.4423076923076923,1.6346153846153846,1.3461538461538463,97
1155882.7115384615,2006.1538461538462,42.03846153846154,2.1346153846153846,1.5,2.8076923076923075,1.4423076923076923,1.6346153846153846,1.3461538461538463,142
1155882.7115384615,2006.1538461538462,42.03846153846154,2.1346153846153846,1.5,2.8076923076923075,1.4423076923076923,1.6346153846153846,1.3461538461538463,127
1155882.7115384615,2006.1538461538462,42.03846153846154,2.1346153846153846,1.5,2.8076923076923075,1.4423076923076923,1.6346153846153846,1.3461538461538463,81
1155882.7115384615,2006.1538461538462,42.03846153846154,2.1346153846153846,1.5,2.8076923076923075,1.4423076923076923,1.6346153846153846,1.3461538461538463,105
1155882.7115384615,2006.1538461538462,42.03846153846154,2.1346153846153846,1.5,2.8076923076923075,1.4423076923076923,1.6346153846153846,1.3461538461538463,100
1155882.7115384615,2006.1538461538462,42.03846153846154,2.1346153846153846,1.5,2.8076923076923075,1.4423076923076923,1.6346153846153846,1.3461538461538463,110
1155882.7115384615,2006.1538461538462,42.03846153846154,2.1346153846153846,1.5,2.8076923076923075,1.4423076923076923,1.6346153846153846,1.3461538461538463,100
1155882.7115384615,2006.1538461538462,42.03846153846154,2.1346153846153846,1.5,2.8076923076923075,1.4423076923076923,1.6346153846153846,1.3461538461538463,77
1155882.7115384615,2006.1538461538462,42.03846153846154,2.1346153846153846,1.5,2.8076923076923075,1.4423076923076923,1.6346153846153846,1.3461538461538463,119
1155882.7115384615,2006.1538461538462,42.03846153846154,2.1346153846153846,1.5,2.8076923076923075,1.4423076923076923,1.6346153846153846,1.3461538461538463,110
1155882.7115384615,2006.1538461538462,42.03846153846154,2.1346153846153846,1.5,2.8076923076923075,1.4423076923076923,1.6346153846153846,1.3461538461538463,65
1155882.7115384615,2006.1538461538462,42.03846153846154,2.1346153846153846,1.5,2.8076923076923075,1.4423076923076923,1.6346153846153846,1.3461538461538463,81
1155882.7115384615,2006.1538461538462,42.03846153846154,2.1346153846153846,1.5,2.8076923076923075,1.4423076923076923,1.6346153846153846,1.3461538461538463,88
1155882.7115384615,2006.1538461538462,42.03846153846154,2.1346153846153846,1.5,2.8076923076923075,1.4423076923076923,1.6346153846153846,1.3461538461538463,127
1155882.7115384615,2006.1538461538462,42.03846153846154,2.1346153846153846,1.5,2.8076923076923075,1.4423076923076923,1.6346153846153846,1.3461538461538463,131
1155882.7115384615,2006.1538461538462,42.03846153846154,2.1346153846153846,1.5,2.8076923076923075,1.4423076923076923,1.6346153846153846,1.3461538461538463,119
1155882.7115384615,2006.1538461538462,42.03846153846154,2.1346153846153846,1.5,2.8076923076923075,1.4423076923076923,1.6346153846153846,1.3461538461538463,129
1155882.7115384615,2006.1538461538462,42.03846153846154,2.1346153846153846,1.5,2.8076923076923075,1.4423076923076923,1.6346153846153846,1.3461538461538463,81
1155882.7115384615,2006.1538461538462,42.03846153846154,2.1346153846153846,1.5,2.8076923076923075,1.4423076923076923,1.6346153846153846,1.3461538461538463,110
1155882.7115384615,2006.1538461538462,42.03846153846154,2.1346153846153846,1.5,2.8076923076923075,1.4423076923076923,1.6346153846153846,1.3461538461538463,88
1155882.7115384615,2006.1538461538462,42.03846153846154,2.1346153846153846,1.5,2.8076923076923075,1.4423076923076923,1.6346153846153846,1.3461538461538463,94
996448.0943396227,2005.6415094339623,43.39622641509434,1.9811320754716981,1.169811320754717,2.9245283018867925,1.528301886792453,1.7358490566037736,1.3584905660377358,119
996448.0943396227,2005.6415094339623,43.39622641509434,1.9811320754716981,1.169811320754717,2.9245283018867925,1.528301886792453,1.7358490566037736,1.3584905660377358,77
996448.0943396227,2005.6415094339623,43.39622641509434,1.9811320754716981,1.169811320754717,2.9245283018867925,1.528301886792453,1.7358490566037736,1.3584905660377358,100
996448.0943396227,2005.6415094339623,43.39622641509434,1.9811320754716981,1.169811320754717,2.9245283018867925,1.528301886792453,1.7358490566037736,1.3584905660377358,138
996448.0943396227,2005.6415094339623,43.39622641509434,1.9811320754716981,1.169811320754717,2.9245283018867925,1.528301886792453,1.7358490566037736,1.3584905660377358,131
996448.0943396227,2005.6415094339623,43.39622641509434,1.9811320754716981,1.169811320754717,2.9245283018867925,1.528301886792453,1.7358490566037736,1.3584905660377358,105
996448.0943396227,2005.6415094339623,43.39622641509434,1.9811320754716981,1.169811320754717,2.9245283018867925,1.528301886792453,1.7358490566037736,1.3584905660377358,129
996448.0943396227,2005.6415094339623,43.39622641509434,1.9811320754716981,1.169811320754717,2.9245283018867925,1.528301886792453,1.7358490566037736,1.3584905660377358,119
996448.0943396227,2005.6415094339623,43.39622641509434,1.9811320754716981,1.169811320754717,2.9245283018867925,1.528301886792453,1.7358490566037736,1.3584905660377358,105
996448.0943396227,2005.6415094339623,43.39622641509434,1.9811320754716981,1.169811320754717,2.9245283018867925,1.528301886792453,1.7358490566037736,1.3584905660377358,94
996448.0943396227,2005.6415094339623,43.39622641509434,1.9811320754716981,1.169811320754717,2.9245283018867925,1.528301886792453,1.7358490566037736,1.3584905660377358,127
996448.0943396227,2005.6415094339623,43.39622641509434,1.9811320754716981,1.169811320754717,2.9245283018867925,1.528301886792453,1.7358490566037736,1.3584905660377358,88
996448.0943396227,2005.6415094339623,43.39622641509434,1.9811320754716981,1.169811320754717,2.9245283018867925,1.528301886792453,1.7358490566037736,1.3584905660377358,100
996448.0943396227,2005.6415094339623,43.39622641509434,1.9811320754716981,1.169811320754717,2.9245283018867925,1.528301886792453,1.7358490566037736,1.3584905660377358,90
996448.0943396227,2005.6415094339623,43.39622641509434,1.9811320754716981,1.169811320754717,2.9245283018867925,1.528301886792453,1.7358490566037736,1.3584905660377358,80
996448.0943396227,2005.6415094339623,43.39622641509434,1.9811320754716981,1.169811320754717,2.9245283018867925,1.528301886792453,1.7358490566037736,1.3584905660377358,161
996448.0943396227,2005.6415094339623,43.39622641509434,1.9811320754716981,1.169811320754717,2.9245283018867925,1.528301886792453,1.7358490566037736,1.3584905660377358,94
996448.0943396227,2005.6415094339623,43.39622641509434,1.9811320754716981,1.169811320754717,2.9245283018867925,1.528301886792453,1.7358490566037736,1.3584905660377358,108
996448.0943396227,2005.6415094339623,43.39622641509434,1.9811320754716981,1.169811320754717,2.9245283018867925,1.528301886792453,1.7358490566037736,1.3584905660377358,127
996448.0943396227,2005.6415094339623,43.39622641509434,1.9811320754716981,1.169811320754717,2.9245283018867925,1.528301886792453,1.7358490566037736,1.3584905660377358,89
996448.0943396227,2005.6415094339623,43.39622641509434,1.9811320754716981,1.169811320754717,2.9245283018867925,1.528301886792453,1.7358490566037736,1.3584905660377358,117
996448.0943396227,2005.6415094339623,43.39622641509434,1.9811320754716981,1.169811320754717,2.9245283018867925,1.528301886792453,1.7358490566037736,1.3584905660377358,177
996448.0943396227,2005.6415094339623,43.39622641509434,1.9811320754716981,1.169811320754717,2.9245283018867925,1.528301886792453,1.7358490566037736,1.3584905660377358,88
996448.0943396227,2005.6415094339623,43.39622641509434,1.9811320754716981,1.169811320754717,2.9245283018867925,1.528301886792453,1.7358490566037736,1.3584905660377358,119
996448.0943396227,2005.6415094339623,43.39622641509434,1.9811320754716981,1.169811320754717,2.9245283018867925,1.528301886792453,1.7358490566037736,1.3584905660377358,112
996448.0943396227,2005.6415094339623,43.39622641509434,1.9811320754716981,1.169811320754717,2.9245283018867925,1.528301886792453,1.7358490566037736,1.3584905660377358,93
996448.0943396227,2005.6415094339623,43.39622641509434,1.9811320754716981,1.169811320754717,2.9245283018867925,1.528301886792453,1.7358490566037736,1.3584905660377358,148
996448.0943396227,2005.6415094339623,43.39622641509434,1.9811320754716981,1.169811320754717,2.9245283018867925,1.528301886792453,1.7358490566037736,1.3584905660377358,81
996448.0943396227,2005.6415094339623,43.39622641509434,1.9811320754716981,1.169811320754717,2.9245283018867925,1.528301886792453,1.7358490566037736,1.3584905660377358,74
996448.0943396227,2005.6415094339623,43.39622641509434,1.9811320754716981,1.169811320754717,2.9245283018867925,1.528301886792453,1.7358490566037736,1.3584905660377358,88
996448.0943396227,2005.6415094339623,43.39622641509434,1.9811320754716981,1.169811320754717,2.9245283018867925,1.528301886792453,1.7358490566037736,1.3584905660377358,135
996448.0943396227,2005.6415094339623,43.39622641509434,1.9811320754716981,1.169811320754717,2.9245283018867925,1.528301886792453,1.7358490566037736,1.3584905660377358,102
996448.0943396227,2005.6415094339623,43.39622641509434,1.9811320754716981,1.169811320754717,2.9245283018867925,1.528301886792453,1.7358490566037736,1.3584905660377358,83
996448.0943396227,2005.6415094339623,43.39622641509434,1.9811320754716981,1.169811320754717,2.9245283018867925,1.528301886792453,1.7358490566037736,1.3584905660377358,119
996448.0943396227,2005.6415094339623,43.39622641509434,1.9811320754716981,1.169811320754717,2.9245283018867925,1.528301886792453,1.7358490566037736,1.3584905660377358,95
996448.0943396227,2005.6415094339623,43.39622641509434,1.9811320754716981,1.169811320754717,2.9245283018867925,1.528301886792453,1.7358490566037736,1.3584905660377358,110
996448.0943396227,2005.6415094339623,43.39622641509434,1.9811320754716981,1.169811320754717,2.9245283018867925,1.528301886792453,1.7358490566037736,1.3584905660377358,85
996448.0943396227,2005.6415094339623,43.39622641509434,1.9811320754716981,1.169811320754717,2.9245283018867925,1.528301886792453,1.7358490566037736,1.3584905660377358,114
996448.0943396227,2005.6415094339623,43.39622641509434,1.9811320754716981,1.169811320754717,2.9245283018867925,1.528301886792453,1.7358490566037736,1.3584905660377358,148
996448.0943396227,2005.6415094339623,43.39622641509434,1.9811320754716981,1.169811320754717,2.9245283018867925,1.528301886792453,1.7358490566037736,1.3584905660377358,123
996448.0943396227,2005.6415094339623,43.39622641509434,1.9811320754716981,1.169811320754717,2.9245283018867925,1.528301886792453,1.7358490566037736,1.3584905660377358,74
996448.0943396227,2005.6415094339623,43.39622641509434,1.9811320754716981,1.169811320754717,2.9245283018867925,1.528301886792453,1.7358490566037736,1.3584905660377358,75
996448.0943396227,2005.6415094339623,43.39622641509434,1.9811320754716981,1.169811320754717,2.9245283018867925,1.528301886792453,1.7358490566037736,1.3584905660377358,70
996448.0943396227,2005.6415094339623,43.39622641509434,1.9811320754716981,1.169811320754717,2.9245283018867925,1.528301886792453,1.7358490566037736,1.3584905660377358,114
996448.0943396227,2005.6415094339623,43.39622641509434,1.9811320754716981,1.169811320754717,2.9245283018867925,1.528301886792453,1.7358490566037736,1.3584905660377358,92
996448.0943396227,2005.6415094339623,43.39622641509434,1.9811320754716981,1.169811320754717,2.9245283018867925,1.528301886792453,1.7358490566037736,1.3584905660377358,110
996448.0943396227,2005.6415094339623,43.39622641509434,1.9811320754716981,1.169811320754717,2.9245283018867925,1.528301886792453,1.7358490566037736,1.3584905660377358,81
996448.0943396227,2005.6415094339623,43.39622641509434,1.9811320754716981,1.169811320754717,2.9245283018867925,1.528301886792453,1.7358490566037736,1.3584905660377358,110
996448.0943396227,2005.6415094339623,43.39622641509434,1.9811320754716981,1.169811320754717,2.9245283018867925,1.528301886792453,1.7358490566037736,1.3584905660377358,142
996448.0943396227,2005.6415094339623,43.39622641509434,1.9811320754716981,1.169811320754717,2.9245283018867925,1.528301886792453,1.7358490566037736,1.3584905660377358,97
996448.0943396227,2005.6415094339623,43.39622641509434,1.9811320754716981,1.169811320754717,2.9245283018867925,1.528301886792453,1.7358490566037736,1.3584905660377358,100
996448.0943396227,2005.6415094339623,43.39622641509434,1.9811320754716981,1.169811320754717,2.9245283018867925,1.528301886792453,1.7358490566037736,1.3584905660377358,65
996448.0943396227,2005.6415094339623,43.39622641509434,1.9811320754716981,1.169811320754717,2.9245283018867925,1.528301886792453,1.7358490566037736,1.3584905660377358,81
1116219.3917525774,2005.8247422680413,40.91752577319588,1.907216494845361,1.288659793814433,3.0,1.422680412371134,1.7628865979381443,1.2474226804123711,148
1116219.3917525774,2005.8247422680413,40.91752577319588,1.907216494845361,1.288659793814433,3.0,1.422680412371134,1.7628865979381443,1.2474226804123711,81
1116219.3917525774,2005.8247422680413,40.91752577319588,1.907216494845361,1.288659793814433,3.0,1.422680412371134,1.7628865979381443,1.2474226804123711,69
1116219.3917525774,2005.8247422680413,40.91752577319588,1.907216494845361,1.288659793814433,3.0,1.422680412371134,1.7628865979381443,1.2474226804123711,127
1116219.3917525774,2005.8247422680413,40.91752577319588,1.907216494845361,1.288659793814433,3.0,1.422680412371134,1.7628865979381443,1.2474226804123711,88
1116219.3917525774,2005.8247422680413,40.91752577319588,1.907216494845361,1.288659793814433,3.0,1.422680412371134,1.7628865979381443,1.2474226804123711,129
1116219.3917525774,2005.8247422680413,40.91752577319588,1.907216494845361,1.288659793814433,3.0,1.422680412371134,1.7628865979381443,1.2474226804123711,103
1116219.3917525774,2005.8247422680413,40.91752577319588,1.907216494845361,1.288659793814433,3.0,1.422680412371134,1.7628865979381443,1.2474226804123711,65
1116219.3917525774,2005.8247422680413,40.91752577319588,1.907216494845361,1.288659793814433,3.0,1.422680412371134,1.7628865979381443,1.2474226804123711,121
1116219.3917525774,2005.8247422680413,40.91752577319588,1.907216494845361,1.288659793814433,3.0,1.422680412371134,1.7628865979381443,1.2474226804123711,100
1116219.3917525774,2005.8247422680413,40.91752577319588,1.907216494845361,1.288659793814433,3.0,1.422680412371134,1.7628865979381443,1.2474226804123711,110
1116219.3917525774,2005.8247422680413,40.91752577319588,1.907216494845361,1.288659793814433,3.0,1.422680412371134,1.7628865979381443,1.2474226804123711,66
1116219.3917525774,2005.8247422680413,40.91752577319588,1.907216494845361,1.288659793814433,3.0,1.422680412371134,1.7628865979381443,1.2474226804123711,135
1116219.3917525774,2005.8247422680413,40.91752577319588,1.907216494845361,1.288659793814433,3.0,1.422680412371134,1.7628865979381443,1.2474226804123711,155
1116219.3917525774,2005.8247422680413,40.91752577319588,1.907216494845361,1.288659793814433,3.0,1.422680412371134,1.7628865979381443,1.2474226804123711,110
1116219.3917525774,2005.8247422680413,40.91752577319588,1.907216494845361,1.288659793814433,3.0,1.422680412371134,1.7628865979381443,1.2474226804123711,145
1116219.3917525774,2005.8247422680413,40.91752577319588,1.907216494845361,1.288659793814433,3.0,1.422680412371134,1.7628865979381443,1.2474226804123711,100
1116219.3917525774,2005.8247422680413,40.91752577319588,1.907216494845361,1.288659793814433,3.0,1.422680412371134,1.7628865979381443,1.2474226804123711,80
1116219.3917525774,2005.8247422680413,40.91752577319588,1.907216494845361,1.288659793814433,3.0,1.422680412371134,1.7628865979381443,1.2474226804123711,117
1116219.3917525774,2005.8247422680413,40.91752577319588,1.907216494845361,1.288659793814433,3.0,1.422680412371134,1.7628865979381443,1.2474226804123711,148
1116219.3917525774,2005.8247422680413,40.91752577319588,1.907216494845361,1.288659793814433,3.0,1.422680412371134,1.7628865979381443,1.2474226804123711,90
1116219.3917525774,2005.8247422680413,40.91752577319588,1.907216494845361,1.288659793814433,3.0,1.422680412371134,1.7628865979381443,1.2474226804123711,89
1116219.3917525774,2005.8247422680413,40.91752577319588,1.907216494845361,1.288659793814433,3.0,1.422680412371134,1.7628865979381443,1.2474226804123711,72
1116219.3917525774,2005.8247422680413,40.91752577319588,1.907216494845361,1.288659793814433,3.0,1.422680412371134,1.7628865979381443,1.2474226804123711,108
1116219.3917525774,2005.8247422680413,40.91752577319588,1.907216494845361,1.288659793814433,3.0,1.422680412371134,1.7628865979381443,1.2474226804123711,111
1116219.3917525774,2005.8247422680413,40.91752577319588,1.907216494845361,1.288659793814433,3.0,1.422680412371134,1.7628865979381443,1.2474226804123711,116
1116219.3917525774,2005.8247422680413,40.91752577319588,1.907216494845361,1.288659793814433,3.0,1.422680412371134,1.7628865979381443,1.2474226804123711,164
1116219.3917525774,2005.8247422680413,40.91752577319588,1.907216494845361,1.288659793814433,3.0,1.422680412371134,1.7628865979381443,1.2474226804123711,278
1116219.3917525774,2005.8247422680413,40.91752577319588,1.907216494845361,1.288659793814433,3.0,1.422680412371134,1.7628865979381443,1.2474226804123711,177
1116219.3917525774,2005.8247422680413,40.91752577319588,1.907216494845361,1.288659793814433,3.0,1.422680412371134,1.7628865979381443,1.2474226804123711,126
1116219.3917525774,2005.8247422680413,40.91752577319588,1.907216494845361,1.288659793814433,3.0,1.422680412371134,1.7628865979381443,1.2474226804123711,81
1116219.3917525774,2005.8247422680413,40.91752577319588,1.907216494845361,1.288659793814433,3.0,1.422680412371134,1.7628865979381443,1.2474226804123711,88
1116219.3917525774,2005.8247422680413,40.91752577319588,1.907216494845361,1.288659793814433,3.0,1.422680412371134,1.7628865979381443,1.2474226804123711,65
1116219.3917525774,2005.8247422680413,40.91752577319588,1.907216494845361,1.288659793814433,3.0,1.422680412371134,1.7628865979381443,1.2474226804123711,161
1116219.3917525774,2005.8247422680413,40.91752577319588,1.907216494845361,1.288659793814433,3.0,1.422680412371134,1.7628865979381443,1.2474226804123711,84
1116219.3917525774,2005.8247422680413,40.91752577319588,1.907216494845361,1.288659793814433,3.0,1.422680412371134,1.7628865979381443,1.2474226804123711,71
1116219.3917525774,2005.8247422680413,40.91752577319588,1.907216494845361,1.288659793814433,3.0,1.422680412371134,1.7628865979381443,1.2474226804123711,81
1116219.3917525774,2005.8247422680413,40.91752577319588,1.907216494845361,1.288659793814433,3.0,1.422680412371134,1.7628865979381443,1.2474226804123711,83
1116219.3917525774,2005.8247422680413,40.91752577319588,1.907216494845361,1.288659793814433,3.0,1.422680412371134,1.7628865979381443,1.2474226804123711,85
1116219.3917525774,2005.8247422680413,40.91752577319588,1.907216494845361,1.288659793814433,3.0,1.422680412371134,1.7628865979381443,1.2474226804123711,93
1116219.3917525774,2005.8247422680413,40.91752577319588,1.907216494845361,1.288659793814433,3.0,1.422680412371134,1.7628865979381443,1.2474226804123711,112
1116219.3917525774,2005.8247422680413,40.91752577319588,1.907216494845361,1.288659793814433,3.0,1.422680412371134,1.7628865979381443,1.2474226804123711,95
1116219.3917525774,2005.8247422680413,40.91752577319588,1.907216494845361,1.288659793814433,3.0,1.422680412371134,1.7628865979381443,1.2474226804123711,100
1116219.3917525774,2005.8247422680413,40.91752577319588,1.907216494845361,1.288659793814433,3.0,1.422680412371134,1.7628865979381443,1.2474226804123711,119
1116219.3917525774,2005.8247422680413,40.91752577319588,1.907216494845361,1.288659793814433,3.0,1.422680412371134,1.7628865979381443,1.2474226804123711,110
1116219.3917525774,2005.8247422680413,40.91752577319588,1.907216494845361,1.288659793814433,3.0,1.422680412371134,1.7628865979381443,1.2474226804123711,131
1116219.3917525774,2005.8247422680413,40.91752577319588,1.907216494845361,1.288659793814433,3.0,1.422680412371134,1.7628865979381443,1.2474226804123711,132
1116219.3917525774,2005.8247422680413,40.91752577319588,1.907216494845361,1.288659793814433,3.0,1.422680412371134,1.7628865979381443,1.2474226804123711,50
1116219.3917525774,2005.8247422680413,40.91752577319588,1.907216494845361,1.288659793814433,3.0,1.422680412371134,1.7628865979381443,1.2474226804123711,88
1116219.3917525774,2005.8247422680413,40.91752577319588,1.907216494845361,1.288659793814433,3.0,1.422680412371134,1.7628865979381443,1.2474226804123711,102
1116219.3917525774,2005.8247422680413,40.91752577319588,1.907216494845361,1.288659793814433,3.0,1.422680412371134,1.7628865979381443,1.2474226804123711,59
1116219.3917525774,2005.8247422680413,40.91752577319588,1.907216494845361,1.288659793814433,3.0,1.422680412371134,1.7628865979381443,1.2474226804123711,131
1116219.3917525774,2005.8247422680413,40.91752577319588,1.907216494845361,1.288659793814433,3.0,1.422680412371134,1.7628865979381443,1.2474226804123711,114
1116219.3917525774,2005.8247422680413,40.91752577319588,1.907216494845361,1.288659793814433,3.0,1.422680412371134,1.7628865979381443,1.2474226804123711,94
1116219.3917525774,2005.8247422680413,40.91752577319588,1.907216494845361,1.288659793814433,3.0,1.422680412371134,1.7628865979381443,1.2474226804123711,104
1116219.3917525774,2005.8247422680413,40.91752577319588,1.907216494845361,1.288659793814433,3.0,1.422680412371134,1.7628865979381443,1.2474226804123711,119
1116219.3917525774,2005.8247422680413,40.91752577319588,1.907216494845361,1.288659793814433,3.0,1.422680412371134,1.7628865979381443,1.2474226804123711,123
1116219.3917525774,2005.8247422680413,40.91752577319588,1.907216494845361,1.288659793814433,3.0,1.422680412371134,1.7628865979381443,1.2474226804123711,74
1116219.3917525774,2005.8247422680413,40.91752577319588,1.907216494845361,1.288659793814433,3.0,1.422680412371134,1.7628865979381443,1.2474226804123711,100
1116219.3917525774,2005.8247422680413,40.91752577319588,1.907216494845361,1.288659793814433,3.0,1.422680412371134,1.7628865979381443,1.2474226804123711,75
1116219.3917525774,2005.8247422680413,40.91752577319588,1.907216494845361,1.288659793814433,3.0,1.422680412371134,1.7628865979381443,1.2474226804123711,87
1116219.3917525774,2005.8247422680413,40.91752577319588,1.907216494845361,1.288659793814433,3.0,1.422680412371134,1.7628865979381443,1.2474226804123711,144
1116219.3917525774,2005.8247422680413,40.91752577319588,1.907216494845361,1.288659793814433,3.0,1.422680412371134,1.7628865979381443,1.2474226804123711,268
1116219.3917525774,2005.8247422680413,40.91752577319588,1.907216494845361,1.288659793814433,3.0,1.422680412371134,1.7628865979381443,1.2474226804123711,106
1116219.3917525774,2005.8247422680413,40.91752577319588,1.907216494845361,1.288659793814433,3.0,1.422680412371134,1.7628865979381443,1.2474226804123711,201
1116219.3917525774,2005.8247422680413,40.91752577319588,1.907216494845361,1.288659793814433,3.0,1.422680412371134,1.7628865979381443,1.2474226804123711,70
1116219.3917525774,2005.8247422680413,40.91752577319588,1.907216494845361,1.288659793814433,3.0,1.422680412371134,1.7628865979381443,1.2474226804123711,92
1116219.3917525774,2005.8247422680413,40.91752577319588,1.907216494845361,1.288659793814433,3.0,1.422680412371134,1.7628865979381443,1.2474226804123711,88
1116219.3917525774,2005.8247422680413,40.91752577319588,1.907216494845361,1.288659793814433,3.0,1.422680412371134,1.7628865979381443,1.2474226804123711,78
1116219.3917525774,2005.8247422680413,40.91752577319588,1.907216494845361,1.288659793814433,3.0,1.422680412371134,1.7628865979381443,1.2474226804123711,55
1116219.3917525774,2005.8247422680413,40.91752577319588,1.907216494845361,1.288659793814433,3.0,1.422680412371134,1.7628865979381443,1.2474226804123711,74
1116219.3917525774,2005.8247422680413,40.91752577319588,1.907216494845361,1.288659793814433,3.0,1.422680412371134,1.7628865979381443,1.2474226804123711,105
1116219.3917525774,2005.8247422680413,40.91752577319588,1.907216494845361,1.288659793814433,3.0,1.422680412371134,1.7628865979381443,1.2474226804123711,97
1116219.3917525774,2005.8247422680413,40.91752577319588,1.907216494845361,1.288659793814433,3.0,1.422680412371134,1.7628865979381443,1.2474226804123711,107
1116219.3917525774,2005.8247422680413,40.91752577319588,1.907216494845361,1.288659793814433,3.0,1.422680412371134,1.7628865979381443,1.2474226804123711,142
1116219.3917525774,2005.8247422680413,40.91752577319588,1.907216494845361,1.288659793814433,3.0,1.422680412371134,1.7628865979381443,1.2474226804123711,166
1116219.3917525774,2005.8247422680413,40.91752577319588,1.907216494845361,1.288659793814433,3.0,1.422680412371134,1.7628865979381443,1.2474226804123711,94
1116219.3917525774,2005.8247422680413,40.91752577319588,1.907216494845361,1.288659793814433,3.0,1.422680412371134,1.7628865979381443,1.2474226804123711,96
1116219.3917525774,2005.8247422680413,40.91752577319588,1.907216494845361,1.288659793814433,3.0,1.422680412371134,1.7628865979381443,1.2474226804123711,119
1116219.3917525774,2005.8247422680413,40.91752577319588,1.907216494845361,1.288659793814433,3.0,1.422680412371134,1.7628865979381443,1.2474226804123711,114
1116219.3917525774,2005.8247422680413,40.91752577319588,1.907216494845361,1.288659793814433,3.0,1.422680412371134,1.7628865979381443,1.2474226804123711,94
1116219.3917525774,2005.8247422680413,40.91752577319588,1.907216494845361,1.288659793814433,3.0,1.422680412371134,1.7628865979381443,1.2474226804123711,109
1116219.3917525774,2005.8247422680413,40.91752577319588,1.907216494845361,1.288659793814433,3.0,1.422680412371134,1.7628865979381443,1.2474226804123711,99
1116219.3917525774,2005.8247422680413,40.91752577319588,1.907216494845361,1.288659793814433,3.0,1.422680412371134,1.7628865979381443,1.2474226804123711,127
1116219.3917525774,2005.8247422680413,40.91752577319588,1.907216494845361,1.288659793814433,3.0,1.422680412371134,1.7628865979381443,1.2474226804123711,115
1116219.3917525774,2005.8247422680413,40.91752577319588,1.907216494845361,1.288659793814433,3.0,1.422680412371134,1.7628865979381443,1.2474226804123711,101
1116219.3917525774,2005.8247422680413,40.91752577319588,1.907216494845361,1.288659793814433,3.0,1.422680412371134,1.7628865979381443,1.2474226804123711,105
1116219.3917525774,2005.8247422680413,40.91752577319588,1.907216494845361,1.288659793814433,3.0,1.422680412371134,1.7628865979381443,1.2474226804123711,119
1116219.3917525774,2005.8247422680413,40.91752577319588,1.907216494845361,1.288659793814433,3.0,1.422680412371134,1.7628865979381443,1.2474226804123711,67
1116219.3917525774,2005.8247422680413,40.91752577319588,1.907216494845361,1.288659793814433,3.0,1.422680412371134,1.7628865979381443,1.2474226804123711,77
1116219.3917525774,2005.8247422680413,40.91752577319588,1.907216494845361,1.288659793814433,3.0,1.422680412371134,1.7628865979381443,1.2474226804123711,133
1116219.3917525774,2005.8247422680413,40.91752577319588,1.907216494845361,1.288659793814433,3.0,1.422680412371134,1.7628865979381443,1.2474226804123711,138
1116219.3917525774,2005.8247422680413,40.91752577319588,1.907216494845361,1.288659793814433,3.0,1.422680412371134,1.7628865979381443,1.2474226804123711,135
1116219.3917525774,2005.8247422680413,40.91752577319588,1.907216494845361,1.288659793814433,3.0,1.422680412371134,1.7628865979381443,1.2474226804123711,114
1116219.3917525774,2005.8247422680413,40.91752577319588,1.907216494845361,1.288659793814433,3.0,1.422680412371134,1.7628865979381443,1.2474226804123711,140
1116219.3917525774,2005.8247422680413,40.91752577319588,1.907216494845361,1.288659793814433,3.0,1.422680412371134,1.7628865979381443,1.2474226804123711,148
1116219.3917525774,2005.8247422680413,40.91752577319588,1.907216494845361,1.288659793814433,3.0,1.422680412371134,1.7628865979381443,1.2474226804123711,74
1003654.0545454546,2005.6909090909091,40.70909090909091,1.9,1.2454545454545454,2.9909090909090907,1.4272727272727272,1.7454545454545454,1.3363636363636364,166
1003654.0545454546,2005.6909090909091,40.70909090909091,1.9,1.2454545454545454,2.9909090909090907,1.4272727272727272,1.7454545454545454,1.3363636363636364,81
1003654.0545454546,2005.6909090909091,40.70909090909091,1.9,1.2454545454545454,2.9909090909090907,1.4272727272727272,1.7454545454545454,1.3363636363636364,55
1003654.0545454546,2005.6909090909091,40.70909090909091,1.9,1.2454545454545454,2.9909090909090907,1.4272727272727272,1.7454545454545454,1.3363636363636364,107
1003654.0545454546,2005.6909090909091,40.70909090909091,1.9,1.2454545454545454,2.9909090909090907,1.4272727272727272,1.7454545454545454,1.3363636363636364,112
1003654.0545454546,2005.6909090909091,40.70909090909091,1.9,1.2454545454545454,2.9909090909090907,1.4272727272727272,1.7454545454545454,1.3363636363636364,93
1003654.0545454546,2005.6909090909091,40.70909090909091,1.9,1.2454545454545454,2.9909090909090907,1.4272727272727272,1.7454545454545454,1.3363636363636364,85
1003654.0545454546,2005.6909090909091,40.70909090909091,1.9,1.2454545454545454,2.9909090909090907,1.4272727272727272,1.7454545454545454,1.3363636363636364,102
1003654.0545454546,2005.6909090909091,40.70909090909091,1.9,1.2454545454545454,2.9909090909090907,1.4272727272727272,1.7454545454545454,1.3363636363636364,100
1003654.0545454546,2005.6909090909091,40.70909090909091,1.9,1.2454545454545454,2.9909090909090907,1.4272727272727272,1.7454545454545454,1.3363636363636364,139
1003654.0545454546,2005.6909090909091,40.70909090909091,1.9,1.2454545454545454,2.9909090909090907,1.4272727272727272,1.7454545454545454,1.3363636363636364,119
1003654.0545454546,2005.6909090909091,40.70909090909091,1.9,1.2454545454545454,2.9909090909090907,1.4272727272727272,1.7454545454545454,1.3363636363636364,61
1003654.0545454546,2005.6909090909091,40.70909090909091,1.9,1.2454545454545454,2.9909090909090907,1.4272727272727272,1.7454545454545454,1.3363636363636364,131
1003654.0545454546,2005.6909090909091,40.70909090909091,1.9,1.2454545454545454,2.9909090909090907,1.4272727272727272,1.7454545454545454,1.3363636363636364,96
1003654.0545454546,2005.6909090909091,40.70909090909091,1.9,1.2454545454545454,2.9909090909090907,1.4272727272727272,1.7454545454545454,1.3363636363636364,110
1003654.0545454546,2005.6909090909091,40.70909090909091,1.9,1.2454545454545454,2.9909090909090907,1.4272727272727272,1.7454545454545454,1.3363636363636364,148
1003654.0545454546,2005.6909090909091,40.70909090909091,1.9,1.2454545454545454,2.9909090909090907,1.4272727272727272,1.7454545454545454,1.3363636363636364,83
1003654.0545454546,2005.6909090909091,40.70909090909091,1.9,1.2454545454545454,2.9909090909090907,1.4272727272727272,1.7454545454545454,1.3363636363636364,95
1003654.0545454546,2005.6909090909091,40.70909090909091,1.9,1.2454545454545454,2.9909090909090907,1.4272727272727272,1.7454545454545454,1.3363636363636364,125
1003654.0545454546,2005.6909090909091,40.70909090909091,1.9,1.2454545454545454,2.9909090909090907,1.4272727272727272,1.7454545454545454,1.3363636363636364,63
1003654.0545454546,2005.6909090909091,40.70909090909091,1.9,1.2454545454545454,2.9909090909090907,1.4272727272727272,1.7454545454545454,1.3363636363636364,100
1003654.0545454546,2005.6909090909091,40.70909090909091,1.9,1.2454545454545454,2.9909090909090907,1.4272727272727272,1.7454545454545454,1.3363636363636364,70
1003654.0545454546,2005.6909090909091,40.70909090909091,1.9,1.2454545454545454,2.9909090909090907,1.4272727272727272,1.7454545454545454,1.3363636363636364,110
1003654.0545454546,2005.6909090909091,40.70909090909091,1.9,1.2454545454545454,2.9909090909090907,1.4272727272727272,1.7454545454545454,1.3363636363636364,148
1003654.0545454546,2005.6909090909091,40.70909090909091,1.9,1.2454545454545454,2.9909090909090907,1.4272727272727272,1.7454545454545454,1.3363636363636364,140
1003654.0545454546,2005.6909090909091,40.70909090909091,1.9,1.2454545454545454,2.9909090909090907,1.4272727272727272,1.7454545454545454,1.3363636363636364,115
1003654.0545454546,2005.6909090909091,40.70909090909091,1.9,1.2454545454545454,2.9909090909090907,1.4272727272727272,1.7454545454545454,1.3363636363636364,119
1003654.0545454546,2005.6909090909091,40.70909090909091,1.9,1.2454545454545454,2.9909090909090907,1.4272727272727272,1.7454545454545454,1.3363636363636364,75
1003654.0545454546,2005.6909090909091,40.70909090909091,1.9,1.2454545454545454,2.9909090909090907,1.4272727272727272,1.7454545454545454,1.3363636363636364,81
1003654.0545454546,2005.6909090909091,40.70909090909091,1.9,1.2454545454545454,2.9909090909090907,1.4272727272727272,1.7454545454545454,1.3363636363636364,99
1003654.0545454546,2005.6909090909091,40.70909090909091,1.9,1.2454545454545454,2.9909090909090907,1.4272727272727272,1.7454545454545454,1.3363636363636364,67
1003654.0545454546,2005.6909090909091,40.70909090909091,1.9,1.2454545454545454,2.9909090909090907,1.4272727272727272,1.7454545454545454,1.3363636363636364,272
1003654.0545454546,2005.6909090909091,40.70909090909091,1.9,1.2454545454545454,2.9909090909090907,1.4272727272727272,1.7454545454545454,1.3363636363636364,133
1003654.0545454546,2005.6909090909091,40.70909090909091,1.9,1.2454545454545454,2.9909090909090907,1.4272727272727272,1.7454545454545454,1.3363636363636364,109
1003654.0545454546,2005.6909090909091,40.70909090909091,1.9,1.2454545454545454,2.9909090909090907,1.4272727272727272,1.7454545454545454,1.3363636363636364,105
1003654.0545454546,2005.6909090909091,40.70909090909091,1.9,1.2454545454545454,2.9909090909090907,1.4272727272727272,1.7454545454545454,1.3363636363636364,101
1003654.0545454546,2005.6909090909091,40.70909090909091,1.9,1.2454545454545454,2.9909090909090907,1.4272727272727272,1.7454545454545454,1.3363636363636364,131
1003654.0545454546,2005.6909090909091,40.70909090909091,1.9,1.2454545454545454,2.9909090909090907,1.4272727272727272,1.7454545454545454,1.3363636363636364,92
1003654.0545454546,2005.6909090909091,40.70909090909091,1.9,1.2454545454545454,2.9909090909090907,1.4272727272727272,1.7454545454545454,1.3363636363636364,127
1003654.0545454546,2005.6909090909091,40.70909090909091,1.9,1.2454545454545454,2.9909090909090907,1.4272727272727272,1.7454545454545454,1.3363636363636364,88
1003654.0545454546,2005.6909090909091,40.70909090909091,1.9,1.2454545454545454,2.9909090909090907,1.4272727272727272,1.7454545454545454,1.3363636363636364,119
1003654.0545454546,2005.6909090909091,40.70909090909091,1.9,1.2454545454545454,2.9909090909090907,1.4272727272727272,1.7454545454545454,1.3363636363636364,105
1003654.0545454546,2005.6909090909091,40.70909090909091,1.9,1.2454545454545454,2.9909090909090907,1.4272727272727272,1.7454545454545454,1.3363636363636364,127
1003654.0545454546,2005.6909090909091,40.70909090909091,1.9,1.2454545454545454,2.9909090909090907,1.4272727272727272,1.7454545454545454,1.3363636363636364,97
1003654.0545454546,2005.6909090909091,40.70909090909091,1.9,1.2454545454545454,2.9909090909090907,1.4272727272727272,1.7454545454545454,1.3363636363636364,155
1003654.0545454546,2005.6909090909091,40.70909090909091,1.9,1.2454545454545454,2.9909090909090907,1.4272727272727272,1.7454545454545454,1.3363636363636364,69
1003654.0545454546,2005.6909090909091,40.70909090909091,1.9,1.2454545454545454,2.9909090909090907,1.4272727272727272,1.7454545454545454,1.3363636363636364,103
1003654.0545454546,2005.6909090909091,40.70909090909091,1.9,1.2454545454545454,2.9909090909090907,1.4272727272727272,1.7454545454545454,1.3363636363636364,121
1003654.0545454546,2005.6909090909091,40.70909090909091,1.9,1.2454545454545454,2.9909090909090907,1.4272727272727272,1.7454545454545454,1.3363636363636364,113
1003654.0545454546,2005.6909090909091,40.70909090909091,1.9,1.2454545454545454,2.9909090909090907,1.4272727272727272,1.7454545454545454,1.3363636363636364,110
1003654.0545454546,2005.6909090909091,40.70909090909091,1.9,1.2454545454545454,2.9909090909090907,1.4272727272727272,1.7454545454545454,1.3363636363636364,66
1003654.0545454546,2005.6909090909091,40.70909090909091,1.9,1.2454545454545454,2.9909090909090907,1.4272727272727272,1.7454545454545454,1.3363636363636364,100
1003654.0545454546,2005.6909090909091,40.70909090909091,1.9,1.2454545454545454,2.9909090909090907,1.4272727272727272,1.7454545454545454,1.3363636363636364,142
1003654.0545454546,2005.6909090909091,40.70909090909091,1.9,1.2454545454545454,2.9909090909090907,1.4272727272727272,1.7454545454545454,1.3363636363636364,137
1003654.0545454546,2005.6909090909091,40.70909090909091,1.9,1.2454545454545454,2.9909090909090907,1.4272727272727272,1.7454545454545454,1.3363636363636364,81
1003654.0545454546,2005.6909090909091,40.70909090909091,1.9,1.2454545454545454,2.9909090909090907,1.4272727272727272,1.7454545454545454,1.3363636363636364,278
1003654.0545454546,2005.6909090909091,40.70909090909091,1.9,1.2454545454545454,2.9909090909090907,1.4272727272727272,1.7454545454545454,1.3363636363636364,84
1003654.0545454546,2005.6909090909091,40.70909090909091,1.9,1.2454545454545454,2.9909090909090907,1.4272727272727272,1.7454545454545454,1.3363636363636364,88
1003654.0545454546,2005.6909090909091,40.70909090909091,1.9,1.2454545454545454,2.9909090909090907,1.4272727272727272,1.7454545454545454,1.3363636363636364,138
1003654.0545454546,2005.6909090909091,40.70909090909091,1.9,1.2454545454545454,2.9909090909090907,1.4272727272727272,1.7454545454545454,1.3363636363636364,105
1003654.0545454546,2005.6909090909091,40.70909090909091,1.9,1.2454545454545454,2.9909090909090907,1.4272727272727272,1.7454545454545454,1.3363636363636364,126
1003654.0545454546,2005.6909090909091,40.70909090909091,1.9,1.2454545454545454,2.9909090909090907,1.4272727272727272,1.7454545454545454,1.3363636363636364,77
1003654.0545454546,2005.6909090909091,40.70909090909091,1.9,1.2454545454545454,2.9909090909090907,1.4272727272727272,1.7454545454545454,1.3363636363636364,74
1003654.0545454546,2005.6909090909091,40.70909090909091,1.9,1.2454545454545454,2.9909090909090907,1.4272727272727272,1.7454545454545454,1.3363636363636364,111
1003654.0545454546,2005.6909090909091,40.70909090909091,1.9,1.2454545454545454,2.9909090909090907,1.4272727272727272,1.7454545454545454,1.3363636363636364,145
1003654.0545454546,2005.6909090909091,40.70909090909091,1.9,1.2454545454545454,2.9909090909090907,1.4272727272727272,1.7454545454545454,1.3363636363636364,135
1003654.0545454546,2005.6909090909091,40.70909090909091,1.9,1.2454545454545454,2.9909090909090907,1.4272727272727272,1.7454545454545454,1.3363636363636364,94
1003654.0545454546,2005.6909090909091,40.70909090909091,1.9,1.2454545454545454,2.9909090909090907,1.4272727272727272,1.7454545454545454,1.3363636363636364,114
1003654.0545454546,2005.6909090909091,40.70909090909091,1.9,1.2454545454545454,2.9909090909090907,1.4272727272727272,1.7454545454545454,1.3363636363636364,143
1003654.0545454546,2005.6909090909091,40.70909090909091,1.9,1.2454545454545454,2.9909090909090907,1.4272727272727272,1.7454545454545454,1.3363636363636364,72
1003654.0545454546,2005.6909090909091,40.70909090909091,1.9,1.2454545454545454,2.9909090909090907,1.4272727272727272,1.7454545454545454,1.3363636363636364,119
1003654.0545454546,2005.6909090909091,40.70909090909091,1.9,1.2454545454545454,2.9909090909090907,1.4272727272727272,1.7454545454545454,1.3363636363636364,116
1003654.0545454546,2005.6909090909091,40.70909090909091,1.9,1.2454545454545454,2.9909090909090907,1.4272727272727272,1.7454545454545454,1.3363636363636364,164
1003654.0545454546,2005.6909090909091,40.70909090909091,1.9,1.2454545454545454,2.9909090909090907,1.4272727272727272,1.7454545454545454,1.3363636363636364,100
1003654.0545454546,2005.6909090909091,40.70909090909091,1.9,1.2454545454545454,2.9909090909090907,1.4272727272727272,1.7454545454545454,1.3363636363636364,88
1003654.0545454546,2005.6909090909091,40.70909090909091,1.9,1.2454545454545454,2.9909090909090907,1.4272727272727272,1.7454545454545454,1.3363636363636364,132
1003654.0545454546,2005.6909090909091,40.70909090909091,1.9,1.2454545454545454,2.9909090909090907,1.4272727272727272,1.7454545454545454,1.3363636363636364,71
1003654.0545454546,2005.6909090909091,40.70909090909091,1.9,1.2454545454545454,2.9909090909090907,1.4272727272727272,1.7454545454545454,1.3363636363636364,94
1003654.0545454546,2005.6909090909091,40.70909090909091,1.9,1.2454545454545454,2.9909090909090907,1.4272727272727272,1.7454545454545454,1.3363636363636364,277
1003654.0545454546,2005.6909090909091,40.70909090909091,1.9,1.2454545454545454,2.9909090909090907,1.4272727272727272,1.7454545454545454,1.3363636363636364,50
1003654.0545454546,2005.6909090909091,40.70909090909091,1.9,1.2454545454545454,2.9909090909090907,1.4272727272727272,1.7454545454545454,1.3363636363636364,129
1003654.0545454546,2005.6909090909091,40.70909090909091,1.9,1.2454545454545454,2.9909090909090907,1.4272727272727272,1.7454545454545454,1.3363636363636364,182
1003654.0545454546,2005.6909090909091,40.70909090909091,1.9,1.2454545454545454,2.9909090909090907,1.4272727272727272,1.7454545454545454,1.3363636363636364,135
1003654.0545454546,2005.6909090909091,40.70909090909091,1.9,1.2454545454545454,2.9909090909090907,1.4272727272727272,1.7454545454545454,1.3363636363636364,74
1003654.0545454546,2005.6909090909091,40.70909090909091,1.9,1.2454545454545454,2.9909090909090907,1.4272727272727272,1.7454545454545454,1.3363636363636364,114
1003654.0545454546,2005.6909090909091,40.70909090909091,1.9,1.2454545454545454,2.9909090909090907,1.4272727272727272,1.7454545454545454,1.3363636363636364,59
1003654.0545454546,2005.6909090909091,40.70909090909091,1.9,1.2454545454545454,2.9909090909090907,1.4272727272727272,1.7454545454545454,1.3363636363636364,152
1003654.0545454546,2005.6909090909091,40.70909090909091,1.9,1.2454545454545454,2.9909090909090907,1.4272727272727272,1.7454545454545454,1.3363636363636364,123
1003654.0545454546,2005.6909090909091,40.70909090909091,1.9,1.2454545454545454,2.9909090909090907,1.4272727272727272,1.7454545454545454,1.3363636363636364,65
1003654.0545454546,2005.6909090909091,40.70909090909091,1.9,1.2454545454545454,2.9909090909090907,1.4272727272727272,1.7454545454545454,1.3363636363636364,74
1003654.0545454546,2005.6909090909091,40.70909090909091,1.9,1.2454545454545454,2.9909090909090907,1.4272727272727272,1.7454545454545454,1.3363636363636364,268
1003654.0545454546,2005.6909090909091,40.70909090909091,1.9,1.2454545454545454,2.9909090909090907,1.4272727272727272,1.7454545454545454,1.3363636363636364,114
1003654.0545454546,2005.6909090909091,40.70909090909091,1.9,1.2454545454545454,2.9909090909090907,1.4272727272727272,1.7454545454545454,1.3363636363636364,80
1003654.0545454546,2005.6909090909091,40.70909090909091,1.9,1.2454545454545454,2.9909090909090907,1.4272727272727272,1.7454545454545454,1.3363636363636364,88
1003654.0545454546,2005.6909090909091,40.70909090909091,1.9,1.2454545454545454,2.9909090909090907,1.4272727272727272,1.7454545454545454,1.3363636363636364,123
1003654.0545454546,2005.6909090909091,40.70909090909091,1.9,1.2454545454545454,2.9909090909090907,1.4272727272727272,1.7454545454545454,1.3363636363636364,177
1003654.0545454546,2005.6909090909091,40.70909090909091,1.9,1.2454545454545454,2.9909090909090907,1.4272727272727272,1.7454545454545454,1.3363636363636364,90
1003654.0545454546,2005.6909090909091,40.70909090909091,1.9,1.2454545454545454,2.9909090909090907,1.4272727272727272,1.7454545454545454,1.3363636363636364,104
1003654.0545454546,2005.6909090909091,40.70909090909091,1.9,1.2454545454545454,2.9909090909090907,1.4272727272727272,1.7454545454545454,1.3363636363636364,106
1003654.0545454546,2005.6909090909091,40.70909090909091,1.9,1.2454545454545454,2.9909090909090907,1.4272727272727272,1.7454545454545454,1.3363636363636364,94
1003654.0545454546,2005.6909090909091,40.70909090909091,1.9,1.2454545454545454,2.9909090909090907,1.4272727272727272,1.7454545454545454,1.3363636363636364,87
1003654.0545454546,2005.6909090909091,40.70909090909091,1.9,1.2454545454545454,2.9909090909090907,1.4272727272727272,1.7454545454545454,1.3363636363636364,161
1003654.0545454546,2005.6909090909091,40.70909090909091,1.9,1.2454545454545454,2.9909090909090907,1.4272727272727272,1.7454545454545454,1.3363636363636364,201
1003654.0545454546,2005.6909090909091,40.70909090909091,1.9,1.2454545454545454,2.9909090909090907,1.4272727272727272,1.7454545454545454,1.3363636363636364,148
1003654.0545454546,2005.6909090909091,40.70909090909091,1.9,1.2454545454545454,2.9909090909090907,1.4272727272727272,1.7454545454545454,1.3363636363636364,144
1003654.0545454546,2005.6909090909091,40.70909090909091,1.9,1.2454545454545454,2.9909090909090907,1.4272727272727272,1.7454545454545454,1.3363636363636364,78
1003654.0545454546,2005.6909090909091,40.70909090909091,1.9,1.2454545454545454,2.9909090909090907,1.4272727272727272,1.7454545454545454,1.3363636363636364,65
1003654.0545454546,2005.6909090909091,40.70909090909091,1.9,1.2454545454545454,2.9909090909090907,1.4272727272727272,1.7454545454545454,1.3363636363636364,108
1003654.0545454546,2005.6909090909091,40.70909090909091,1.9,1.2454545454545454,2.9909090909090907,1.4272727272727272,1.7454545454545454,1.3363636363636364,89
1003654.0545454546,2005.6909090909091,40.70909090909091,1.9,1.2454545454545454,2.9909090909090907,1.4272727272727272,1.7454545454545454,1.3363636363636364,117
