1080416.0668449197,2005.8128342245989,42.77807486631016,1.967914438502674,1.267379679144385,3.2941176470588234,1.4919786096256684,1.786096256684492,1.2994652406417113,161
1080416.0668449197,2005.8128342245989,42.77807486631016,1.967914438502674,1.267379679144385,3.2941176470588234,1.4919786096256684,1.786096256684492,1.2994652406417113,115
1080416.0668449197,2005.8128342245989,42.77807486631016,1.967914438502674,1.267379679144385,3.2941176470588234,1.4919786096256684,1.786096256684492,1.2994652406417113,213
1080416.0668449197,2005.8128342245989,42.77807486631016,1.967914438502674,1.267379679144385,3.2941176470588234,1.4919786096256684,1.786096256684492,1.2994652406417113,148
1080416.0668449197,2005.8128342245989,42.77807486631016,1.967914438502674,1.267379679144385,3.2941176470588234,1.4919786096256684,1.786096256684492,1.2994652406417113,161
1080416.0668449197,2005.8128342245989,42.77807486631016,1.967914438502674,1.267379679144385,3.2941176470588234,1.4919786096256684,1.786096256684492,1.2994652406417113,161
1080416.0668449197,2005.8128342245989,42.77807486631016,1.967914438502674,1.267379679144385,3.2941176470588234,1.4919786096256684,1.786096256684492,1.2994652406417113,50
1080416.0668449197,2005.8128342245989,42.77807486631016,1.967914438502674,1.267379679144385,3.2941176470588234,1.4919786096256684,1.786096256684492,1.2994652406417113,148
1080416.0668449197,2005.8128342245989,42.77807486631016,1.967914438502674,1.267379679144385,3.2941176470588234,1.4919786096256684,1.786096256684492,1.2994652406417113,137
1080416.0668449197,2005.8128342245989,42.77807486631016,1.967914438502674,1.267379679144385,3.2941176470588234,1.4919786096256684,1.786096256684492,1.2994652406417113,83
1080416.0668449197,2005.8128342245989,42.77807486631016,1.967914438502674,1.267379679144385,3.2941176470588234,1.4919786096256684,1.786096256684492,1.2994652406417113,94
1080416.0668449197,2005.8128342245989,42.77807486631016,1.967914438502674,1.267379679144385,3.2941176470588234,1.4919786096256684,1.786096256684492,1.2994652406417113,115
1080416.0668449197,2005.8128342245989,42.77807486631016,1.967914438502674,1.267379679144385,3.2941176470588234,1.4919786096256684,1.786096256684492,1.2994652406417113,61
1080416.0668449197,2005.8128342245989,42.77807486631016,1.967914438502674,1.267379679144385,3.2941176470588234,1.4919786096256684,1.786096256684492,1.2994652406417113,148
1080416.0668449197,2005.8128342245989,42.77807486631016,1.967914438502674,1.267379679144385,3.2941176470588234,1.4919786096256684,1.786096256684492,1.2994652406417113,94
1080416.0668449197,2005.8128342245989,42.77807486631016,1.967914438502674,1.267379679144385,3.2941176470588234,1.4919786096256684,1.786096256684492,1.2994652406417113,148
1080416.0668449197,2005.8128342245989,42.77807486631016,1.967914438502674,1.267379679144385,3.2941176470588234,1.4919786096256684,1.786096256684492,1.2994652406417113,94
1080416.0668449197,2005.8128342245989,42.77807486631016,1.967914438502674,1.267379679144385,3.2941176470588234,1.4919786096256684,1.786096256684492,1.2994652406417113,148
1080416.0668449197,2005.8128342245989,42.77807486631016,1.967914438502674,1.267379679144385,3.2941176470588234,1.4919786096256684,1.786096256684492,1.2994652406417113,94
1080416.0668449197,2005.8128342245989,42.77807486631016,1.967914438502674,1.267379679144385,3.2941176470588234,1.4919786096256684,1.786096256684492,1.2994652406417113,115
1080416.0668449197,2005.8128342245989,42.77807486631016,1.967914438502674,1.267379679144385,3.2941176470588234,1.4919786096256684,1.786096256684492,1.2994652406417113,104
1080416.0668449197,2005.8128342245989,42.77807486631016,1.967914438502674,1.267379679144385,3.2941176470588234,1.4919786096256684,1.786096256684492,1.2994652406417113,94
1080416.0668449197,2005.8128342245989,42.77807486631016,1.967914438502674,1.267379679144385,3.2941176470588234,1.4919786096256684,1.786096256684492,1.2994652406417113,94
1080416.0668449197,2005.8128342245989,42.77807486631016,1.967914438502674,1.267379679144385,3.2941176470588234,1.4919786096256684,1.786096256684492,1.2994652406417113,148
1080416.0668449197,2005.8128342245989,42.77807486631016,1.967914438502674,1.267379679144385,3.2941176470588234,1.4919786096256684,1.786096256684492,1.2994652406417113,94
1080416.0668449197,2005.8128342245989,42.77807486631016,1.967914438502674,1.267379679144385,3.2941176470588234,1.4919786096256684,1.786096256684492,1.2994652406417113,148
1080416.0668449197,2005.8128342245989,42.77807486631016,1.967914438502674,1.267379679144385,3.2941176470588234,1.4919786096256684,1.786096256684492,1.2994652406417113,148
1080416.0668449197,2005.8128342245989,42.77807486631016,1.967914438502674,1.267379679144385,3.2941176470588234,1.4919786096256684,1.786096256684492,1.2994652406417113,94
1080416.0668449197,2005.8128342245989,42.77807486631016,1.967914438502674,1.267379679144385,3.2941176470588234,1.4919786096256684,1.786096256684492,1.2994652406417113,94
1080416.0668449197,2005.8128342245989,42.77807486631016,1.967914438502674,1.267379679144385,3.2941176470588234,1.4919786096256684,1.786096256684492,1.2994652406417113,83
1080416.0668449197,2005.8128342245989,42.77807486631016,1.967914438502674,1.267379679144385,3.2941176470588234,1.4919786096256684,1.786096256684492,1.2994652406417113,114
1080416.0668449197,2005.8128342245989,42.77807486631016,1.967914438502674,1.267379679144385,3.2941176470588234,1.4919786096256684,1.786096256684492,1.2994652406417113,148
1080416.0668449197,2005.8128342245989,42.77807486631016,1.967914438502674,1.267379679144385,3.2941176470588234,1.4919786096256684,1.786096256684492,1.2994652406417113,83
1080416.0668449197,2005.8128342245989,42.77807486631016,1.967914438502674,1.267379679144385,3.2941176470588234,1.4919786096256684,1.786096256684492,1.2994652406417113,161
1080416.0668449197,2005.8128342245989,42.77807486631016,1.967914438502674,1.267379679144385,3.2941176470588234,1.4919786096256684,1.786096256684492,1.2994652406417113,148
1080416.0668449197,2005.8128342245989,42.77807486631016,1.967914438502674,1.267379679144385,3.2941176470588234,1.4919786096256684,1.786096256684492,1.2994652406417113,114
1080416.0668449197,2005.8128342245989,42.77807486631016,1.967914438502674,1.267379679144385,3.2941176470588234,1.4919786096256684,1.786096256684492,1.2994652406417113,114
1080416.0668449197,2005.8128342245989,42.77807486631016,1.967914438502674,1.267379679144385,3.2941176470588234,1.4919786096256684,1.786096256684492,1.2994652406417113,150
1080416.0668449197,2005.8128342245989,42.77807486631016,1.967914438502674,1.267379679144385,3.2941176470588234,1.4919786096256684,1.786096256684492,1.2994652406417113,61
1080416.0668449197,2005.8128342245989,42.77807486631016,1.967914438502674,1.267379679144385,3.2941176470588234,1.4919786096256684,1.786096256684492,1.2994652406417113,148
1080416.0668449197,2005.8128342245989,42.77807486631016,1.967914438502674,1.267379679144385,3.2941176470588234,1.4919786096256684,1.786096256684492,1.2994652406417113,83
1080416.0668449197,2005.8128342245989,42.77807486631016,1.967914438502674,1.267379679144385,3.2941176470588234,1.4919786096256684,1.786096256684492,1.2994652406417113,94
1080416.0668449197,2005.8128342245989,42.77807486631016,1.967914438502674,1.267379679144385,3.2941176470588234,1.4919786096256684,1.786096256684492,1.2994652406417113,83
1080416.0668449197,2005.8128342245989,42.77807486631016,1.967914438502674,1.267379679144385,3.2941176470588234,1.4919786096256684,1.786096256684492,1.2994652406417113,104
1080416.0668449197,2005.8128342245989,42.77807486631016,1.967914438502674,1.267379679144385,3.2941176470588234,1.4919786096256684,1.786096256684492,1.2994652406417113,140
1080416.0668449197,2005.8128342245989,42.77807486631016,1.967914438502674,1.267379679144385,3.2941176470588234,1.4919786096256684,1.786096256684492,1.2994652406417113,161
1080416.0668449197,2005.8128342245989,42.77807486631016,1.967914438502674,1.267379679144385,3.2941176470588234,1.4919786096256684,1.786096256684492,1.2994652406417113,94
1080416.0668449197,2005.8128342245989,42.77807486631016,1.967914438502674,1.267379679144385,3.2941176470588234,1.4919786096256684,1.786096256684492,1.2994652406417113,161
1080416.0668449197,2005.8128342245989,42.77807486631016,1.967914438502674,1.267379679144385,3.2941176470588234,1.4919786096256684,1.786096256684492,1.2994652406417113,161
1080416.0668449197,2005.8128342245989,42.77807486631016,1.967914438502674,1.267379679144385,3.2941176470588234,1.4919786096256684,1.786096256684492,1.2994652406417113,148
1080416.0668449197,2005.8128342245989,42.77807486631016,1.967914438502674,1.267379679144385,3.2941176470588234,1.4919786096256684,1.786096256684492,1.2994652406417113,148
1080416.0668449197,2005.8128342245989,42.77807486631016,1.967914438502674,1.267379679144385,3.2941176470588234,1.4919786096256684,1.786096256684492,1.2994652406417113,114
1080416.0668449197,2005.8128342245989,42.77807486631016,1.967914438502674,1.267379679144385,3.2941176470588234,1.4919786096256684,1.786096256684492,1.2994652406417113,148
1080416.0668449197,2005.8128342245989,42.77807486631016,1.967914438502674,1.267379679144385,3.2941176470588234,1.4919786096256684,1.786096256684492,1.2994652406417113,83
1080416.0668449197,2005.8128342245989,42.77807486631016,1.967914438502674,1.267379679144385,3.2941176470588234,1.4919786096256684,1.786096256684492,1.2994652406417113,61
1080416.0668449197,2005.8128342245989,42.77807486631016,1.967914438502674,1.267379679144385,3.2941176470588234,1.4919786096256684,1.786096256684492,1.2994652406417113,94
1080416.0668449197,2005.8128342245989,42.77807486631016,1.967914438502674,1.267379679144385,3.2941176470588234,1.4919786096256684,1.786096256684492,1.2994652406417113,114
1080416.0668449197,2005.8128342245989,42.77807486631016,1.967914438502674,1.267379679144385,3.2941176470588234,1.4919786096256684,1.786096256684492,1.2994652406417113,161
1080416.0668449197,2005.8128342245989,42.77807486631016,1.967914438502674,1.267379679144385,3.2941176470588234,1.4919786096256684,1.786096256684492,1.2994652406417113,83
1080416.0668449197,2005.8128342245989,42.77807486631016,1.967914438502674,1.267379679144385,3.2941176470588234,1.4919786096256684,1.786096256684492,1.2994652406417113,148
1080416.0668449197,2005.8128342245989,42.77807486631016,1.967914438502674,1.267379679144385,3.2941176470588234,1.4919786096256684,1.786096256684492,1.2994652406417113,161
1080416.0668449197,2005.8128342245989,42.77807486631016,1.967914438502674,1.267379679144385,3.2941176470588234,1.4919786096256684,1.786096256684492,1.2994652406417113,115
1080416.0668449197,2005.8128342245989,42.77807486631016,1.967914438502674,1.267379679144385,3.2941176470588234,1.4919786096256684,1.786096256684492,1.2994652406417113,148
1080416.0668449197,2005.8128342245989,42.77807486631016,1.967914438502674,1.267379679144385,3.2941176470588234,1.4919786096256684,1.786096256684492,1.2994652406417113,50
1080416.0668449197,2005.8128342245989,42.77807486631016,1.967914438502674,1.267379679144385,3.2941176470588234,1.4919786096256684,1.786096256684492,1.2994652406417113,148
1080416.0668449197,2005.8128342245989,42.77807486631016,1.967914438502674,1.267379679144385,3.2941176470588234,1.4919786096256684,1.786096256684492,1.2994652406417113,94
1080416.0668449197,2005.8128342245989,42.77807486631016,1.967914438502674,1.267379679144385,3.2941176470588234,1.4919786096256684,1.786096256684492,1.2994652406417113,83
1080416.0668449197,2005.8128342245989,42.77807486631016,1.967914438502674,1.267379679144385,3.2941176470588234,1.4919786096256684,1.786096256684492,1.2994652406417113,94
1080416.0668449197,2005.8128342245989,42.77807486631016,1.967914438502674,1.267379679144385,3.2941176470588234,1.4919786096256684,1.786096256684492,1.2994652406417113,94
1080416.0668449197,2005.8128342245989,42.77807486631016,1.967914438502674,1.267379679144385,3.2941176470588234,1.4919786096256684,1.786096256684492,1.2994652406417113,94
1080416.0668449197,2005.8128342245989,42.77807486631016,1.967914438502674,1.267379679144385,3.2941176470588234,1.4919786096256684,1.786096256684492,1.2994652406417113,318
1080416.0668449197,2005.8128342245989,42.77807486631016,1.967914438502674,1.267379679144385,3.2941176470588234,1.4919786096256684,1.786096256684492,1.2994652406417113,83
1080416.0668449197,2005.8128342245989,42.77807486631016,1.967914438502674,1.267379679144385,3.2941176470588234,1.4919786096256684,1.786096256684492,1.2994652406417113,137
1080416.0668449197,2005.8128342245989,42.77807486631016,1.967914438502674,1.267379679144385,3.2941176470588234,1.4919786096256684,1.786096256684492,1.2994652406417113,148
1080416.0668449197,2005.8128342245989,42.77807486631016,1.967914438502674,1.267379679144385,3.2941176470588234,1.4919786096256684,1.786096256684492,1.2994652406417113,94
1080416.0668449197,2005.8128342245989,42.77807486631016,1.967914438502674,1.267379679144385,3.2941176470588234,1.4919786096256684,1.786096256684492,1.2994652406417113,115
1080416.0668449197,2005.8128342245989,42.77807486631016,1.967914438502674,1.267379679144385,3.2941176470588234,1.4919786096256684,1.786096256684492,1.2994652406417113,104
1080416.0668449197,2005.8128342245989,42.77807486631016,1.967914438502674,1.267379679144385,3.2941176470588234,1.4919786096256684,1.786096256684492,1.2994652406417113,94
1080416.0668449197,2005.8128342245989,42.77807486631016,1.967914438502674,1.267379679144385,3.2941176470588234,1.4919786096256684,1.786096256684492,1.2994652406417113,148
1080416.0668449197,2005.8128342245989,42.77807486631016,1.967914438502674,1.267379679144385,3.2941176470588234,1.4919786096256684,1.786096256684492,1.2994652406417113,150
1080416.0668449197,2005.8128342245989,42.77807486631016,1.967914438502674,1.267379679144385,3.2941176470588234,1.4919786096256684,1.786096256684492,1.2994652406417113,48
1080416.0668449197,2005.8128342245989,42.77807486631016,1.967914438502674,1.267379679144385,3.2941176470588234,1.4919786096256684,1.786096256684492,1.2994652406417113,114
1080416.0668449197,2005.8128342245989,42.77807486631016,1.967914438502674,1.267379679144385,3.2941176470588234,1.4919786096256684,1.786096256684492,1.2994652406417113,94
1080416.0668449197,2005.8128342245989,42.77807486631016,1.967914438502674,1.267379679144385,3.2941176470588234,1.4919786096256684,1.786096256684492,1.2994652406417113,148
1080416.0668449197,2005.8128342245989,42.77807486631016,1.967914438502674,1.267379679144385,3.2941176470588234,1.4919786096256684,1.786096256684492,1.2994652406417113,25
1080416.0668449197,2005.8128342245989,42.77807486631016,1.967914438502674,1.267379679144385,3.2941176470588234,1.4919786096256684,1.786096256684492,1.2994652406417113,104
1080416.0668449197,2005.8128342245989,42.77807486631016,1.967914438502674,1.267379679144385,3.2941176470588234,1.4919786096256684,1.786096256684492,1.2994652406417113,94
1080416.0668449197,2005.8128342245989,42.77807486631016,1.967914438502674,1.267379679144385,3.2941176470588234,1.4919786096256684,1.786096256684492,1.2994652406417113,83
1080416.0668449197,2005.8128342245989,42.77807486631016,1.967914438502674,1.267379679144385,3.2941176470588234,1.4919786096256684,1.786096256684492,1.2994652406417113,161
1080416.0668449197,2005.8128342245989,42.77807486631016,1.967914438502674,1.267379679144385,3.2941176470588234,1.4919786096256684,1.786096256684492,1.2994652406417113,148
1080416.0668449197,2005.8128342245989,42.77807486631016,1.967914438502674,1.267379679144385,3.2941176470588234,1.4919786096256684,1.786096256684492,1.2994652406417113,94
1080416.0668449197,2005.8128342245989,42.77807486631016,1.967914438502674,1.267379679144385,3.2941176470588234,1.4919786096256684,1.786096256684492,1.2994652406417113,148
1080416.0668449197,2005.8128342245989,42.77807486631016,1.967914438502674,1.267379679144385,3.2941176470588234,1.4919786096256684,1.786096256684492,1.2994652406417113,272
1080416.0668449197,2005.8128342245989,42.77807486631016,1.967914438502674,1.267379679144385,3.2941176470588234,1.4919786096256684,1.786096256684492,1.2994652406417113,137
1080416.0668449197,2005.8128342245989,42.77807486631016,1.967914438502674,1.267379679144385,3.2941176470588234,1.4919786096256684,1.786096256684492,1.2994652406417113,94
1080416.0668449197,2005.8128342245989,42.77807486631016,1.967914438502674,1.267379679144385,3.2941176470588234,1.4919786096256684,1.786096256684492,1.2994652406417113,104
1080416.0668449197,2005.8128342245989,42.77807486631016,1.967914438502674,1.267379679144385,3.2941176470588234,1.4919786096256684,1.786096256684492,1.2994652406417113,94
1080416.0668449197,2005.8128342245989,42.77807486631016,1.967914438502674,1.267379679144385,3.2941176470588234,1.4919786096256684,1.786096256684492,1.2994652406417113,272
1080416.0668449197,2005.8128342245989,42.77807486631016,1.967914438502674,1.267379679144385,3.2941176470588234,1.4919786096256684,1.786096256684492,1.2994652406417113,114
1080416.0668449197,2005.8128342245989,42.77807486631016,1.967914438502674,1.267379679144385,3.2941176470588234,1.4919786096256684,1.786096256684492,1.2994652406417113,148
1080416.0668449197,2005.8128342245989,42.77807486631016,1.967914438502674,1.267379679144385,3.2941176470588234,1.4919786096256684,1.786096256684492,1.2994652406417113,148
1080416.0668449197,2005.8128342245989,42.77807486631016,1.967914438502674,1.267379679144385,3.2941176470588234,1.4919786096256684,1.786096256684492,1.2994652406417113,161
1080416.0668449197,2005.8128342245989,42.77807486631016,1.967914438502674,1.267379679144385,3.2941176470588234,1.4919786096256684,1.786096256684492,1.2994652406417113,83
1080416.0668449197,2005.8128342245989,42.77807486631016,1.967914438502674,1.267379679144385,3.2941176470588234,1.4919786096256684,1.786096256684492,1.2994652406417113,83
1080416.0668449197,2005.8128342245989,42.77807486631016,1.967914438502674,1.267379679144385,3.2941176470588234,1.4919786096256684,1.786096256684492,1.2994652406417113,148
1080416.0668449197,2005.8128342245989,42.77807486631016,1.967914438502674,1.267379679144385,3.2941176470588234,1.4919786096256684,1.786096256684492,1.2994652406417113,50
1080416.0668449197,2005.8128342245989,42.77807486631016,1.967914438502674,1.267379679144385,3.2941176470588234,1.4919786096256684,1.786096256684492,1.2994652406417113,148
1080416.0668449197,2005.8128342245989,42.77807486631016,1.967914438502674,1.267379679144385,3.2941176470588234,1.4919786096256684,1.786096256684492,1.2994652406417113,137
1080416.0668449197,2005.8128342245989,42.77807486631016,1.967914438502674,1.267379679144385,3.2941176470588234,1.4919786096256684,1.786096256684492,1.2994652406417113,148
1080416.0668449197,2005.8128342245989,42.77807486631016,1.967914438502674,1.267379679144385,3.2941176470588234,1.4919786096256684,1.786096256684492,1.2994652406417113,148
1080416.0668449197,2005.8128342245989,42.77807486631016,1.967914438502674,1.267379679144385,3.2941176470588234,1.4919786096256684,1.786096256684492,1.2994652406417113,161
1080416.0668449197,2005.8128342245989,42.77807486631016,1.967914438502674,1.267379679144385,3.2941176470588234,1.4919786096256684,1.786096256684492,1.2994652406417113,94
1080416.0668449197,2005.8128342245989,42.77807486631016,1.967914438502674,1.267379679144385,3.2941176470588234,1.4919786096256684,1.786096256684492,1.2994652406417113,148
1080416.0668449197,2005.8128342245989,42.77807486631016,1.967914438502674,1.267379679144385,3.2941176470588234,1.4919786096256684,1.786096256684492,1.2994652406417113,104
1080416.0668449197,2005.8128342245989,42.77807486631016,1.967914438502674,1.267379679144385,3.2941176470588234,1.4919786096256684,1.786096256684492,1.2994652406417113,114
1080416.0668449197,2005.8128342245989,42.77807486631016,1.967914438502674,1.267379679144385,3.2941176470588234,1.4919786096256684,1.786096256684492,1.2994652406417113,94
1080416.0668449197,2005.8128342245989,42.77807486631016,1.967914438502674,1.267379679144385,3.2941176470588234,1.4919786096256684,1.786096256684492,1.2994652406417113,83
1080416.0668449197,2005.8128342245989,42.77807486631016,1.967914438502674,1.267379679144385,3.2941176470588234,1.4919786096256684,1.786096256684492,1.2994652406417113,114
1080416.0668449197,2005.8128342245989,42.77807486631016,1.967914438502674,1.267379679144385,3.2941176470588234,1.4919786096256684,1.786096256684492,1.2994652406417113,148
1080416.0668449197,2005.8128342245989,42.77807486631016,1.967914438502674,1.267379679144385,3.2941176470588234,1.4919786096256684,1.786096256684492,1.2994652406417113,94
1080416.0668449197,2005.8128342245989,42.77807486631016,1.967914438502674,1.267379679144385,3.2941176470588234,1.4919786096256684,1.786096256684492,1.2994652406417113,83
1080416.0668449197,2005.8128342245989,42.77807486631016,1.967914438502674,1.267379679144385,3.2941176470588234,1.4919786096256684,1.786096256684492,1.2994652406417113,94
1080416.0668449197,2005.8128342245989,42.77807486631016,1.967914438502674,1.267379679144385,3.2941176470588234,1.4919786096256684,1.786096256684492,1.2994652406417113,148
1080416.0668449197,2005.8128342245989,42.77807486631016,1.967914438502674,1.267379679144385,3.2941176470588234,1.4919786096256684,1.786096256684492,1.2994652406417113,61
1080416.0668449197,2005.8128342245989,42.77807486631016,1.967914438502674,1.267379679144385,3.2941176470588234,1.4919786096256684,1.786096256684492,1.2994652406417113,115
1080416.0668449197,2005.8128342245989,42.77807486631016,1.967914438502674,1.267379679144385,3.2941176470588234,1.4919786096256684,1.786096256684492,1.2994652406417113,268
1080416.0668449197,2005.8128342245989,42.77807486631016,1.967914438502674,1.267379679144385,3.2941176470588234,1.4919786096256684,1.786096256684492,1.2994652406417113,161
1080416.0668449197,2005.8128342245989,42.77807486631016,1.967914438502674,1.267379679144385,3.2941176470588234,1.4919786096256684,1.786096256684492,1.2994652406417113,115
1080416.0668449197,2005.8128342245989,42.77807486631016,1.967914438502674,1.267379679144385,3.2941176470588234,1.4919786096256684,1.786096256684492,1.2994652406417113,94
1080416.0668449197,2005.8128342245989,42.77807486631016,1.967914438502674,1.267379679144385,3.2941176470588234,1.4919786096256684,1.786096256684492,1.2994652406417113,161
1080416.0668449197,2005.8128342245989,42.77807486631016,1.967914438502674,1.267379679144385,3.2941176470588234,1.4919786096256684,1.786096256684492,1.2994652406417113,83
1080416.0668449197,2005.8128342245989,42.77807486631016,1.967914438502674,1.267379679144385,3.2941176470588234,1.4919786096256684,1.786096256684492,1.2994652406417113,159
1080416.0668449197,2005.8128342245989,42.77807486631016,1.967914438502674,1.267379679144385,3.2941176470588234,1.4919786096256684,1.786096256684492,1.2994652406417113,148
1080416.0668449197,2005.8128342245989,42.77807486631016,1.967914438502674,1.267379679144385,3.2941176470588234,1.4919786096256684,1.786096256684492,1.2994652406417113,137
1080416.0668449197,2005.8128342245989,42.77807486631016,1.967914438502674,1.267379679144385,3.2941176470588234,1.4919786096256684,1.786096256684492,1.2994652406417113,48
1080416.0668449197,2005.8128342245989,42.77807486631016,1.967914438502674,1.267379679144385,3.2941176470588234,1.4919786096256684,1.786096256684492,1.2994652406417113,94
1080416.0668449197,2005.8128342245989,42.77807486631016,1.967914438502674,1.267379679144385,3.2941176470588234,1.4919786096256684,1.786096256684492,1.2994652406417113,161
1080416.0668449197,2005.8128342245989,42.77807486631016,1.967914438502674,1.267379679144385,3.2941176470588234,1.4919786096256684,1.786096256684492,1.2994652406417113,94
1080416.0668449197,2005.8128342245989,42.77807486631016,1.967914438502674,1.267379679144385,3.2941176470588234,1.4919786096256684,1.786096256684492,1.2994652406417113,148
1080416.0668449197,2005.8128342245989,42.77807486631016,1.967914438502674,1.267379679144385,3.2941176470588234,1.4919786096256684,1.786096256684492,1.2994652406417113,94
1080416.0668449197,2005.8128342245989,42.77807486631016,1.967914438502674,1.267379679144385,3.2941176470588234,1.4919786096256684,1.786096256684492,1.2994652406417113,94
1080416.0668449197,2005.8128342245989,42.77807486631016,1.967914438502674,1.267379679144385,3.2941176470588234,1.4919786096256684,1.786096256684492,1.2994652406417113,83
1080416.0668449197,2005.8128342245989,42.77807486631016,1.967914438502674,1.267379679144385,3.2941176470588234,1.4919786096256684,1.786096256684492,1.2994652406417113,161
1080416.0668449197,2005.8128342245989,42.77807486631016,1.967914438502674,1.267379679144385,3.2941176470588234,1.4919786096256684,1.786096256684492,1.2994652406417113,161
1080416.0668449197,2005.8128342245989,42.77807486631016,1.967914438502674,1.267379679144385,3.2941176470588234,1.4919786096256684,1.786096256684492,1.2994652406417113,148
1080416.0668449197,2005.8128342245989,42.77807486631016,1.967914438502674,1.267379679144385,3.2941176470588234,1.4919786096256684,1.786096256684492,1.2994652406417113,114
1080416.0668449197,2005.8128342245989,42.77807486631016,1.967914438502674,1.267379679144385,3.2941176470588234,1.4919786096256684,1.786096256684492,1.2994652406417113,148
1080416.0668449197,2005.8128342245989,42.77807486631016,1.967914438502674,1.267379679144385,3.2941176470588234,1.4919786096256684,1.786096256684492,1.2994652406417113,83
1080416.0668449197,2005.8128342245989,42.77807486631016,1.967914438502674,1.267379679144385,3.2941176470588234,1.4919786096256684,1.786096256684492,1.2994652406417113,161
1080416.0668449197,2005.8128342245989,42.77807486631016,1.967914438502674,1.267379679144385,3.2941176470588234,1.4919786096256684,1.786096256684492,1.2994652406417113,94
1080416.0668449197,2005.8128342245989,42.77807486631016,1.967914438502674,1.267379679144385,3.2941176470588234,1.4919786096256684,1.786096256684492,1.2994652406417113,148
1080416.0668449197,2005.8128342245989,42.77807486631016,1.967914438502674,1.267379679144385,3.2941176470588234,1.4919786096256684,1.786096256684492,1.2994652406417113,104
1080416.0668449197,2005.8128342245989,42.77807486631016,1.967914438502674,1.267379679144385,3.2941176470588234,1.4919786096256684,1.786096256684492,1.2994652406417113,148
1080416.0668449197,2005.8128342245989,42.77807486631016,1.967914438502674,1.267379679144385,3.2941176470588234,1.4919786096256684,1.786096256684492,1.2994652406417113,83
1080416.0668449197,2005.8128342245989,42.77807486631016,1.967914438502674,1.267379679144385,3.2941176470588234,1.4919786096256684,1.786096256684492,1.2994652406417113,94
1080416.0668449197,2005.8128342245989,42.77807486631016,1.967914438502674,1.267379679144385,3.2941176470588234,1.4919786096256684,1.786096256684492,1.2994652406417113,148
1080416.0668449197,2005.8128342245989,42.77807486631016,1.967914438502674,1.267379679144385,3.2941176470588234,1.4919786096256684,1.786096256684492,1.2994652406417113,272
1080416.0668449197,2005.8128342245989,42.77807486631016,1.967914438502674,1.267379679144385,3.2941176470588234,1.4919786096256684,1.786096256684492,1.2994652406417113,148
1080416.0668449197,2005.8128342245989,42.77807486631016,1.967914438502674,1.267379679144385,3.2941176470588234,1.4919786096256684,1.786096256684492,1.2994652406417113,148
1080416.0668449197,2005.8128342245989,42.77807486631016,1.967914438502674,1.267379679144385,3.2941176470588234,1.4919786096256684,1.786096256684492,1.2994652406417113,94
1080416.0668449197,2005.8128342245989,42.77807486631016,1.967914438502674,1.267379679144385,3.2941176470588234,1.4919786096256684,1.786096256684492,1.2994652406417113,94
1080416.0668449197,2005.8128342245989,42.77807486631016,1.967914438502674,1.267379679144385,3.2941176470588234,1.4919786096256684,1.786096256684492,1.2994652406417113,94
1080416.0668449197,2005.8128342245989,42.77807486631016,1.967914438502674,1.267379679144385,3.2941176470588234,1.4919786096256684,1.786096256684492,1.2994652406417113,94
1080416.0668449197,2005.8128342245989,42.77807486631016,1.967914438502674,1.267379679144385,3.2941176470588234,1.4919786096256684,1.786096256684492,1.2994652406417113,115
1080416.0668449197,2005.8128342245989,42.77807486631016,1.967914438502674,1.267379679144385,3.2941176470588234,1.4919786096256684,1.786096256684492,1.2994652406417113,161
1080416.0668449197,2005.8128342245989,42.77807486631016,1.967914438502674,1.267379679144385,3.2941176470588234,1.4919786096256684,1.786096256684492,1.2994652406417113,159
1080416.0668449197,2005.8128342245989,42.77807486631016,1.967914438502674,1.267379679144385,3.2941176470588234,1.4919786096256684,1.786096256684492,1.2994652406417113,83
1080416.0668449197,2005.8128342245989,42.77807486631016,1.967914438502674,1.267379679144385,3.2941176470588234,1.4919786096256684,1.786096256684492,1.2994652406417113,115
1080416.0668449197,2005.8128342245989,42.77807486631016,1.967914438502674,1.267379679144385,3.2941176470588234,1.4919786096256684,1.786096256684492,1.2994652406417113,148
1080416.0668449197,2005.8128342245989,42.77807486631016,1.967914438502674,1.267379679144385,3.2941176470588234,1.4919786096256684,1.786096256684492,1.2994652406417113,94
1080416.0668449197,2005.8128342245989,42.77807486631016,1.967914438502674,1.267379679144385,3.2941176470588234,1.4919786096256684,1.786096256684492,1.2994652406417113,61
1080416.0668449197,2005.8128342245989,42.77807486631016,1.967914438502674,1.267379679144385,3.2941176470588234,1.4919786096256684,1.786096256684492,1.2994652406417113,137
1080416.0668449197,2005.8128342245989,42.77807486631016,1.967914438502674,1.267379679144385,3.2941176470588234,1.4919786096256684,1.786096256684492,1.2994652406417113,83
1080416.0668449197,2005.8128342245989,42.77807486631016,1.967914438502674,1.267379679144385,3.2941176470588234,1.4919786096256684,1.786096256684492,1.2994652406417113,148
1080416.0668449197,2005.8128342245989,42.77807486631016,1.967914438502674,1.267379679144385,3.2941176470588234,1.4919786096256684,1.786096256684492,1.2994652406417113,94
1080416.0668449197,2005.8128342245989,42.77807486631016,1.967914438502674,1.267379679144385,3.2941176470588234,1.4919786096256684,1.786096256684492,1.2994652406417113,94
1080416.0668449197,2005.8128342245989,42.77807486631016,1.967914438502674,1.267379679144385,3.2941176470588234,1.4919786096256684,1.786096256684492,1.2994652406417113,104
1080416.0668449197,2005.8128342245989,42.77807486631016,1.967914438502674,1.267379679144385,3.2941176470588234,1.4919786096256684,1.786096256684492,1.2994652406417113,114
1080416.0668449197,2005.8128342245989,42.77807486631016,1.967914438502674,1.267379679144385,3.2941176470588234,1.4919786096256684,1.786096256684492,1.2994652406417113,48
1080416.0668449197,2005.8128342245989,42.77807486631016,1.967914438502674,1.267379679144385,3.2941176470588234,1.4919786096256684,1.786096256684492,1.2994652406417113,114
1080416.0668449197,2005.8128342245989,42.77807486631016,1.967914438502674,1.267379679144385,3.2941176470588234,1.4919786096256684,1.786096256684492,1.2994652406417113,148
1080416.0668449197,2005.8128342245989,42.77807486631016,1.967914438502674,1.267379679144385,3.2941176470588234,1.4919786096256684,1.786096256684492,1.2994652406417113,161
1080416.0668449197,2005.8128342245989,42.77807486631016,1.967914438502674,1.267379679144385,3.2941176470588234,1.4919786096256684,1.786096256684492,1.2994652406417113,268
1080416.0668449197,2005.8128342245989,42.77807486631016,1.967914438502674,1.267379679144385,3.2941176470588234,1.4919786096256684,1.786096256684492,1.2994652406417113,140
1080416.0668449197,2005.8128342245989,42.77807486631016,1.967914438502674,1.267379679144385,3.2941176470588234,1.4919786096256684,1.786096256684492,1.2994652406417113,94
1080416.0668449197,2005.8128342245989,42.77807486631016,1.967914438502674,1.267379679144385,3.2941176470588234,1.4919786096256684,1.786096256684492,1.2994652406417113,94
1080416.0668449197,2005.8128342245989,42.77807486631016,1.967914438502674,1.267379679144385,3.2941176470588234,1.4919786096256684,1.786096256684492,1.2994652406417113,50
1080416.0668449197,2005.8128342245989,42.77807486631016,1.967914438502674,1.267379679144385,3.2941176470588234,1.4919786096256684,1.786096256684492,1.2994652406417113,137
1080416.0668449197,2005.8128342245989,42.77807486631016,1.967914438502674,1.267379679144385,3.2941176470588234,1.4919786096256684,1.786096256684492,1.2994652406417113,161
1080416.0668449197,2005.8128342245989,42.77807486631016,1.967914438502674,1.267379679144385,3.2941176470588234,1.4919786096256684,1.786096256684492,1.2994652406417113,83
1080416.0668449197,2005.8128342245989,42.77807486631016,1.967914438502674,1.267379679144385,3.2941176470588234,1.4919786096256684,1.786096256684492,1.2994652406417113,50
1080416.0668449197,2005.8128342245989,42.77807486631016,1.967914438502674,1.267379679144385,3.2941176470588234,1.4919786096256684,1.786096256684492,1.2994652406417113,114
1080416.0668449197,2005.8128342245989,42.77807486631016,1.967914438502674,1.267379679144385,3.2941176470588234,1.4919786096256684,1.786096256684492,1.2994652406417113,104
1080416.0668449197,2005.8128342245989,42.77807486631016,1.967914438502674,1.267379679144385,3.2941176470588234,1.4919786096256684,1.786096256684492,1.2994652406417113,48
1080416.0668449197,2005.8128342245989,42.77807486631016,1.967914438502674,1.267379679144385,3.2941176470588234,1.4919786096256684,1.786096256684492,1.2994652406417113,114
1080416.0668449197,2005.8128342245989,42.77807486631016,1.967914438502674,1.267379679144385,3.2941176470588234,1.4919786096256684,1.786096256684492,1.2994652406417113,83
1080416.0668449197,2005.8128342245989,42.77807486631016,1.967914438502674,1.267379679144385,3.2941176470588234,1.4919786096256684,1.786096256684492,1.2994652406417113,94
1080416.0668449197,2005.8128342245989,42.77807486631016,1.967914438502674,1.267379679144385,3.2941176470588234,1.4919786096256684,1.786096256684492,1.2994652406417113,148
1080416.0668449197,2005.8128342245989,42.77807486631016,1.967914438502674,1.267379679144385,3.2941176470588234,1.4919786096256684,1.786096256684492,1.2994652406417113,61
1080416.0668449197,2005.8128342245989,42.77807486631016,1.967914438502674,1.267379679144385,3.2941176470588234,1.4919786096256684,1.786096256684492,1.2994652406417113,161
1080416.0668449197,2005.8128342245989,42.77807486631016,1.967914438502674,1.267379679144385,3.2941176470588234,1.4919786096256684,1.786096256684492,1.2994652406417113,161
1080416.0668449197,2005.8128342245989,42.77807486631016,1.967914438502674,1.267379679144385,3.2941176470588234,1.4919786096256684,1.786096256684492,1.2994652406417113,115
1080416.0668449197,2005.8128342245989,42.77807486631016,1.967914438502674,1.267379679144385,3.2941176470588234,1.4919786096256684,1.786096256684492,1.2994652406417113,148
1080416.0668449197,2005.8128342245989,42.77807486631016,1.967914438502674,1.267379679144385,3.2941176470588234,1.4919786096256684,1.786096256684492,1.2994652406417113,115
1080416.0668449197,2005.8128342245989,42.77807486631016,1.967914438502674,1.267379679144385,3.2941176470588234,1.4919786096256684,1.786096256684492,1.2994652406417113,114
1080416.0668449197,2005.8128342245989,42.77807486631016,1.967914438502674,1.267379679144385,3.2941176470588234,1.4919786096256684,1.786096256684492,1.2994652406417113,83
1080416.0668449197,2005.8128342245989,42.77807486631016,1.967914438502674,1.267379679144385,3.2941176470588234,1.4919786096256684,1.786096256684492,1.2994652406417113,83
1080416.0668449197,2005.8128342245989,42.77807486631016,1.967914438502674,1.267379679144385,3.2941176470588234,1.4919786096256684,1.786096256684492,1.2994652406417113,94
1080416.0668449197,2005.8128342245989,42.77807486631016,1.967914438502674,1.267379679144385,3.2941176470588234,1.4919786096256684,1.786096256684492,1.2994652406417113,148
1080416.0668449197,2005.8128342245989,42.77807486631016,1.967914438502674,1.267379679144385,3.2941176470588234,1.4919786096256684,1.786096256684492,1.2994652406417113,94
1080416.0668449197,2005.8128342245989,42.77807486631016,1.967914438502674,1.267379679144385,3.2941176470588234,1.4919786096256684,1.786096256684492,1.2994652406417113,161
1080416.0668449197,2005.8128342245989,42.77807486631016,1.967914438502674,1.267379679144385,3.2941176470588234,1.4919786096256684,1.786096256684492,1.2994652406417113,148
1080416.0668449197,2005.8128342245989,42.77807486631016,1.967914438502674,1.267379679144385,3.2941176470588234,1.4919786096256684,1.786096256684492,1.2994652406417113,50
1080416.0668449197,2005.8128342245989,42.77807486631016,1.967914438502674,1.267379679144385,3.2941176470588234,1.4919786096256684,1.786096256684492,1.2994652406417113,94
1080416.0668449197,2005.8128342245989,42.77807486631016,1.967914438502674,1.267379679144385,3.2941176470588234,1.4919786096256684,1.786096256684492,1.2994652406417113,104
1080416.0668449197,2005.8128342245989,42.77807486631016,1.967914438502674,1.267379679144385,3.2941176470588234,1.4919786096256684,1.786096256684492,1.2994652406417113,94
1080416.0668449197,2005.8128342245989,42.77807486631016,1.967914438502674,1.267379679144385,3.2941176470588234,1.4919786096256684,1.786096256684492,1.2994652406417113,140
1080416.0668449197,2005.8128342245989,42.77807486631016,1.967914438502674,1.267379679144385,3.2941176470588234,1.4919786096256684,1.786096256684492,1.2994652406417113,162
1080416.0668449197,2005.8128342245989,42.77807486631016,1.967914438502674,1.267379679144385,3.2941176470588234,1.4919786096256684,1.786096256684492,1.2994652406417113,148
1080416.0668449197,2005.8128342245989,42.77807486631016,1.967914438502674,1.267379679144385,3.2941176470588234,1.4919786096256684,1.786096256684492,1.2994652406417113,94
1080416.0668449197,2005.8128342245989,42.77807486631016,1.967914438502674,1.267379679144385,3.2941176470588234,1.4919786096256684,1.786096256684492,1.2994652406417113,94
1080416.0668449197,2005.8128342245989,42.77807486631016,1.967914438502674,1.267379679144385,3.2941176470588234,1.4919786096256684,1.786096256684492,1.2994652406417113,151
1080416.0668449197,2005.8128342245989,42.77807486631016,1.967914438502674,1.267379679144385,3.2941176470588234,1.4919786096256684,1.786096256684492,1.2994652406417113,94
1080416.0668449197,2005.8128342245989,42.77807486631016,1.967914438502674,1.267379679144385,3.2941176470588234,1.4919786096256684,1.786096256684492,1.2994652406417113,94
1080416.0668449197,2005.8128342245989,42.77807486631016,1.967914438502674,1.267379679144385,3.2941176470588234,1.4919786096256684,1.786096256684492,1.2994652406417113,148
1080416.0668449197,2005.8128342245989,42.77807486631016,1.967914438502674,1.267379679144385,3.2941176470588234,1.4919786096256684,1.786096256684492,1.2994652406417113,94
1080416.0668449197,2005.8128342245989,42.77807486631016,1.967914438502674,1.267379679144385,3.2941176470588234,1.4919786096256684,1.786096256684492,1.2994652406417113,94
1080416.0668449197,2005.8128342245989,42.77807486631016,1.967914438502674,1.267379679144385,3.2941176470588234,1.4919786096256684,1.786096256684492,1.2994652406417113,137
1080416.0668449197,2005.8128342245989,42.77807486631016,1.967914438502674,1.267379679144385,3.2941176470588234,1.4919786096256684,1.786096256684492,1.2994652406417113,272
1080416.0668449197,2005.8128342245989,42.77807486631016,1.967914438502674,1.267379679144385,3.2941176470588234,1.4919786096256684,1.786096256684492,1.2994652406417113,268
1080416.0668449197,2005.8128342245989,42.77807486631016,1.967914438502674,1.267379679144385,3.2941176470588234,1.4919786096256684,1.786096256684492,1.2994652406417113,148
1080416.0668449197,2005.8128342245989,42.77807486631016,1.967914438502674,1.267379679144385,3.2941176470588234,1.4919786096256684,1.786096256684492,1.2994652406417113,83
1080416.0668449197,2005.8128342245989,42.77807486631016,1.967914438502674,1.267379679144385,3.2941176470588234,1.4919786096256684,1.786096256684492,1.2994652406417113,150
1080416.0668449197,2005.8128342245989,42.77807486631016,1.967914438502674,1.267379679144385,3.2941176470588234,1.4919786096256684,1.786096256684492,1.2994652406417113,148
1080416.0668449197,2005.8128342245989,42.77807486631016,1.967914438502674,1.267379679144385,3.2941176470588234,1.4919786096256684,1.786096256684492,1.2994652406417113,148
1080416.0668449197,2005.8128342245989,42.77807486631016,1.967914438502674,1.267379679144385,3.2941176470588234,1.4919786096256684,1.786096256684492,1.2994652406417113,148
1080416.0668449197,2005.8128342245989,42.77807486631016,1.967914438502674,1.267379679144385,3.2941176470588234,1.4919786096256684,1.786096256684492,1.2994652406417113,114
1080416.0668449197,2005.8128342245989,42.77807486631016,1.967914438502674,1.267379679144385,3.2941176470588234,1.4919786096256684,1.786096256684492,1.2994652406417113,50
1080416.0668449197,2005.8128342245989,42.77807486631016,1.967914438502674,1.267379679144385,3.2941176470588234,1.4919786096256684,1.786096256684492,1.2994652406417113,94
1080416.0668449197,2005.8128342245989,42.77807486631016,1.967914438502674,1.267379679144385,3.2941176470588234,1.4919786096256684,1.786096256684492,1.2994652406417113,83
1080416.0668449197,2005.8128342245989,42.77807486631016,1.967914438502674,1.267379679144385,3.2941176470588234,1.4919786096256684,1.786096256684492,1.2994652406417113,83
1080416.0668449197,2005.8128342245989,42.77807486631016,1.967914438502674,1.267379679144385,3.2941176470588234,1.4919786096256684,1.786096256684492,1.2994652406417113,94
1080416.0668449197,2005.8128342245989,42.77807486631016,1.967914438502674,1.267379679144385,3.2941176470588234,1.4919786096256684,1.786096256684492,1.2994652406417113,114
1080416.0668449197,2005.8128342245989,42.77807486631016,1.967914438502674,1.267379679144385,3.2941176470588234,1.4919786096256684,1.786096256684492,1.2994652406417113,151
1080416.0668449197,2005.8128342245989,42.77807486631016,1.967914438502674,1.267379679144385,3.2941176470588234,1.4919786096256684,1.786096256684492,1.2994652406417113,115
1080416.0668449197,2005.8128342245989,42.77807486631016,1.967914438502674,1.267379679144385,3.2941176470588234,1.4919786096256684,1.786096256684492,1.2994652406417113,268
1080416.0668449197,2005.8128342245989,42.77807486631016,1.967914438502674,1.267379679144385,3.2941176470588234,1.4919786096256684,1.786096256684492,1.2994652406417113,83
1080416.0668449197,2005.8128342245989,42.77807486631016,1.967914438502674,1.267379679144385,3.2941176470588234,1.4919786096256684,1.786096256684492,1.2994652406417113,83
1080416.0668449197,2005.8128342245989,42.77807486631016,1.967914438502674,1.267379679144385,3.2941176470588234,1.4919786096256684,1.786096256684492,1.2994652406417113,148
1080416.0668449197,2005.8128342245989,42.77807486631016,1.967914438502674,1.267379679144385,3.2941176470588234,1.4919786096256684,1.786096256684492,1.2994652406417113,148
1080416.0668449197,2005.8128342245989,42.77807486631016,1.967914438502674,1.267379679144385,3.2941176470588234,1.4919786096256684,1.786096256684492,1.2994652406417113,104
1080416.0668449197,2005.8128342245989,42.77807486631016,1.967914438502674,1.267379679144385,3.2941176470588234,1.4919786096256684,1.786096256684492,1.2994652406417113,104
1080416.0668449197,2005.8128342245989,42.77807486631016,1.967914438502674,1.267379679144385,3.2941176470588234,1.4919786096256684,1.786096256684492,1.2994652406417113,148
1080416.0668449197,2005.8128342245989,42.77807486631016,1.967914438502674,1.267379679144385,3.2941176470588234,1.4919786096256684,1.786096256684492,1.2994652406417113,83
1080416.0668449197,2005.8128342245989,42.77807486631016,1.967914438502674,1.267379679144385,3.2941176470588234,1.4919786096256684,1.786096256684492,1.2994652406417113,150
1080416.0668449197,2005.8128342245989,42.77807486631016,1.967914438502674,1.267379679144385,3.2941176470588234,1.4919786096256684,1.786096256684492,1.2994652406417113,148
1080416.0668449197,2005.8128342245989,42.77807486631016,1.967914438502674,1.267379679144385,3.2941176470588234,1.4919786096256684,1.786096256684492,1.2994652406417113,94
1080416.0668449197,2005.8128342245989,42.77807486631016,1.967914438502674,1.267379679144385,3.2941176470588234,1.4919786096256684,1.786096256684492,1.2994652406417113,148
1080416.0668449197,2005.8128342245989,42.77807486631016,1.967914438502674,1.267379679144385,3.2941176470588234,1.4919786096256684,1.786096256684492,1.2994652406417113,161
1080416.0668449197,2005.8128342245989,42.77807486631016,1.967914438502674,1.267379679144385,3.2941176470588234,1.4919786096256684,1.786096256684492,1.2994652406417113,115
1080416.0668449197,2005.8128342245989,42.77807486631016,1.967914438502674,1.267379679144385,3.2941176470588234,1.4919786096256684,1.786096256684492,1.2994652406417113,148
1080416.0668449197,2005.8128342245989,42.77807486631016,1.967914438502674,1.267379679144385,3.2941176470588234,1.4919786096256684,1.786096256684492,1.2994652406417113,115
1080416.0668449197,2005.8128342245989,42.77807486631016,1.967914438502674,1.267379679144385,3.2941176470588234,1.4919786096256684,1.786096256684492,1.2994652406417113,61
1080416.0668449197,2005.8128342245989,42.77807486631016,1.967914438502674,1.267379679144385,3.2941176470588234,1.4919786096256684,1.786096256684492,1.2994652406417113,114
1080416.0668449197,2005.8128342245989,42.77807486631016,1.967914438502674,1.267379679144385,3.2941176470588234,1.4919786096256684,1.786096256684492,1.2994652406417113,94
1080416.0668449197,2005.8128342245989,42.77807486631016,1.967914438502674,1.267379679144385,3.2941176470588234,1.4919786096256684,1.786096256684492,1.2994652406417113,161
1080416.0668449197,2005.8128342245989,42.77807486631016,1.967914438502674,1.267379679144385,3.2941176470588234,1.4919786096256684,1.786096256684492,1.2994652406417113,94
1080416.0668449197,2005.8128342245989,42.77807486631016,1.967914438502674,1.267379679144385,3.2941176470588234,1.4919786096256684,1.786096256684492,1.2994652406417113,161
1080416.0668449197,2005.8128342245989,42.77807486631016,1.967914438502674,1.267379679144385,3.2941176470588234,1.4919786096256684,1.786096256684492,1.2994652406417113,61
1080416.0668449197,2005.8128342245989,42.77807486631016,1.967914438502674,1.267379679144385,3.2941176470588234,1.4919786096256684,1.786096256684492,1.2994652406417113,140
1080416.0668449197,2005.8128342245989,42.77807486631016,1.967914438502674,1.267379679144385,3.2941176470588234,1.4919786096256684,1.786096256684492,1.2994652406417113,137
1080416.0668449197,2005.8128342245989,42.77807486631016,1.967914438502674,1.267379679144385,3.2941176470588234,1.4919786096256684,1.786096256684492,1.2994652406417113,148
1080416.0668449197,2005.8128342245989,42.77807486631016,1.967914438502674,1.267379679144385,3.2941176470588234,1.4919786096256684,1.786096256684492,1.2994652406417113,148
1080416.0668449197,2005.8128342245989,42.77807486631016,1.967914438502674,1.267379679144385,3.2941176470588234,1.4919786096256684,1.786096256684492,1.2994652406417113,94
1080416.0668449197,2005.8128342245989,42.77807486631016,1.967914438502674,1.267379679144385,3.2941176470588234,1.4919786096256684,1.786096256684492,1.2994652406417113,148
1080416.0668449197,2005.8128342245989,42.77807486631016,1.967914438502674,1.267379679144385,3.2941176470588234,1.4919786096256684,1.786096256684492,1.2994652406417113,148
1080416.0668449197,2005.8128342245989,42.77807486631016,1.967914438502674,1.267379679144385,3.2941176470588234,1.4919786096256684,1.786096256684492,1.2994652406417113,94
1080416.0668449197,2005.8128342245989,42.77807486631016,1.967914438502674,1.267379679144385,3.2941176470588234,1.4919786096256684,1.786096256684492,1.2994652406417113,94
1080416.0668449197,2005.8128342245989,42.77807486631016,1.967914438502674,1.267379679144385,3.2941176470588234,1.4919786096256684,1.786096256684492,1.2994652406417113,94
1080416.0668449197,2005.8128342245989,42.77807486631016,1.967914438502674,1.267379679144385,3.2941176470588234,1.4919786096256684,1.786096256684492,1.2994652406417113,161
1080416.0668449197,2005.8128342245989,42.77807486631016,1.967914438502674,1.267379679144385,3.2941176470588234,1.4919786096256684,1.786096256684492,1.2994652406417113,94
1080416.0668449197,2005.8128342245989,42.77807486631016,1.967914438502674,1.267379679144385,3.2941176470588234,1.4919786096256684,1.786096256684492,1.2994652406417113,94
1080416.0668449197,2005.8128342245989,42.77807486631016,1.967914438502674,1.267379679144385,3.2941176470588234,1.4919786096256684,1.786096256684492,1.2994652406417113,83
1080416.0668449197,2005.8128342245989,42.77807486631016,1.967914438502674,1.267379679144385,3.2941176470588234,1.4919786096256684,1.786096256684492,1.2994652406417113,94
1080416.0668449197,2005.8128342245989,42.77807486631016,1.967914438502674,1.267379679144385,3.2941176470588234,1.4919786096256684,1.786096256684492,1.2994652406417113,94
1080416.0668449197,2005.8128342245989,42.77807486631016,1.967914438502674,1.267379679144385,3.2941176470588234,1.4919786096256684,1.786096256684492,1.2994652406417113,148
1080416.0668449197,2005.8128342245989,42.77807486631016,1.967914438502674,1.267379679144385,3.2941176470588234,1.4919786096256684,1.786096256684492,1.2994652406417113,148
1080416.0668449197,2005.8128342245989,42.77807486631016,1.967914438502674,1.267379679144385,3.2941176470588234,1.4919786096256684,1.786096256684492,1.2994652406417113,104
1080416.0668449197,2005.8128342245989,42.77807486631016,1.967914438502674,1.267379679144385,3.2941176470588234,1.4919786096256684,1.786096256684492,1.2994652406417113,114
1080416.0668449197,2005.8128342245989,42.77807486631016,1.967914438502674,1.267379679144385,3.2941176470588234,1.4919786096256684,1.786096256684492,1.2994652406417113,104
1080416.0668449197,2005.8128342245989,42.77807486631016,1.967914438502674,1.267379679144385,3.2941176470588234,1.4919786096256684,1.786096256684492,1.2994652406417113,148
1080416.0668449197,2005.8128342245989,42.77807486631016,1.967914438502674,1.267379679144385,3.2941176470588234,1.4919786096256684,1.786096256684492,1.2994652406417113,148
1080416.0668449197,2005.8128342245989,42.77807486631016,1.967914438502674,1.267379679144385,3.2941176470588234,1.4919786096256684,1.786096256684492,1.2994652406417113,94
1080416.0668449197,2005.8128342245989,42.77807486631016,1.967914438502674,1.267379679144385,3.2941176470588234,1.4919786096256684,1.786096256684492,1.2994652406417113,137
1080416.0668449197,2005.8128342245989,42.77807486631016,1.967914438502674,1.267379679144385,3.2941176470588234,1.4919786096256684,1.786096256684492,1.2994652406417113,94
1080416.0668449197,2005.8128342245989,42.77807486631016,1.967914438502674,1.267379679144385,3.2941176470588234,1.4919786096256684,1.786096256684492,1.2994652406417113,83
1080416.0668449197,2005.8128342245989,42.77807486631016,1.967914438502674,1.267379679144385,3.2941176470588234,1.4919786096256684,1.786096256684492,1.2994652406417113,148
1080416.0668449197,2005.8128342245989,42.77807486631016,1.967914438502674,1.267379679144385,3.2941176470588234,1.4919786096256684,1.786096256684492,1.2994652406417113,279
1080416.0668449197,2005.8128342245989,42.77807486631016,1.967914438502674,1.267379679144385,3.2941176470588234,1.4919786096256684,1.786096256684492,1.2994652406417113,161
1080416.0668449197,2005.8128342245989,42.77807486631016,1.967914438502674,1.267379679144385,3.2941176470588234,1.4919786096256684,1.786096256684492,1.2994652406417113,94
1080416.0668449197,2005.8128342245989,42.77807486631016,1.967914438502674,1.267379679144385,3.2941176470588234,1.4919786096256684,1.786096256684492,1.2994652406417113,161
1080416.0668449197,2005.8128342245989,42.77807486631016,1.967914438502674,1.267379679144385,3.2941176470588234,1.4919786096256684,1.786096256684492,1.2994652406417113,94
1080416.0668449197,2005.8128342245989,42.77807486631016,1.967914438502674,1.267379679144385,3.2941176470588234,1.4919786096256684,1.786096256684492,1.2994652406417113,115
1080416.0668449197,2005.8128342245989,42.77807486631016,1.967914438502674,1.267379679144385,3.2941176470588234,1.4919786096256684,1.786096256684492,1.2994652406417113,184
1080416.0668449197,2005.8128342245989,42.77807486631016,1.967914438502674,1.267379679144385,3.2941176470588234,1.4919786096256684,1.786096256684492,1.2994652406417113,83
1080416.0668449197,2005.8128342245989,42.77807486631016,1.967914438502674,1.267379679144385,3.2941176470588234,1.4919786096256684,1.786096256684492,1.2994652406417113,83
1080416.0668449197,2005.8128342245989,42.77807486631016,1.967914438502674,1.267379679144385,3.2941176470588234,1.4919786096256684,1.786096256684492,1.2994652406417113,94
1080416.0668449197,2005.8128342245989,42.77807486631016,1.967914438502674,1.267379679144385,3.2941176470588234,1.4919786096256684,1.786096256684492,1.2994652406417113,148
1080416.0668449197,2005.8128342245989,42.77807486631016,1.967914438502674,1.267379679144385,3.2941176470588234,1.4919786096256684,1.786096256684492,1.2994652406417113,114
1080416.0668449197,2005.8128342245989,42.77807486631016,1.967914438502674,1.267379679144385,3.2941176470588234,1.4919786096256684,1.786096256684492,1.2994652406417113,94
1080416.0668449197,2005.8128342245989,42.77807486631016,1.967914438502674,1.267379679144385,3.2941176470588234,1.4919786096256684,1.786096256684492,1.2994652406417113,140
1080416.0668449197,2005.8128342245989,42.77807486631016,1.967914438502674,1.267379679144385,3.2941176470588234,1.4919786096256684,1.786096256684492,1.2994652406417113,94
1080416.0668449197,2005.8128342245989,42.77807486631016,1.967914438502674,1.267379679144385,3.2941176470588234,1.4919786096256684,1.786096256684492,1.2994652406417113,94
1080416.0668449197,2005.8128342245989,42.77807486631016,1.967914438502674,1.267379679144385,3.2941176470588234,1.4919786096256684,1.786096256684492,1.2994652406417113,161
1080416.0668449197,2005.8128342245989,42.77807486631016,1.967914438502674,1.267379679144385,3.2941176470588234,1.4919786096256684,1.786096256684492,1.2994652406417113,148
1080416.0668449197,2005.8128342245989,42.77807486631016,1.967914438502674,1.267379679144385,3.2941176470588234,1.4919786096256684,1.786096256684492,1.2994652406417113,61
1080416.0668449197,2005.8128342245989,42.77807486631016,1.967914438502674,1.267379679144385,3.2941176470588234,1.4919786096256684,1.786096256684492,1.2994652406417113,94
1080416.0668449197,2005.8128342245989,42.77807486631016,1.967914438502674,1.267379679144385,3.2941176470588234,1.4919786096256684,1.786096256684492,1.2994652406417113,148
1080416.0668449197,2005.8128342245989,42.77807486631016,1.967914438502674,1.267379679144385,3.2941176470588234,1.4919786096256684,1.786096256684492,1.2994652406417113,161
1080416.0668449197,2005.8128342245989,42.77807486631016,1.967914438502674,1.267379679144385,3.2941176470588234,1.4919786096256684,1.786096256684492,1.2994652406417113,115
1080416.0668449197,2005.8128342245989,42.77807486631016,1.967914438502674,1.267379679144385,3.2941176470588234,1.4919786096256684,1.786096256684492,1.2994652406417113,115
1080416.0668449197,2005.8128342245989,42.77807486631016,1.967914438502674,1.267379679144385,3.2941176470588234,1.4919786096256684,1.786096256684492,1.2994652406417113,114
1080416.0668449197,2005.8128342245989,42.77807486631016,1.967914438502674,1.267379679144385,3.2941176470588234,1.4919786096256684,1.786096256684492,1.2994652406417113,83
1080416.0668449197,2005.8128342245989,42.77807486631016,1.967914438502674,1.267379679144385,3.2941176470588234,1.4919786096256684,1.786096256684492,1.2994652406417113,148
1080416.0668449197,2005.8128342245989,42.77807486631016,1.967914438502674,1.267379679144385,3.2941176470588234,1.4919786096256684,1.786096256684492,1.2994652406417113,61
1080416.0668449197,2005.8128342245989,42.77807486631016,1.967914438502674,1.267379679144385,3.2941176470588234,1.4919786096256684,1.786096256684492,1.2994652406417113,50
1080416.0668449197,2005.8128342245989,42.77807486631016,1.967914438502674,1.267379679144385,3.2941176470588234,1.4919786096256684,1.786096256684492,1.2994652406417113,148
1080416.0668449197,2005.8128342245989,42.77807486631016,1.967914438502674,1.267379679144385,3.2941176470588234,1.4919786096256684,1.786096256684492,1.2994652406417113,150
1080416.0668449197,2005.8128342245989,42.77807486631016,1.967914438502674,1.267379679144385,3.2941176470588234,1.4919786096256684,1.786096256684492,1.2994652406417113,140
1080416.0668449197,2005.8128342245989,42.77807486631016,1.967914438502674,1.267379679144385,3.2941176470588234,1.4919786096256684,1.786096256684492,1.2994652406417113,94
1080416.0668449197,2005.8128342245989,42.77807486631016,1.967914438502674,1.267379679144385,3.2941176470588234,1.4919786096256684,1.786096256684492,1.2994652406417113,148
1080416.0668449197,2005.8128342245989,42.77807486631016,1.967914438502674,1.267379679144385,3.2941176470588234,1.4919786096256684,1.786096256684492,1.2994652406417113,94
1080416.0668449197,2005.8128342245989,42.77807486631016,1.967914438502674,1.267379679144385,3.2941176470588234,1.4919786096256684,1.786096256684492,1.2994652406417113,94
1080416.0668449197,2005.8128342245989,42.77807486631016,1.967914438502674,1.267379679144385,3.2941176470588234,1.4919786096256684,1.786096256684492,1.2994652406417113,104
1080416.0668449197,2005.8128342245989,42.77807486631016,1.967914438502674,1.267379679144385,3.2941176470588234,1.4919786096256684,1.786096256684492,1.2994652406417113,114
1080416.0668449197,2005.8128342245989,42.77807486631016,1.967914438502674,1.267379679144385,3.2941176470588234,1.4919786096256684,1.786096256684492,1.2994652406417113,61
1080416.0668449197,2005.8128342245989,42.77807486631016,1.967914438502674,1.267379679144385,3.2941176470588234,1.4919786096256684,1.786096256684492,1.2994652406417113,83
1080416.0668449197,2005.8128342245989,42.77807486631016,1.967914438502674,1.267379679144385,3.2941176470588234,1.4919786096256684,1.786096256684492,1.2994652406417113,148
1080416.0668449197,2005.8128342245989,42.77807486631016,1.967914438502674,1.267379679144385,3.2941176470588234,1.4919786096256684,1.786096256684492,1.2994652406417113,94
1080416.0668449197,2005.8128342245989,42.77807486631016,1.967914438502674,1.267379679144385,3.2941176470588234,1.4919786096256684,1.786096256684492,1.2994652406417113,184
1080416.0668449197,2005.8128342245989,42.77807486631016,1.967914438502674,1.267379679144385,3.2941176470588234,1.4919786096256684,1.786096256684492,1.2994652406417113,150
1080416.0668449197,2005.8128342245989,42.77807486631016,1.967914438502674,1.267379679144385,3.2941176470588234,1.4919786096256684,1.786096256684492,1.2994652406417113,114
1080416.0668449197,2005.8128342245989,42.77807486631016,1.967914438502674,1.267379679144385,3.2941176470588234,1.4919786096256684,1.786096256684492,1.2994652406417113,94
1080416.0668449197,2005.8128342245989,42.77807486631016,1.967914438502674,1.267379679144385,3.2941176470588234,1.4919786096256684,1.786096256684492,1.2994652406417113,94
1080416.0668449197,2005.8128342245989,42.77807486631016,1.967914438502674,1.267379679144385,3.2941176470588234,1.4919786096256684,1.786096256684492,1.2994652406417113,115
1080416.0668449197,2005.8128342245989,42.77807486631016,1.967914438502674,1.267379679144385,3.2941176470588234,1.4919786096256684,1.786096256684492,1.2994652406417113,94
1080416.0668449197,2005.8128342245989,42.77807486631016,1.967914438502674,1.267379679144385,3.2941176470588234,1.4919786096256684,1.786096256684492,1.2994652406417113,148
1080416.0668449197,2005.8128342245989,42.77807486631016,1.967914438502674,1.267379679144385,3.2941176470588234,1.4919786096256684,1.786096256684492,1.2994652406417113,114
1080416.0668449197,2005.8128342245989,42.77807486631016,1.967914438502674,1.267379679144385,3.2941176470588234,1.4919786096256684,1.786096256684492,1.2994652406417113,104
1080416.0668449197,2005.8128342245989,42.77807486631016,1.967914438502674,1.267379679144385,3.2941176470588234,1.4919786096256684,1.786096256684492,1.2994652406417113,115
1080416.0668449197,2005.8128342245989,42.77807486631016,1.967914438502674,1.267379679144385,3.2941176470588234,1.4919786096256684,1.786096256684492,1.2994652406417113,148
1080416.0668449197,2005.8128342245989,42.77807486631016,1.967914438502674,1.267379679144385,3.2941176470588234,1.4919786096256684,1.786096256684492,1.2994652406417113,94
1080416.0668449197,2005.8128342245989,42.77807486631016,1.967914438502674,1.267379679144385,3.2941176470588234,1.4919786096256684,1.786096256684492,1.2994652406417113,148
1080416.0668449197,2005.8128342245989,42.77807486631016,1.967914438502674,1.267379679144385,3.2941176470588234,1.4919786096256684,1.786096256684492,1.2994652406417113,148
1080416.0668449197,2005.8128342245989,42.77807486631016,1.967914438502674,1.267379679144385,3.2941176470588234,1.4919786096256684,1.786096256684492,1.2994652406417113,94
1080416.0668449197,2005.8128342245989,42.77807486631016,1.967914438502674,1.267379679144385,3.2941176470588234,1.4919786096256684,1.786096256684492,1.2994652406417113,83
1080416.0668449197,2005.8128342245989,42.77807486631016,1.967914438502674,1.267379679144385,3.2941176470588234,1.4919786096256684,1.786096256684492,1.2994652406417113,83
1080416.0668449197,2005.8128342245989,42.77807486631016,1.967914438502674,1.267379679144385,3.2941176470588234,1.4919786096256684,1.786096256684492,1.2994652406417113,161
1080416.0668449197,2005.8128342245989,42.77807486631016,1.967914438502674,1.267379679144385,3.2941176470588234,1.4919786096256684,1.786096256684492,1.2994652406417113,50
1080416.0668449197,2005.8128342245989,42.77807486631016,1.967914438502674,1.267379679144385,3.2941176470588234,1.4919786096256684,1.786096256684492,1.2994652406417113,161
1080416.0668449197,2005.8128342245989,42.77807486631016,1.967914438502674,1.267379679144385,3.2941176470588234,1.4919786096256684,1.786096256684492,1.2994652406417113,94
1080416.0668449197,2005.8128342245989,42.77807486631016,1.967914438502674,1.267379679144385,3.2941176470588234,1.4919786096256684,1.786096256684492,1.2994652406417113,161
1080416.0668449197,2005.8128342245989,42.77807486631016,1.967914438502674,1.267379679144385,3.2941176470588234,1.4919786096256684,1.786096256684492,1.2994652406417113,148
1080416.0668449197,2005.8128342245989,42.77807486631016,1.967914438502674,1.267379679144385,3.2941176470588234,1.4919786096256684,1.786096256684492,1.2994652406417113,83
1080416.0668449197,2005.8128342245989,42.77807486631016,1.967914438502674,1.267379679144385,3.2941176470588234,1.4919786096256684,1.786096256684492,1.2994652406417113,83
1080416.0668449197,2005.8128342245989,42.77807486631016,1.967914438502674,1.267379679144385,3.2941176470588234,1.4919786096256684,1.786096256684492,1.2994652406417113,94
1080416.0668449197,2005.8128342245989,42.77807486631016,1.967914438502674,1.267379679144385,3.2941176470588234,1.4919786096256684,1.786096256684492,1.2994652406417113,115
1080416.0668449197,2005.8128342245989,42.77807486631016,1.967914438502674,1.267379679144385,3.2941176470588234,1.4919786096256684,1.786096256684492,1.2994652406417113,148
1080416.0668449197,2005.8128342245989,42.77807486631016,1.967914438502674,1.267379679144385,3.2941176470588234,1.4919786096256684,1.786096256684492,1.2994652406417113,61
1080416.0668449197,2005.8128342245989,42.77807486631016,1.967914438502674,1.267379679144385,3.2941176470588234,1.4919786096256684,1.786096256684492,1.2994652406417113,148
1080416.0668449197,2005.8128342245989,42.77807486631016,1.967914438502674,1.267379679144385,3.2941176470588234,1.4919786096256684,1.786096256684492,1.2994652406417113,279
1080416.0668449197,2005.8128342245989,42.77807486631016,1.967914438502674,1.267379679144385,3.2941176470588234,1.4919786096256684,1.786096256684492,1.2994652406417113,161
1080416.0668449197,2005.8128342245989,42.77807486631016,1.967914438502674,1.267379679144385,3.2941176470588234,1.4919786096256684,1.786096256684492,1.2994652406417113,137
1080416.0668449197,2005.8128342245989,42.77807486631016,1.967914438502674,1.267379679144385,3.2941176470588234,1.4919786096256684,1.786096256684492,1.2994652406417113,148
