1633.0,1258.9423076923076,2005.7884615384614,46.82692307692308,1.8653846153846154,3.1538461538461537,3.4038461538461537,1.5961538461538463,1.75,1.2884615384615385,122.53846153846153,135.0
1587.0,1258.9423076923076,2005.7884615384614,46.82692307692308,1.8653846153846154,3.1538461538461537,3.4038461538461537,1.5961538461538463,1.75,1.2884615384615385,122.53846153846153,161.0
262.0,1258.9423076923076,2005.7884615384614,46.82692307692308,1.8653846153846154,3.1538461538461537,3.4038461538461537,1.5961538461538463,1.75,1.2884615384615385,122.53846153846153,135.0
908.0,1258.9423076923076,2005.7884615384614,46.82692307692308,1.8653846153846154,3.1538461538461537,3.4038461538461537,1.5961538461538463,1.75,1.2884615384615385,122.53846153846153,191.0
1848.0,1258.9423076923076,2005.7884615384614,46.82692307692308,1.8653846153846154,3.1538461538461537,3.4038461538461537,1.5961538461538463,1.75,1.2884615384615385,122.53846153846153,108.0
932.0,1258.9423076923076,2005.7884615384614,46.82692307692308,1.8653846153846154,3.1538461538461537,3.4038461538461537,1.5961538461538463,1.75,1.2884615384615385,122.53846153846153,113.0
4.0,1258.9423076923076,2005.7884615384614,46.82692307692308,1.8653846153846154,3.1538461538461537,3.4038461538461537,1.5961538461538463,1.75,1.2884615384615385,122.53846153846153,155.0
44.0,1258.9423076923076,2005.7884615384614,46.82692307692308,1.8653846153846154,3.1538461538461537,3.4038461538461537,1.5961538461538463,1.75,1.2884615384615385,122.53846153846153,74.0
1681.0,1258.9423076923076,2005.7884615384614,46.82692307692308,1.8653846153846154,3.1538461538461537,3.4038461538461537,1.5961538461538463,1.75,1.2884615384615385,122.53846153846153,139.0
715.0,1258.9423076923076,2005.7884615384614,46.82692307692308,1.8653846153846154,3.1538461538461537,3.4038461538461537,1.5961538461538463,1.75,1.2884615384615385,122.53846153846153,65.0
1180.0,1258.9423076923076,2005.7884615384614,46.82692307692308,1.8653846153846154,3.1538461538461537,3.4038461538461537,1.5961538461538463,1.75,1.2884615384615385,122.53846153846153,145.0
167.0,1258.9423076923076,2005.7884615384614,46.82692307692308,1.8653846153846154,3.1538461538461537,3.4038461538461537,1.5961538461538463,1.75,1.2884615384615385,122.53846153846153,69.0
1135.0,1258.9423076923076,2005.7884615384614,46.82692307692308,1.8653846153846154,3.1538461538461537,3.4038461538461537,1.5961538461538463,1.75,1.2884615384615385,122.53846153846153,96.0
347.0,1258.9423076923076,2005.7884615384614,46.82692307692308,1.8653846153846154,3.1538461538461537,3.4038461538461537,1.5961538461538463,1.75,1.2884615384615385,122.53846153846153,100.0
1910.0,1258.9423076923076,2005.7884615384614,46.82692307692308,1.8653846153846154,3.1538461538461537,3.4038461538461537,1.5961538461538463,1.75,1.2884615384615385,122.53846153846153,123.0
1925.0,1258.9423076923076,2005.7884615384614,46.82692307692308,1.8653846153846154,3.1538461538461537,3.4038461538461537,1.5961538461538463,1.75,1.2884615384615385,122.53846153846153,88.0
465.0,1258.9423076923076,2005.7884615384614,46.82692307692308,1.8653846153846154,3.1538461538461537,3.4038461538461537,1.5961538461538463,1.75,1.2884615384615385,122.53846153846153,113.0
739.0,1258.9423076923076,2005.7884615384614,46.82692307692308,1.8653846153846154,3.1538461538461537,3.4038461538461537,1.5961538461538463,1.75,1.2884615384615385,122.53846153846153,112.0
135.0,1258.9423076923076,2005.7884615384614,46.82692307692308,1.8653846153846154,3.1538461538461537,3.4038461538461537,1.5961538461538463,1.75,1.2884615384615385,122.53846153846153,135.0
489.0,1258.9423076923076,2005.7884615384614,46.82692307692308,1.8653846153846154,3.1538461538461537,3.4038461538461537,1.5961538461538463,1.75,1.2884615384615385,122.53846153846153,119.0
2451.0,1258.9423076923076,2005.7884615384614,46.82692307692308,1.8653846153846154,3.1538461538461537,3.4038461538461537,1.5961538461538463,1.75,1.2884615384615385,122.53846153846153,161.0
1481.0,1258.9423076923076,2005.7884615384614,46.82692307692308,1.8653846153846154,3.1538461538461537,3.4038461538461537,1.5961538461538463,1.75,1.2884615384615385,122.53846153846153,166.0
1603.0,1258.9423076923076,2005.7884615384614,46.82692307692308,1.8653846153846154,3.1538461538461537,3.4038461538461537,1.5961538461538463,1.75,1.2884615384615385,122.53846153846153,102.0
99.0,1258.9423076923076,2005.7884615384614,46.82692307692308,1.8653846153846154,3.1538461538461537,3.4038461538461537,1.5961538461538463,1.75,1.2884615384615385,122.53846153846153,157.0
870.0,1258.9423076923076,2005.7884615384614,46.82692307692308,1.8653846153846154,3.1538461538461537,3.4038461538461537,1.5961538461538463,1.75,1.2884615384615385,122.53846153846153,177.0
242.0,1258.9423076923076,2005.7884615384614,46.82692307692308,1.8653846153846154,3.1538461538461537,3.4038461538461537,1.5961538461538463,1.75,1.2884615384615385,122.53846153846153,131.0
2559.0,1258.9423076923076,2005.7884615384614,46.82692307692308,1.8653846153846154,3.1538461538461537,3.4038461538461537,1.5961538461538463,1.75,1.2884615384615385,122.53846153846153,65.0
255.0,1258.9423076923076,2005.7884615384614,46.82692307692308,1.8653846153846154,3.1538461538461537,3.4038461538461537,1.5961538461538463,1.75,1.2884615384615385,122.53846153846153,65.0
2483.0,1258.9423076923076,2005.7884615384614,46.82692307692308,1.8653846153846154,3.1538461538461537,3.4038461538461537,1.5961538461538463,1.75,1.2884615384615385,122.53846153846153,88.0
889.0,1258.9423076923076,2005.7884615384614,46.82692307692308,1.8653846153846154,3.1538461538461537,3.4038461538461537,1.5961538461538463,1.75,1.2884615384615385,122.53846153846153,119.0
1955.0,1258.9423076923076,2005.7884615384614,46.82692307692308,1.8653846153846154,3.1538461538461537,3.4038461538461537,1.5961538461538463,1.75,1.2884615384615385,122.53846153846153,123.0
2003.0,1258.9423076923076,2005.7884615384614,46.82692307692308,1.8653846153846154,3.1538461538461537,3.4038461538461537,1.5961538461538463,1.75,1.2884615384615385,122.53846153846153,94.0
81.0,1258.9423076923076,2005.7884615384614,46.82692307692308,1.8653846153846154,3.1538461538461537,3.4038461538461537,1.5961538461538463,1.75,1.2884615384615385,122.53846153846153,129.0
2748.0,1258.9423076923076,2005.7884615384614,46.82692307692308,1.8653846153846154,3.1538461538461537,3.4038461538461537,1.5961538461538463,1.75,1.2884615384615385,122.53846153846153,113.0
2638.0,1258.9423076923076,2005.7884615384614,46.82692307692308,1.8653846153846154,3.1538461538461537,3.4038461538461537,1.5961538461538463,1.75,1.2884615384615385,122.53846153846153,123.0
660.0,1258.9423076923076,2005.7884615384614,46.82692307692308,1.8653846153846154,3.1538461538461537,3.4038461538461537,1.5961538461538463,1.75,1.2884615384615385,122.53846153846153,94.0
455.0,1258.9423076923076,2005.7884615384614,46.82692307692308,1.8653846153846154,3.1538461538461537,3.4038461538461537,1.5961538461538463,1.75,1.2884615384615385,122.53846153846153,106.0
1386.0,1258.9423076923076,2005.7884615384614,46.82692307692308,1.8653846153846154,3.1538461538461537,3.4038461538461537,1.5961538461538463,1.75,1.2884615384615385,122.53846153846153,161.0
2904.0,1258.9423076923076,2005.7884615384614,46.82692307692308,1.8653846153846154,3.1538461538461537,3.4038461538461537,1.5961538461538463,1.75,1.2884615384615385,122.53846153846153,131.0
571.0,1258.9423076923076,2005.7884615384614,46.82692307692308,1.8653846153846154,3.1538461538461537,3.4038461538461537,1.5961538461538463,1.75,1.2884615384615385,122.53846153846153,155.0
1397.0,1258.9423076923076,2005.7884615384614,46.82692307692308,1.8653846153846154,3.1538461538461537,3.4038461538461537,1.5961538461538463,1.75,1.2884615384615385,122.53846153846153,88.0
2062.0,1258.9423076923076,2005.7884615384614,46.82692307692308,1.8653846153846154,3.1538461538461537,3.4038461538461537,1.5961538461538463,1.75,1.2884615384615385,122.53846153846153,72.0
2809.0,1258.9423076923076,2005.7884615384614,46.82692307692308,1.8653846153846154,3.1538461538461537,3.4038461538461537,1.5961538461538463,1.75,1.2884615384615385,122.53846153846153,177.0
7.0,1258.9423076923076,2005.7884615384614,46.82692307692308,1.8653846153846154,3.1538461538461537,3.4038461538461537,1.5961538461538463,1.75,1.2884615384615385,122.53846153846153,170.0
1534.0,1258.9423076923076,2005.7884615384614,46.82692307692308,1.8653846153846154,3.1538461538461537,3.4038461538461537,1.5961538461538463,1.75,1.2884615384615385,122.53846153846153,74.0
481.0,1258.9423076923076,2005.7884615384614,46.82692307692308,1.8653846153846154,3.1538461538461537,3.4038461538461537,1.5961538461538463,1.75,1.2884615384615385,122.53846153846153,81.0
2335.0,1258.9423076923076,2005.7884615384614,46.82692307692308,1.8653846153846154,3.1538461538461537,3.4038461538461537,1.5961538461538463,1.75,1.2884615384615385,122.53846153846153,142.0
2618.0,1258.9423076923076,2005.7884615384614,46.82692307692308,1.8653846153846154,3.1538461538461537,3.4038461538461537,1.5961538461538463,1.75,1.2884615384615385,122.53846153846153,131.0
2472.0,1258.9423076923076,2005.7884615384614,46.82692307692308,1.8653846153846154,3.1538461538461537,3.4038461538461537,1.5961538461538463,1.75,1.2884615384615385,122.53846153846153,272.0
515.0,1258.9423076923076,2005.7884615384614,46.82692307692308,1.8653846153846154,3.1538461538461537,3.4038461538461537,1.5961538461538463,1.75,1.2884615384615385,122.53846153846153,83.0
2042.0,1258.9423076923076,2005.7884615384614,46.82692307692308,1.8653846153846154,3.1538461538461537,3.4038461538461537,1.5961538461538463,1.75,1.2884615384615385,122.53846153846153,127.0
754.0,1258.9423076923076,2005.7884615384614,46.82692307692308,1.8653846153846154,3.1538461538461537,3.4038461538461537,1.5961538461538463,1.75,1.2884615384615385,122.53846153846153,119.0
554.0,1522.4516129032259,2004.1290322580646,55.215053763440864,2.0,1.0,2.021505376344086,1.4946236559139785,1.5806451612903225,1.2258064516129032,105.51612903225806,148.0
720.0,1522.4516129032259,2004.1290322580646,55.215053763440864,2.0,1.0,2.021505376344086,1.4946236559139785,1.5806451612903225,1.2258064516129032,105.51612903225806,75.0
2040.0,1522.4516129032259,2004.1290322580646,55.215053763440864,2.0,1.0,2.021505376344086,1.4946236559139785,1.5806451612903225,1.2258064516129032,105.51612903225806,127.0
765.0,1522.4516129032259,2004.1290322580646,55.215053763440864,2.0,1.0,2.021505376344086,1.4946236559139785,1.5806451612903225,1.2258064516129032,105.51612903225806,110.0
2033.0,1522.4516129032259,2004.1290322580646,55.215053763440864,2.0,1.0,2.021505376344086,1.4946236559139785,1.5806451612903225,1.2258064516129032,105.51612903225806,75.0
1209.0,1522.4516129032259,2004.1290322580646,55.215053763440864,2.0,1.0,2.021505376344086,1.4946236559139785,1.5806451612903225,1.2258064516129032,105.51612903225806,108.0
922.0,1522.4516129032259,2004.1290322580646,55.215053763440864,2.0,1.0,2.021505376344086,1.4946236559139785,1.5806451612903225,1.2258064516129032,105.51612903225806,103.0
1878.0,1522.4516129032259,2004.1290322580646,55.215053763440864,2.0,1.0,2.021505376344086,1.4946236559139785,1.5806451612903225,1.2258064516129032,105.51612903225806,114.0
310.0,1522.4516129032259,2004.1290322580646,55.215053763440864,2.0,1.0,2.021505376344086,1.4946236559139785,1.5806451612903225,1.2258064516129032,105.51612903225806,93.0
2083.0,1522.4516129032259,2004.1290322580646,55.215053763440864,2.0,1.0,2.021505376344086,1.4946236559139785,1.5806451612903225,1.2258064516129032,105.51612903225806,81.0
1318.0,1522.4516129032259,2004.1290322580646,55.215053763440864,2.0,1.0,2.021505376344086,1.4946236559139785,1.5806451612903225,1.2258064516129032,105.51612903225806,109.0
2965.0,1522.4516129032259,2004.1290322580646,55.215053763440864,2.0,1.0,2.021505376344086,1.4946236559139785,1.5806451612903225,1.2258064516129032,105.51612903225806,65.0
148.0,1522.4516129032259,2004.1290322580646,55.215053763440864,2.0,1.0,2.021505376344086,1.4946236559139785,1.5806451612903225,1.2258064516129032,105.51612903225806,129.0
1702.0,1522.4516129032259,2004.1290322580646,55.215053763440864,2.0,1.0,2.021505376344086,1.4946236559139785,1.5806451612903225,1.2258064516129032,105.51612903225806,148.0
1257.0,1522.4516129032259,2004.1290322580646,55.215053763440864,2.0,1.0,2.021505376344086,1.4946236559139785,1.5806451612903225,1.2258064516129032,105.51612903225806,142.0
139.0,1522.4516129032259,2004.1290322580646,55.215053763440864,2.0,1.0,2.021505376344086,1.4946236559139785,1.5806451612903225,1.2258064516129032,105.51612903225806,88.0
2974.0,1522.4516129032259,2004.1290322580646,55.215053763440864,2.0,1.0,2.021505376344086,1.4946236559139785,1.5806451612903225,1.2258064516129032,105.51612903225806,158.0
669.0,1522.4516129032259,2004.1290322580646,55.215053763440864,2.0,1.0,2.021505376344086,1.4946236559139785,1.5806451612903225,1.2258064516129032,105.51612903225806,131.0
2380.0,1522.4516129032259,2004.1290322580646,55.215053763440864,2.0,1.0,2.021505376344086,1.4946236559139785,1.5806451612903225,1.2258064516129032,105.51612903225806,116.0
1760.0,1522.4516129032259,2004.1290322580646,55.215053763440864,2.0,1.0,2.021505376344086,1.4946236559139785,1.5806451612903225,1.2258064516129032,105.51612903225806,119.0
747.0,1522.4516129032259,2004.1290322580646,55.215053763440864,2.0,1.0,2.021505376344086,1.4946236559139785,1.5806451612903225,1.2258064516129032,105.51612903225806,128.0
1568.0,1522.4516129032259,2004.1290322580646,55.215053763440864,2.0,1.0,2.021505376344086,1.4946236559139785,1.5806451612903225,1.2258064516129032,105.51612903225806,75.0
2982.0,1522.4516129032259,2004.1290322580646,55.215053763440864,2.0,1.0,2.021505376344086,1.4946236559139785,1.5806451612903225,1.2258064516129032,105.51612903225806,48.0
2979.0,1522.4516129032259,2004.1290322580646,55.215053763440864,2.0,1.0,2.021505376344086,1.4946236559139785,1.5806451612903225,1.2258064516129032,105.51612903225806,88.0
716.0,1522.4516129032259,2004.1290322580646,55.215053763440864,2.0,1.0,2.021505376344086,1.4946236559139785,1.5806451612903225,1.2258064516129032,105.51612903225806,97.0
1868.0,1522.4516129032259,2004.1290322580646,55.215053763440864,2.0,1.0,2.021505376344086,1.4946236559139785,1.5806451612903225,1.2258064516129032,105.51612903225806,110.0
343.0,1522.4516129032259,2004.1290322580646,55.215053763440864,2.0,1.0,2.021505376344086,1.4946236559139785,1.5806451612903225,1.2258064516129032,105.51612903225806,81.0
986.0,1522.4516129032259,2004.1290322580646,55.215053763440864,2.0,1.0,2.021505376344086,1.4946236559139785,1.5806451612903225,1.2258064516129032,105.51612903225806,112.0
2740.0,1522.4516129032259,2004.1290322580646,55.215053763440864,2.0,1.0,2.021505376344086,1.4946236559139785,1.5806451612903225,1.2258064516129032,105.51612903225806,119.0
2824.0,1522.4516129032259,2004.1290322580646,55.215053763440864,2.0,1.0,2.021505376344086,1.4946236559139785,1.5806451612903225,1.2258064516129032,105.51612903225806,110.0
868.0,1522.4516129032259,2004.1290322580646,55.215053763440864,2.0,1.0,2.021505376344086,1.4946236559139785,1.5806451612903225,1.2258064516129032,105.51612903225806,135.0
103.0,1522.4516129032259,2004.1290322580646,55.215053763440864,2.0,1.0,2.021505376344086,1.4946236559139785,1.5806451612903225,1.2258064516129032,105.51612903225806,112.0
2293.0,1522.4516129032259,2004.1290322580646,55.215053763440864,2.0,1.0,2.021505376344086,1.4946236559139785,1.5806451612903225,1.2258064516129032,105.51612903225806,105.0
10.0,1522.4516129032259,2004.1290322580646,55.215053763440864,2.0,1.0,2.021505376344086,1.4946236559139785,1.5806451612903225,1.2258064516129032,105.51612903225806,129.0
1348.0,1522.4516129032259,2004.1290322580646,55.215053763440864,2.0,1.0,2.021505376344086,1.4946236559139785,1.5806451612903225,1.2258064516129032,105.51612903225806,81.0
884.0,1522.4516129032259,2004.1290322580646,55.215053763440864,2.0,1.0,2.021505376344086,1.4946236559139785,1.5806451612903225,1.2258064516129032,105.51612903225806,81.0
2503.0,1522.4516129032259,2004.1290322580646,55.215053763440864,2.0,1.0,2.021505376344086,1.4946236559139785,1.5806451612903225,1.2258064516129032,105.51612903225806,90.0
1212.0,1522.4516129032259,2004.1290322580646,55.215053763440864,2.0,1.0,2.021505376344086,1.4946236559139785,1.5806451612903225,1.2258064516129032,105.51612903225806,72.0
1055.0,1522.4516129032259,2004.1290322580646,55.215053763440864,2.0,1.0,2.021505376344086,1.4946236559139785,1.5806451612903225,1.2258064516129032,105.51612903225806,119.0
981.0,1522.4516129032259,2004.1290322580646,55.215053763440864,2.0,1.0,2.021505376344086,1.4946236559139785,1.5806451612903225,1.2258064516129032,105.51612903225806,74.0
2391.0,1522.4516129032259,2004.1290322580646,55.215053763440864,2.0,1.0,2.021505376344086,1.4946236559139785,1.5806451612903225,1.2258064516129032,105.51612903225806,112.0
1827.0,1522.4516129032259,2004.1290322580646,55.215053763440864,2.0,1.0,2.021505376344086,1.4946236559139785,1.5806451612903225,1.2258064516129032,105.51612903225806,114.0
511.0,1522.4516129032259,2004.1290322580646,55.215053763440864,2.0,1.0,2.021505376344086,1.4946236559139785,1.5806451612903225,1.2258064516129032,105.51612903225806,92.0
948.0,1522.4516129032259,2004.1290322580646,55.215053763440864,2.0,1.0,2.021505376344086,1.4946236559139785,1.5806451612903225,1.2258064516129032,105.51612903225806,35.0
1272.0,1522.4516129032259,2004.1290322580646,55.215053763440864,2.0,1.0,2.021505376344086,1.4946236559139785,1.5806451612903225,1.2258064516129032,105.51612903225806,268.0
540.0,1522.4516129032259,2004.1290322580646,55.215053763440864,2.0,1.0,2.021505376344086,1.4946236559139785,1.5806451612903225,1.2258064516129032,105.51612903225806,57.0
1116.0,1522.4516129032259,2004.1290322580646,55.215053763440864,2.0,1.0,2.021505376344086,1.4946236559139785,1.5806451612903225,1.2258064516129032,105.51612903225806,103.0
631.0,1522.4516129032259,2004.1290322580646,55.215053763440864,2.0,1.0,2.021505376344086,1.4946236559139785,1.5806451612903225,1.2258064516129032,105.51612903225806,119.0
748.0,1522.4516129032259,2004.1290322580646,55.215053763440864,2.0,1.0,2.021505376344086,1.4946236559139785,1.5806451612903225,1.2258064516129032,105.51612903225806,97.0
1375.0,1522.4516129032259,2004.1290322580646,55.215053763440864,2.0,1.0,2.021505376344086,1.4946236559139785,1.5806451612903225,1.2258064516129032,105.51612903225806,128.0
1630.0,1522.4516129032259,2004.1290322580646,55.215053763440864,2.0,1.0,2.021505376344086,1.4946236559139785,1.5806451612903225,1.2258064516129032,105.51612903225806,101.0
2799.0,1522.4516129032259,2004.1290322580646,55.215053763440864,2.0,1.0,2.021505376344086,1.4946236559139785,1.5806451612903225,1.2258064516129032,105.51612903225806,93.0
330.0,1522.4516129032259,2004.1290322580646,55.215053763440864,2.0,1.0,2.021505376344086,1.4946236559139785,1.5806451612903225,1.2258064516129032,105.51612903225806,97.0
291.0,1522.4516129032259,2004.1290322580646,55.215053763440864,2.0,1.0,2.021505376344086,1.4946236559139785,1.5806451612903225,1.2258064516129032,105.51612903225806,106.0
2786.0,1522.4516129032259,2004.1290322580646,55.215053763440864,2.0,1.0,2.021505376344086,1.4946236559139785,1.5806451612903225,1.2258064516129032,105.51612903225806,105.0
1549.0,1522.4516129032259,2004.1290322580646,55.215053763440864,2.0,1.0,2.021505376344086,1.4946236559139785,1.5806451612903225,1.2258064516129032,105.51612903225806,148.0
2918.0,1522.4516129032259,2004.1290322580646,55.215053763440864,2.0,1.0,2.021505376344086,1.4946236559139785,1.5806451612903225,1.2258064516129032,105.51612903225806,119.0
2821.0,1522.4516129032259,2004.1290322580646,55.215053763440864,2.0,1.0,2.021505376344086,1.4946236559139785,1.5806451612903225,1.2258064516129032,105.51612903225806,139.0
2755.0,1522.4516129032259,2004.1290322580646,55.215053763440864,2.0,1.0,2.021505376344086,1.4946236559139785,1.5806451612903225,1.2258064516129032,105.51612903225806,101.0
422.0,1522.4516129032259,2004.1290322580646,55.215053763440864,2.0,1.0,2.021505376344086,1.4946236559139785,1.5806451612903225,1.2258064516129032,105.51612903225806,81.0
1155.0,1522.4516129032259,2004.1290322580646,55.215053763440864,2.0,1.0,2.021505376344086,1.4946236559139785,1.5806451612903225,1.2258064516129032,105.51612903225806,94.0
2916.0,1522.4516129032259,2004.1290322580646,55.215053763440864,2.0,1.0,2.021505376344086,1.4946236559139785,1.5806451612903225,1.2258064516129032,105.51612903225806,102.0
71.0,1522.4516129032259,2004.1290322580646,55.215053763440864,2.0,1.0,2.021505376344086,1.4946236559139785,1.5806451612903225,1.2258064516129032,105.51612903225806,94.0
2269.0,1522.4516129032259,2004.1290322580646,55.215053763440864,2.0,1.0,2.021505376344086,1.4946236559139785,1.5806451612903225,1.2258064516129032,105.51612903225806,101.0
59.0,1522.4516129032259,2004.1290322580646,55.215053763440864,2.0,1.0,2.021505376344086,1.4946236559139785,1.5806451612903225,1.2258064516129032,105.51612903225806,100.0
1958.0,1522.4516129032259,2004.1290322580646,55.215053763440864,2.0,1.0,2.021505376344086,1.4946236559139785,1.5806451612903225,1.2258064516129032,105.51612903225806,105.0
158.0,1522.4516129032259,2004.1290322580646,55.215053763440864,2.0,1.0,2.021505376344086,1.4946236559139785,1.5806451612903225,1.2258064516129032,105.51612903225806,130.0
1109.0,1522.4516129032259,2004.1290322580646,55.215053763440864,2.0,1.0,2.021505376344086,1.4946236559139785,1.5806451612903225,1.2258064516129032,105.51612903225806,105.0
2957.0,1522.4516129032259,2004.1290322580646,55.215053763440864,2.0,1.0,2.021505376344086,1.4946236559139785,1.5806451612903225,1.2258064516129032,105.51612903225806,99.0
501.0,1522.4516129032259,2004.1290322580646,55.215053763440864,2.0,1.0,2.021505376344086,1.4946236559139785,1.5806451612903225,1.2258064516129032,105.51612903225806,115.0
2425.0,1522.4516129032259,2004.1290322580646,55.215053763440864,2.0,1.0,2.021505376344086,1.4946236559139785,1.5806451612903225,1.2258064516129032,105.51612903225806,70.0
2297.0,1522.4516129032259,2004.1290322580646,55.215053763440864,2.0,1.0,2.021505376344086,1.4946236559139785,1.5806451612903225,1.2258064516129032,105.51612903225806,125.0
1438.0,1522.4516129032259,2004.1290322580646,55.215053763440864,2.0,1.0,2.021505376344086,1.4946236559139785,1.5806451612903225,1.2258064516129032,105.51612903225806,94.0
2984.0,1522.4516129032259,2004.1290322580646,55.215053763440864,2.0,1.0,2.021505376344086,1.4946236559139785,1.5806451612903225,1.2258064516129032,105.51612903225806,85.0
1159.0,1522.4516129032259,2004.1290322580646,55.215053763440864,2.0,1.0,2.021505376344086,1.4946236559139785,1.5806451612903225,1.2258064516129032,105.51612903225806,115.0
2655.0,1522.4516129032259,2004.1290322580646,55.215053763440864,2.0,1.0,2.021505376344086,1.4946236559139785,1.5806451612903225,1.2258064516129032,105.51612903225806,87.0
2596.0,1522.4516129032259,2004.1290322580646,55.215053763440864,2.0,1.0,2.021505376344086,1.4946236559139785,1.5806451612903225,1.2258064516129032,105.51612903225806,127.0
157.0,1522.4516129032259,2004.1290322580646,55.215053763440864,2.0,1.0,2.021505376344086,1.4946236559139785,1.5806451612903225,1.2258064516129032,105.51612903225806,75.0
674.0,1522.4516129032259,2004.1290322580646,55.215053763440864,2.0,1.0,2.021505376344086,1.4946236559139785,1.5806451612903225,1.2258064516129032,105.51612903225806,115.0
1804.0,1522.4516129032259,2004.1290322580646,55.215053763440864,2.0,1.0,2.021505376344086,1.4946236559139785,1.5806451612903225,1.2258064516129032,105.51612903225806,105.0
2089.0,1522.4516129032259,2004.1290322580646,55.215053763440864,2.0,1.0,2.021505376344086,1.4946236559139785,1.5806451612903225,1.2258064516129032,105.51612903225806,59.0
1453.0,1522.4516129032259,2004.1290322580646,55.215053763440864,2.0,1.0,2.021505376344086,1.4946236559139785,1.5806451612903225,1.2258064516129032,105.51612903225806,148.0
2558.0,1522.4516129032259,2004.1290322580646,55.215053763440864,2.0,1.0,2.021505376344086,1.4946236559139785,1.5806451612903225,1.2258064516129032,105.51612903225806,166.0
649.0,1522.4516129032259,2004.1290322580646,55.215053763440864,2.0,1.0,2.021505376344086,1.4946236559139785,1.5806451612903225,1.2258064516129032,105.51612903225806,119.0
1225.0,1522.4516129032259,2004.1290322580646,55.215053763440864,2.0,1.0,2.021505376344086,1.4946236559139785,1.5806451612903225,1.2258064516129032,105.51612903225806,102.0
2914.0,1522.4516129032259,2004.1290322580646,55.215053763440864,2.0,1.0,2.021505376344086,1.4946236559139785,1.5806451612903225,1.2258064516129032,105.51612903225806,88.0
2539.0,1522.4516129032259,2004.1290322580646,55.215053763440864,2.0,1.0,2.021505376344086,1.4946236559139785,1.5806451612903225,1.2258064516129032,105.51612903225806,102.0
2453.0,1522.4516129032259,2004.1290322580646,55.215053763440864,2.0,1.0,2.021505376344086,1.4946236559139785,1.5806451612903225,1.2258064516129032,105.51612903225806,74.0
1231.0,1522.4516129032259,2004.1290322580646,55.215053763440864,2.0,1.0,2.021505376344086,1.4946236559139785,1.5806451612903225,1.2258064516129032,105.51612903225806,83.0
2589.0,1522.4516129032259,2004.1290322580646,55.215053763440864,2.0,1.0,2.021505376344086,1.4946236559139785,1.5806451612903225,1.2258064516129032,105.51612903225806,135.0
186.0,1522.4516129032259,2004.1290322580646,55.215053763440864,2.0,1.0,2.021505376344086,1.4946236559139785,1.5806451612903225,1.2258064516129032,105.51612903225806,102.0
2331.0,1522.4516129032259,2004.1290322580646,55.215053763440864,2.0,1.0,2.021505376344086,1.4946236559139785,1.5806451612903225,1.2258064516129032,105.51612903225806,83.0
1533.0,1522.4516129032259,2004.1290322580646,55.215053763440864,2.0,1.0,2.021505376344086,1.4946236559139785,1.5806451612903225,1.2258064516129032,105.51612903225806,89.0
