283.0,1468.7222222222222,2008.013888888889,36.361111111111114,2.0,1.0,4.180555555555555,1.5972222222222223,1.7777777777777777,1.1666666666666667,145.625,119.0
254.0,1468.7222222222222,2008.013888888889,36.361111111111114,2.0,1.0,4.180555555555555,1.5972222222222223,1.7777777777777777,1.1666666666666667,145.625,119.0
723.0,1468.7222222222222,2008.013888888889,36.361111111111114,2.0,1.0,4.180555555555555,1.5972222222222223,1.7777777777777777,1.1666666666666667,145.625,104.0
1419.0,1468.7222222222222,2008.013888888889,36.361111111111114,2.0,1.0,4.180555555555555,1.5972222222222223,1.7777777777777777,1.1666666666666667,145.625,189.0
2742.0,1468.7222222222222,2008.013888888889,36.361111111111114,2.0,1.0,4.180555555555555,1.5972222222222223,1.7777777777777777,1.1666666666666667,145.625,135.0
2044.0,1468.7222222222222,2008.013888888889,36.361111111111114,2.0,1.0,4.180555555555555,1.5972222222222223,1.7777777777777777,1.1666666666666667,145.625,102.0
2352.0,1468.7222222222222,2008.013888888889,36.361111111111114,2.0,1.0,4.180555555555555,1.5972222222222223,1.7777777777777777,1.1666666666666667,145.625,268.0
2447.0,1468.7222222222222,2008.013888888889,36.361111111111114,2.0,1.0,4.180555555555555,1.5972222222222223,1.7777777777777777,1.1666666666666667,145.625,126.0
1712.0,1468.7222222222222,2008.013888888889,36.361111111111114,2.0,1.0,4.180555555555555,1.5972222222222223,1.7777777777777777,1.1666666666666667,145.625,161.0
1801.0,1468.7222222222222,2008.013888888889,36.361111111111114,2.0,1.0,4.180555555555555,1.5972222222222223,1.7777777777777777,1.1666666666666667,145.625,116.0
1902.0,1468.7222222222222,2008.013888888889,36.361111111111114,2.0,1.0,4.180555555555555,1.5972222222222223,1.7777777777777777,1.1666666666666667,145.625,108.0
1906.0,1468.7222222222222,2008.013888888889,36.361111111111114,2.0,1.0,4.180555555555555,1.5972222222222223,1.7777777777777777,1.1666666666666667,145.625,112.0
1037.0,1468.7222222222222,2008.013888888889,36.361111111111114,2.0,1.0,4.180555555555555,1.5972222222222223,1.7777777777777777,1.1666666666666667,145.625,145.0
2616.0,1468.7222222222222,2008.013888888889,36.361111111111114,2.0,1.0,4.180555555555555,1.5972222222222223,1.7777777777777777,1.1666666666666667,145.625,131.0
2835.0,1468.7222222222222,2008.013888888889,36.361111111111114,2.0,1.0,4.180555555555555,1.5972222222222223,1.7777777777777777,1.1666666666666667,145.625,268.0
845.0,1468.7222222222222,2008.013888888889,36.361111111111114,2.0,1.0,4.180555555555555,1.5972222222222223,1.7777777777777777,1.1666666666666667,145.625,127.0
2910.0,1468.7222222222222,2008.013888888889,36.361111111111114,2.0,1.0,4.180555555555555,1.5972222222222223,1.7777777777777777,1.1666666666666667,145.625,164.0
266.0,1468.7222222222222,2008.013888888889,36.361111111111114,2.0,1.0,4.180555555555555,1.5972222222222223,1.7777777777777777,1.1666666666666667,145.625,157.0
2137.0,1468.7222222222222,2008.013888888889,36.361111111111114,2.0,1.0,4.180555555555555,1.5972222222222223,1.7777777777777777,1.1666666666666667,145.625,105.0
428.0,1468.7222222222222,2008.013888888889,36.361111111111114,2.0,1.0,4.180555555555555,1.5972222222222223,1.7777777777777777,1.1666666666666667,145.625,114.0
749.0,1468.7222222222222,2008.013888888889,36.361111111111114,2.0,1.0,4.180555555555555,1.5972222222222223,1.7777777777777777,1.1666666666666667,145.625,198.0
1068.0,1468.7222222222222,2008.013888888889,36.361111111111114,2.0,1.0,4.180555555555555,1.5972222222222223,1.7777777777777777,1.1666666666666667,145.625,96.0
109.0,1468.7222222222222,2008.013888888889,36.361111111111114,2.0,1.0,4.180555555555555,1.5972222222222223,1.7777777777777777,1.1666666666666667,145.625,129.0
219.0,1468.7222222222222,2008.013888888889,36.361111111111114,2.0,1.0,4.180555555555555,1.5972222222222223,1.7777777777777777,1.1666666666666667,145.625,107.0
917.0,1468.7222222222222,2008.013888888889,36.361111111111114,2.0,1.0,4.180555555555555,1.5972222222222223,1.7777777777777777,1.1666666666666667,145.625,268.0
2635.0,1468.7222222222222,2008.013888888889,36.361111111111114,2.0,1.0,4.180555555555555,1.5972222222222223,1.7777777777777777,1.1666666666666667,145.625,115.0
1941.0,1468.7222222222222,2008.013888888889,36.361111111111114,2.0,1.0,4.180555555555555,1.5972222222222223,1.7777777777777777,1.1666666666666667,145.625,119.0
1337.0,1468.7222222222222,2008.013888888889,36.361111111111114,2.0,1.0,4.180555555555555,1.5972222222222223,1.7777777777777777,1.1666666666666667,145.625,162.0
2386.0,1468.7222222222222,2008.013888888889,36.361111111111114,2.0,1.0,4.180555555555555,1.5972222222222223,1.7777777777777777,1.1666666666666667,145.625,114.0
2377.0,1468.7222222222222,2008.013888888889,36.361111111111114,2.0,1.0,4.180555555555555,1.5972222222222223,1.7777777777777777,1.1666666666666667,145.625,169.0
47.0,1468.7222222222222,2008.013888888889,36.361111111111114,2.0,1.0,4.180555555555555,1.5972222222222223,1.7777777777777777,1.1666666666666667,145.625,268.0
1896.0,1468.7222222222222,2008.013888888889,36.361111111111114,2.0,1.0,4.180555555555555,1.5972222222222223,1.7777777777777777,1.1666666666666667,145.625,161.0
102.0,1468.7222222222222,2008.013888888889,36.361111111111114,2.0,1.0,4.180555555555555,1.5972222222222223,1.7777777777777777,1.1666666666666667,145.625,121.0
213.0,1468.7222222222222,2008.013888888889,36.361111111111114,2.0,1.0,4.180555555555555,1.5972222222222223,1.7777777777777777,1.1666666666666667,145.625,155.0
1351.0,1468.7222222222222,2008.013888888889,36.361111111111114,2.0,1.0,4.180555555555555,1.5972222222222223,1.7777777777777777,1.1666666666666667,145.625,137.0
708.0,1468.7222222222222,2008.013888888889,36.361111111111114,2.0,1.0,4.180555555555555,1.5972222222222223,1.7777777777777777,1.1666666666666667,145.625,88.0
1070.0,1468.7222222222222,2008.013888888889,36.361111111111114,2.0,1.0,4.180555555555555,1.5972222222222223,1.7777777777777777,1.1666666666666667,145.625,90.0
1411.0,1468.7222222222222,2008.013888888889,36.361111111111114,2.0,1.0,4.180555555555555,1.5972222222222223,1.7777777777777777,1.1666666666666667,145.625,145.0
2036.0,1468.7222222222222,2008.013888888889,36.361111111111114,2.0,1.0,4.180555555555555,1.5972222222222223,1.7777777777777777,1.1666666666666667,145.625,94.0
518.0,1468.7222222222222,2008.013888888889,36.361111111111114,2.0,1.0,4.180555555555555,1.5972222222222223,1.7777777777777777,1.1666666666666667,145.625,177.0
2621.0,1468.7222222222222,2008.013888888889,36.361111111111114,2.0,1.0,4.180555555555555,1.5972222222222223,1.7777777777777777,1.1666666666666667,145.625,166.0
1475.0,1468.7222222222222,2008.013888888889,36.361111111111114,2.0,1.0,4.180555555555555,1.5972222222222223,1.7777777777777777,1.1666666666666667,145.625,166.0
1284.0,1468.7222222222222,2008.013888888889,36.361111111111114,2.0,1.0,4.180555555555555,1.5972222222222223,1.7777777777777777,1.1666666666666667,145.625,164.0
2532.0,1468.7222222222222,2008.013888888889,36.361111111111114,2.0,1.0,4.180555555555555,1.5972222222222223,1.7777777777777777,1.1666666666666667,145.625,277.0
839.0,1468.7222222222222,2008.013888888889,36.361111111111114,2.0,1.0,4.180555555555555,1.5972222222222223,1.7777777777777777,1.1666666666666667,145.625,138.0
816.0,1468.7222222222222,2008.013888888889,36.361111111111114,2.0,1.0,4.180555555555555,1.5972222222222223,1.7777777777777777,1.1666666666666667,145.625,100.0
829.0,1468.7222222222222,2008.013888888889,36.361111111111114,2.0,1.0,4.180555555555555,1.5972222222222223,1.7777777777777777,1.1666666666666667,145.625,138.0
446.0,1468.7222222222222,2008.013888888889,36.361111111111114,2.0,1.0,4.180555555555555,1.5972222222222223,1.7777777777777777,1.1666666666666667,145.625,88.0
621.0,1468.7222222222222,2008.013888888889,36.361111111111114,2.0,1.0,4.180555555555555,1.5972222222222223,1.7777777777777777,1.1666666666666667,145.625,148.0
335.0,1468.7222222222222,2008.013888888889,36.361111111111114,2.0,1.0,4.180555555555555,1.5972222222222223,1.7777777777777777,1.1666666666666667,145.625,148.0
1687.0,1468.7222222222222,2008.013888888889,36.361111111111114,2.0,1.0,4.180555555555555,1.5972222222222223,1.7777777777777777,1.1666666666666667,145.625,277.0
2890.0,1468.7222222222222,2008.013888888889,36.361111111111114,2.0,1.0,4.180555555555555,1.5972222222222223,1.7777777777777777,1.1666666666666667,145.625,172.0
1471.0,1468.7222222222222,2008.013888888889,36.361111111111114,2.0,1.0,4.180555555555555,1.5972222222222223,1.7777777777777777,1.1666666666666667,145.625,95.0
1289.0,1468.7222222222222,2008.013888888889,36.361111111111114,2.0,1.0,4.180555555555555,1.5972222222222223,1.7777777777777777,1.1666666666666667,145.625,175.0
2279.0,1468.7222222222222,2008.013888888889,36.361111111111114,2.0,1.0,4.180555555555555,1.5972222222222223,1.7777777777777777,1.1666666666666667,145.625,133.0
1388.0,1468.7222222222222,2008.013888888889,36.361111111111114,2.0,1.0,4.180555555555555,1.5972222222222223,1.7777777777777777,1.1666666666666667,145.625,164.0
2486.0,1468.7222222222222,2008.013888888889,36.361111111111114,2.0,1.0,4.180555555555555,1.5972222222222223,1.7777777777777777,1.1666666666666667,145.625,116.0
565.0,1468.7222222222222,2008.013888888889,36.361111111111114,2.0,1.0,4.180555555555555,1.5972222222222223,1.7777777777777777,1.1666666666666667,145.625,97.0
2257.0,1468.7222222222222,2008.013888888889,36.361111111111114,2.0,1.0,4.180555555555555,1.5972222222222223,1.7777777777777777,1.1666666666666667,145.625,116.0
2250.0,1468.7222222222222,2008.013888888889,36.361111111111114,2.0,1.0,4.180555555555555,1.5972222222222223,1.7777777777777777,1.1666666666666667,145.625,99.0
2726.0,1468.7222222222222,2008.013888888889,36.361111111111114,2.0,1.0,4.180555555555555,1.5972222222222223,1.7777777777777777,1.1666666666666667,145.625,135.0
2019.0,1468.7222222222222,2008.013888888889,36.361111111111114,2.0,1.0,4.180555555555555,1.5972222222222223,1.7777777777777777,1.1666666666666667,145.625,164.0
2246.0,1468.7222222222222,2008.013888888889,36.361111111111114,2.0,1.0,4.180555555555555,1.5972222222222223,1.7777777777777777,1.1666666666666667,145.625,181.0
2838.0,1468.7222222222222,2008.013888888889,36.361111111111114,2.0,1.0,4.180555555555555,1.5972222222222223,1.7777777777777777,1.1666666666666667,145.625,123.0
151.0,1468.7222222222222,2008.013888888889,36.361111111111114,2.0,1.0,4.180555555555555,1.5972222222222223,1.7777777777777777,1.1666666666666667,145.625,94.0
1256.0,1468.7222222222222,2008.013888888889,36.361111111111114,2.0,1.0,4.180555555555555,1.5972222222222223,1.7777777777777777,1.1666666666666667,145.625,97.0
2488.0,1468.7222222222222,2008.013888888889,36.361111111111114,2.0,1.0,4.180555555555555,1.5972222222222223,1.7777777777777777,1.1666666666666667,145.625,132.0
119.0,1468.7222222222222,2008.013888888889,36.361111111111114,2.0,1.0,4.180555555555555,1.5972222222222223,1.7777777777777777,1.1666666666666667,145.625,277.0
1306.0,1468.7222222222222,2008.013888888889,36.361111111111114,2.0,1.0,4.180555555555555,1.5972222222222223,1.7777777777777777,1.1666666666666667,145.625,144.0
2428.0,1468.7222222222222,2008.013888888889,36.361111111111114,2.0,1.0,4.180555555555555,1.5972222222222223,1.7777777777777777,1.1666666666666667,145.625,117.0
1409.0,1468.7222222222222,2008.013888888889,36.361111111111114,2.0,1.0,4.180555555555555,1.5972222222222223,1.7777777777777777,1.1666666666666667,145.625,119.0
653.0,1468.7222222222222,2008.013888888889,36.361111111111114,2.0,1.0,4.180555555555555,1.5972222222222223,1.7777777777777777,1.1666666666666667,145.625,142.0
2953.0,1325.2222222222222,2005.4444444444443,44.55555555555556,2.0,1.0,3.0,1.5555555555555556,1.6666666666666667,1.0,125.55555555555556,100.0
2333.0,1325.2222222222222,2005.4444444444443,44.55555555555556,2.0,1.0,3.0,1.5555555555555556,1.6666666666666667,1.0,125.55555555555556,142.0
3.0,1325.2222222222222,2005.4444444444443,44.55555555555556,2.0,1.0,3.0,1.5555555555555556,1.6666666666666667,1.0,125.55555555555556,131.0
274.0,1325.2222222222222,2005.4444444444443,44.55555555555556,2.0,1.0,3.0,1.5555555555555556,1.6666666666666667,1.0,125.55555555555556,119.0
2996.0,1325.2222222222222,2005.4444444444443,44.55555555555556,2.0,1.0,3.0,1.5555555555555556,1.6666666666666667,1.0,125.55555555555556,155.0
654.0,1325.2222222222222,2005.4444444444443,44.55555555555556,2.0,1.0,3.0,1.5555555555555556,1.6666666666666667,1.0,125.55555555555556,114.0
2017.0,1325.2222222222222,2005.4444444444443,44.55555555555556,2.0,1.0,3.0,1.5555555555555556,1.6666666666666667,1.0,125.55555555555556,148.0
205.0,1325.2222222222222,2005.4444444444443,44.55555555555556,2.0,1.0,3.0,1.5555555555555556,1.6666666666666667,1.0,125.55555555555556,114.0
492.0,1325.2222222222222,2005.4444444444443,44.55555555555556,2.0,1.0,3.0,1.5555555555555556,1.6666666666666667,1.0,125.55555555555556,107.0
493.0,1702.1194029850747,2005.9701492537313,57.26865671641791,2.8955223880597014,1.0,4.388059701492537,1.6567164179104477,1.626865671641791,1.1791044776119404,134.044776119403,100.0
2884.0,1702.1194029850747,2005.9701492537313,57.26865671641791,2.8955223880597014,1.0,4.388059701492537,1.6567164179104477,1.626865671641791,1.1791044776119404,134.044776119403,50.0
2444.0,1702.1194029850747,2005.9701492537313,57.26865671641791,2.8955223880597014,1.0,4.388059701492537,1.6567164179104477,1.626865671641791,1.1791044776119404,134.044776119403,127.0
1175.0,1702.1194029850747,2005.9701492537313,57.26865671641791,2.8955223880597014,1.0,4.388059701492537,1.6567164179104477,1.626865671641791,1.1791044776119404,134.044776119403,88.0
2347.0,1702.1194029850747,2005.9701492537313,57.26865671641791,2.8955223880597014,1.0,4.388059701492537,1.6567164179104477,1.626865671641791,1.1791044776119404,134.044776119403,84.0
146.0,1702.1194029850747,2005.9701492537313,57.26865671641791,2.8955223880597014,1.0,4.388059701492537,1.6567164179104477,1.626865671641791,1.1791044776119404,134.044776119403,121.0
663.0,1702.1194029850747,2005.9701492537313,57.26865671641791,2.8955223880597014,1.0,4.388059701492537,1.6567164179104477,1.626865671641791,1.1791044776119404,134.044776119403,105.0
774.0,1702.1194029850747,2005.9701492537313,57.26865671641791,2.8955223880597014,1.0,4.388059701492537,1.6567164179104477,1.626865671641791,1.1791044776119404,134.044776119403,131.0
1979.0,1702.1194029850747,2005.9701492537313,57.26865671641791,2.8955223880597014,1.0,4.388059701492537,1.6567164179104477,1.626865671641791,1.1791044776119404,134.044776119403,129.0
1364.0,1702.1194029850747,2005.9701492537313,57.26865671641791,2.8955223880597014,1.0,4.388059701492537,1.6567164179104477,1.626865671641791,1.1791044776119404,134.044776119403,88.0
945.0,1702.1194029850747,2005.9701492537313,57.26865671641791,2.8955223880597014,1.0,4.388059701492537,1.6567164179104477,1.626865671641791,1.1791044776119404,134.044776119403,100.0
1879.0,1702.1194029850747,2005.9701492537313,57.26865671641791,2.8955223880597014,1.0,4.388059701492537,1.6567164179104477,1.626865671641791,1.1791044776119404,134.044776119403,74.0
2830.0,1702.1194029850747,2005.9701492537313,57.26865671641791,2.8955223880597014,1.0,4.388059701492537,1.6567164179104477,1.626865671641791,1.1791044776119404,134.044776119403,148.0
1350.0,1702.1194029850747,2005.9701492537313,57.26865671641791,2.8955223880597014,1.0,4.388059701492537,1.6567164179104477,1.626865671641791,1.1791044776119404,134.044776119403,108.0
2864.0,1702.1194029850747,2005.9701492537313,57.26865671641791,2.8955223880597014,1.0,4.388059701492537,1.6567164179104477,1.626865671641791,1.1791044776119404,134.044776119403,144.0
160.0,1702.1194029850747,2005.9701492537313,57.26865671641791,2.8955223880597014,1.0,4.388059701492537,1.6567164179104477,1.626865671641791,1.1791044776119404,134.044776119403,50.0
2270.0,1702.1194029850747,2005.9701492537313,57.26865671641791,2.8955223880597014,1.0,4.388059701492537,1.6567164179104477,1.626865671641791,1.1791044776119404,134.044776119403,170.0
2183.0,1702.1194029850747,2005.9701492537313,57.26865671641791,2.8955223880597014,1.0,4.388059701492537,1.6567164179104477,1.626865671641791,1.1791044776119404,134.044776119403,177.0
1582.0,1702.1194029850747,2005.9701492537313,57.26865671641791,2.8955223880597014,1.0,4.388059701492537,1.6567164179104477,1.626865671641791,1.1791044776119404,134.044776119403,172.0
553.0,1702.1194029850747,2005.9701492537313,57.26865671641791,2.8955223880597014,1.0,4.388059701492537,1.6567164179104477,1.626865671641791,1.1791044776119404,134.044776119403,134.0
2304.0,1702.1194029850747,2005.9701492537313,57.26865671641791,2.8955223880597014,1.0,4.388059701492537,1.6567164179104477,1.626865671641791,1.1791044776119404,134.044776119403,152.0
2695.0,1702.1194029850747,2005.9701492537313,57.26865671641791,2.8955223880597014,1.0,4.388059701492537,1.6567164179104477,1.626865671641791,1.1791044776119404,134.044776119403,268.0
1167.0,1702.1194029850747,2005.9701492537313,57.26865671641791,2.8955223880597014,1.0,4.388059701492537,1.6567164179104477,1.626865671641791,1.1791044776119404,134.044776119403,97.0
2774.0,1702.1194029850747,2005.9701492537313,57.26865671641791,2.8955223880597014,1.0,4.388059701492537,1.6567164179104477,1.626865671641791,1.1791044776119404,134.044776119403,127.0
2265.0,1702.1194029850747,2005.9701492537313,57.26865671641791,2.8955223880597014,1.0,4.388059701492537,1.6567164179104477,1.626865671641791,1.1791044776119404,134.044776119403,277.0
1378.0,1702.1194029850747,2005.9701492537313,57.26865671641791,2.8955223880597014,1.0,4.388059701492537,1.6567164179104477,1.626865671641791,1.1791044776119404,134.044776119403,143.0
2690.0,1702.1194029850747,2005.9701492537313,57.26865671641791,2.8955223880597014,1.0,4.388059701492537,1.6567164179104477,1.626865671641791,1.1791044776119404,134.044776119403,268.0
2599.0,1702.1194029850747,2005.9701492537313,57.26865671641791,2.8955223880597014,1.0,4.388059701492537,1.6567164179104477,1.626865671641791,1.1791044776119404,134.044776119403,110.0
1465.0,1702.1194029850747,2005.9701492537313,57.26865671641791,2.8955223880597014,1.0,4.388059701492537,1.6567164179104477,1.626865671641791,1.1791044776119404,134.044776119403,170.0
2004.0,1702.1194029850747,2005.9701492537313,57.26865671641791,2.8955223880597014,1.0,4.388059701492537,1.6567164179104477,1.626865671641791,1.1791044776119404,134.044776119403,153.0
2954.0,1702.1194029850747,2005.9701492537313,57.26865671641791,2.8955223880597014,1.0,4.388059701492537,1.6567164179104477,1.626865671641791,1.1791044776119404,134.044776119403,118.0
858.0,1702.1194029850747,2005.9701492537313,57.26865671641791,2.8955223880597014,1.0,4.388059701492537,1.6567164179104477,1.626865671641791,1.1791044776119404,134.044776119403,131.0
2693.0,1702.1194029850747,2005.9701492537313,57.26865671641791,2.8955223880597014,1.0,4.388059701492537,1.6567164179104477,1.626865671641791,1.1791044776119404,134.044776119403,278.0
1554.0,1702.1194029850747,2005.9701492537313,57.26865671641791,2.8955223880597014,1.0,4.388059701492537,1.6567164179104477,1.626865671641791,1.1791044776119404,134.044776119403,189.0
2883.0,1702.1194029850747,2005.9701492537313,57.26865671641791,2.8955223880597014,1.0,4.388059701492537,1.6567164179104477,1.626865671641791,1.1791044776119404,134.044776119403,127.0
1485.0,1702.1194029850747,2005.9701492537313,57.26865671641791,2.8955223880597014,1.0,4.388059701492537,1.6567164179104477,1.626865671641791,1.1791044776119404,134.044776119403,137.0
2605.0,1702.1194029850747,2005.9701492537313,57.26865671641791,2.8955223880597014,1.0,4.388059701492537,1.6567164179104477,1.626865671641791,1.1791044776119404,134.044776119403,143.0
2866.0,1702.1194029850747,2005.9701492537313,57.26865671641791,2.8955223880597014,1.0,4.388059701492537,1.6567164179104477,1.626865671641791,1.1791044776119404,134.044776119403,82.0
1146.0,1702.1194029850747,2005.9701492537313,57.26865671641791,2.8955223880597014,1.0,4.388059701492537,1.6567164179104477,1.626865671641791,1.1791044776119404,134.044776119403,74.0
1004.0,1702.1194029850747,2005.9701492537313,57.26865671641791,2.8955223880597014,1.0,4.388059701492537,1.6567164179104477,1.626865671641791,1.1791044776119404,134.044776119403,94.0
23.0,1702.1194029850747,2005.9701492537313,57.26865671641791,2.8955223880597014,1.0,4.388059701492537,1.6567164179104477,1.626865671641791,1.1791044776119404,134.044776119403,85.0
1125.0,1702.1194029850747,2005.9701492537313,57.26865671641791,2.8955223880597014,1.0,4.388059701492537,1.6567164179104477,1.626865671641791,1.1791044776119404,134.044776119403,110.0
477.0,1702.1194029850747,2005.9701492537313,57.26865671641791,2.8955223880597014,1.0,4.388059701492537,1.6567164179104477,1.626865671641791,1.1791044776119404,134.044776119403,110.0
1514.0,1702.1194029850747,2005.9701492537313,57.26865671641791,2.8955223880597014,1.0,4.388059701492537,1.6567164179104477,1.626865671641791,1.1791044776119404,134.044776119403,161.0
1678.0,1702.1194029850747,2005.9701492537313,57.26865671641791,2.8955223880597014,1.0,4.388059701492537,1.6567164179104477,1.626865671641791,1.1791044776119404,134.044776119403,138.0
1052.0,1702.1194029850747,2005.9701492537313,57.26865671641791,2.8955223880597014,1.0,4.388059701492537,1.6567164179104477,1.626865671641791,1.1791044776119404,134.044776119403,120.0
2136.0,1702.1194029850747,2005.9701492537313,57.26865671641791,2.8955223880597014,1.0,4.388059701492537,1.6567164179104477,1.626865671641791,1.1791044776119404,134.044776119403,119.0
2126.0,1702.1194029850747,2005.9701492537313,57.26865671641791,2.8955223880597014,1.0,4.388059701492537,1.6567164179104477,1.626865671641791,1.1791044776119404,134.044776119403,107.0
2949.0,1702.1194029850747,2005.9701492537313,57.26865671641791,2.8955223880597014,1.0,4.388059701492537,1.6567164179104477,1.626865671641791,1.1791044776119404,134.044776119403,138.0
2461.0,1702.1194029850747,2005.9701492537313,57.26865671641791,2.8955223880597014,1.0,4.388059701492537,1.6567164179104477,1.626865671641791,1.1791044776119404,134.044776119403,131.0
1479.0,1702.1194029850747,2005.9701492537313,57.26865671641791,2.8955223880597014,1.0,4.388059701492537,1.6567164179104477,1.626865671641791,1.1791044776119404,134.044776119403,88.0
132.0,1702.1194029850747,2005.9701492537313,57.26865671641791,2.8955223880597014,1.0,4.388059701492537,1.6567164179104477,1.626865671641791,1.1791044776119404,134.044776119403,132.0
680.0,1702.1194029850747,2005.9701492537313,57.26865671641791,2.8955223880597014,1.0,4.388059701492537,1.6567164179104477,1.626865671641791,1.1791044776119404,134.044776119403,147.0
2548.0,1702.1194029850747,2005.9701492537313,57.26865671641791,2.8955223880597014,1.0,4.388059701492537,1.6567164179104477,1.626865671641791,1.1791044776119404,134.044776119403,136.0
1649.0,1702.1194029850747,2005.9701492537313,57.26865671641791,2.8955223880597014,1.0,4.388059701492537,1.6567164179104477,1.626865671641791,1.1791044776119404,134.044776119403,129.0
2384.0,1702.1194029850747,2005.9701492537313,57.26865671641791,2.8955223880597014,1.0,4.388059701492537,1.6567164179104477,1.626865671641791,1.1791044776119404,134.044776119403,100.0
2711.0,1702.1194029850747,2005.9701492537313,57.26865671641791,2.8955223880597014,1.0,4.388059701492537,1.6567164179104477,1.626865671641791,1.1791044776119404,134.044776119403,109.0
1996.0,1702.1194029850747,2005.9701492537313,57.26865671641791,2.8955223880597014,1.0,4.388059701492537,1.6567164179104477,1.626865671641791,1.1791044776119404,134.044776119403,131.0
2106.0,1702.1194029850747,2005.9701492537313,57.26865671641791,2.8955223880597014,1.0,4.388059701492537,1.6567164179104477,1.626865671641791,1.1791044776119404,134.044776119403,119.0
732.0,1702.1194029850747,2005.9701492537313,57.26865671641791,2.8955223880597014,1.0,4.388059701492537,1.6567164179104477,1.626865671641791,1.1791044776119404,134.044776119403,174.0
2020.0,1702.1194029850747,2005.9701492537313,57.26865671641791,2.8955223880597014,1.0,4.388059701492537,1.6567164179104477,1.626865671641791,1.1791044776119404,134.044776119403,280.0
1538.0,1702.1194029850747,2005.9701492537313,57.26865671641791,2.8955223880597014,1.0,4.388059701492537,1.6567164179104477,1.626865671641791,1.1791044776119404,134.044776119403,100.0
643.0,1702.1194029850747,2005.9701492537313,57.26865671641791,2.8955223880597014,1.0,4.388059701492537,1.6567164179104477,1.626865671641791,1.1791044776119404,134.044776119403,282.0
1774.0,1702.1194029850747,2005.9701492537313,57.26865671641791,2.8955223880597014,1.0,4.388059701492537,1.6567164179104477,1.626865671641791,1.1791044776119404,134.044776119403,100.0
836.0,1702.1194029850747,2005.9701492537313,57.26865671641791,2.8955223880597014,1.0,4.388059701492537,1.6567164179104477,1.626865671641791,1.1791044776119404,134.044776119403,118.0
815.0,1702.1194029850747,2005.9701492537313,57.26865671641791,2.8955223880597014,1.0,4.388059701492537,1.6567164179104477,1.626865671641791,1.1791044776119404,134.044776119403,56.0
2184.0,1702.1194029850747,2005.9701492537313,57.26865671641791,2.8955223880597014,1.0,4.388059701492537,1.6567164179104477,1.626865671641791,1.1791044776119404,134.044776119403,123.0
1163.0,2036.0,2005.0,32.0,1.0,1.0,5.0,1.5,2.0,1.0,113.0,145.0
2909.0,2036.0,2005.0,32.0,1.0,1.0,5.0,1.5,2.0,1.0,113.0,81.0
78.0,665.5,2006.0,19.5,1.0,1.0,1.0,1.0,1.5,1.75,71.5,81.0
1.0,665.5,2006.0,19.5,1.0,1.0,1.0,1.0,1.5,1.75,71.5,75.0
595.0,665.5,2006.0,19.5,1.0,1.0,1.0,1.0,1.5,1.75,71.5,65.0
1988.0,665.5,2006.0,19.5,1.0,1.0,1.0,1.0,1.5,1.75,71.5,65.0
2326.0,1635.483870967742,2005.6774193548388,30.086021505376344,1.7526881720430108,1.0,2.043010752688172,1.1827956989247312,1.7311827956989247,1.3978494623655915,93.51612903225806,88.0
193.0,1635.483870967742,2005.6774193548388,30.086021505376344,1.7526881720430108,1.0,2.043010752688172,1.1827956989247312,1.7311827956989247,1.3978494623655915,93.51612903225806,65.0
1986.0,1635.483870967742,2005.6774193548388,30.086021505376344,1.7526881720430108,1.0,2.043010752688172,1.1827956989247312,1.7311827956989247,1.3978494623655915,93.51612903225806,32.0
826.0,1635.483870967742,2005.6774193548388,30.086021505376344,1.7526881720430108,1.0,2.043010752688172,1.1827956989247312,1.7311827956989247,1.3978494623655915,93.51612903225806,83.0
528.0,1635.483870967742,2005.6774193548388,30.086021505376344,1.7526881720430108,1.0,2.043010752688172,1.1827956989247312,1.7311827956989247,1.3978494623655915,93.51612903225806,140.0
1620.0,1635.483870967742,2005.6774193548388,30.086021505376344,1.7526881720430108,1.0,2.043010752688172,1.1827956989247312,1.7311827956989247,1.3978494623655915,93.51612903225806,40.0
2770.0,1635.483870967742,2005.6774193548388,30.086021505376344,1.7526881720430108,1.0,2.043010752688172,1.1827956989247312,1.7311827956989247,1.3978494623655915,93.51612903225806,105.0
86.0,1635.483870967742,2005.6774193548388,30.086021505376344,1.7526881720430108,1.0,2.043010752688172,1.1827956989247312,1.7311827956989247,1.3978494623655915,93.51612903225806,77.0
2907.0,1635.483870967742,2005.6774193548388,30.086021505376344,1.7526881720430108,1.0,2.043010752688172,1.1827956989247312,1.7311827956989247,1.3978494623655915,93.51612903225806,72.0
1546.0,1635.483870967742,2005.6774193548388,30.086021505376344,1.7526881720430108,1.0,2.043010752688172,1.1827956989247312,1.7311827956989247,1.3978494623655915,93.51612903225806,63.0
474.0,1635.483870967742,2005.6774193548388,30.086021505376344,1.7526881720430108,1.0,2.043010752688172,1.1827956989247312,1.7311827956989247,1.3978494623655915,93.51612903225806,94.0
2878.0,1635.483870967742,2005.6774193548388,30.086021505376344,1.7526881720430108,1.0,2.043010752688172,1.1827956989247312,1.7311827956989247,1.3978494623655915,93.51612903225806,127.0
2997.0,1635.483870967742,2005.6774193548388,30.086021505376344,1.7526881720430108,1.0,2.043010752688172,1.1827956989247312,1.7311827956989247,1.3978494623655915,93.51612903225806,100.0
2157.0,1635.483870967742,2005.6774193548388,30.086021505376344,1.7526881720430108,1.0,2.043010752688172,1.1827956989247312,1.7311827956989247,1.3978494623655915,93.51612903225806,100.0
1094.0,1635.483870967742,2005.6774193548388,30.086021505376344,1.7526881720430108,1.0,2.043010752688172,1.1827956989247312,1.7311827956989247,1.3978494623655915,93.51612903225806,114.0
2530.0,1635.483870967742,2005.6774193548388,30.086021505376344,1.7526881720430108,1.0,2.043010752688172,1.1827956989247312,1.7311827956989247,1.3978494623655915,93.51612903225806,75.0
2427.0,1635.483870967742,2005.6774193548388,30.086021505376344,1.7526881720430108,1.0,2.043010752688172,1.1827956989247312,1.7311827956989247,1.3978494623655915,93.51612903225806,127.0
2849.0,1635.483870967742,2005.6774193548388,30.086021505376344,1.7526881720430108,1.0,2.043010752688172,1.1827956989247312,1.7311827956989247,1.3978494623655915,93.51612903225806,97.0
943.0,1635.483870967742,2005.6774193548388,30.086021505376344,1.7526881720430108,1.0,2.043010752688172,1.1827956989247312,1.7311827956989247,1.3978494623655915,93.51612903225806,67.0
2561.0,1635.483870967742,2005.6774193548388,30.086021505376344,1.7526881720430108,1.0,2.043010752688172,1.1827956989247312,1.7311827956989247,1.3978494623655915,93.51612903225806,102.0
2807.0,1635.483870967742,2005.6774193548388,30.086021505376344,1.7526881720430108,1.0,2.043010752688172,1.1827956989247312,1.7311827956989247,1.3978494623655915,93.51612903225806,63.0
544.0,1635.483870967742,2005.6774193548388,30.086021505376344,1.7526881720430108,1.0,2.043010752688172,1.1827956989247312,1.7311827956989247,1.3978494623655915,93.51612903225806,92.0
1714.0,1635.483870967742,2005.6774193548388,30.086021505376344,1.7526881720430108,1.0,2.043010752688172,1.1827956989247312,1.7311827956989247,1.3978494623655915,93.51612903225806,74.0
2940.0,1635.483870967742,2005.6774193548388,30.086021505376344,1.7526881720430108,1.0,2.043010752688172,1.1827956989247312,1.7311827956989247,1.3978494623655915,93.51612903225806,84.0
2231.0,1635.483870967742,2005.6774193548388,30.086021505376344,1.7526881720430108,1.0,2.043010752688172,1.1827956989247312,1.7311827956989247,1.3978494623655915,93.51612903225806,81.0
1394.0,1635.483870967742,2005.6774193548388,30.086021505376344,1.7526881720430108,1.0,2.043010752688172,1.1827956989247312,1.7311827956989247,1.3978494623655915,93.51612903225806,74.0
373.0,1635.483870967742,2005.6774193548388,30.086021505376344,1.7526881720430108,1.0,2.043010752688172,1.1827956989247312,1.7311827956989247,1.3978494623655915,93.51612903225806,127.0
1106.0,1635.483870967742,2005.6774193548388,30.086021505376344,1.7526881720430108,1.0,2.043010752688172,1.1827956989247312,1.7311827956989247,1.3978494623655915,93.51612903225806,88.0
1224.0,1635.483870967742,2005.6774193548388,30.086021505376344,1.7526881720430108,1.0,2.043010752688172,1.1827956989247312,1.7311827956989247,1.3978494623655915,93.51612903225806,114.0
1656.0,1635.483870967742,2005.6774193548388,30.086021505376344,1.7526881720430108,1.0,2.043010752688172,1.1827956989247312,1.7311827956989247,1.3978494623655915,93.51612903225806,100.0
2736.0,1635.483870967742,2005.6774193548388,30.086021505376344,1.7526881720430108,1.0,2.043010752688172,1.1827956989247312,1.7311827956989247,1.3978494623655915,93.51612903225806,88.0
1536.0,1635.483870967742,2005.6774193548388,30.086021505376344,1.7526881720430108,1.0,2.043010752688172,1.1827956989247312,1.7311827956989247,1.3978494623655915,93.51612903225806,93.0
2793.0,1635.483870967742,2005.6774193548388,30.086021505376344,1.7526881720430108,1.0,2.043010752688172,1.1827956989247312,1.7311827956989247,1.3978494623655915,93.51612903225806,85.0
1445.0,1635.483870967742,2005.6774193548388,30.086021505376344,1.7526881720430108,1.0,2.043010752688172,1.1827956989247312,1.7311827956989247,1.3978494623655915,93.51612903225806,112.0
1638.0,1635.483870967742,2005.6774193548388,30.086021505376344,1.7526881720430108,1.0,2.043010752688172,1.1827956989247312,1.7311827956989247,1.3978494623655915,93.51612903225806,148.0
2798.0,1635.483870967742,2005.6774193548388,30.086021505376344,1.7526881720430108,1.0,2.043010752688172,1.1827956989247312,1.7311827956989247,1.3978494623655915,93.51612903225806,89.0
1176.0,1635.483870967742,2005.6774193548388,30.086021505376344,1.7526881720430108,1.0,2.043010752688172,1.1827956989247312,1.7311827956989247,1.3978494623655915,93.51612903225806,110.0
296.0,1635.483870967742,2005.6774193548388,30.086021505376344,1.7526881720430108,1.0,2.043010752688172,1.1827956989247312,1.7311827956989247,1.3978494623655915,93.51612903225806,72.0
1895.0,1635.483870967742,2005.6774193548388,30.086021505376344,1.7526881720430108,1.0,2.043010752688172,1.1827956989247312,1.7311827956989247,1.3978494623655915,93.51612903225806,106.0
2622.0,1635.483870967742,2005.6774193548388,30.086021505376344,1.7526881720430108,1.0,2.043010752688172,1.1827956989247312,1.7311827956989247,1.3978494623655915,93.51612903225806,101.0
328.0,1635.483870967742,2005.6774193548388,30.086021505376344,1.7526881720430108,1.0,2.043010752688172,1.1827956989247312,1.7311827956989247,1.3978494623655915,93.51612903225806,111.0
2124.0,1635.483870967742,2005.6774193548388,30.086021505376344,1.7526881720430108,1.0,2.043010752688172,1.1827956989247312,1.7311827956989247,1.3978494623655915,93.51612903225806,110.0
2163.0,1635.483870967742,2005.6774193548388,30.086021505376344,1.7526881720430108,1.0,2.043010752688172,1.1827956989247312,1.7311827956989247,1.3978494623655915,93.51612903225806,63.0
1001.0,1635.483870967742,2005.6774193548388,30.086021505376344,1.7526881720430108,1.0,2.043010752688172,1.1827956989247312,1.7311827956989247,1.3978494623655915,93.51612903225806,89.0
1280.0,1635.483870967742,2005.6774193548388,30.086021505376344,1.7526881720430108,1.0,2.043010752688172,1.1827956989247312,1.7311827956989247,1.3978494623655915,93.51612903225806,92.0
2747.0,1635.483870967742,2005.6774193548388,30.086021505376344,1.7526881720430108,1.0,2.043010752688172,1.1827956989247312,1.7311827956989247,1.3978494623655915,93.51612903225806,100.0
2708.0,1635.483870967742,2005.6774193548388,30.086021505376344,1.7526881720430108,1.0,2.043010752688172,1.1827956989247312,1.7311827956989247,1.3978494623655915,93.51612903225806,100.0
525.0,1635.483870967742,2005.6774193548388,30.086021505376344,1.7526881720430108,1.0,2.043010752688172,1.1827956989247312,1.7311827956989247,1.3978494623655915,93.51612903225806,105.0
744.0,1635.483870967742,2005.6774193548388,30.086021505376344,1.7526881720430108,1.0,2.043010752688172,1.1827956989247312,1.7311827956989247,1.3978494623655915,93.51612903225806,93.0
2226.0,1635.483870967742,2005.6774193548388,30.086021505376344,1.7526881720430108,1.0,2.043010752688172,1.1827956989247312,1.7311827956989247,1.3978494623655915,93.51612903225806,75.0
2986.0,1635.483870967742,2005.6774193548388,30.086021505376344,1.7526881720430108,1.0,2.043010752688172,1.1827956989247312,1.7311827956989247,1.3978494623655915,93.51612903225806,94.0
1157.0,1635.483870967742,2005.6774193548388,30.086021505376344,1.7526881720430108,1.0,2.043010752688172,1.1827956989247312,1.7311827956989247,1.3978494623655915,93.51612903225806,94.0
1184.0,1635.483870967742,2005.6774193548388,30.086021505376344,1.7526881720430108,1.0,2.043010752688172,1.1827956989247312,1.7311827956989247,1.3978494623655915,93.51612903225806,69.0
938.0,1635.483870967742,2005.6774193548388,30.086021505376344,1.7526881720430108,1.0,2.043010752688172,1.1827956989247312,1.7311827956989247,1.3978494623655915,93.51612903225806,84.0
1472.0,1635.483870967742,2005.6774193548388,30.086021505376344,1.7526881720430108,1.0,2.043010752688172,1.1827956989247312,1.7311827956989247,1.3978494623655915,93.51612903225806,119.0
2850.0,1635.483870967742,2005.6774193548388,30.086021505376344,1.7526881720430108,1.0,2.043010752688172,1.1827956989247312,1.7311827956989247,1.3978494623655915,93.51612903225806,137.0
1853.0,1635.483870967742,2005.6774193548388,30.086021505376344,1.7526881720430108,1.0,2.043010752688172,1.1827956989247312,1.7311827956989247,1.3978494623655915,93.51612903225806,100.0
400.0,1635.483870967742,2005.6774193548388,30.086021505376344,1.7526881720430108,1.0,2.043010752688172,1.1827956989247312,1.7311827956989247,1.3978494623655915,93.51612903225806,84.0
264.0,1635.483870967742,2005.6774193548388,30.086021505376344,1.7526881720430108,1.0,2.043010752688172,1.1827956989247312,1.7311827956989247,1.3978494623655915,93.51612903225806,92.0
201.0,1635.483870967742,2005.6774193548388,30.086021505376344,1.7526881720430108,1.0,2.043010752688172,1.1827956989247312,1.7311827956989247,1.3978494623655915,93.51612903225806,74.0
1571.0,1635.483870967742,2005.6774193548388,30.086021505376344,1.7526881720430108,1.0,2.043010752688172,1.1827956989247312,1.7311827956989247,1.3978494623655915,93.51612903225806,100.0
1529.0,1635.483870967742,2005.6774193548388,30.086021505376344,1.7526881720430108,1.0,2.043010752688172,1.1827956989247312,1.7311827956989247,1.3978494623655915,93.51612903225806,119.0
2710.0,1635.483870967742,2005.6774193548388,30.086021505376344,1.7526881720430108,1.0,2.043010752688172,1.1827956989247312,1.7311827956989247,1.3978494623655915,93.51612903225806,131.0
991.0,1635.483870967742,2005.6774193548388,30.086021505376344,1.7526881720430108,1.0,2.043010752688172,1.1827956989247312,1.7311827956989247,1.3978494623655915,93.51612903225806,55.0
1020.0,1635.483870967742,2005.6774193548388,30.086021505376344,1.7526881720430108,1.0,2.043010752688172,1.1827956989247312,1.7311827956989247,1.3978494623655915,93.51612903225806,85.0
1480.0,1635.483870967742,2005.6774193548388,30.086021505376344,1.7526881720430108,1.0,2.043010752688172,1.1827956989247312,1.7311827956989247,1.3978494623655915,93.51612903225806,116.0
1057.0,1635.483870967742,2005.6774193548388,30.086021505376344,1.7526881720430108,1.0,2.043010752688172,1.1827956989247312,1.7311827956989247,1.3978494623655915,93.51612903225806,61.0
2528.0,1635.483870967742,2005.6774193548388,30.086021505376344,1.7526881720430108,1.0,2.043010752688172,1.1827956989247312,1.7311827956989247,1.3978494623655915,93.51612903225806,88.0
579.0,1635.483870967742,2005.6774193548388,30.086021505376344,1.7526881720430108,1.0,2.043010752688172,1.1827956989247312,1.7311827956989247,1.3978494623655915,93.51612903225806,94.0
331.0,1635.483870967742,2005.6774193548388,30.086021505376344,1.7526881720430108,1.0,2.043010752688172,1.1827956989247312,1.7311827956989247,1.3978494623655915,93.51612903225806,172.0
1635.0,1635.483870967742,2005.6774193548388,30.086021505376344,1.7526881720430108,1.0,2.043010752688172,1.1827956989247312,1.7311827956989247,1.3978494623655915,93.51612903225806,110.0
2128.0,1635.483870967742,2005.6774193548388,30.086021505376344,1.7526881720430108,1.0,2.043010752688172,1.1827956989247312,1.7311827956989247,1.3978494623655915,93.51612903225806,121.0
2465.0,1635.483870967742,2005.6774193548388,30.086021505376344,1.7526881720430108,1.0,2.043010752688172,1.1827956989247312,1.7311827956989247,1.3978494623655915,93.51612903225806,88.0
1191.0,1635.483870967742,2005.6774193548388,30.086021505376344,1.7526881720430108,1.0,2.043010752688172,1.1827956989247312,1.7311827956989247,1.3978494623655915,93.51612903225806,80.0
2302.0,1635.483870967742,2005.6774193548388,30.086021505376344,1.7526881720430108,1.0,2.043010752688172,1.1827956989247312,1.7311827956989247,1.3978494623655915,93.51612903225806,78.0
2778.0,1635.483870967742,2005.6774193548388,30.086021505376344,1.7526881720430108,1.0,2.043010752688172,1.1827956989247312,1.7311827956989247,1.3978494623655915,93.51612903225806,59.0
1900.0,1635.483870967742,2005.6774193548388,30.086021505376344,1.7526881720430108,1.0,2.043010752688172,1.1827956989247312,1.7311827956989247,1.3978494623655915,93.51612903225806,61.0
2626.0,1635.483870967742,2005.6774193548388,30.086021505376344,1.7526881720430108,1.0,2.043010752688172,1.1827956989247312,1.7311827956989247,1.3978494623655915,93.51612903225806,85.0
964.0,1635.483870967742,2005.6774193548388,30.086021505376344,1.7526881720430108,1.0,2.043010752688172,1.1827956989247312,1.7311827956989247,1.3978494623655915,93.51612903225806,107.0
2615.0,1635.483870967742,2005.6774193548388,30.086021505376344,1.7526881720430108,1.0,2.043010752688172,1.1827956989247312,1.7311827956989247,1.3978494623655915,93.51612903225806,102.0
1854.0,1635.483870967742,2005.6774193548388,30.086021505376344,1.7526881720430108,1.0,2.043010752688172,1.1827956989247312,1.7311827956989247,1.3978494623655915,93.51612903225806,101.0
2717.0,1635.483870967742,2005.6774193548388,30.086021505376344,1.7526881720430108,1.0,2.043010752688172,1.1827956989247312,1.7311827956989247,1.3978494623655915,93.51612903225806,80.0
1354.0,1635.483870967742,2005.6774193548388,30.086021505376344,1.7526881720430108,1.0,2.043010752688172,1.1827956989247312,1.7311827956989247,1.3978494623655915,93.51612903225806,66.0
307.0,1635.483870967742,2005.6774193548388,30.086021505376344,1.7526881720430108,1.0,2.043010752688172,1.1827956989247312,1.7311827956989247,1.3978494623655915,93.51612903225806,81.0
2496.0,1635.483870967742,2005.6774193548388,30.086021505376344,1.7526881720430108,1.0,2.043010752688172,1.1827956989247312,1.7311827956989247,1.3978494623655915,93.51612903225806,100.0
1039.0,1635.483870967742,2005.6774193548388,30.086021505376344,1.7526881720430108,1.0,2.043010752688172,1.1827956989247312,1.7311827956989247,1.3978494623655915,93.51612903225806,90.0
40.0,1635.483870967742,2005.6774193548388,30.086021505376344,1.7526881720430108,1.0,2.043010752688172,1.1827956989247312,1.7311827956989247,1.3978494623655915,93.51612903225806,66.0
1807.0,1635.483870967742,2005.6774193548388,30.086021505376344,1.7526881720430108,1.0,2.043010752688172,1.1827956989247312,1.7311827956989247,1.3978494623655915,93.51612903225806,142.0
1049.0,1635.483870967742,2005.6774193548388,30.086021505376344,1.7526881720430108,1.0,2.043010752688172,1.1827956989247312,1.7311827956989247,1.3978494623655915,93.51612903225806,123.0
895.0,1635.483870967742,2005.6774193548388,30.086021505376344,1.7526881720430108,1.0,2.043010752688172,1.1827956989247312,1.7311827956989247,1.3978494623655915,93.51612903225806,92.0
1290.0,1635.483870967742,2005.6774193548388,30.086021505376344,1.7526881720430108,1.0,2.043010752688172,1.1827956989247312,1.7311827956989247,1.3978494623655915,93.51612903225806,96.0
701.0,1635.483870967742,2005.6774193548388,30.086021505376344,1.7526881720430108,1.0,2.043010752688172,1.1827956989247312,1.7311827956989247,1.3978494623655915,93.51612903225806,124.0
2378.0,1635.483870967742,2005.6774193548388,30.086021505376344,1.7526881720430108,1.0,2.043010752688172,1.1827956989247312,1.7311827956989247,1.3978494623655915,93.51612903225806,70.0
1161.0,1585.8817204301076,2003.9354838709678,35.376344086021504,2.0,1.0,1.989247311827957,1.3870967741935485,1.7419354838709677,1.3870967741935485,97.45161290322581,101.0
1640.0,1585.8817204301076,2003.9354838709678,35.376344086021504,2.0,1.0,1.989247311827957,1.3870967741935485,1.7419354838709677,1.3870967741935485,97.45161290322581,81.0
2412.0,1585.8817204301076,2003.9354838709678,35.376344086021504,2.0,1.0,1.989247311827957,1.3870967741935485,1.7419354838709677,1.3870967741935485,97.45161290322581,80.0
2034.0,1585.8817204301076,2003.9354838709678,35.376344086021504,2.0,1.0,1.989247311827957,1.3870967741935485,1.7419354838709677,1.3870967741935485,97.45161290322581,72.0
113.0,1585.8817204301076,2003.9354838709678,35.376344086021504,2.0,1.0,1.989247311827957,1.3870967741935485,1.7419354838709677,1.3870967741935485,97.45161290322581,76.0
1836.0,1585.8817204301076,2003.9354838709678,35.376344086021504,2.0,1.0,1.989247311827957,1.3870967741935485,1.7419354838709677,1.3870967741935485,97.45161290322581,100.0
1426.0,1585.8817204301076,2003.9354838709678,35.376344086021504,2.0,1.0,1.989247311827957,1.3870967741935485,1.7419354838709677,1.3870967741935485,97.45161290322581,119.0
1625.0,1585.8817204301076,2003.9354838709678,35.376344086021504,2.0,1.0,1.989247311827957,1.3870967741935485,1.7419354838709677,1.3870967741935485,97.45161290322581,62.0
1522.0,1585.8817204301076,2003.9354838709678,35.376344086021504,2.0,1.0,1.989247311827957,1.3870967741935485,1.7419354838709677,1.3870967741935485,97.45161290322581,63.0
340.0,1585.8817204301076,2003.9354838709678,35.376344086021504,2.0,1.0,1.989247311827957,1.3870967741935485,1.7419354838709677,1.3870967741935485,97.45161290322581,119.0
2623.0,1585.8817204301076,2003.9354838709678,35.376344086021504,2.0,1.0,1.989247311827957,1.3870967741935485,1.7419354838709677,1.3870967741935485,97.45161290322581,100.0
1689.0,1585.8817204301076,2003.9354838709678,35.376344086021504,2.0,1.0,1.989247311827957,1.3870967741935485,1.7419354838709677,1.3870967741935485,97.45161290322581,110.0
1783.0,1585.8817204301076,2003.9354838709678,35.376344086021504,2.0,1.0,1.989247311827957,1.3870967741935485,1.7419354838709677,1.3870967741935485,97.45161290322581,100.0
1399.0,1585.8817204301076,2003.9354838709678,35.376344086021504,2.0,1.0,1.989247311827957,1.3870967741935485,1.7419354838709677,1.3870967741935485,97.45161290322581,65.0
1451.0,1585.8817204301076,2003.9354838709678,35.376344086021504,2.0,1.0,1.989247311827957,1.3870967741935485,1.7419354838709677,1.3870967741935485,97.45161290322581,135.0
2704.0,1585.8817204301076,2003.9354838709678,35.376344086021504,2.0,1.0,1.989247311827957,1.3870967741935485,1.7419354838709677,1.3870967741935485,97.45161290322581,88.0
1107.0,1585.8817204301076,2003.9354838709678,35.376344086021504,2.0,1.0,1.989247311827957,1.3870967741935485,1.7419354838709677,1.3870967741935485,97.45161290322581,132.0
104.0,1585.8817204301076,2003.9354838709678,35.376344086021504,2.0,1.0,1.989247311827957,1.3870967741935485,1.7419354838709677,1.3870967741935485,97.45161290322581,69.0
1076.0,1585.8817204301076,2003.9354838709678,35.376344086021504,2.0,1.0,1.989247311827957,1.3870967741935485,1.7419354838709677,1.3870967741935485,97.45161290322581,123.0
646.0,1585.8817204301076,2003.9354838709678,35.376344086021504,2.0,1.0,1.989247311827957,1.3870967741935485,1.7419354838709677,1.3870967741935485,97.45161290322581,135.0
928.0,1585.8817204301076,2003.9354838709678,35.376344086021504,2.0,1.0,1.989247311827957,1.3870967741935485,1.7419354838709677,1.3870967741935485,97.45161290322581,68.0
2041.0,1585.8817204301076,2003.9354838709678,35.376344086021504,2.0,1.0,1.989247311827957,1.3870967741935485,1.7419354838709677,1.3870967741935485,97.45161290322581,114.0
1174.0,1585.8817204301076,2003.9354838709678,35.376344086021504,2.0,1.0,1.989247311827957,1.3870967741935485,1.7419354838709677,1.3870967741935485,97.45161290322581,99.0
1355.0,1585.8817204301076,2003.9354838709678,35.376344086021504,2.0,1.0,1.989247311827957,1.3870967741935485,1.7419354838709677,1.3870967741935485,97.45161290322581,105.0
2658.0,1585.8817204301076,2003.9354838709678,35.376344086021504,2.0,1.0,1.989247311827957,1.3870967741935485,1.7419354838709677,1.3870967741935485,97.45161290322581,71.0
1448.0,1585.8817204301076,2003.9354838709678,35.376344086021504,2.0,1.0,1.989247311827957,1.3870967741935485,1.7419354838709677,1.3870967741935485,97.45161290322581,100.0
2792.0,1585.8817204301076,2003.9354838709678,35.376344086021504,2.0,1.0,1.989247311827957,1.3870967741935485,1.7419354838709677,1.3870967741935485,97.45161290322581,61.0
1500.0,1585.8817204301076,2003.9354838709678,35.376344086021504,2.0,1.0,1.989247311827957,1.3870967741935485,1.7419354838709677,1.3870967741935485,97.45161290322581,135.0
995.0,1585.8817204301076,2003.9354838709678,35.376344086021504,2.0,1.0,1.989247311827957,1.3870967741935485,1.7419354838709677,1.3870967741935485,97.45161290322581,95.0
900.0,1585.8817204301076,2003.9354838709678,35.376344086021504,2.0,1.0,1.989247311827957,1.3870967741935485,1.7419354838709677,1.3870967741935485,97.45161290322581,115.0
1576.0,1585.8817204301076,2003.9354838709678,35.376344086021504,2.0,1.0,1.989247311827957,1.3870967741935485,1.7419354838709677,1.3870967741935485,97.45161290322581,88.0
2579.0,1585.8817204301076,2003.9354838709678,35.376344086021504,2.0,1.0,1.989247311827957,1.3870967741935485,1.7419354838709677,1.3870967741935485,97.45161290322581,74.0
2115.0,1585.8817204301076,2003.9354838709678,35.376344086021504,2.0,1.0,1.989247311827957,1.3870967741935485,1.7419354838709677,1.3870967741935485,97.45161290322581,145.0
1812.0,1585.8817204301076,2003.9354838709678,35.376344086021504,2.0,1.0,1.989247311827957,1.3870967741935485,1.7419354838709677,1.3870967741935485,97.45161290322581,74.0
60.0,1585.8817204301076,2003.9354838709678,35.376344086021504,2.0,1.0,1.989247311827957,1.3870967741935485,1.7419354838709677,1.3870967741935485,97.45161290322581,112.0
2221.0,1585.8817204301076,2003.9354838709678,35.376344086021504,2.0,1.0,1.989247311827957,1.3870967741935485,1.7419354838709677,1.3870967741935485,97.45161290322581,69.0
939.0,1585.8817204301076,2003.9354838709678,35.376344086021504,2.0,1.0,1.989247311827957,1.3870967741935485,1.7419354838709677,1.3870967741935485,97.45161290322581,94.0
389.0,1585.8817204301076,2003.9354838709678,35.376344086021504,2.0,1.0,1.989247311827957,1.3870967741935485,1.7419354838709677,1.3870967741935485,97.45161290322581,21.0
1888.0,1585.8817204301076,2003.9354838709678,35.376344086021504,2.0,1.0,1.989247311827957,1.3870967741935485,1.7419354838709677,1.3870967741935485,97.45161290322581,103.0
410.0,1585.8817204301076,2003.9354838709678,35.376344086021504,2.0,1.0,1.989247311827957,1.3870967741935485,1.7419354838709677,1.3870967741935485,97.45161290322581,129.0
403.0,1585.8817204301076,2003.9354838709678,35.376344086021504,2.0,1.0,1.989247311827957,1.3870967741935485,1.7419354838709677,1.3870967741935485,97.45161290322581,81.0
2650.0,1585.8817204301076,2003.9354838709678,35.376344086021504,2.0,1.0,1.989247311827957,1.3870967741935485,1.7419354838709677,1.3870967741935485,97.45161290322581,132.0
1233.0,1585.8817204301076,2003.9354838709678,35.376344086021504,2.0,1.0,1.989247311827957,1.3870967741935485,1.7419354838709677,1.3870967741935485,97.45161290322581,88.0
1088.0,1585.8817204301076,2003.9354838709678,35.376344086021504,2.0,1.0,1.989247311827957,1.3870967741935485,1.7419354838709677,1.3870967741935485,97.45161290322581,117.0
1401.0,1585.8817204301076,2003.9354838709678,35.376344086021504,2.0,1.0,1.989247311827957,1.3870967741935485,1.7419354838709677,1.3870967741935485,97.45161290322581,135.0
1497.0,1585.8817204301076,2003.9354838709678,35.376344086021504,2.0,1.0,1.989247311827957,1.3870967741935485,1.7419354838709677,1.3870967741935485,97.45161290322581,131.0
1578.0,1585.8817204301076,2003.9354838709678,35.376344086021504,2.0,1.0,1.989247311827957,1.3870967741935485,1.7419354838709677,1.3870967741935485,97.45161290322581,85.0
1092.0,1585.8817204301076,2003.9354838709678,35.376344086021504,2.0,1.0,1.989247311827957,1.3870967741935485,1.7419354838709677,1.3870967741935485,97.45161290322581,116.0
2398.0,1585.8817204301076,2003.9354838709678,35.376344086021504,2.0,1.0,1.989247311827957,1.3870967741935485,1.7419354838709677,1.3870967741935485,97.45161290322581,74.0
1627.0,1585.8817204301076,2003.9354838709678,35.376344086021504,2.0,1.0,1.989247311827957,1.3870967741935485,1.7419354838709677,1.3870967741935485,97.45161290322581,86.0
2195.0,1585.8817204301076,2003.9354838709678,35.376344086021504,2.0,1.0,1.989247311827957,1.3870967741935485,1.7419354838709677,1.3870967741935485,97.45161290322581,81.0
2455.0,1585.8817204301076,2003.9354838709678,35.376344086021504,2.0,1.0,1.989247311827957,1.3870967741935485,1.7419354838709677,1.3870967741935485,97.45161290322581,74.0
143.0,1585.8817204301076,2003.9354838709678,35.376344086021504,2.0,1.0,1.989247311827957,1.3870967741935485,1.7419354838709677,1.3870967741935485,97.45161290322581,107.0
886.0,1585.8817204301076,2003.9354838709678,35.376344086021504,2.0,1.0,1.989247311827957,1.3870967741935485,1.7419354838709677,1.3870967741935485,97.45161290322581,118.0
2081.0,1585.8817204301076,2003.9354838709678,35.376344086021504,2.0,1.0,1.989247311827957,1.3870967741935485,1.7419354838709677,1.3870967741935485,97.45161290322581,75.0
2667.0,1585.8817204301076,2003.9354838709678,35.376344086021504,2.0,1.0,1.989247311827957,1.3870967741935485,1.7419354838709677,1.3870967741935485,97.45161290322581,114.0
222.0,1585.8817204301076,2003.9354838709678,35.376344086021504,2.0,1.0,1.989247311827957,1.3870967741935485,1.7419354838709677,1.3870967741935485,97.45161290322581,94.0
2882.0,1585.8817204301076,2003.9354838709678,35.376344086021504,2.0,1.0,1.989247311827957,1.3870967741935485,1.7419354838709677,1.3870967741935485,97.45161290322581,48.0
2782.0,1585.8817204301076,2003.9354838709678,35.376344086021504,2.0,1.0,1.989247311827957,1.3870967741935485,1.7419354838709677,1.3870967741935485,97.45161290322581,83.0
2921.0,1585.8817204301076,2003.9354838709678,35.376344086021504,2.0,1.0,1.989247311827957,1.3870967741935485,1.7419354838709677,1.3870967741935485,97.45161290322581,138.0
2202.0,1585.8817204301076,2003.9354838709678,35.376344086021504,2.0,1.0,1.989247311827957,1.3870967741935485,1.7419354838709677,1.3870967741935485,97.45161290322581,66.0
2893.0,1585.8817204301076,2003.9354838709678,35.376344086021504,2.0,1.0,1.989247311827957,1.3870967741935485,1.7419354838709677,1.3870967741935485,97.45161290322581,84.0
1373.0,1585.8817204301076,2003.9354838709678,35.376344086021504,2.0,1.0,1.989247311827957,1.3870967741935485,1.7419354838709677,1.3870967741935485,97.45161290322581,110.0
1619.0,1585.8817204301076,2003.9354838709678,35.376344086021504,2.0,1.0,1.989247311827957,1.3870967741935485,1.7419354838709677,1.3870967741935485,97.45161290322581,100.0
918.0,1585.8817204301076,2003.9354838709678,35.376344086021504,2.0,1.0,1.989247311827957,1.3870967741935485,1.7419354838709677,1.3870967741935485,97.45161290322581,105.0
1413.0,1585.8817204301076,2003.9354838709678,35.376344086021504,2.0,1.0,1.989247311827957,1.3870967741935485,1.7419354838709677,1.3870967741935485,97.45161290322581,129.0
915.0,1585.8817204301076,2003.9354838709678,35.376344086021504,2.0,1.0,1.989247311827957,1.3870967741935485,1.7419354838709677,1.3870967741935485,97.45161290322581,129.0
808.0,1585.8817204301076,2003.9354838709678,35.376344086021504,2.0,1.0,1.989247311827957,1.3870967741935485,1.7419354838709677,1.3870967741935485,97.45161290322581,63.0
2788.0,1585.8817204301076,2003.9354838709678,35.376344086021504,2.0,1.0,1.989247311827957,1.3870967741935485,1.7419354838709677,1.3870967741935485,97.45161290322581,105.0
154.0,1585.8817204301076,2003.9354838709678,35.376344086021504,2.0,1.0,1.989247311827957,1.3870967741935485,1.7419354838709677,1.3870967741935485,97.45161290322581,81.0
1692.0,1585.8817204301076,2003.9354838709678,35.376344086021504,2.0,1.0,1.989247311827957,1.3870967741935485,1.7419354838709677,1.3870967741935485,97.45161290322581,137.0
1123.0,1585.8817204301076,2003.9354838709678,35.376344086021504,2.0,1.0,1.989247311827957,1.3870967741935485,1.7419354838709677,1.3870967741935485,97.45161290322581,78.0
1838.0,1585.8817204301076,2003.9354838709678,35.376344086021504,2.0,1.0,1.989247311827957,1.3870967741935485,1.7419354838709677,1.3870967741935485,97.45161290322581,80.0
572.0,1585.8817204301076,2003.9354838709678,35.376344086021504,2.0,1.0,1.989247311827957,1.3870967741935485,1.7419354838709677,1.3870967741935485,97.45161290322581,110.0
1701.0,1585.8817204301076,2003.9354838709678,35.376344086021504,2.0,1.0,1.989247311827957,1.3870967741935485,1.7419354838709677,1.3870967741935485,97.45161290322581,100.0
2723.0,1585.8817204301076,2003.9354838709678,35.376344086021504,2.0,1.0,1.989247311827957,1.3870967741935485,1.7419354838709677,1.3870967741935485,97.45161290322581,161.0
469.0,1585.8817204301076,2003.9354838709678,35.376344086021504,2.0,1.0,1.989247311827957,1.3870967741935485,1.7419354838709677,1.3870967741935485,97.45161290322581,105.0
1889.0,1585.8817204301076,2003.9354838709678,35.376344086021504,2.0,1.0,1.989247311827957,1.3870967741935485,1.7419354838709677,1.3870967741935485,97.45161290322581,119.0
1669.0,1585.8817204301076,2003.9354838709678,35.376344086021504,2.0,1.0,1.989247311827957,1.3870967741935485,1.7419354838709677,1.3870967741935485,97.45161290322581,83.0
814.0,1585.8817204301076,2003.9354838709678,35.376344086021504,2.0,1.0,1.989247311827957,1.3870967741935485,1.7419354838709677,1.3870967741935485,97.45161290322581,104.0
2372.0,1585.8817204301076,2003.9354838709678,35.376344086021504,2.0,1.0,1.989247311827957,1.3870967741935485,1.7419354838709677,1.3870967741935485,97.45161290322581,144.0
381.0,1585.8817204301076,2003.9354838709678,35.376344086021504,2.0,1.0,1.989247311827957,1.3870967741935485,1.7419354838709677,1.3870967741935485,97.45161290322581,127.0
2225.0,1585.8817204301076,2003.9354838709678,35.376344086021504,2.0,1.0,1.989247311827957,1.3870967741935485,1.7419354838709677,1.3870967741935485,97.45161290322581,94.0
2817.0,1585.8817204301076,2003.9354838709678,35.376344086021504,2.0,1.0,1.989247311827957,1.3870967741935485,1.7419354838709677,1.3870967741935485,97.45161290322581,78.0
1521.0,1585.8817204301076,2003.9354838709678,35.376344086021504,2.0,1.0,1.989247311827957,1.3870967741935485,1.7419354838709677,1.3870967741935485,97.45161290322581,47.0
2895.0,1585.8817204301076,2003.9354838709678,35.376344086021504,2.0,1.0,1.989247311827957,1.3870967741935485,1.7419354838709677,1.3870967741935485,97.45161290322581,71.0
1675.0,1585.8817204301076,2003.9354838709678,35.376344086021504,2.0,1.0,1.989247311827957,1.3870967741935485,1.7419354838709677,1.3870967741935485,97.45161290322581,110.0
2758.0,1585.8817204301076,2003.9354838709678,35.376344086021504,2.0,1.0,1.989247311827957,1.3870967741935485,1.7419354838709677,1.3870967741935485,97.45161290322581,77.0
1685.0,1585.8817204301076,2003.9354838709678,35.376344086021504,2.0,1.0,1.989247311827957,1.3870967741935485,1.7419354838709677,1.3870967741935485,97.45161290322581,73.0
1805.0,1585.8817204301076,2003.9354838709678,35.376344086021504,2.0,1.0,1.989247311827957,1.3870967741935485,1.7419354838709677,1.3870967741935485,97.45161290322581,119.0
2409.0,1585.8817204301076,2003.9354838709678,35.376344086021504,2.0,1.0,1.989247311827957,1.3870967741935485,1.7419354838709677,1.3870967741935485,97.45161290322581,115.0
1559.0,1585.8817204301076,2003.9354838709678,35.376344086021504,2.0,1.0,1.989247311827957,1.3870967741935485,1.7419354838709677,1.3870967741935485,97.45161290322581,85.0
1140.0,1585.8817204301076,2003.9354838709678,35.376344086021504,2.0,1.0,1.989247311827957,1.3870967741935485,1.7419354838709677,1.3870967741935485,97.45161290322581,95.0
