916.0,1444.125,2006.25,31.208333333333332,1.7916666666666667,2.0,2.7083333333333335,1.5833333333333333,1.75,1.5416666666666667,94.45833333333333,88.0
2354.0,1444.125,2006.25,31.208333333333332,1.7916666666666667,2.0,2.7083333333333335,1.5833333333333333,1.75,1.5416666666666667,94.45833333333333,94.0
1945.0,1444.125,2006.25,31.208333333333332,1.7916666666666667,2.0,2.7083333333333335,1.5833333333333333,1.75,1.5416666666666667,94.45833333333333,110.0
2762.0,1444.125,2006.25,31.208333333333332,1.7916666666666667,2.0,2.7083333333333335,1.5833333333333333,1.75,1.5416666666666667,94.45833333333333,65.0
879.0,1444.125,2006.25,31.208333333333332,1.7916666666666667,2.0,2.7083333333333335,1.5833333333333333,1.75,1.5416666666666667,94.45833333333333,105.0
1170.0,1444.125,2006.25,31.208333333333332,1.7916666666666667,2.0,2.7083333333333335,1.5833333333333333,1.75,1.5416666666666667,94.45833333333333,84.0
927.0,1444.125,2006.25,31.208333333333332,1.7916666666666667,2.0,2.7083333333333335,1.5833333333333333,1.75,1.5416666666666667,94.45833333333333,94.0
1404.0,1444.125,2006.25,31.208333333333332,1.7916666666666667,2.0,2.7083333333333335,1.5833333333333333,1.75,1.5416666666666667,94.45833333333333,100.0
189.0,1444.125,2006.25,31.208333333333332,1.7916666666666667,2.0,2.7083333333333335,1.5833333333333333,1.75,1.5416666666666667,94.45833333333333,100.0
1839.0,1444.125,2006.25,31.208333333333332,1.7916666666666667,2.0,2.7083333333333335,1.5833333333333333,1.75,1.5416666666666667,94.45833333333333,79.0
615.0,1444.125,2006.25,31.208333333333332,1.7916666666666667,2.0,2.7083333333333335,1.5833333333333333,1.75,1.5416666666666667,94.45833333333333,90.0
2998.0,1444.125,2006.25,31.208333333333332,1.7916666666666667,2.0,2.7083333333333335,1.5833333333333333,1.75,1.5416666666666667,94.45833333333333,66.0
1809.0,1444.125,2006.25,31.208333333333332,1.7916666666666667,2.0,2.7083333333333335,1.5833333333333333,1.75,1.5416666666666667,94.45833333333333,74.0
1446.0,1444.125,2006.25,31.208333333333332,1.7916666666666667,2.0,2.7083333333333335,1.5833333333333333,1.75,1.5416666666666667,94.45833333333333,60.0
472.0,1444.125,2006.25,31.208333333333332,1.7916666666666667,2.0,2.7083333333333335,1.5833333333333333,1.75,1.5416666666666667,94.45833333333333,105.0
2541.0,1444.125,2006.25,31.208333333333332,1.7916666666666667,2.0,2.7083333333333335,1.5833333333333333,1.75,1.5416666666666667,94.45833333333333,121.0
218.0,1444.125,2006.25,31.208333333333332,1.7916666666666667,2.0,2.7083333333333335,1.5833333333333333,1.75,1.5416666666666667,94.45833333333333,81.0
2344.0,1444.125,2006.25,31.208333333333332,1.7916666666666667,2.0,2.7083333333333335,1.5833333333333333,1.75,1.5416666666666667,94.45833333333333,71.0
1050.0,1444.125,2006.25,31.208333333333332,1.7916666666666667,2.0,2.7083333333333335,1.5833333333333333,1.75,1.5416666666666667,94.45833333333333,133.0
138.0,1444.125,2006.25,31.208333333333332,1.7916666666666667,2.0,2.7083333333333335,1.5833333333333333,1.75,1.5416666666666667,94.45833333333333,119.0
9.0,1444.125,2006.25,31.208333333333332,1.7916666666666667,2.0,2.7083333333333335,1.5833333333333333,1.75,1.5416666666666667,94.45833333333333,119.0
1907.0,1444.125,2006.25,31.208333333333332,1.7916666666666667,2.0,2.7083333333333335,1.5833333333333333,1.75,1.5416666666666667,94.45833333333333,75.0
2064.0,1444.125,2006.25,31.208333333333332,1.7916666666666667,2.0,2.7083333333333335,1.5833333333333333,1.75,1.5416666666666667,94.45833333333333,94.0
2663.0,1444.125,2006.25,31.208333333333332,1.7916666666666667,2.0,2.7083333333333335,1.5833333333333333,1.75,1.5416666666666667,94.45833333333333,140.0
2111.0,1632.5744680851064,2006.0851063829787,49.797872340425535,1.7127659574468086,1.3617021276595744,3.0106382978723403,1.574468085106383,1.6063829787234043,1.1702127659574468,115.43617021276596,278.0
1825.0,1632.5744680851064,2006.0851063829787,49.797872340425535,1.7127659574468086,1.3617021276595744,3.0106382978723403,1.574468085106383,1.6063829787234043,1.1702127659574468,115.43617021276596,130.0
382.0,1632.5744680851064,2006.0851063829787,49.797872340425535,1.7127659574468086,1.3617021276595744,3.0106382978723403,1.574468085106383,1.6063829787234043,1.1702127659574468,115.43617021276596,161.0
2534.0,1632.5744680851064,2006.0851063829787,49.797872340425535,1.7127659574468086,1.3617021276595744,3.0106382978723403,1.574468085106383,1.6063829787234043,1.1702127659574468,115.43617021276596,81.0
2266.0,1632.5744680851064,2006.0851063829787,49.797872340425535,1.7127659574468086,1.3617021276595744,3.0106382978723403,1.574468085106383,1.6063829787234043,1.1702127659574468,115.43617021276596,83.0
1374.0,1632.5744680851064,2006.0851063829787,49.797872340425535,1.7127659574468086,1.3617021276595744,3.0106382978723403,1.574468085106383,1.6063829787234043,1.1702127659574468,115.43617021276596,67.0
1819.0,1632.5744680851064,2006.0851063829787,49.797872340425535,1.7127659574468086,1.3617021276595744,3.0106382978723403,1.574468085106383,1.6063829787234043,1.1702127659574468,115.43617021276596,90.0
2504.0,1632.5744680851064,2006.0851063829787,49.797872340425535,1.7127659574468086,1.3617021276595744,3.0106382978723403,1.574468085106383,1.6063829787234043,1.1702127659574468,115.43617021276596,47.0
2750.0,1632.5744680851064,2006.0851063829787,49.797872340425535,1.7127659574468086,1.3617021276595744,3.0106382978723403,1.574468085106383,1.6063829787234043,1.1702127659574468,115.43617021276596,83.0
438.0,1632.5744680851064,2006.0851063829787,49.797872340425535,1.7127659574468086,1.3617021276595744,3.0106382978723403,1.574468085106383,1.6063829787234043,1.1702127659574468,115.43617021276596,88.0
2403.0,1632.5744680851064,2006.0851063829787,49.797872340425535,1.7127659574468086,1.3617021276595744,3.0106382978723403,1.574468085106383,1.6063829787234043,1.1702127659574468,115.43617021276596,100.0
473.0,1632.5744680851064,2006.0851063829787,49.797872340425535,1.7127659574468086,1.3617021276595744,3.0106382978723403,1.574468085106383,1.6063829787234043,1.1702127659574468,115.43617021276596,71.0
1999.0,1632.5744680851064,2006.0851063829787,49.797872340425535,1.7127659574468086,1.3617021276595744,3.0106382978723403,1.574468085106383,1.6063829787234043,1.1702127659574468,115.43617021276596,125.0
2012.0,1632.5744680851064,2006.0851063829787,49.797872340425535,1.7127659574468086,1.3617021276595744,3.0106382978723403,1.574468085106383,1.6063829787234043,1.1702127659574468,115.43617021276596,111.0
2805.0,1632.5744680851064,2006.0851063829787,49.797872340425535,1.7127659574468086,1.3617021276595744,3.0106382978723403,1.574468085106383,1.6063829787234043,1.1702127659574468,115.43617021276596,144.0
208.0,1632.5744680851064,2006.0851063829787,49.797872340425535,1.7127659574468086,1.3617021276595744,3.0106382978723403,1.574468085106383,1.6063829787234043,1.1702127659574468,115.43617021276596,142.0
874.0,1632.5744680851064,2006.0851063829787,49.797872340425535,1.7127659574468086,1.3617021276595744,3.0106382978723403,1.574468085106383,1.6063829787234043,1.1702127659574468,115.43617021276596,100.0
2194.0,1632.5744680851064,2006.0851063829787,49.797872340425535,1.7127659574468086,1.3617021276595744,3.0106382978723403,1.574468085106383,1.6063829787234043,1.1702127659574468,115.43617021276596,148.0
2147.0,1632.5744680851064,2006.0851063829787,49.797872340425535,1.7127659574468086,1.3617021276595744,3.0106382978723403,1.574468085106383,1.6063829787234043,1.1702127659574468,115.43617021276596,142.0
16.0,1632.5744680851064,2006.0851063829787,49.797872340425535,1.7127659574468086,1.3617021276595744,3.0106382978723403,1.574468085106383,1.6063829787234043,1.1702127659574468,115.43617021276596,90.0
1414.0,1632.5744680851064,2006.0851063829787,49.797872340425535,1.7127659574468086,1.3617021276595744,3.0106382978723403,1.574468085106383,1.6063829787234043,1.1702127659574468,115.43617021276596,93.0
2696.0,1632.5744680851064,2006.0851063829787,49.797872340425535,1.7127659574468086,1.3617021276595744,3.0106382978723403,1.574468085106383,1.6063829787234043,1.1702127659574468,115.43617021276596,120.0
170.0,1632.5744680851064,2006.0851063829787,49.797872340425535,1.7127659574468086,1.3617021276595744,3.0106382978723403,1.574468085106383,1.6063829787234043,1.1702127659574468,115.43617021276596,129.0
1488.0,1632.5744680851064,2006.0851063829787,49.797872340425535,1.7127659574468086,1.3617021276595744,3.0106382978723403,1.574468085106383,1.6063829787234043,1.1702127659574468,115.43617021276596,179.0
1944.0,1632.5744680851064,2006.0851063829787,49.797872340425535,1.7127659574468086,1.3617021276595744,3.0106382978723403,1.574468085106383,1.6063829787234043,1.1702127659574468,115.43617021276596,139.0
567.0,1632.5744680851064,2006.0851063829787,49.797872340425535,1.7127659574468086,1.3617021276595744,3.0106382978723403,1.574468085106383,1.6063829787234043,1.1702127659574468,115.43617021276596,123.0
1376.0,1632.5744680851064,2006.0851063829787,49.797872340425535,1.7127659574468086,1.3617021276595744,3.0106382978723403,1.574468085106383,1.6063829787234043,1.1702127659574468,115.43617021276596,119.0
2094.0,1632.5744680851064,2006.0851063829787,49.797872340425535,1.7127659574468086,1.3617021276595744,3.0106382978723403,1.574468085106383,1.6063829787234043,1.1702127659574468,115.43617021276596,105.0
1926.0,1632.5744680851064,2006.0851063829787,49.797872340425535,1.7127659574468086,1.3617021276595744,3.0106382978723403,1.574468085106383,1.6063829787234043,1.1702127659574468,115.43617021276596,88.0
1449.0,1632.5744680851064,2006.0851063829787,49.797872340425535,1.7127659574468086,1.3617021276595744,3.0106382978723403,1.574468085106383,1.6063829787234043,1.1702127659574468,115.43617021276596,87.0
1709.0,1632.5744680851064,2006.0851063829787,49.797872340425535,1.7127659574468086,1.3617021276595744,3.0106382978723403,1.574468085106383,1.6063829787234043,1.1702127659574468,115.43617021276596,119.0
2564.0,1632.5744680851064,2006.0851063829787,49.797872340425535,1.7127659574468086,1.3617021276595744,3.0106382978723403,1.574468085106383,1.6063829787234043,1.1702127659574468,115.43617021276596,110.0
2876.0,1632.5744680851064,2006.0851063829787,49.797872340425535,1.7127659574468086,1.3617021276595744,3.0106382978723403,1.574468085106383,1.6063829787234043,1.1702127659574468,115.43617021276596,88.0
2597.0,1632.5744680851064,2006.0851063829787,49.797872340425535,1.7127659574468086,1.3617021276595744,3.0106382978723403,1.574468085106383,1.6063829787234043,1.1702127659574468,115.43617021276596,105.0
1122.0,1632.5744680851064,2006.0851063829787,49.797872340425535,1.7127659574468086,1.3617021276595744,3.0106382978723403,1.574468085106383,1.6063829787234043,1.1702127659574468,115.43617021276596,133.0
724.0,1632.5744680851064,2006.0851063829787,49.797872340425535,1.7127659574468086,1.3617021276595744,3.0106382978723403,1.574468085106383,1.6063829787234043,1.1702127659574468,115.43617021276596,147.0
2648.0,1632.5744680851064,2006.0851063829787,49.797872340425535,1.7127659574468086,1.3617021276595744,3.0106382978723403,1.574468085106383,1.6063829787234043,1.1702127659574468,115.43617021276596,177.0
2141.0,1632.5744680851064,2006.0851063829787,49.797872340425535,1.7127659574468086,1.3617021276595744,3.0106382978723403,1.574468085106383,1.6063829787234043,1.1702127659574468,115.43617021276596,81.0
920.0,1632.5744680851064,2006.0851063829787,49.797872340425535,1.7127659574468086,1.3617021276595744,3.0106382978723403,1.574468085106383,1.6063829787234043,1.1702127659574468,115.43617021276596,70.0
2545.0,1632.5744680851064,2006.0851063829787,49.797872340425535,1.7127659574468086,1.3617021276595744,3.0106382978723403,1.574468085106383,1.6063829787234043,1.1702127659574468,115.43617021276596,115.0
1073.0,1632.5744680851064,2006.0851063829787,49.797872340425535,1.7127659574468086,1.3617021276595744,3.0106382978723403,1.574468085106383,1.6063829787234043,1.1702127659574468,115.43617021276596,108.0
1063.0,1632.5744680851064,2006.0851063829787,49.797872340425535,1.7127659574468086,1.3617021276595744,3.0106382978723403,1.574468085106383,1.6063829787234043,1.1702127659574468,115.43617021276596,114.0
731.0,1632.5744680851064,2006.0851063829787,49.797872340425535,1.7127659574468086,1.3617021276595744,3.0106382978723403,1.574468085106383,1.6063829787234043,1.1702127659574468,115.43617021276596,268.0
607.0,1632.5744680851064,2006.0851063829787,49.797872340425535,1.7127659574468086,1.3617021276595744,3.0106382978723403,1.574468085106383,1.6063829787234043,1.1702127659574468,115.43617021276596,88.0
2580.0,1632.5744680851064,2006.0851063829787,49.797872340425535,1.7127659574468086,1.3617021276595744,3.0106382978723403,1.574468085106383,1.6063829787234043,1.1702127659574468,115.43617021276596,83.0
2831.0,1632.5744680851064,2006.0851063829787,49.797872340425535,1.7127659574468086,1.3617021276595744,3.0106382978723403,1.574468085106383,1.6063829787234043,1.1702127659574468,115.43617021276596,161.0
118.0,1632.5744680851064,2006.0851063829787,49.797872340425535,1.7127659574468086,1.3617021276595744,3.0106382978723403,1.574468085106383,1.6063829787234043,1.1702127659574468,115.43617021276596,177.0
1840.0,1632.5744680851064,2006.0851063829787,49.797872340425535,1.7127659574468086,1.3617021276595744,3.0106382978723403,1.574468085106383,1.6063829787234043,1.1702127659574468,115.43617021276596,83.0
773.0,1632.5744680851064,2006.0851063829787,49.797872340425535,1.7127659574468086,1.3617021276595744,3.0106382978723403,1.574468085106383,1.6063829787234043,1.1702127659574468,115.43617021276596,121.0
2966.0,1632.5744680851064,2006.0851063829787,49.797872340425535,1.7127659574468086,1.3617021276595744,3.0106382978723403,1.574468085106383,1.6063829787234043,1.1702127659574468,115.43617021276596,89.0
2812.0,1632.5744680851064,2006.0851063829787,49.797872340425535,1.7127659574468086,1.3617021276595744,3.0106382978723403,1.574468085106383,1.6063829787234043,1.1702127659574468,115.43617021276596,112.0
2112.0,1632.5744680851064,2006.0851063829787,49.797872340425535,1.7127659574468086,1.3617021276595744,3.0106382978723403,1.574468085106383,1.6063829787234043,1.1702127659574468,115.43617021276596,100.0
1899.0,1632.5744680851064,2006.0851063829787,49.797872340425535,1.7127659574468086,1.3617021276595744,3.0106382978723403,1.574468085106383,1.6063829787234043,1.1702127659574468,115.43617021276596,105.0
1707.0,1632.5744680851064,2006.0851063829787,49.797872340425535,1.7127659574468086,1.3617021276595744,3.0106382978723403,1.574468085106383,1.6063829787234043,1.1702127659574468,115.43617021276596,118.0
2814.0,1632.5744680851064,2006.0851063829787,49.797872340425535,1.7127659574468086,1.3617021276595744,3.0106382978723403,1.574468085106383,1.6063829787234043,1.1702127659574468,115.43617021276596,88.0
441.0,1632.5744680851064,2006.0851063829787,49.797872340425535,1.7127659574468086,1.3617021276595744,3.0106382978723403,1.574468085106383,1.6063829787234043,1.1702127659574468,115.43617021276596,119.0
2698.0,1632.5744680851064,2006.0851063829787,49.797872340425535,1.7127659574468086,1.3617021276595744,3.0106382978723403,1.574468085106383,1.6063829787234043,1.1702127659574468,115.43617021276596,128.0
2959.0,1632.5744680851064,2006.0851063829787,49.797872340425535,1.7127659574468086,1.3617021276595744,3.0106382978723403,1.574468085106383,1.6063829787234043,1.1702127659574468,115.43617021276596,100.0
1803.0,1632.5744680851064,2006.0851063829787,49.797872340425535,1.7127659574468086,1.3617021276595744,3.0106382978723403,1.574468085106383,1.6063829787234043,1.1702127659574468,115.43617021276596,110.0
2103.0,1632.5744680851064,2006.0851063829787,49.797872340425535,1.7127659574468086,1.3617021276595744,3.0106382978723403,1.574468085106383,1.6063829787234043,1.1702127659574468,115.43617021276596,189.0
424.0,1632.5744680851064,2006.0851063829787,49.797872340425535,1.7127659574468086,1.3617021276595744,3.0106382978723403,1.574468085106383,1.6063829787234043,1.1702127659574468,115.43617021276596,151.0
2235.0,1632.5744680851064,2006.0851063829787,49.797872340425535,1.7127659574468086,1.3617021276595744,3.0106382978723403,1.574468085106383,1.6063829787234043,1.1702127659574468,115.43617021276596,105.0
2860.0,1632.5744680851064,2006.0851063829787,49.797872340425535,1.7127659574468086,1.3617021276595744,3.0106382978723403,1.574468085106383,1.6063829787234043,1.1702127659574468,115.43617021276596,88.0
2701.0,1632.5744680851064,2006.0851063829787,49.797872340425535,1.7127659574468086,1.3617021276595744,3.0106382978723403,1.574468085106383,1.6063829787234043,1.1702127659574468,115.43617021276596,127.0
1295.0,1632.5744680851064,2006.0851063829787,49.797872340425535,1.7127659574468086,1.3617021276595744,3.0106382978723403,1.574468085106383,1.6063829787234043,1.1702127659574468,115.43617021276596,110.0
549.0,1632.5744680851064,2006.0851063829787,49.797872340425535,1.7127659574468086,1.3617021276595744,3.0106382978723403,1.574468085106383,1.6063829787234043,1.1702127659574468,115.43617021276596,85.0
2196.0,1632.5744680851064,2006.0851063829787,49.797872340425535,1.7127659574468086,1.3617021276595744,3.0106382978723403,1.574468085106383,1.6063829787234043,1.1702127659574468,115.43617021276596,70.0
2307.0,1632.5744680851064,2006.0851063829787,49.797872340425535,1.7127659574468086,1.3617021276595744,3.0106382978723403,1.574468085106383,1.6063829787234043,1.1702127659574468,115.43617021276596,82.0
2804.0,1632.5744680851064,2006.0851063829787,49.797872340425535,1.7127659574468086,1.3617021276595744,3.0106382978723403,1.574468085106383,1.6063829787234043,1.1702127659574468,115.43617021276596,182.0
1866.0,1632.5744680851064,2006.0851063829787,49.797872340425535,1.7127659574468086,1.3617021276595744,3.0106382978723403,1.574468085106383,1.6063829787234043,1.1702127659574468,115.43617021276596,81.0
2734.0,1632.5744680851064,2006.0851063829787,49.797872340425535,1.7127659574468086,1.3617021276595744,3.0106382978723403,1.574468085106383,1.6063829787234043,1.1702127659574468,115.43617021276596,135.0
1503.0,1632.5744680851064,2006.0851063829787,49.797872340425535,1.7127659574468086,1.3617021276595744,3.0106382978723403,1.574468085106383,1.6063829787234043,1.1702127659574468,115.43617021276596,90.0
559.0,1632.5744680851064,2006.0851063829787,49.797872340425535,1.7127659574468086,1.3617021276595744,3.0106382978723403,1.574468085106383,1.6063829787234043,1.1702127659574468,115.43617021276596,114.0
1213.0,1632.5744680851064,2006.0851063829787,49.797872340425535,1.7127659574468086,1.3617021276595744,3.0106382978723403,1.574468085106383,1.6063829787234043,1.1702127659574468,115.43617021276596,131.0
2026.0,1632.5744680851064,2006.0851063829787,49.797872340425535,1.7127659574468086,1.3617021276595744,3.0106382978723403,1.574468085106383,1.6063829787234043,1.1702127659574468,115.43617021276596,102.0
1010.0,1632.5744680851064,2006.0851063829787,49.797872340425535,1.7127659574468086,1.3617021276595744,3.0106382978723403,1.574468085106383,1.6063829787234043,1.1702127659574468,115.43617021276596,77.0
1882.0,1632.5744680851064,2006.0851063829787,49.797872340425535,1.7127659574468086,1.3617021276595744,3.0106382978723403,1.574468085106383,1.6063829787234043,1.1702127659574468,115.43617021276596,110.0
682.0,1632.5744680851064,2006.0851063829787,49.797872340425535,1.7127659574468086,1.3617021276595744,3.0106382978723403,1.574468085106383,1.6063829787234043,1.1702127659574468,115.43617021276596,110.0
1623.0,1632.5744680851064,2006.0851063829787,49.797872340425535,1.7127659574468086,1.3617021276595744,3.0106382978723403,1.574468085106383,1.6063829787234043,1.1702127659574468,115.43617021276596,80.0
320.0,1632.5744680851064,2006.0851063829787,49.797872340425535,1.7127659574468086,1.3617021276595744,3.0106382978723403,1.574468085106383,1.6063829787234043,1.1702127659574468,115.43617021276596,70.0
1235.0,1632.5744680851064,2006.0851063829787,49.797872340425535,1.7127659574468086,1.3617021276595744,3.0106382978723403,1.574468085106383,1.6063829787234043,1.1702127659574468,115.43617021276596,110.0
184.0,1632.5744680851064,2006.0851063829787,49.797872340425535,1.7127659574468086,1.3617021276595744,3.0106382978723403,1.574468085106383,1.6063829787234043,1.1702127659574468,115.43617021276596,119.0
32.0,1632.5744680851064,2006.0851063829787,49.797872340425535,1.7127659574468086,1.3617021276595744,3.0106382978723403,1.574468085106383,1.6063829787234043,1.1702127659574468,115.43617021276596,101.0
1190.0,1632.5744680851064,2006.0851063829787,49.797872340425535,1.7127659574468086,1.3617021276595744,3.0106382978723403,1.574468085106383,1.6063829787234043,1.1702127659574468,115.43617021276596,148.0
1550.0,1632.5744680851064,2006.0851063829787,49.797872340425535,1.7127659574468086,1.3617021276595744,3.0106382978723403,1.574468085106383,1.6063829787234043,1.1702127659574468,115.43617021276596,109.0
1691.0,1632.5744680851064,2006.0851063829787,49.797872340425535,1.7127659574468086,1.3617021276595744,3.0106382978723403,1.574468085106383,1.6063829787234043,1.1702127659574468,115.43617021276596,105.0
1138.0,1632.5744680851064,2006.0851063829787,49.797872340425535,1.7127659574468086,1.3617021276595744,3.0106382978723403,1.574468085106383,1.6063829787234043,1.1702127659574468,115.43617021276596,89.0
1918.0,1632.5744680851064,2006.0851063829787,49.797872340425535,1.7127659574468086,1.3617021276595744,3.0106382978723403,1.574468085106383,1.6063829787234043,1.1702127659574468,115.43617021276596,80.0
2722.0,1632.5744680851064,2006.0851063829787,49.797872340425535,1.7127659574468086,1.3617021276595744,3.0106382978723403,1.574468085106383,1.6063829787234043,1.1702127659574468,115.43617021276596,121.0
1016.0,1632.5744680851064,2006.0851063829787,49.797872340425535,1.7127659574468086,1.3617021276595744,3.0106382978723403,1.574468085106383,1.6063829787234043,1.1702127659574468,115.43617021276596,282.0
1149.0,1632.5744680851064,2006.0851063829787,49.797872340425535,1.7127659574468086,1.3617021276595744,3.0106382978723403,1.574468085106383,1.6063829787234043,1.1702127659574468,115.43617021276596,134.0
1495.0,1632.5744680851064,2006.0851063829787,49.797872340425535,1.7127659574468086,1.3617021276595744,3.0106382978723403,1.574468085106383,1.6063829787234043,1.1702127659574468,115.43617021276596,77.0
458.0,1632.5744680851064,2006.0851063829787,49.797872340425535,1.7127659574468086,1.3617021276595744,3.0106382978723403,1.574468085106383,1.6063829787234043,1.1702127659574468,115.43617021276596,127.0
861.0,1632.5744680851064,2006.0851063829787,49.797872340425535,1.7127659574468086,1.3617021276595744,3.0106382978723403,1.574468085106383,1.6063829787234043,1.1702127659574468,115.43617021276596,80.0
1075.0,1441.787234042553,2005.436170212766,35.808510638297875,3.797872340425532,1.1382978723404256,2.574468085106383,1.4361702127659575,1.702127659574468,1.3936170212765957,94.45744680851064,60.0
2572.0,1441.787234042553,2005.436170212766,35.808510638297875,3.797872340425532,1.1382978723404256,2.574468085106383,1.4361702127659575,1.702127659574468,1.3936170212765957,94.45744680851064,50.0
2875.0,1441.787234042553,2005.436170212766,35.808510638297875,3.797872340425532,1.1382978723404256,2.574468085106383,1.4361702127659575,1.702127659574468,1.3936170212765957,94.45744680851064,57.0
998.0,1441.787234042553,2005.436170212766,35.808510638297875,3.797872340425532,1.1382978723404256,2.574468085106383,1.4361702127659575,1.702127659574468,1.3936170212765957,94.45744680851064,94.0
1330.0,1441.787234042553,2005.436170212766,35.808510638297875,3.797872340425532,1.1382978723404256,2.574468085106383,1.4361702127659575,1.702127659574468,1.3936170212765957,94.45744680851064,81.0
1081.0,1441.787234042553,2005.436170212766,35.808510638297875,3.797872340425532,1.1382978723404256,2.574468085106383,1.4361702127659575,1.702127659574468,1.3936170212765957,94.45744680851064,129.0
2251.0,1441.787234042553,2005.436170212766,35.808510638297875,3.797872340425532,1.1382978723404256,2.574468085106383,1.4361702127659575,1.702127659574468,1.3936170212765957,94.45744680851064,57.0
1813.0,1441.787234042553,2005.436170212766,35.808510638297875,3.797872340425532,1.1382978723404256,2.574468085106383,1.4361702127659575,1.702127659574468,1.3936170212765957,94.45744680851064,108.0
2560.0,1441.787234042553,2005.436170212766,35.808510638297875,3.797872340425532,1.1382978723404256,2.574468085106383,1.4361702127659575,1.702127659574468,1.3936170212765957,94.45744680851064,121.0
359.0,1441.787234042553,2005.436170212766,35.808510638297875,3.797872340425532,1.1382978723404256,2.574468085106383,1.4361702127659575,1.702127659574468,1.3936170212765957,94.45744680851064,39.0
1818.0,1441.787234042553,2005.436170212766,35.808510638297875,3.797872340425532,1.1382978723404256,2.574468085106383,1.4361702127659575,1.702127659574468,1.3936170212765957,94.45744680851064,110.0
1279.0,1441.787234042553,2005.436170212766,35.808510638297875,3.797872340425532,1.1382978723404256,2.574468085106383,1.4361702127659575,1.702127659574468,1.3936170212765957,94.45744680851064,111.0
22.0,1441.787234042553,2005.436170212766,35.808510638297875,3.797872340425532,1.1382978723404256,2.574468085106383,1.4361702127659575,1.702127659574468,1.3936170212765957,94.45744680851064,50.0
775.0,1441.787234042553,2005.436170212766,35.808510638297875,3.797872340425532,1.1382978723404256,2.574468085106383,1.4361702127659575,1.702127659574468,1.3936170212765957,94.45744680851064,81.0
924.0,1441.787234042553,2005.436170212766,35.808510638297875,3.797872340425532,1.1382978723404256,2.574468085106383,1.4361702127659575,1.702127659574468,1.3936170212765957,94.45744680851064,65.0
1179.0,1441.787234042553,2005.436170212766,35.808510638297875,3.797872340425532,1.1382978723404256,2.574468085106383,1.4361702127659575,1.702127659574468,1.3936170212765957,94.45744680851064,139.0
162.0,1441.787234042553,2005.436170212766,35.808510638297875,3.797872340425532,1.1382978723404256,2.574468085106383,1.4361702127659575,1.702127659574468,1.3936170212765957,94.45744680851064,123.0
467.0,1441.787234042553,2005.436170212766,35.808510638297875,3.797872340425532,1.1382978723404256,2.574468085106383,1.4361702127659575,1.702127659574468,1.3936170212765957,94.45744680851064,65.0
318.0,1441.787234042553,2005.436170212766,35.808510638297875,3.797872340425532,1.1382978723404256,2.574468085106383,1.4361702127659575,1.702127659574468,1.3936170212765957,94.45744680851064,72.0
734.0,1441.787234042553,2005.436170212766,35.808510638297875,3.797872340425532,1.1382978723404256,2.574468085106383,1.4361702127659575,1.702127659574468,1.3936170212765957,94.45744680851064,155.0
1232.0,1441.787234042553,2005.436170212766,35.808510638297875,3.797872340425532,1.1382978723404256,2.574468085106383,1.4361702127659575,1.702127659574468,1.3936170212765957,94.45744680851064,97.0
2190.0,1441.787234042553,2005.436170212766,35.808510638297875,3.797872340425532,1.1382978723404256,2.574468085106383,1.4361702127659575,1.702127659574468,1.3936170212765957,94.45744680851064,94.0
2371.0,1441.787234042553,2005.436170212766,35.808510638297875,3.797872340425532,1.1382978723404256,2.574468085106383,1.4361702127659575,1.702127659574468,1.3936170212765957,94.45744680851064,105.0
2495.0,1441.787234042553,2005.436170212766,35.808510638297875,3.797872340425532,1.1382978723404256,2.574468085106383,1.4361702127659575,1.702127659574468,1.3936170212765957,94.45744680851064,58.0
2084.0,1441.787234042553,2005.436170212766,35.808510638297875,3.797872340425532,1.1382978723404256,2.574468085106383,1.4361702127659575,1.702127659574468,1.3936170212765957,94.45744680851064,95.0
2165.0,1441.787234042553,2005.436170212766,35.808510638297875,3.797872340425532,1.1382978723404256,2.574468085106383,1.4361702127659575,1.702127659574468,1.3936170212765957,94.45744680851064,112.0
1688.0,1441.787234042553,2005.436170212766,35.808510638297875,3.797872340425532,1.1382978723404256,2.574468085106383,1.4361702127659575,1.702127659574468,1.3936170212765957,94.45744680851064,87.0
2576.0,1441.787234042553,2005.436170212766,35.808510638297875,3.797872340425532,1.1382978723404256,2.574468085106383,1.4361702127659575,1.702127659574468,1.3936170212765957,94.45744680851064,100.0
275.0,1441.787234042553,2005.436170212766,35.808510638297875,3.797872340425532,1.1382978723404256,2.574468085106383,1.4361702127659575,1.702127659574468,1.3936170212765957,94.45744680851064,111.0
2421.0,1441.787234042553,2005.436170212766,35.808510638297875,3.797872340425532,1.1382978723404256,2.574468085106383,1.4361702127659575,1.702127659574468,1.3936170212765957,94.45744680851064,109.0
356.0,1441.787234042553,2005.436170212766,35.808510638297875,3.797872340425532,1.1382978723404256,2.574468085106383,1.4361702127659575,1.702127659574468,1.3936170212765957,94.45744680851064,121.0
2642.0,1441.787234042553,2005.436170212766,35.808510638297875,3.797872340425532,1.1382978723404256,2.574468085106383,1.4361702127659575,1.702127659574468,1.3936170212765957,94.45744680851064,119.0
2582.0,1441.787234042553,2005.436170212766,35.808510638297875,3.797872340425532,1.1382978723404256,2.574468085106383,1.4361702127659575,1.702127659574468,1.3936170212765957,94.45744680851064,119.0
243.0,1441.787234042553,2005.436170212766,35.808510638297875,3.797872340425532,1.1382978723404256,2.574468085106383,1.4361702127659575,1.702127659574468,1.3936170212765957,94.45744680851064,44.0
806.0,1441.787234042553,2005.436170212766,35.808510638297875,3.797872340425532,1.1382978723404256,2.574468085106383,1.4361702127659575,1.702127659574468,1.3936170212765957,94.45744680851064,90.0
2314.0,1441.787234042553,2005.436170212766,35.808510638297875,3.797872340425532,1.1382978723404256,2.574468085106383,1.4361702127659575,1.702127659574468,1.3936170212765957,94.45744680851064,85.0
1588.0,1441.787234042553,2005.436170212766,35.808510638297875,3.797872340425532,1.1382978723404256,2.574468085106383,1.4361702127659575,1.702127659574468,1.3936170212765957,94.45744680851064,123.0
568.0,1441.787234042553,2005.436170212766,35.808510638297875,3.797872340425532,1.1382978723404256,2.574468085106383,1.4361702127659575,1.702127659574468,1.3936170212765957,94.45744680851064,100.0
989.0,1441.787234042553,2005.436170212766,35.808510638297875,3.797872340425532,1.1382978723404256,2.574468085106383,1.4361702127659575,1.702127659574468,1.3936170212765957,94.45744680851064,110.0
1751.0,1441.787234042553,2005.436170212766,35.808510638297875,3.797872340425532,1.1382978723404256,2.574468085106383,1.4361702127659575,1.702127659574468,1.3936170212765957,94.45744680851064,77.0
2832.0,1441.787234042553,2005.436170212766,35.808510638297875,3.797872340425532,1.1382978723404256,2.574468085106383,1.4361702127659575,1.702127659574468,1.3936170212765957,94.45744680851064,127.0
2862.0,1441.787234042553,2005.436170212766,35.808510638297875,3.797872340425532,1.1382978723404256,2.574468085106383,1.4361702127659575,1.702127659574468,1.3936170212765957,94.45744680851064,107.0
1601.0,1441.787234042553,2005.436170212766,35.808510638297875,3.797872340425532,1.1382978723404256,2.574468085106383,1.4361702127659575,1.702127659574468,1.3936170212765957,94.45744680851064,71.0
2886.0,1441.787234042553,2005.436170212766,35.808510638297875,3.797872340425532,1.1382978723404256,2.574468085106383,1.4361702127659575,1.702127659574468,1.3936170212765957,94.45744680851064,75.0
2162.0,1441.787234042553,2005.436170212766,35.808510638297875,3.797872340425532,1.1382978723404256,2.574468085106383,1.4361702127659575,1.702127659574468,1.3936170212765957,94.45744680851064,110.0
2171.0,1441.787234042553,2005.436170212766,35.808510638297875,3.797872340425532,1.1382978723404256,2.574468085106383,1.4361702127659575,1.702127659574468,1.3936170212765957,94.45744680851064,71.0
2394.0,1441.787234042553,2005.436170212766,35.808510638297875,3.797872340425532,1.1382978723404256,2.574468085106383,1.4361702127659575,1.702127659574468,1.3936170212765957,94.45744680851064,119.0
367.0,1441.787234042553,2005.436170212766,35.808510638297875,3.797872340425532,1.1382978723404256,2.574468085106383,1.4361702127659575,1.702127659574468,1.3936170212765957,94.45744680851064,90.0
1427.0,1441.787234042553,2005.436170212766,35.808510638297875,3.797872340425532,1.1382978723404256,2.574468085106383,1.4361702127659575,1.702127659574468,1.3936170212765957,94.45744680851064,75.0
2946.0,1441.787234042553,2005.436170212766,35.808510638297875,3.797872340425532,1.1382978723404256,2.574468085106383,1.4361702127659575,1.702127659574468,1.3936170212765957,94.45744680851064,89.0
364.0,1441.787234042553,2005.436170212766,35.808510638297875,3.797872340425532,1.1382978723404256,2.574468085106383,1.4361702127659575,1.702127659574468,1.3936170212765957,94.45744680851064,88.0
2601.0,1441.787234042553,2005.436170212766,35.808510638297875,3.797872340425532,1.1382978723404256,2.574468085106383,1.4361702127659575,1.702127659574468,1.3936170212765957,94.45744680851064,108.0
2919.0,1441.787234042553,2005.436170212766,35.808510638297875,3.797872340425532,1.1382978723404256,2.574468085106383,1.4361702127659575,1.702127659574468,1.3936170212765957,94.45744680851064,65.0
1177.0,1441.787234042553,2005.436170212766,35.808510638297875,3.797872340425532,1.1382978723404256,2.574468085106383,1.4361702127659575,1.702127659574468,1.3936170212765957,94.45744680851064,80.0
93.0,1441.787234042553,2005.436170212766,35.808510638297875,3.797872340425532,1.1382978723404256,2.574468085106383,1.4361702127659575,1.702127659574468,1.3936170212765957,94.45744680851064,77.0
588.0,1441.787234042553,2005.436170212766,35.808510638297875,3.797872340425532,1.1382978723404256,2.574468085106383,1.4361702127659575,1.702127659574468,1.3936170212765957,94.45744680851064,148.0
1851.0,1441.787234042553,2005.436170212766,35.808510638297875,3.797872340425532,1.1382978723404256,2.574468085106383,1.4361702127659575,1.702127659574468,1.3936170212765957,94.45744680851064,95.0
1844.0,1441.787234042553,2005.436170212766,35.808510638297875,3.797872340425532,1.1382978723404256,2.574468085106383,1.4361702127659575,1.702127659574468,1.3936170212765957,94.45744680851064,117.0
683.0,1441.787234042553,2005.436170212766,35.808510638297875,3.797872340425532,1.1382978723404256,2.574468085106383,1.4361702127659575,1.702127659574468,1.3936170212765957,94.45744680851064,127.0
2127.0,1441.787234042553,2005.436170212766,35.808510638297875,3.797872340425532,1.1382978723404256,2.574468085106383,1.4361702127659575,1.702127659574468,1.3936170212765957,94.45744680851064,106.0
898.0,1441.787234042553,2005.436170212766,35.808510638297875,3.797872340425532,1.1382978723404256,2.574468085106383,1.4361702127659575,1.702127659574468,1.3936170212765957,94.45744680851064,102.0
2944.0,1441.787234042553,2005.436170212766,35.808510638297875,3.797872340425532,1.1382978723404256,2.574468085106383,1.4361702127659575,1.702127659574468,1.3936170212765957,94.45744680851064,80.0
909.0,1441.787234042553,2005.436170212766,35.808510638297875,3.797872340425532,1.1382978723404256,2.574468085106383,1.4361702127659575,1.702127659574468,1.3936170212765957,94.45744680851064,118.0
709.0,1441.787234042553,2005.436170212766,35.808510638297875,3.797872340425532,1.1382978723404256,2.574468085106383,1.4361702127659575,1.702127659574468,1.3936170212765957,94.45744680851064,92.0
1345.0,1441.787234042553,2005.436170212766,35.808510638297875,3.797872340425532,1.1382978723404256,2.574468085106383,1.4361702127659575,1.702127659574468,1.3936170212765957,94.45744680851064,112.0
1651.0,1441.787234042553,2005.436170212766,35.808510638297875,3.797872340425532,1.1382978723404256,2.574468085106383,1.4361702127659575,1.702127659574468,1.3936170212765957,94.45744680851064,99.0
2853.0,1441.787234042553,2005.436170212766,35.808510638297875,3.797872340425532,1.1382978723404256,2.574468085106383,1.4361702127659575,1.702127659574468,1.3936170212765957,94.45744680851064,74.0
85.0,1441.787234042553,2005.436170212766,35.808510638297875,3.797872340425532,1.1382978723404256,2.574468085106383,1.4361702127659575,1.702127659574468,1.3936170212765957,94.45744680851064,85.0
1606.0,1441.787234042553,2005.436170212766,35.808510638297875,3.797872340425532,1.1382978723404256,2.574468085106383,1.4361702127659575,1.702127659574468,1.3936170212765957,94.45744680851064,97.0
1752.0,1441.787234042553,2005.436170212766,35.808510638297875,3.797872340425532,1.1382978723404256,2.574468085106383,1.4361702127659575,1.702127659574468,1.3936170212765957,94.45744680851064,62.0
573.0,1441.787234042553,2005.436170212766,35.808510638297875,3.797872340425532,1.1382978723404256,2.574468085106383,1.4361702127659575,1.702127659574468,1.3936170212765957,94.45744680851064,123.0
1557.0,1441.787234042553,2005.436170212766,35.808510638297875,3.797872340425532,1.1382978723404256,2.574468085106383,1.4361702127659575,1.702127659574468,1.3936170212765957,94.45744680851064,81.0
2643.0,1441.787234042553,2005.436170212766,35.808510638297875,3.797872340425532,1.1382978723404256,2.574468085106383,1.4361702127659575,1.702127659574468,1.3936170212765957,94.45744680851064,135.0
2093.0,1441.787234042553,2005.436170212766,35.808510638297875,3.797872340425532,1.1382978723404256,2.574468085106383,1.4361702127659575,1.702127659574468,1.3936170212765957,94.45744680851064,59.0
487.0,1441.787234042553,2005.436170212766,35.808510638297875,3.797872340425532,1.1382978723404256,2.574468085106383,1.4361702127659575,1.702127659574468,1.3936170212765957,94.45744680851064,74.0
2629.0,1441.787234042553,2005.436170212766,35.808510638297875,3.797872340425532,1.1382978723404256,2.574468085106383,1.4361702127659575,1.702127659574468,1.3936170212765957,94.45744680851064,93.0
1201.0,1441.787234042553,2005.436170212766,35.808510638297875,3.797872340425532,1.1382978723404256,2.574468085106383,1.4361702127659575,1.702127659574468,1.3936170212765957,94.45744680851064,147.0
778.0,1441.787234042553,2005.436170212766,35.808510638297875,3.797872340425532,1.1382978723404256,2.574468085106383,1.4361702127659575,1.702127659574468,1.3936170212765957,94.45744680851064,74.0
176.0,1441.787234042553,2005.436170212766,35.808510638297875,3.797872340425532,1.1382978723404256,2.574468085106383,1.4361702127659575,1.702127659574468,1.3936170212765957,94.45744680851064,99.0
2418.0,1441.787234042553,2005.436170212766,35.808510638297875,3.797872340425532,1.1382978723404256,2.574468085106383,1.4361702127659575,1.702127659574468,1.3936170212765957,94.45744680851064,110.0
1987.0,1441.787234042553,2005.436170212766,35.808510638297875,3.797872340425532,1.1382978723404256,2.574468085106383,1.4361702127659575,1.702127659574468,1.3936170212765957,94.45744680851064,84.0
194.0,1441.787234042553,2005.436170212766,35.808510638297875,3.797872340425532,1.1382978723404256,2.574468085106383,1.4361702127659575,1.702127659574468,1.3936170212765957,94.45744680851064,95.0
828.0,1441.787234042553,2005.436170212766,35.808510638297875,3.797872340425532,1.1382978723404256,2.574468085106383,1.4361702127659575,1.702127659574468,1.3936170212765957,94.45744680851064,55.0
87.0,1441.787234042553,2005.436170212766,35.808510638297875,3.797872340425532,1.1382978723404256,2.574468085106383,1.4361702127659575,1.702127659574468,1.3936170212765957,94.45744680851064,90.0
1025.0,1441.787234042553,2005.436170212766,35.808510638297875,3.797872340425532,1.1382978723404256,2.574468085106383,1.4361702127659575,1.702127659574468,1.3936170212765957,94.45744680851064,88.0
738.0,1441.787234042553,2005.436170212766,35.808510638297875,3.797872340425532,1.1382978723404256,2.574468085106383,1.4361702127659575,1.702127659574468,1.3936170212765957,94.45744680851064,110.0
897.0,1441.787234042553,2005.436170212766,35.808510638297875,3.797872340425532,1.1382978723404256,2.574468085106383,1.4361702127659575,1.702127659574468,1.3936170212765957,94.45744680851064,55.0
712.0,1441.787234042553,2005.436170212766,35.808510638297875,3.797872340425532,1.1382978723404256,2.574468085106383,1.4361702127659575,1.702127659574468,1.3936170212765957,94.45744680851064,110.0
309.0,1441.787234042553,2005.436170212766,35.808510638297875,3.797872340425532,1.1382978723404256,2.574468085106383,1.4361702127659575,1.702127659574468,1.3936170212765957,94.45744680851064,94.0
1142.0,1441.787234042553,2005.436170212766,35.808510638297875,3.797872340425532,1.1382978723404256,2.574468085106383,1.4361702127659575,1.702127659574468,1.3936170212765957,94.45744680851064,132.0
755.0,1441.787234042553,2005.436170212766,35.808510638297875,3.797872340425532,1.1382978723404256,2.574468085106383,1.4361702127659575,1.702127659574468,1.3936170212765957,94.45744680851064,88.0
2193.0,1441.787234042553,2005.436170212766,35.808510638297875,3.797872340425532,1.1382978723404256,2.574468085106383,1.4361702127659575,1.702127659574468,1.3936170212765957,94.45744680851064,112.0
421.0,1441.787234042553,2005.436170212766,35.808510638297875,3.797872340425532,1.1382978723404256,2.574468085106383,1.4361702127659575,1.702127659574468,1.3936170212765957,94.45744680851064,90.0
1110.0,1441.787234042553,2005.436170212766,35.808510638297875,3.797872340425532,1.1382978723404256,2.574468085106383,1.4361702127659575,1.702127659574468,1.3936170212765957,94.45744680851064,92.0
2661.0,1609.0212765957447,2006.9787234042553,57.61702127659574,2.1702127659574466,3.127659574468085,3.4680851063829787,1.4893617021276595,1.5957446808510638,1.3617021276595744,117.61702127659575,127.0
1091.0,1609.0212765957447,2006.9787234042553,57.61702127659574,2.1702127659574466,3.127659574468085,3.4680851063829787,1.4893617021276595,1.5957446808510638,1.3617021276595744,117.61702127659575,59.0
2554.0,1609.0212765957447,2006.9787234042553,57.61702127659574,2.1702127659574466,3.127659574468085,3.4680851063829787,1.4893617021276595,1.5957446808510638,1.3617021276595744,117.61702127659575,65.0
837.0,1609.0212765957447,2006.9787234042553,57.61702127659574,2.1702127659574466,3.127659574468085,3.4680851063829787,1.4893617021276595,1.5957446808510638,1.3617021276595744,117.61702127659575,71.0
90.0,1609.0212765957447,2006.9787234042553,57.61702127659574,2.1702127659574466,3.127659574468085,3.4680851063829787,1.4893617021276595,1.5957446808510638,1.3617021276595744,117.61702127659575,128.0
2255.0,1609.0212765957447,2006.9787234042553,57.61702127659574,2.1702127659574466,3.127659574468085,3.4680851063829787,1.4893617021276595,1.5957446808510638,1.3617021276595744,117.61702127659575,227.0
2720.0,1609.0212765957447,2006.9787234042553,57.61702127659574,2.1702127659574466,3.127659574468085,3.4680851063829787,1.4893617021276595,1.5957446808510638,1.3617021276595744,117.61702127659575,161.0
1391.0,1609.0212765957447,2006.9787234042553,57.61702127659574,2.1702127659574466,3.127659574468085,3.4680851063829787,1.4893617021276595,1.5957446808510638,1.3617021276595744,117.61702127659575,55.0
675.0,1609.0212765957447,2006.9787234042553,57.61702127659574,2.1702127659574466,3.127659574468085,3.4680851063829787,1.4893617021276595,1.5957446808510638,1.3617021276595744,117.61702127659575,65.0
324.0,1609.0212765957447,2006.9787234042553,57.61702127659574,2.1702127659574466,3.127659574468085,3.4680851063829787,1.4893617021276595,1.5957446808510638,1.3617021276595744,117.61702127659575,55.0
2413.0,1609.0212765957447,2006.9787234042553,57.61702127659574,2.1702127659574466,3.127659574468085,3.4680851063829787,1.4893617021276595,1.5957446808510638,1.3617021276595744,117.61702127659575,56.0
2018.0,1609.0212765957447,2006.9787234042553,57.61702127659574,2.1702127659574466,3.127659574468085,3.4680851063829787,1.4893617021276595,1.5957446808510638,1.3617021276595744,117.61702127659575,95.0
2232.0,1609.0212765957447,2006.9787234042553,57.61702127659574,2.1702127659574466,3.127659574468085,3.4680851063829787,1.4893617021276595,1.5957446808510638,1.3617021276595744,117.61702127659575,81.0
2152.0,1609.0212765957447,2006.9787234042553,57.61702127659574,2.1702127659574466,3.127659574468085,3.4680851063829787,1.4893617021276595,1.5957446808510638,1.3617021276595744,117.61702127659575,201.0
1238.0,1609.0212765957447,2006.9787234042553,57.61702127659574,2.1702127659574466,3.127659574468085,3.4680851063829787,1.4893617021276595,1.5957446808510638,1.3617021276595744,117.61702127659575,119.0
2586.0,1609.0212765957447,2006.9787234042553,57.61702127659574,2.1702127659574466,3.127659574468085,3.4680851063829787,1.4893617021276595,1.5957446808510638,1.3617021276595744,117.61702127659575,68.0
117.0,1609.0212765957447,2006.9787234042553,57.61702127659574,2.1702127659574466,3.127659574468085,3.4680851063829787,1.4893617021276595,1.5957446808510638,1.3617021276595744,117.61702127659575,114.0
2095.0,1609.0212765957447,2006.9787234042553,57.61702127659574,2.1702127659574466,3.127659574468085,3.4680851063829787,1.4893617021276595,1.5957446808510638,1.3617021276595744,117.61702127659575,60.0
165.0,1609.0212765957447,2006.9787234042553,57.61702127659574,2.1702127659574466,3.127659574468085,3.4680851063829787,1.4893617021276595,1.5957446808510638,1.3617021276595744,117.61702127659575,138.0
1834.0,1609.0212765957447,2006.9787234042553,57.61702127659574,2.1702127659574466,3.127659574468085,3.4680851063829787,1.4893617021276595,1.5957446808510638,1.3617021276595744,117.61702127659575,277.0
1715.0,1609.0212765957447,2006.9787234042553,57.61702127659574,2.1702127659574466,3.127659574468085,3.4680851063829787,1.4893617021276595,1.5957446808510638,1.3617021276595744,117.61702127659575,155.0
418.0,1609.0212765957447,2006.9787234042553,57.61702127659574,2.1702127659574466,3.127659574468085,3.4680851063829787,1.4893617021276595,1.5957446808510638,1.3617021276595744,117.61702127659575,114.0
2458.0,1609.0212765957447,2006.9787234042553,57.61702127659574,2.1702127659574466,3.127659574468085,3.4680851063829787,1.4893617021276595,1.5957446808510638,1.3617021276595744,117.61702127659575,135.0
124.0,1609.0212765957447,2006.9787234042553,57.61702127659574,2.1702127659574466,3.127659574468085,3.4680851063829787,1.4893617021276595,1.5957446808510638,1.3617021276595744,117.61702127659575,139.0
223.0,1609.0212765957447,2006.9787234042553,57.61702127659574,2.1702127659574466,3.127659574468085,3.4680851063829787,1.4893617021276595,1.5957446808510638,1.3617021276595744,117.61702127659575,100.0
946.0,1609.0212765957447,2006.9787234042553,57.61702127659574,2.1702127659574466,3.127659574468085,3.4680851063829787,1.4893617021276595,1.5957446808510638,1.3617021276595744,117.61702127659575,142.0
1849.0,1609.0212765957447,2006.9787234042553,57.61702127659574,2.1702127659574466,3.127659574468085,3.4680851063829787,1.4893617021276595,1.5957446808510638,1.3617021276595744,117.61702127659575,77.0
2796.0,1609.0212765957447,2006.9787234042553,57.61702127659574,2.1702127659574466,3.127659574468085,3.4680851063829787,1.4893617021276595,1.5957446808510638,1.3617021276595744,117.61702127659575,119.0
1615.0,1609.0212765957447,2006.9787234042553,57.61702127659574,2.1702127659574466,3.127659574468085,3.4680851063829787,1.4893617021276595,1.5957446808510638,1.3617021276595744,117.61702127659575,94.0
760.0,1609.0212765957447,2006.9787234042553,57.61702127659574,2.1702127659574466,3.127659574468085,3.4680851063829787,1.4893617021276595,1.5957446808510638,1.3617021276595744,117.61702127659575,125.0
799.0,1609.0212765957447,2006.9787234042553,57.61702127659574,2.1702127659574466,3.127659574468085,3.4680851063829787,1.4893617021276595,1.5957446808510638,1.3617021276595744,117.61702127659575,94.0
2879.0,1609.0212765957447,2006.9787234042553,57.61702127659574,2.1702127659574466,3.127659574468085,3.4680851063829787,1.4893617021276595,1.5957446808510638,1.3617021276595744,117.61702127659575,135.0
2476.0,1609.0212765957447,2006.9787234042553,57.61702127659574,2.1702127659574466,3.127659574468085,3.4680851063829787,1.4893617021276595,1.5957446808510638,1.3617021276595744,117.61702127659575,148.0
2806.0,1609.0212765957447,2006.9787234042553,57.61702127659574,2.1702127659574466,3.127659574468085,3.4680851063829787,1.4893617021276595,1.5957446808510638,1.3617021276595744,117.61702127659575,135.0
1672.0,1609.0212765957447,2006.9787234042553,57.61702127659574,2.1702127659574466,3.127659574468085,3.4680851063829787,1.4893617021276595,1.5957446808510638,1.3617021276595744,117.61702127659575,74.0
2923.0,1609.0212765957447,2006.9787234042553,57.61702127659574,2.1702127659574466,3.127659574468085,3.4680851063829787,1.4893617021276595,1.5957446808510638,1.3617021276595744,117.61702127659575,80.0
2544.0,1609.0212765957447,2006.9787234042553,57.61702127659574,2.1702127659574466,3.127659574468085,3.4680851063829787,1.4893617021276595,1.5957446808510638,1.3617021276595744,117.61702127659575,127.0
632.0,1609.0212765957447,2006.9787234042553,57.61702127659574,2.1702127659574466,3.127659574468085,3.4680851063829787,1.4893617021276595,1.5957446808510638,1.3617021276595744,117.61702127659575,189.0
969.0,1609.0212765957447,2006.9787234042553,57.61702127659574,2.1702127659574466,3.127659574468085,3.4680851063829787,1.4893617021276595,1.5957446808510638,1.3617021276595744,117.61702127659575,160.0
2099.0,1609.0212765957447,2006.9787234042553,57.61702127659574,2.1702127659574466,3.127659574468085,3.4680851063829787,1.4893617021276595,1.5957446808510638,1.3617021276595744,117.61702127659575,94.0
1728.0,1609.0212765957447,2006.9787234042553,57.61702127659574,2.1702127659574466,3.127659574468085,3.4680851063829787,1.4893617021276595,1.5957446808510638,1.3617021276595744,117.61702127659575,67.0
2261.0,1609.0212765957447,2006.9787234042553,57.61702127659574,2.1702127659574466,3.127659574468085,3.4680851063829787,1.4893617021276595,1.5957446808510638,1.3617021276595744,117.61702127659575,114.0
1085.0,1609.0212765957447,2006.9787234042553,57.61702127659574,2.1702127659574466,3.127659574468085,3.4680851063829787,1.4893617021276595,1.5957446808510638,1.3617021276595744,117.61702127659575,278.0
869.0,1609.0212765957447,2006.9787234042553,57.61702127659574,2.1702127659574466,3.127659574468085,3.4680851063829787,1.4893617021276595,1.5957446808510638,1.3617021276595744,117.61702127659575,82.0
2971.0,1609.0212765957447,2006.9787234042553,57.61702127659574,2.1702127659574466,3.127659574468085,3.4680851063829787,1.4893617021276595,1.5957446808510638,1.3617021276595744,117.61702127659575,160.0
69.0,1609.0212765957447,2006.9787234042553,57.61702127659574,2.1702127659574466,3.127659574468085,3.4680851063829787,1.4893617021276595,1.5957446808510638,1.3617021276595744,117.61702127659575,100.0
2490.0,1609.0212765957447,2006.9787234042553,57.61702127659574,2.1702127659574466,3.127659574468085,3.4680851063829787,1.4893617021276595,1.5957446808510638,1.3617021276595744,117.61702127659575,69.0
