1699.0,1404.111111111111,2005.5925925925926,54.18518518518518,3.5925925925925926,1.0,3.0,1.4074074074074074,1.6666666666666667,1.2962962962962963,106.37037037037037,85.0
1105.0,1404.111111111111,2005.5925925925926,54.18518518518518,3.5925925925925926,1.0,3.0,1.4074074074074074,1.6666666666666667,1.2962962962962963,106.37037037037037,105.0
1172.0,1404.111111111111,2005.5925925925926,54.18518518518518,3.5925925925925926,1.0,3.0,1.4074074074074074,1.6666666666666667,1.2962962962962963,106.37037037037037,87.0
1424.0,1404.111111111111,2005.5925925925926,54.18518518518518,3.5925925925925926,1.0,3.0,1.4074074074074074,1.6666666666666667,1.2962962962962963,106.37037037037037,102.0
11.0,1404.111111111111,2005.5925925925926,54.18518518518518,3.5925925925925926,1.0,3.0,1.4074074074074074,1.6666666666666667,1.2962962962962963,106.37037037037037,117.0
1069.0,1404.111111111111,2005.5925925925926,54.18518518518518,3.5925925925925926,1.0,3.0,1.4074074074074074,1.6666666666666667,1.2962962962962963,106.37037037037037,117.0
1860.0,1404.111111111111,2005.5925925925926,54.18518518518518,3.5925925925925926,1.0,3.0,1.4074074074074074,1.6666666666666667,1.2962962962962963,106.37037037037037,108.0
1344.0,1404.111111111111,2005.5925925925926,54.18518518518518,3.5925925925925926,1.0,3.0,1.4074074074074074,1.6666666666666667,1.2962962962962963,106.37037037037037,161.0
2431.0,1404.111111111111,2005.5925925925926,54.18518518518518,3.5925925925925926,1.0,3.0,1.4074074074074074,1.6666666666666667,1.2962962962962963,106.37037037037037,100.0
1948.0,1404.111111111111,2005.5925925925926,54.18518518518518,3.5925925925925926,1.0,3.0,1.4074074074074074,1.6666666666666667,1.2962962962962963,106.37037037037037,104.0
385.0,1404.111111111111,2005.5925925925926,54.18518518518518,3.5925925925925926,1.0,3.0,1.4074074074074074,1.6666666666666667,1.2962962962962963,106.37037037037037,115.0
2567.0,1404.111111111111,2005.5925925925926,54.18518518518518,3.5925925925925926,1.0,3.0,1.4074074074074074,1.6666666666666667,1.2962962962962963,106.37037037037037,119.0
2547.0,1404.111111111111,2005.5925925925926,54.18518518518518,3.5925925925925926,1.0,3.0,1.4074074074074074,1.6666666666666667,1.2962962962962963,106.37037037037037,144.0
590.0,1404.111111111111,2005.5925925925926,54.18518518518518,3.5925925925925926,1.0,3.0,1.4074074074074074,1.6666666666666667,1.2962962962962963,106.37037037037037,119.0
500.0,1404.111111111111,2005.5925925925926,54.18518518518518,3.5925925925925926,1.0,3.0,1.4074074074074074,1.6666666666666667,1.2962962962962963,106.37037037037037,23.0
2131.0,1404.111111111111,2005.5925925925926,54.18518518518518,3.5925925925925926,1.0,3.0,1.4074074074074074,1.6666666666666667,1.2962962962962963,106.37037037037037,90.0
988.0,1404.111111111111,2005.5925925925926,54.18518518518518,3.5925925925925926,1.0,3.0,1.4074074074074074,1.6666666666666667,1.2962962962962963,106.37037037037037,126.0
1520.0,1404.111111111111,2005.5925925925926,54.18518518518518,3.5925925925925926,1.0,3.0,1.4074074074074074,1.6666666666666667,1.2962962962962963,106.37037037037037,110.0
1566.0,1404.111111111111,2005.5925925925926,54.18518518518518,3.5925925925925926,1.0,3.0,1.4074074074074074,1.6666666666666667,1.2962962962962963,106.37037037037037,94.0
797.0,1404.111111111111,2005.5925925925926,54.18518518518518,3.5925925925925926,1.0,3.0,1.4074074074074074,1.6666666666666667,1.2962962962962963,106.37037037037037,177.0
106.0,1404.111111111111,2005.5925925925926,54.18518518518518,3.5925925925925926,1.0,3.0,1.4074074074074074,1.6666666666666667,1.2962962962962963,106.37037037037037,95.0
1693.0,1404.111111111111,2005.5925925925926,54.18518518518518,3.5925925925925926,1.0,3.0,1.4074074074074074,1.6666666666666667,1.2962962962962963,106.37037037037037,84.0
1422.0,1404.111111111111,2005.5925925925926,54.18518518518518,3.5925925925925926,1.0,3.0,1.4074074074074074,1.6666666666666667,1.2962962962962963,106.37037037037037,114.0
2678.0,1404.111111111111,2005.5925925925926,54.18518518518518,3.5925925925925926,1.0,3.0,1.4074074074074074,1.6666666666666667,1.2962962962962963,106.37037037037037,74.0
1567.0,1404.111111111111,2005.5925925925926,54.18518518518518,3.5925925925925926,1.0,3.0,1.4074074074074074,1.6666666666666667,1.2962962962962963,106.37037037037037,106.0
52.0,1404.111111111111,2005.5925925925926,54.18518518518518,3.5925925925925926,1.0,3.0,1.4074074074074074,1.6666666666666667,1.2962962962962963,106.37037037037037,102.0
2739.0,1404.111111111111,2005.5925925925926,54.18518518518518,3.5925925925925926,1.0,3.0,1.4074074074074074,1.6666666666666667,1.2962962962962963,106.37037037037037,94.0
2978.0,1545.505376344086,2005.6451612903227,48.483870967741936,2.0,1.0,2.043010752688172,1.3440860215053763,1.6666666666666667,1.3225806451612903,105.3010752688172,85.0
1858.0,1545.505376344086,2005.6451612903227,48.483870967741936,2.0,1.0,2.043010752688172,1.3440860215053763,1.6666666666666667,1.3225806451612903,105.3010752688172,128.0
1365.0,1545.505376344086,2005.6451612903227,48.483870967741936,2.0,1.0,2.043010752688172,1.3440860215053763,1.6666666666666667,1.3225806451612903,105.3010752688172,136.0
1370.0,1545.505376344086,2005.6451612903227,48.483870967741936,2.0,1.0,2.043010752688172,1.3440860215053763,1.6666666666666667,1.3225806451612903,105.3010752688172,117.0
507.0,1545.505376344086,2005.6451612903227,48.483870967741936,2.0,1.0,2.043010752688172,1.3440860215053763,1.6666666666666667,1.3225806451612903,105.3010752688172,88.0
1078.0,1545.505376344086,2005.6451612903227,48.483870967741936,2.0,1.0,2.043010752688172,1.3440860215053763,1.6666666666666667,1.3225806451612903,105.3010752688172,143.0
2230.0,1545.505376344086,2005.6451612903227,48.483870967741936,2.0,1.0,2.043010752688172,1.3440860215053763,1.6666666666666667,1.3225806451612903,105.3010752688172,94.0
456.0,1545.505376344086,2005.6451612903227,48.483870967741936,2.0,1.0,2.043010752688172,1.3440860215053763,1.6666666666666667,1.3225806451612903,105.3010752688172,268.0
2007.0,1545.505376344086,2005.6451612903227,48.483870967741936,2.0,1.0,2.043010752688172,1.3440860215053763,1.6666666666666667,1.3225806451612903,105.3010752688172,131.0
2200.0,1545.505376344086,2005.6451612903227,48.483870967741936,2.0,1.0,2.043010752688172,1.3440860215053763,1.6666666666666667,1.3225806451612903,105.3010752688172,103.0
1739.0,1545.505376344086,2005.6451612903227,48.483870967741936,2.0,1.0,2.043010752688172,1.3440860215053763,1.6666666666666667,1.3225806451612903,105.3010752688172,105.0
2080.0,1545.505376344086,2005.6451612903227,48.483870967741936,2.0,1.0,2.043010752688172,1.3440860215053763,1.6666666666666667,1.3225806451612903,105.3010752688172,94.0
1710.0,1545.505376344086,2005.6451612903227,48.483870967741936,2.0,1.0,2.043010752688172,1.3440860215053763,1.6666666666666667,1.3225806451612903,105.3010752688172,80.0
376.0,1545.505376344086,2005.6451612903227,48.483870967741936,2.0,1.0,2.043010752688172,1.3440860215053763,1.6666666666666667,1.3225806451612903,105.3010752688172,127.0
2911.0,1545.505376344086,2005.6451612903227,48.483870967741936,2.0,1.0,2.043010752688172,1.3440860215053763,1.6666666666666667,1.3225806451612903,105.3010752688172,108.0
1253.0,1545.505376344086,2005.6451612903227,48.483870967741936,2.0,1.0,2.043010752688172,1.3440860215053763,1.6666666666666667,1.3225806451612903,105.3010752688172,119.0
737.0,1545.505376344086,2005.6451612903227,48.483870967741936,2.0,1.0,2.043010752688172,1.3440860215053763,1.6666666666666667,1.3225806451612903,105.3010752688172,95.0
1228.0,1545.505376344086,2005.6451612903227,48.483870967741936,2.0,1.0,2.043010752688172,1.3440860215053763,1.6666666666666667,1.3225806451612903,105.3010752688172,88.0
694.0,1545.505376344086,2005.6451612903227,48.483870967741936,2.0,1.0,2.043010752688172,1.3440860215053763,1.6666666666666667,1.3225806451612903,105.3010752688172,161.0
2271.0,1545.505376344086,2005.6451612903227,48.483870967741936,2.0,1.0,2.043010752688172,1.3440860215053763,1.6666666666666667,1.3225806451612903,105.3010752688172,83.0
2789.0,1545.505376344086,2005.6451612903227,48.483870967741936,2.0,1.0,2.043010752688172,1.3440860215053763,1.6666666666666667,1.3225806451612903,105.3010752688172,108.0
390.0,1545.505376344086,2005.6451612903227,48.483870967741936,2.0,1.0,2.043010752688172,1.3440860215053763,1.6666666666666667,1.3225806451612903,105.3010752688172,80.0
2346.0,1545.505376344086,2005.6451612903227,48.483870967741936,2.0,1.0,2.043010752688172,1.3440860215053763,1.6666666666666667,1.3225806451612903,105.3010752688172,101.0
2191.0,1545.505376344086,2005.6451612903227,48.483870967741936,2.0,1.0,2.043010752688172,1.3440860215053763,1.6666666666666667,1.3225806451612903,105.3010752688172,148.0
1551.0,1545.505376344086,2005.6451612903227,48.483870967741936,2.0,1.0,2.043010752688172,1.3440860215053763,1.6666666666666667,1.3225806451612903,105.3010752688172,100.0
2735.0,1545.505376344086,2005.6451612903227,48.483870967741936,2.0,1.0,2.043010752688172,1.3440860215053763,1.6666666666666667,1.3225806451612903,105.3010752688172,94.0
2243.0,1545.505376344086,2005.6451612903227,48.483870967741936,2.0,1.0,2.043010752688172,1.3440860215053763,1.6666666666666667,1.3225806451612903,105.3010752688172,93.0
1736.0,1545.505376344086,2005.6451612903227,48.483870967741936,2.0,1.0,2.043010752688172,1.3440860215053763,1.6666666666666667,1.3225806451612903,105.3010752688172,85.0
1524.0,1545.505376344086,2005.6451612903227,48.483870967741936,2.0,1.0,2.043010752688172,1.3440860215053763,1.6666666666666667,1.3225806451612903,105.3010752688172,100.0
1758.0,1545.505376344086,2005.6451612903227,48.483870967741936,2.0,1.0,2.043010752688172,1.3440860215053763,1.6666666666666667,1.3225806451612903,105.3010752688172,50.0
1359.0,1545.505376344086,2005.6451612903227,48.483870967741936,2.0,1.0,2.043010752688172,1.3440860215053763,1.6666666666666667,1.3225806451612903,105.3010752688172,94.0
1277.0,1545.505376344086,2005.6451612903227,48.483870967741936,2.0,1.0,2.043010752688172,1.3440860215053763,1.6666666666666667,1.3225806451612903,105.3010752688172,110.0
2078.0,1545.505376344086,2005.6451612903227,48.483870967741936,2.0,1.0,2.043010752688172,1.3440860215053763,1.6666666666666667,1.3225806451612903,105.3010752688172,77.0
2342.0,1545.505376344086,2005.6451612903227,48.483870967741936,2.0,1.0,2.043010752688172,1.3440860215053763,1.6666666666666667,1.3225806451612903,105.3010752688172,123.0
434.0,1545.505376344086,2005.6451612903227,48.483870967741936,2.0,1.0,2.043010752688172,1.3440860215053763,1.6666666666666667,1.3225806451612903,105.3010752688172,48.0
990.0,1545.505376344086,2005.6451612903227,48.483870967741936,2.0,1.0,2.043010752688172,1.3440860215053763,1.6666666666666667,1.3225806451612903,105.3010752688172,93.0
2404.0,1545.505376344086,2005.6451612903227,48.483870967741936,2.0,1.0,2.043010752688172,1.3440860215053763,1.6666666666666667,1.3225806451612903,105.3010752688172,166.0
1658.0,1545.505376344086,2005.6451612903227,48.483870967741936,2.0,1.0,2.043010752688172,1.3440860215053763,1.6666666666666667,1.3225806451612903,105.3010752688172,97.0
2423.0,1545.505376344086,2005.6451612903227,48.483870967741936,2.0,1.0,2.043010752688172,1.3440860215053763,1.6666666666666667,1.3225806451612903,105.3010752688172,110.0
888.0,1545.505376344086,2005.6451612903227,48.483870967741936,2.0,1.0,2.043010752688172,1.3440860215053763,1.6666666666666667,1.3225806451612903,105.3010752688172,119.0
413.0,1545.505376344086,2005.6451612903227,48.483870967741936,2.0,1.0,2.043010752688172,1.3440860215053763,1.6666666666666667,1.3225806451612903,105.3010752688172,92.0
1259.0,1545.505376344086,2005.6451612903227,48.483870967741936,2.0,1.0,2.043010752688172,1.3440860215053763,1.6666666666666667,1.3225806451612903,105.3010752688172,89.0
967.0,1545.505376344086,2005.6451612903227,48.483870967741936,2.0,1.0,2.043010752688172,1.3440860215053763,1.6666666666666667,1.3225806451612903,105.3010752688172,88.0
2508.0,1545.505376344086,2005.6451612903227,48.483870967741936,2.0,1.0,2.043010752688172,1.3440860215053763,1.6666666666666667,1.3225806451612903,105.3010752688172,81.0
417.0,1545.505376344086,2005.6451612903227,48.483870967741936,2.0,1.0,2.043010752688172,1.3440860215053763,1.6666666666666667,1.3225806451612903,105.3010752688172,94.0
2408.0,1545.505376344086,2005.6451612903227,48.483870967741936,2.0,1.0,2.043010752688172,1.3440860215053763,1.6666666666666667,1.3225806451612903,105.3010752688172,74.0
1082.0,1545.505376344086,2005.6451612903227,48.483870967741936,2.0,1.0,2.043010752688172,1.3440860215053763,1.6666666666666667,1.3225806451612903,105.3010752688172,55.0
1743.0,1545.505376344086,2005.6451612903227,48.483870967741936,2.0,1.0,2.043010752688172,1.3440860215053763,1.6666666666666667,1.3225806451612903,105.3010752688172,74.0
1713.0,1545.505376344086,2005.6451612903227,48.483870967741936,2.0,1.0,2.043010752688172,1.3440860215053763,1.6666666666666667,1.3225806451612903,105.3010752688172,177.0
1723.0,1545.505376344086,2005.6451612903227,48.483870967741936,2.0,1.0,2.043010752688172,1.3440860215053763,1.6666666666666667,1.3225806451612903,105.3010752688172,110.0
272.0,1545.505376344086,2005.6451612903227,48.483870967741936,2.0,1.0,2.043010752688172,1.3440860215053763,1.6666666666666667,1.3225806451612903,105.3010752688172,110.0
2452.0,1545.505376344086,2005.6451612903227,48.483870967741936,2.0,1.0,2.043010752688172,1.3440860215053763,1.6666666666666667,1.3225806451612903,105.3010752688172,144.0
2323.0,1545.505376344086,2005.6451612903227,48.483870967741936,2.0,1.0,2.043010752688172,1.3440860215053763,1.6666666666666667,1.3225806451612903,105.3010752688172,94.0
1407.0,1545.505376344086,2005.6451612903227,48.483870967741936,2.0,1.0,2.043010752688172,1.3440860215053763,1.6666666666666667,1.3225806451612903,105.3010752688172,123.0
179.0,1545.505376344086,2005.6451612903227,48.483870967741936,2.0,1.0,2.043010752688172,1.3440860215053763,1.6666666666666667,1.3225806451612903,105.3010752688172,141.0
1367.0,1545.505376344086,2005.6451612903227,48.483870967741936,2.0,1.0,2.043010752688172,1.3440860215053763,1.6666666666666667,1.3225806451612903,105.3010752688172,88.0
975.0,1545.505376344086,2005.6451612903227,48.483870967741936,2.0,1.0,2.043010752688172,1.3440860215053763,1.6666666666666667,1.3225806451612903,105.3010752688172,82.0
2928.0,1545.505376344086,2005.6451612903227,48.483870967741936,2.0,1.0,2.043010752688172,1.3440860215053763,1.6666666666666667,1.3225806451612903,105.3010752688172,105.0
2274.0,1545.505376344086,2005.6451612903227,48.483870967741936,2.0,1.0,2.043010752688172,1.3440860215053763,1.6666666666666667,1.3225806451612903,105.3010752688172,119.0
1152.0,1545.505376344086,2005.6451612903227,48.483870967741936,2.0,1.0,2.043010752688172,1.3440860215053763,1.6666666666666667,1.3225806451612903,105.3010752688172,70.0
2049.0,1545.505376344086,2005.6451612903227,48.483870967741936,2.0,1.0,2.043010752688172,1.3440860215053763,1.6666666666666667,1.3225806451612903,105.3010752688172,102.0
2301.0,1545.505376344086,2005.6451612903227,48.483870967741936,2.0,1.0,2.043010752688172,1.3440860215053763,1.6666666666666667,1.3225806451612903,105.3010752688172,92.0
1654.0,1545.505376344086,2005.6451612903227,48.483870967741936,2.0,1.0,2.043010752688172,1.3440860215053763,1.6666666666666667,1.3225806451612903,105.3010752688172,92.0
404.0,1545.505376344086,2005.6451612903227,48.483870967741936,2.0,1.0,2.043010752688172,1.3440860215053763,1.6666666666666667,1.3225806451612903,105.3010752688172,103.0
120.0,1545.505376344086,2005.6451612903227,48.483870967741936,2.0,1.0,2.043010752688172,1.3440860215053763,1.6666666666666667,1.3225806451612903,105.3010752688172,102.0
1412.0,1545.505376344086,2005.6451612903227,48.483870967741936,2.0,1.0,2.043010752688172,1.3440860215053763,1.6666666666666667,1.3225806451612903,105.3010752688172,119.0
1863.0,1545.505376344086,2005.6451612903227,48.483870967741936,2.0,1.0,2.043010752688172,1.3440860215053763,1.6666666666666667,1.3225806451612903,105.3010752688172,78.0
1360.0,1545.505376344086,2005.6451612903227,48.483870967741936,2.0,1.0,2.043010752688172,1.3440860215053763,1.6666666666666667,1.3225806451612903,105.3010752688172,127.0
523.0,1545.505376344086,2005.6451612903227,48.483870967741936,2.0,1.0,2.043010752688172,1.3440860215053763,1.6666666666666667,1.3225806451612903,105.3010752688172,127.0
1381.0,1545.505376344086,2005.6451612903227,48.483870967741936,2.0,1.0,2.043010752688172,1.3440860215053763,1.6666666666666667,1.3225806451612903,105.3010752688172,121.0
1241.0,1545.505376344086,2005.6451612903227,48.483870967741936,2.0,1.0,2.043010752688172,1.3440860215053763,1.6666666666666667,1.3225806451612903,105.3010752688172,88.0
2085.0,1545.505376344086,2005.6451612903227,48.483870967741936,2.0,1.0,2.043010752688172,1.3440860215053763,1.6666666666666667,1.3225806451612903,105.3010752688172,145.0
2937.0,1545.505376344086,2005.6451612903227,48.483870967741936,2.0,1.0,2.043010752688172,1.3440860215053763,1.6666666666666667,1.3225806451612903,105.3010752688172,80.0
431.0,1545.505376344086,2005.6451612903227,48.483870967741936,2.0,1.0,2.043010752688172,1.3440860215053763,1.6666666666666667,1.3225806451612903,105.3010752688172,110.0
1730.0,1545.505376344086,2005.6451612903227,48.483870967741936,2.0,1.0,2.043010752688172,1.3440860215053763,1.6666666666666667,1.3225806451612903,105.3010752688172,99.0
589.0,1545.505376344086,2005.6451612903227,48.483870967741936,2.0,1.0,2.043010752688172,1.3440860215053763,1.6666666666666667,1.3225806451612903,105.3010752688172,81.0
1998.0,1545.505376344086,2005.6451612903227,48.483870967741936,2.0,1.0,2.043010752688172,1.3440860215053763,1.6666666666666667,1.3225806451612903,105.3010752688172,152.0
950.0,1545.505376344086,2005.6451612903227,48.483870967741936,2.0,1.0,2.043010752688172,1.3440860215053763,1.6666666666666667,1.3225806451612903,105.3010752688172,111.0
1316.0,1545.505376344086,2005.6451612903227,48.483870967741936,2.0,1.0,2.043010752688172,1.3440860215053763,1.6666666666666667,1.3225806451612903,105.3010752688172,88.0
2942.0,1545.505376344086,2005.6451612903227,48.483870967741936,2.0,1.0,2.043010752688172,1.3440860215053763,1.6666666666666667,1.3225806451612903,105.3010752688172,106.0
2105.0,1545.505376344086,2005.6451612903227,48.483870967741936,2.0,1.0,2.043010752688172,1.3440860215053763,1.6666666666666667,1.3225806451612903,105.3010752688172,111.0
2759.0,1545.505376344086,2005.6451612903227,48.483870967741936,2.0,1.0,2.043010752688172,1.3440860215053763,1.6666666666666667,1.3225806451612903,105.3010752688172,119.0
1443.0,1545.505376344086,2005.6451612903227,48.483870967741936,2.0,1.0,2.043010752688172,1.3440860215053763,1.6666666666666667,1.3225806451612903,105.3010752688172,119.0
1767.0,1545.505376344086,2005.6451612903227,48.483870967741936,2.0,1.0,2.043010752688172,1.3440860215053763,1.6666666666666667,1.3225806451612903,105.3010752688172,78.0
437.0,1545.505376344086,2005.6451612903227,48.483870967741936,2.0,1.0,2.043010752688172,1.3440860215053763,1.6666666666666667,1.3225806451612903,105.3010752688172,88.0
2166.0,1545.505376344086,2005.6451612903227,48.483870967741936,2.0,1.0,2.043010752688172,1.3440860215053763,1.6666666666666667,1.3225806451612903,105.3010752688172,78.0
960.0,1545.505376344086,2005.6451612903227,48.483870967741936,2.0,1.0,2.043010752688172,1.3440860215053763,1.6666666666666667,1.3225806451612903,105.3010752688172,61.0
873.0,1545.505376344086,2005.6451612903227,48.483870967741936,2.0,1.0,2.043010752688172,1.3440860215053763,1.6666666666666667,1.3225806451612903,105.3010752688172,94.0
1223.0,1545.505376344086,2005.6451612903227,48.483870967741936,2.0,1.0,2.043010752688172,1.3440860215053763,1.6666666666666667,1.3225806451612903,105.3010752688172,127.0
2469.0,1545.505376344086,2005.6451612903227,48.483870967741936,2.0,1.0,2.043010752688172,1.3440860215053763,1.6666666666666667,1.3225806451612903,105.3010752688172,48.0
251.0,1545.505376344086,2005.6451612903227,48.483870967741936,2.0,1.0,2.043010752688172,1.3440860215053763,1.6666666666666667,1.3225806451612903,105.3010752688172,97.0
2070.0,1545.505376344086,2005.6451612903227,48.483870967741936,2.0,1.0,2.043010752688172,1.3440860215053763,1.6666666666666667,1.3225806451612903,105.3010752688172,177.0
197.0,1545.505376344086,2005.6451612903227,48.483870967741936,2.0,1.0,2.043010752688172,1.3440860215053763,1.6666666666666667,1.3225806451612903,105.3010752688172,114.0
1369.0,1563.159574468085,2007.5744680851064,25.28723404255319,1.0,1.0,2.021276595744681,1.2234042553191489,1.702127659574468,1.6170212765957446,78.02127659574468,44.0
2367.0,1563.159574468085,2007.5744680851064,25.28723404255319,1.0,1.0,2.021276595744681,1.2234042553191489,1.702127659574468,1.6170212765957446,78.02127659574468,61.0
372.0,1563.159574468085,2007.5744680851064,25.28723404255319,1.0,1.0,2.021276595744681,1.2234042553191489,1.702127659574468,1.6170212765957446,78.02127659574468,68.0
583.0,1563.159574468085,2007.5744680851064,25.28723404255319,1.0,1.0,2.021276595744681,1.2234042553191489,1.702127659574468,1.6170212765957446,78.02127659574468,81.0
50.0,1563.159574468085,2007.5744680851064,25.28723404255319,1.0,1.0,2.021276595744681,1.2234042553191489,1.702127659574468,1.6170212765957446,78.02127659574468,116.0
2177.0,1563.159574468085,2007.5744680851064,25.28723404255319,1.0,1.0,2.021276595744681,1.2234042553191489,1.702127659574468,1.6170212765957446,78.02127659574468,96.0
825.0,1563.159574468085,2007.5744680851064,25.28723404255319,1.0,1.0,2.021276595744681,1.2234042553191489,1.702127659574468,1.6170212765957446,78.02127659574468,95.0
2685.0,1563.159574468085,2007.5744680851064,25.28723404255319,1.0,1.0,2.021276595744681,1.2234042553191489,1.702127659574468,1.6170212765957446,78.02127659574468,70.0
2570.0,1563.159574468085,2007.5744680851064,25.28723404255319,1.0,1.0,2.021276595744681,1.2234042553191489,1.702127659574468,1.6170212765957446,78.02127659574468,72.0
2632.0,1563.159574468085,2007.5744680851064,25.28723404255319,1.0,1.0,2.021276595744681,1.2234042553191489,1.702127659574468,1.6170212765957446,78.02127659574468,72.0
931.0,1563.159574468085,2007.5744680851064,25.28723404255319,1.0,1.0,2.021276595744681,1.2234042553191489,1.702127659574468,1.6170212765957446,78.02127659574468,81.0
1108.0,1563.159574468085,2007.5744680851064,25.28723404255319,1.0,1.0,2.021276595744681,1.2234042553191489,1.702127659574468,1.6170212765957446,78.02127659574468,74.0
276.0,1563.159574468085,2007.5744680851064,25.28723404255319,1.0,1.0,2.021276595744681,1.2234042553191489,1.702127659574468,1.6170212765957446,78.02127659574468,94.0
2617.0,1563.159574468085,2007.5744680851064,25.28723404255319,1.0,1.0,2.021276595744681,1.2234042553191489,1.702127659574468,1.6170212765957446,78.02127659574468,83.0
1583.0,1563.159574468085,2007.5744680851064,25.28723404255319,1.0,1.0,2.021276595744681,1.2234042553191489,1.702127659574468,1.6170212765957446,78.02127659574468,73.0
1418.0,1563.159574468085,2007.5744680851064,25.28723404255319,1.0,1.0,2.021276595744681,1.2234042553191489,1.702127659574468,1.6170212765957446,78.02127659574468,44.0
25.0,1563.159574468085,2007.5744680851064,25.28723404255319,1.0,1.0,2.021276595744681,1.2234042553191489,1.702127659574468,1.6170212765957446,78.02127659574468,94.0
2313.0,1563.159574468085,2007.5744680851064,25.28723404255319,1.0,1.0,2.021276595744681,1.2234042553191489,1.702127659574468,1.6170212765957446,78.02127659574468,78.0
95.0,1563.159574468085,2007.5744680851064,25.28723404255319,1.0,1.0,2.021276595744681,1.2234042553191489,1.702127659574468,1.6170212765957446,78.02127659574468,81.0
2913.0,1563.159574468085,2007.5744680851064,25.28723404255319,1.0,1.0,2.021276595744681,1.2234042553191489,1.702127659574468,1.6170212765957446,78.02127659574468,74.0
2973.0,1563.159574468085,2007.5744680851064,25.28723404255319,1.0,1.0,2.021276595744681,1.2234042553191489,1.702127659574468,1.6170212765957446,78.02127659574468,88.0
479.0,1563.159574468085,2007.5744680851064,25.28723404255319,1.0,1.0,2.021276595744681,1.2234042553191489,1.702127659574468,1.6170212765957446,78.02127659574468,65.0
1043.0,1563.159574468085,2007.5744680851064,25.28723404255319,1.0,1.0,2.021276595744681,1.2234042553191489,1.702127659574468,1.6170212765957446,78.02127659574468,64.0
1939.0,1563.159574468085,2007.5744680851064,25.28723404255319,1.0,1.0,2.021276595744681,1.2234042553191489,1.702127659574468,1.6170212765957446,78.02127659574468,85.0
742.0,1563.159574468085,2007.5744680851064,25.28723404255319,1.0,1.0,2.021276595744681,1.2234042553191489,1.702127659574468,1.6170212765957446,78.02127659574468,119.0
1933.0,1563.159574468085,2007.5744680851064,25.28723404255319,1.0,1.0,2.021276595744681,1.2234042553191489,1.702127659574468,1.6170212765957446,78.02127659574468,81.0
1814.0,1563.159574468085,2007.5744680851064,25.28723404255319,1.0,1.0,2.021276595744681,1.2234042553191489,1.702127659574468,1.6170212765957446,78.02127659574468,65.0
1880.0,1563.159574468085,2007.5744680851064,25.28723404255319,1.0,1.0,2.021276595744681,1.2234042553191489,1.702127659574468,1.6170212765957446,78.02127659574468,75.0
1041.0,1563.159574468085,2007.5744680851064,25.28723404255319,1.0,1.0,2.021276595744681,1.2234042553191489,1.702127659574468,1.6170212765957446,78.02127659574468,83.0
325.0,1563.159574468085,2007.5744680851064,25.28723404255319,1.0,1.0,2.021276595744681,1.2234042553191489,1.702127659574468,1.6170212765957446,78.02127659574468,84.0
2515.0,1563.159574468085,2007.5744680851064,25.28723404255319,1.0,1.0,2.021276595744681,1.2234042553191489,1.702127659574468,1.6170212765957446,78.02127659574468,71.0
1114.0,1563.159574468085,2007.5744680851064,25.28723404255319,1.0,1.0,2.021276595744681,1.2234042553191489,1.702127659574468,1.6170212765957446,78.02127659574468,71.0
246.0,1563.159574468085,2007.5744680851064,25.28723404255319,1.0,1.0,2.021276595744681,1.2234042553191489,1.702127659574468,1.6170212765957446,78.02127659574468,81.0
1368.0,1563.159574468085,2007.5744680851064,25.28723404255319,1.0,1.0,2.021276595744681,1.2234042553191489,1.702127659574468,1.6170212765957446,78.02127659574468,97.0
1671.0,1563.159574468085,2007.5744680851064,25.28723404255319,1.0,1.0,2.021276595744681,1.2234042553191489,1.702127659574468,1.6170212765957446,78.02127659574468,50.0
616.0,1563.159574468085,2007.5744680851064,25.28723404255319,1.0,1.0,2.021276595744681,1.2234042553191489,1.702127659574468,1.6170212765957446,78.02127659574468,70.0
668.0,1563.159574468085,2007.5744680851064,25.28723404255319,1.0,1.0,2.021276595744681,1.2234042553191489,1.702127659574468,1.6170212765957446,78.02127659574468,97.0
1845.0,1563.159574468085,2007.5744680851064,25.28723404255319,1.0,1.0,2.021276595744681,1.2234042553191489,1.702127659574468,1.6170212765957446,78.02127659574468,74.0
49.0,1563.159574468085,2007.5744680851064,25.28723404255319,1.0,1.0,2.021276595744681,1.2234042553191489,1.702127659574468,1.6170212765957446,78.02127659574468,66.0
2360.0,1563.159574468085,2007.5744680851064,25.28723404255319,1.0,1.0,2.021276595744681,1.2234042553191489,1.702127659574468,1.6170212765957446,78.02127659574468,77.0
1079.0,1563.159574468085,2007.5744680851064,25.28723404255319,1.0,1.0,2.021276595744681,1.2234042553191489,1.702127659574468,1.6170212765957446,78.02127659574468,69.0
334.0,1563.159574468085,2007.5744680851064,25.28723404255319,1.0,1.0,2.021276595744681,1.2234042553191489,1.702127659574468,1.6170212765957446,78.02127659574468,74.0
953.0,1563.159574468085,2007.5744680851064,25.28723404255319,1.0,1.0,2.021276595744681,1.2234042553191489,1.702127659574468,1.6170212765957446,78.02127659574468,74.0
2416.0,1563.159574468085,2007.5744680851064,25.28723404255319,1.0,1.0,2.021276595744681,1.2234042553191489,1.702127659574468,1.6170212765957446,78.02127659574468,88.0
2459.0,1563.159574468085,2007.5744680851064,25.28723404255319,1.0,1.0,2.021276595744681,1.2234042553191489,1.702127659574468,1.6170212765957446,78.02127659574468,87.0
2096.0,1563.159574468085,2007.5744680851064,25.28723404255319,1.0,1.0,2.021276595744681,1.2234042553191489,1.702127659574468,1.6170212765957446,78.02127659574468,31.0
261.0,1563.159574468085,2007.5744680851064,25.28723404255319,1.0,1.0,2.021276595744681,1.2234042553191489,1.702127659574468,1.6170212765957446,78.02127659574468,74.0
562.0,1563.159574468085,2007.5744680851064,25.28723404255319,1.0,1.0,2.021276595744681,1.2234042553191489,1.702127659574468,1.6170212765957446,78.02127659574468,66.0
1928.0,1563.159574468085,2007.5744680851064,25.28723404255319,1.0,1.0,2.021276595744681,1.2234042553191489,1.702127659574468,1.6170212765957446,78.02127659574468,65.0
1021.0,1563.159574468085,2007.5744680851064,25.28723404255319,1.0,1.0,2.021276595744681,1.2234042553191489,1.702127659574468,1.6170212765957446,78.02127659574468,72.0
2043.0,1563.159574468085,2007.5744680851064,25.28723404255319,1.0,1.0,2.021276595744681,1.2234042553191489,1.702127659574468,1.6170212765957446,78.02127659574468,83.0
600.0,1563.159574468085,2007.5744680851064,25.28723404255319,1.0,1.0,2.021276595744681,1.2234042553191489,1.702127659574468,1.6170212765957446,78.02127659574468,50.0
1628.0,1563.159574468085,2007.5744680851064,25.28723404255319,1.0,1.0,2.021276595744681,1.2234042553191489,1.702127659574468,1.6170212765957446,78.02127659574468,100.0
1684.0,1563.159574468085,2007.5744680851064,25.28723404255319,1.0,1.0,2.021276595744681,1.2234042553191489,1.702127659574468,1.6170212765957446,78.02127659574468,66.0
1786.0,1563.159574468085,2007.5744680851064,25.28723404255319,1.0,1.0,2.021276595744681,1.2234042553191489,1.702127659574468,1.6170212765957446,78.02127659574468,50.0
1706.0,1563.159574468085,2007.5744680851064,25.28723404255319,1.0,1.0,2.021276595744681,1.2234042553191489,1.702127659574468,1.6170212765957446,78.02127659574468,97.0
2254.0,1563.159574468085,2007.5744680851064,25.28723404255319,1.0,1.0,2.021276595744681,1.2234042553191489,1.702127659574468,1.6170212765957446,78.02127659574468,81.0
1402.0,1563.159574468085,2007.5744680851064,25.28723404255319,1.0,1.0,2.021276595744681,1.2234042553191489,1.702127659574468,1.6170212765957446,78.02127659574468,77.0
1361.0,1563.159574468085,2007.5744680851064,25.28723404255319,1.0,1.0,2.021276595744681,1.2234042553191489,1.702127659574468,1.6170212765957446,78.02127659574468,94.0
2958.0,1563.159574468085,2007.5744680851064,25.28723404255319,1.0,1.0,2.021276595744681,1.2234042553191489,1.702127659574468,1.6170212765957446,78.02127659574468,88.0
2677.0,1563.159574468085,2007.5744680851064,25.28723404255319,1.0,1.0,2.021276595744681,1.2234042553191489,1.702127659574468,1.6170212765957446,78.02127659574468,75.0
2298.0,1563.159574468085,2007.5744680851064,25.28723404255319,1.0,1.0,2.021276595744681,1.2234042553191489,1.702127659574468,1.6170212765957446,78.02127659574468,67.0
2855.0,1563.159574468085,2007.5744680851064,25.28723404255319,1.0,1.0,2.021276595744681,1.2234042553191489,1.702127659574468,1.6170212765957446,78.02127659574468,114.0
2317.0,1563.159574468085,2007.5744680851064,25.28723404255319,1.0,1.0,2.021276595744681,1.2234042553191489,1.702127659574468,1.6170212765957446,78.02127659574468,112.0
530.0,1563.159574468085,2007.5744680851064,25.28723404255319,1.0,1.0,2.021276595744681,1.2234042553191489,1.702127659574468,1.6170212765957446,78.02127659574468,66.0
73.0,1563.159574468085,2007.5744680851064,25.28723404255319,1.0,1.0,2.021276595744681,1.2234042553191489,1.702127659574468,1.6170212765957446,78.02127659574468,81.0
72.0,1563.159574468085,2007.5744680851064,25.28723404255319,1.0,1.0,2.021276595744681,1.2234042553191489,1.702127659574468,1.6170212765957446,78.02127659574468,81.0
971.0,1563.159574468085,2007.5744680851064,25.28723404255319,1.0,1.0,2.021276595744681,1.2234042553191489,1.702127659574468,1.6170212765957446,78.02127659574468,65.0
2487.0,1563.159574468085,2007.5744680851064,25.28723404255319,1.0,1.0,2.021276595744681,1.2234042553191489,1.702127659574468,1.6170212765957446,78.02127659574468,81.0
2091.0,1563.159574468085,2007.5744680851064,25.28723404255319,1.0,1.0,2.021276595744681,1.2234042553191489,1.702127659574468,1.6170212765957446,78.02127659574468,64.0
1103.0,1563.159574468085,2007.5744680851064,25.28723404255319,1.0,1.0,2.021276595744681,1.2234042553191489,1.702127659574468,1.6170212765957446,78.02127659574468,88.0
958.0,1563.159574468085,2007.5744680851064,25.28723404255319,1.0,1.0,2.021276595744681,1.2234042553191489,1.702127659574468,1.6170212765957446,78.02127659574468,85.0
2839.0,1563.159574468085,2007.5744680851064,25.28723404255319,1.0,1.0,2.021276595744681,1.2234042553191489,1.702127659574468,1.6170212765957446,78.02127659574468,67.0
2430.0,1563.159574468085,2007.5744680851064,25.28723404255319,1.0,1.0,2.021276595744681,1.2234042553191489,1.702127659574468,1.6170212765957446,78.02127659574468,35.0
1962.0,1563.159574468085,2007.5744680851064,25.28723404255319,1.0,1.0,2.021276595744681,1.2234042553191489,1.702127659574468,1.6170212765957446,78.02127659574468,29.0
1458.0,1563.159574468085,2007.5744680851064,25.28723404255319,1.0,1.0,2.021276595744681,1.2234042553191489,1.702127659574468,1.6170212765957446,78.02127659574468,106.0
676.0,1563.159574468085,2007.5744680851064,25.28723404255319,1.0,1.0,2.021276595744681,1.2234042553191489,1.702127659574468,1.6170212765957446,78.02127659574468,85.0
2822.0,1563.159574468085,2007.5744680851064,25.28723404255319,1.0,1.0,2.021276595744681,1.2234042553191489,1.702127659574468,1.6170212765957446,78.02127659574468,127.0
2571.0,1563.159574468085,2007.5744680851064,25.28723404255319,1.0,1.0,2.021276595744681,1.2234042553191489,1.702127659574468,1.6170212765957446,78.02127659574468,88.0
263.0,1563.159574468085,2007.5744680851064,25.28723404255319,1.0,1.0,2.021276595744681,1.2234042553191489,1.702127659574468,1.6170212765957446,78.02127659574468,110.0
1544.0,1563.159574468085,2007.5744680851064,25.28723404255319,1.0,1.0,2.021276595744681,1.2234042553191489,1.702127659574468,1.6170212765957446,78.02127659574468,59.0
2694.0,1563.159574468085,2007.5744680851064,25.28723404255319,1.0,1.0,2.021276595744681,1.2234042553191489,1.702127659574468,1.6170212765957446,78.02127659574468,74.0
1118.0,1563.159574468085,2007.5744680851064,25.28723404255319,1.0,1.0,2.021276595744681,1.2234042553191489,1.702127659574468,1.6170212765957446,78.02127659574468,94.0
1772.0,1563.159574468085,2007.5744680851064,25.28723404255319,1.0,1.0,2.021276595744681,1.2234042553191489,1.702127659574468,1.6170212765957446,78.02127659574468,66.0
2652.0,1563.159574468085,2007.5744680851064,25.28723404255319,1.0,1.0,2.021276595744681,1.2234042553191489,1.702127659574468,1.6170212765957446,78.02127659574468,41.0
2610.0,1563.159574468085,2007.5744680851064,25.28723404255319,1.0,1.0,2.021276595744681,1.2234042553191489,1.702127659574468,1.6170212765957446,78.02127659574468,59.0
1187.0,1563.159574468085,2007.5744680851064,25.28723404255319,1.0,1.0,2.021276595744681,1.2234042553191489,1.702127659574468,1.6170212765957446,78.02127659574468,77.0
713.0,1563.159574468085,2007.5744680851064,25.28723404255319,1.0,1.0,2.021276595744681,1.2234042553191489,1.702127659574468,1.6170212765957446,78.02127659574468,94.0
2448.0,1563.159574468085,2007.5744680851064,25.28723404255319,1.0,1.0,2.021276595744681,1.2234042553191489,1.702127659574468,1.6170212765957446,78.02127659574468,89.0
1982.0,1563.159574468085,2007.5744680851064,25.28723404255319,1.0,1.0,2.021276595744681,1.2234042553191489,1.702127659574468,1.6170212765957446,78.02127659574468,94.0
2962.0,1563.159574468085,2007.5744680851064,25.28723404255319,1.0,1.0,2.021276595744681,1.2234042553191489,1.702127659574468,1.6170212765957446,78.02127659574468,89.0
1323.0,1563.159574468085,2007.5744680851064,25.28723404255319,1.0,1.0,2.021276595744681,1.2234042553191489,1.702127659574468,1.6170212765957446,78.02127659574468,74.0
1545.0,1563.159574468085,2007.5744680851064,25.28723404255319,1.0,1.0,2.021276595744681,1.2234042553191489,1.702127659574468,1.6170212765957446,78.02127659574468,93.0
2873.0,1563.159574468085,2007.5744680851064,25.28723404255319,1.0,1.0,2.021276595744681,1.2234042553191489,1.702127659574468,1.6170212765957446,78.02127659574468,105.0
901.0,1451.138888888889,2005.6944444444443,38.611111111111114,2.75,2.0,2.7222222222222223,1.6388888888888888,1.6388888888888888,1.2777777777777777,113.22222222222223,74.0
2583.0,1451.138888888889,2005.6944444444443,38.611111111111114,2.75,2.0,2.7222222222222223,1.6388888888888888,1.6388888888888888,1.2777777777777777,113.22222222222223,129.0
1217.0,1451.138888888889,2005.6944444444443,38.611111111111114,2.75,2.0,2.7222222222222223,1.6388888888888888,1.6388888888888888,1.2777777777777777,113.22222222222223,88.0
1111.0,1451.138888888889,2005.6944444444443,38.611111111111114,2.75,2.0,2.7222222222222223,1.6388888888888888,1.6388888888888888,1.2777777777777777,113.22222222222223,123.0
1865.0,1451.138888888889,2005.6944444444443,38.611111111111114,2.75,2.0,2.7222222222222223,1.6388888888888888,1.6388888888888888,1.2777777777777777,113.22222222222223,136.0
1071.0,1451.138888888889,2005.6944444444443,38.611111111111114,2.75,2.0,2.7222222222222223,1.6388888888888888,1.6388888888888888,1.2777777777777777,113.22222222222223,105.0
1953.0,1451.138888888889,2005.6944444444443,38.611111111111114,2.75,2.0,2.7222222222222223,1.6388888888888888,1.6388888888888888,1.2777777777777777,113.22222222222223,99.0
1977.0,1451.138888888889,2005.6944444444443,38.611111111111114,2.75,2.0,2.7222222222222223,1.6388888888888888,1.6388888888888888,1.2777777777777777,113.22222222222223,112.0
358.0,1451.138888888889,2005.6944444444443,38.611111111111114,2.75,2.0,2.7222222222222223,1.6388888888888888,1.6388888888888888,1.2777777777777777,113.22222222222223,109.0
1797.0,1451.138888888889,2005.6944444444443,38.611111111111114,2.75,2.0,2.7222222222222223,1.6388888888888888,1.6388888888888888,1.2777777777777777,113.22222222222223,102.0
2441.0,1451.138888888889,2005.6944444444443,38.611111111111114,2.75,2.0,2.7222222222222223,1.6388888888888888,1.6388888888888888,1.2777777777777777,113.22222222222223,100.0
2899.0,1451.138888888889,2005.6944444444443,38.611111111111114,2.75,2.0,2.7222222222222223,1.6388888888888888,1.6388888888888888,1.2777777777777777,113.22222222222223,92.0
2306.0,1451.138888888889,2005.6944444444443,38.611111111111114,2.75,2.0,2.7222222222222223,1.6388888888888888,1.6388888888888888,1.2777777777777777,113.22222222222223,117.0
2981.0,1451.138888888889,2005.6944444444443,38.611111111111114,2.75,2.0,2.7222222222222223,1.6388888888888888,1.6388888888888888,1.2777777777777777,113.22222222222223,70.0
1086.0,1451.138888888889,2005.6944444444443,38.611111111111114,2.75,2.0,2.7222222222222223,1.6388888888888888,1.6388888888888888,1.2777777777777777,113.22222222222223,78.0
594.0,1451.138888888889,2005.6944444444443,38.611111111111114,2.75,2.0,2.7222222222222223,1.6388888888888888,1.6388888888888888,1.2777777777777777,113.22222222222223,105.0
45.0,1451.138888888889,2005.6944444444443,38.611111111111114,2.75,2.0,2.7222222222222223,1.6388888888888888,1.6388888888888888,1.2777777777777777,113.22222222222223,81.0
1903.0,1451.138888888889,2005.6944444444443,38.611111111111114,2.75,2.0,2.7222222222222223,1.6388888888888888,1.6388888888888888,1.2777777777777777,113.22222222222223,71.0
1339.0,1451.138888888889,2005.6944444444443,38.611111111111114,2.75,2.0,2.7222222222222223,1.6388888888888888,1.6388888888888888,1.2777777777777777,113.22222222222223,100.0
2887.0,1451.138888888889,2005.6944444444443,38.611111111111114,2.75,2.0,2.7222222222222223,1.6388888888888888,1.6388888888888888,1.2777777777777777,113.22222222222223,105.0
97.0,1451.138888888889,2005.6944444444443,38.611111111111114,2.75,2.0,2.7222222222222223,1.6388888888888888,1.6388888888888888,1.2777777777777777,113.22222222222223,99.0
2606.0,1451.138888888889,2005.6944444444443,38.611111111111114,2.75,2.0,2.7222222222222223,1.6388888888888888,1.6388888888888888,1.2777777777777777,113.22222222222223,97.0
735.0,1451.138888888889,2005.6944444444443,38.611111111111114,2.75,2.0,2.7222222222222223,1.6388888888888888,1.6388888888888888,1.2777777777777777,113.22222222222223,155.0
1294.0,1451.138888888889,2005.6944444444443,38.611111111111114,2.75,2.0,2.7222222222222223,1.6388888888888888,1.6388888888888888,1.2777777777777777,113.22222222222223,312.0
185.0,1451.138888888889,2005.6944444444443,38.611111111111114,2.75,2.0,2.7222222222222223,1.6388888888888888,1.6388888888888888,1.2777777777777777,113.22222222222223,152.0
114.0,1451.138888888889,2005.6944444444443,38.611111111111114,2.75,2.0,2.7222222222222223,1.6388888888888888,1.6388888888888888,1.2777777777777777,113.22222222222223,112.0
2577.0,1451.138888888889,2005.6944444444443,38.611111111111114,2.75,2.0,2.7222222222222223,1.6388888888888888,1.6388888888888888,1.2777777777777777,113.22222222222223,105.0
1835.0,1451.138888888889,2005.6944444444443,38.611111111111114,2.75,2.0,2.7222222222222223,1.6388888888888888,1.6388888888888888,1.2777777777777777,113.22222222222223,142.0
1612.0,1451.138888888889,2005.6944444444443,38.611111111111114,2.75,2.0,2.7222222222222223,1.6388888888888888,1.6388888888888888,1.2777777777777777,113.22222222222223,114.0
2680.0,1451.138888888889,2005.6944444444443,38.611111111111114,2.75,2.0,2.7222222222222223,1.6388888888888888,1.6388888888888888,1.2777777777777777,113.22222222222223,123.0
292.0,1451.138888888889,2005.6944444444443,38.611111111111114,2.75,2.0,2.7222222222222223,1.6388888888888888,1.6388888888888888,1.2777777777777777,113.22222222222223,119.0
305.0,1451.138888888889,2005.6944444444443,38.611111111111114,2.75,2.0,2.7222222222222223,1.6388888888888888,1.6388888888888888,1.2777777777777777,113.22222222222223,131.0
1083.0,1451.138888888889,2005.6944444444443,38.611111111111114,2.75,2.0,2.7222222222222223,1.6388888888888888,1.6388888888888888,1.2777777777777777,113.22222222222223,135.0
1311.0,1451.138888888889,2005.6944444444443,38.611111111111114,2.75,2.0,2.7222222222222223,1.6388888888888888,1.6388888888888888,1.2777777777777777,113.22222222222223,78.0
542.0,1451.138888888889,2005.6944444444443,38.611111111111114,2.75,2.0,2.7222222222222223,1.6388888888888888,1.6388888888888888,1.2777777777777777,113.22222222222223,108.0
1659.0,1451.138888888889,2005.6944444444443,38.611111111111114,2.75,2.0,2.7222222222222223,1.6388888888888888,1.6388888888888888,1.2777777777777777,113.22222222222223,98.0
2228.0,1410.9178082191781,2005.9315068493152,48.50684931506849,2.0,1.0,4.342465753424658,1.6712328767123288,1.7945205479452055,1.2328767123287672,144.2876712328767,176.0
1119.0,1410.9178082191781,2005.9315068493152,48.50684931506849,2.0,1.0,4.342465753424658,1.6712328767123288,1.7945205479452055,1.2328767123287672,144.2876712328767,129.0
2494.0,1410.9178082191781,2005.9315068493152,48.50684931506849,2.0,1.0,4.342465753424658,1.6712328767123288,1.7945205479452055,1.2328767123287672,144.2876712328767,108.0
1327.0,1410.9178082191781,2005.9315068493152,48.50684931506849,2.0,1.0,4.342465753424658,1.6712328767123288,1.7945205479452055,1.2328767123287672,144.2876712328767,135.0
521.0,1410.9178082191781,2005.9315068493152,48.50684931506849,2.0,1.0,4.342465753424658,1.6712328767123288,1.7945205479452055,1.2328767123287672,144.2876712328767,81.0
1904.0,1410.9178082191781,2005.9315068493152,48.50684931506849,2.0,1.0,4.342465753424658,1.6712328767123288,1.7945205479452055,1.2328767123287672,144.2876712328767,161.0
1592.0,1410.9178082191781,2005.9315068493152,48.50684931506849,2.0,1.0,4.342465753424658,1.6712328767123288,1.7945205479452055,1.2328767123287672,144.2876712328767,114.0
449.0,1410.9178082191781,2005.9315068493152,48.50684931506849,2.0,1.0,4.342465753424658,1.6712328767123288,1.7945205479452055,1.2328767123287672,144.2876712328767,133.0
127.0,1410.9178082191781,2005.9315068493152,48.50684931506849,2.0,1.0,4.342465753424658,1.6712328767123288,1.7945205479452055,1.2328767123287672,144.2876712328767,131.0
832.0,1410.9178082191781,2005.9315068493152,48.50684931506849,2.0,1.0,4.342465753424658,1.6712328767123288,1.7945205479452055,1.2328767123287672,144.2876712328767,164.0
273.0,1410.9178082191781,2005.9315068493152,48.50684931506849,2.0,1.0,4.342465753424658,1.6712328767123288,1.7945205479452055,1.2328767123287672,144.2876712328767,110.0
2603.0,1410.9178082191781,2005.9315068493152,48.50684931506849,2.0,1.0,4.342465753424658,1.6712328767123288,1.7945205479452055,1.2328767123287672,144.2876712328767,161.0
1927.0,1410.9178082191781,2005.9315068493152,48.50684931506849,2.0,1.0,4.342465753424658,1.6712328767123288,1.7945205479452055,1.2328767123287672,144.2876712328767,105.0
1009.0,1410.9178082191781,2005.9315068493152,48.50684931506849,2.0,1.0,4.342465753424658,1.6712328767123288,1.7945205479452055,1.2328767123287672,144.2876712328767,110.0
1602.0,1410.9178082191781,2005.9315068493152,48.50684931506849,2.0,1.0,4.342465753424658,1.6712328767123288,1.7945205479452055,1.2328767123287672,144.2876712328767,145.0
1371.0,1410.9178082191781,2005.9315068493152,48.50684931506849,2.0,1.0,4.342465753424658,1.6712328767123288,1.7945205479452055,1.2328767123287672,144.2876712328767,127.0
180.0,1410.9178082191781,2005.9315068493152,48.50684931506849,2.0,1.0,4.342465753424658,1.6712328767123288,1.7945205479452055,1.2328767123287672,144.2876712328767,123.0
2765.0,1410.9178082191781,2005.9315068493152,48.50684931506849,2.0,1.0,4.342465753424658,1.6712328767123288,1.7945205479452055,1.2328767123287672,144.2876712328767,106.0
2533.0,1410.9178082191781,2005.9315068493152,48.50684931506849,2.0,1.0,4.342465753424658,1.6712328767123288,1.7945205479452055,1.2328767123287672,144.2876712328767,278.0
1321.0,1410.9178082191781,2005.9315068493152,48.50684931506849,2.0,1.0,4.342465753424658,1.6712328767123288,1.7945205479452055,1.2328767123287672,144.2876712328767,65.0
26.0,1410.9178082191781,2005.9315068493152,48.50684931506849,2.0,1.0,4.342465753424658,1.6712328767123288,1.7945205479452055,1.2328767123287672,144.2876712328767,278.0
166.0,1410.9178082191781,2005.9315068493152,48.50684931506849,2.0,1.0,4.342465753424658,1.6712328767123288,1.7945205479452055,1.2328767123287672,144.2876712328767,127.0
793.0,1410.9178082191781,2005.9315068493152,48.50684931506849,2.0,1.0,4.342465753424658,1.6712328767123288,1.7945205479452055,1.2328767123287672,144.2876712328767,279.0
65.0,1410.9178082191781,2005.9315068493152,48.50684931506849,2.0,1.0,4.342465753424658,1.6712328767123288,1.7945205479452055,1.2328767123287672,144.2876712328767,126.0
841.0,1410.9178082191781,2005.9315068493152,48.50684931506849,2.0,1.0,4.342465753424658,1.6712328767123288,1.7945205479452055,1.2328767123287672,144.2876712328767,94.0
1056.0,1410.9178082191781,2005.9315068493152,48.50684931506849,2.0,1.0,4.342465753424658,1.6712328767123288,1.7945205479452055,1.2328767123287672,144.2876712328767,148.0
2339.0,1410.9178082191781,2005.9315068493152,48.50684931506849,2.0,1.0,4.342465753424658,1.6712328767123288,1.7945205479452055,1.2328767123287672,144.2876712328767,119.0
2509.0,1410.9178082191781,2005.9315068493152,48.50684931506849,2.0,1.0,4.342465753424658,1.6712328767123288,1.7945205479452055,1.2328767123287672,144.2876712328767,119.0
1616.0,1410.9178082191781,2005.9315068493152,48.50684931506849,2.0,1.0,4.342465753424658,1.6712328767123288,1.7945205479452055,1.2328767123287672,144.2876712328767,119.0
2657.0,1410.9178082191781,2005.9315068493152,48.50684931506849,2.0,1.0,4.342465753424658,1.6712328767123288,1.7945205479452055,1.2328767123287672,144.2876712328767,142.0
1200.0,1410.9178082191781,2005.9315068493152,48.50684931506849,2.0,1.0,4.342465753424658,1.6712328767123288,1.7945205479452055,1.2328767123287672,144.2876712328767,129.0
766.0,1410.9178082191781,2005.9315068493152,48.50684931506849,2.0,1.0,4.342465753424658,1.6712328767123288,1.7945205479452055,1.2328767123287672,144.2876712328767,67.0
526.0,1410.9178082191781,2005.9315068493152,48.50684931506849,2.0,1.0,4.342465753424658,1.6712328767123288,1.7945205479452055,1.2328767123287672,144.2876712328767,187.0
516.0,1410.9178082191781,2005.9315068493152,48.50684931506849,2.0,1.0,4.342465753424658,1.6712328767123288,1.7945205479452055,1.2328767123287672,144.2876712328767,278.0
234.0,1410.9178082191781,2005.9315068493152,48.50684931506849,2.0,1.0,4.342465753424658,1.6712328767123288,1.7945205479452055,1.2328767123287672,144.2876712328767,177.0
2941.0,1410.9178082191781,2005.9315068493152,48.50684931506849,2.0,1.0,4.342465753424658,1.6712328767123288,1.7945205479452055,1.2328767123287672,144.2876712328767,115.0
2666.0,1410.9178082191781,2005.9315068493152,48.50684931506849,2.0,1.0,4.342465753424658,1.6712328767123288,1.7945205479452055,1.2328767123287672,144.2876712328767,115.0
1153.0,1410.9178082191781,2005.9315068493152,48.50684931506849,2.0,1.0,4.342465753424658,1.6712328767123288,1.7945205479452055,1.2328767123287672,144.2876712328767,144.0
2305.0,1410.9178082191781,2005.9315068493152,48.50684931506849,2.0,1.0,4.342465753424658,1.6712328767123288,1.7945205479452055,1.2328767123287672,144.2876712328767,121.0
18.0,1410.9178082191781,2005.9315068493152,48.50684931506849,2.0,1.0,4.342465753424658,1.6712328767123288,1.7945205479452055,1.2328767123287672,144.2876712328767,213.0
1506.0,1410.9178082191781,2005.9315068493152,48.50684931506849,2.0,1.0,4.342465753424658,1.6712328767123288,1.7945205479452055,1.2328767123287672,144.2876712328767,192.0
2076.0,1410.9178082191781,2005.9315068493152,48.50684931506849,2.0,1.0,4.342465753424658,1.6712328767123288,1.7945205479452055,1.2328767123287672,144.2876712328767,138.0
1151.0,1410.9178082191781,2005.9315068493152,48.50684931506849,2.0,1.0,4.342465753424658,1.6712328767123288,1.7945205479452055,1.2328767123287672,144.2876712328767,110.0
2470.0,1410.9178082191781,2005.9315068493152,48.50684931506849,2.0,1.0,4.342465753424658,1.6712328767123288,1.7945205479452055,1.2328767123287672,144.2876712328767,123.0
2315.0,1410.9178082191781,2005.9315068493152,48.50684931506849,2.0,1.0,4.342465753424658,1.6712328767123288,1.7945205479452055,1.2328767123287672,144.2876712328767,159.0
2664.0,1410.9178082191781,2005.9315068493152,48.50684931506849,2.0,1.0,4.342465753424658,1.6712328767123288,1.7945205479452055,1.2328767123287672,144.2876712328767,161.0
1864.0,1410.9178082191781,2005.9315068493152,48.50684931506849,2.0,1.0,4.342465753424658,1.6712328767123288,1.7945205479452055,1.2328767123287672,144.2876712328767,155.0
2473.0,1410.9178082191781,2005.9315068493152,48.50684931506849,2.0,1.0,4.342465753424658,1.6712328767123288,1.7945205479452055,1.2328767123287672,144.2876712328767,145.0
2780.0,1410.9178082191781,2005.9315068493152,48.50684931506849,2.0,1.0,4.342465753424658,1.6712328767123288,1.7945205479452055,1.2328767123287672,144.2876712328767,177.0
1935.0,1410.9178082191781,2005.9315068493152,48.50684931506849,2.0,1.0,4.342465753424658,1.6712328767123288,1.7945205479452055,1.2328767123287672,144.2876712328767,152.0
1240.0,1410.9178082191781,2005.9315068493152,48.50684931506849,2.0,1.0,4.342465753424658,1.6712328767123288,1.7945205479452055,1.2328767123287672,144.2876712328767,135.0
405.0,1410.9178082191781,2005.9315068493152,48.50684931506849,2.0,1.0,4.342465753424658,1.6712328767123288,1.7945205479452055,1.2328767123287672,144.2876712328767,112.0
699.0,1410.9178082191781,2005.9315068493152,48.50684931506849,2.0,1.0,4.342465753424658,1.6712328767123288,1.7945205479452055,1.2328767123287672,144.2876712328767,142.0
966.0,1410.9178082191781,2005.9315068493152,48.50684931506849,2.0,1.0,4.342465753424658,1.6712328767123288,1.7945205479452055,1.2328767123287672,144.2876712328767,127.0
1380.0,1410.9178082191781,2005.9315068493152,48.50684931506849,2.0,1.0,4.342465753424658,1.6712328767123288,1.7945205479452055,1.2328767123287672,144.2876712328767,129.0
1775.0,1410.9178082191781,2005.9315068493152,48.50684931506849,2.0,1.0,4.342465753424658,1.6712328767123288,1.7945205479452055,1.2328767123287672,144.2876712328767,153.0
1276.0,1410.9178082191781,2005.9315068493152,48.50684931506849,2.0,1.0,4.342465753424658,1.6712328767123288,1.7945205479452055,1.2328767123287672,144.2876712328767,177.0
1203.0,1410.9178082191781,2005.9315068493152,48.50684931506849,2.0,1.0,4.342465753424658,1.6712328767123288,1.7945205479452055,1.2328767123287672,144.2876712328767,115.0
1308.0,1410.9178082191781,2005.9315068493152,48.50684931506849,2.0,1.0,4.342465753424658,1.6712328767123288,1.7945205479452055,1.2328767123287672,144.2876712328767,148.0
415.0,1410.9178082191781,2005.9315068493152,48.50684931506849,2.0,1.0,4.342465753424658,1.6712328767123288,1.7945205479452055,1.2328767123287672,144.2876712328767,138.0
1930.0,1410.9178082191781,2005.9315068493152,48.50684931506849,2.0,1.0,4.342465753424658,1.6712328767123288,1.7945205479452055,1.2328767123287672,144.2876712328767,155.0
703.0,1410.9178082191781,2005.9315068493152,48.50684931506849,2.0,1.0,4.342465753424658,1.6712328767123288,1.7945205479452055,1.2328767123287672,144.2876712328767,279.0
1637.0,1410.9178082191781,2005.9315068493152,48.50684931506849,2.0,1.0,4.342465753424658,1.6712328767123288,1.7945205479452055,1.2328767123287672,144.2876712328767,148.0
1800.0,1410.9178082191781,2005.9315068493152,48.50684931506849,2.0,1.0,4.342465753424658,1.6712328767123288,1.7945205479452055,1.2328767123287672,144.2876712328767,123.0
552.0,1410.9178082191781,2005.9315068493152,48.50684931506849,2.0,1.0,4.342465753424658,1.6712328767123288,1.7945205479452055,1.2328767123287672,144.2876712328767,121.0
893.0,1410.9178082191781,2005.9315068493152,48.50684931506849,2.0,1.0,4.342465753424658,1.6712328767123288,1.7945205479452055,1.2328767123287672,144.2876712328767,164.0
1629.0,1410.9178082191781,2005.9315068493152,48.50684931506849,2.0,1.0,4.342465753424658,1.6712328767123288,1.7945205479452055,1.2328767123287672,144.2876712328767,114.0
1459.0,1410.9178082191781,2005.9315068493152,48.50684931506849,2.0,1.0,4.342465753424658,1.6712328767123288,1.7945205479452055,1.2328767123287672,144.2876712328767,78.0
2407.0,1410.9178082191781,2005.9315068493152,48.50684931506849,2.0,1.0,4.342465753424658,1.6712328767123288,1.7945205479452055,1.2328767123287672,144.2876712328767,114.0
2369.0,1410.9178082191781,2005.9315068493152,48.50684931506849,2.0,1.0,4.342465753424658,1.6712328767123288,1.7945205479452055,1.2328767123287672,144.2876712328767,277.0
2611.0,1410.9178082191781,2005.9315068493152,48.50684931506849,2.0,1.0,4.342465753424658,1.6712328767123288,1.7945205479452055,1.2328767123287672,144.2876712328767,153.0
269.0,1410.9178082191781,2005.9315068493152,48.50684931506849,2.0,1.0,4.342465753424658,1.6712328767123288,1.7945205479452055,1.2328767123287672,144.2876712328767,55.0
267.0,1410.9178082191781,2005.9315068493152,48.50684931506849,2.0,1.0,4.342465753424658,1.6712328767123288,1.7945205479452055,1.2328767123287672,144.2876712328767,105.0
914.0,1590.6702127659576,2006.0,56.0,3.5425531914893615,1.3617021276595744,2.8404255319148937,1.5319148936170213,1.5425531914893618,1.297872340425532,108.18085106382979,119.0
402.0,1590.6702127659576,2006.0,56.0,3.5425531914893615,1.3617021276595744,2.8404255319148937,1.5319148936170213,1.5425531914893618,1.297872340425532,108.18085106382979,95.0
1470.0,1590.6702127659576,2006.0,56.0,3.5425531914893615,1.3617021276595744,2.8404255319148937,1.5319148936170213,1.5425531914893618,1.297872340425532,108.18085106382979,75.0
587.0,1590.6702127659576,2006.0,56.0,3.5425531914893615,1.3617021276595744,2.8404255319148937,1.5319148936170213,1.5425531914893618,1.297872340425532,108.18085106382979,148.0
2133.0,1590.6702127659576,2006.0,56.0,3.5425531914893615,1.3617021276595744,2.8404255319148937,1.5319148936170213,1.5425531914893618,1.297872340425532,108.18085106382979,147.0
1537.0,1590.6702127659576,2006.0,56.0,3.5425531914893615,1.3617021276595744,2.8404255319148937,1.5319148936170213,1.5425531914893618,1.297872340425532,108.18085106382979,70.0
1249.0,1590.6702127659576,2006.0,56.0,3.5425531914893615,1.3617021276595744,2.8404255319148937,1.5319148936170213,1.5425531914893618,1.297872340425532,108.18085106382979,123.0
569.0,1590.6702127659576,2006.0,56.0,3.5425531914893615,1.3617021276595744,2.8404255319148937,1.5319148936170213,1.5425531914893618,1.297872340425532,108.18085106382979,94.0
2844.0,1590.6702127659576,2006.0,56.0,3.5425531914893615,1.3617021276595744,2.8404255319148937,1.5319148936170213,1.5425531914893618,1.297872340425532,108.18085106382979,61.0
2475.0,1590.6702127659576,2006.0,56.0,3.5425531914893615,1.3617021276595744,2.8404255319148937,1.5319148936170213,1.5425531914893618,1.297872340425532,108.18085106382979,97.0
280.0,1590.6702127659576,2006.0,56.0,3.5425531914893615,1.3617021276595744,2.8404255319148937,1.5319148936170213,1.5425531914893618,1.297872340425532,108.18085106382979,52.0
2456.0,1590.6702127659576,2006.0,56.0,3.5425531914893615,1.3617021276595744,2.8404255319148937,1.5319148936170213,1.5425531914893618,1.297872340425532,108.18085106382979,94.0
2905.0,1590.6702127659576,2006.0,56.0,3.5425531914893615,1.3617021276595744,2.8404255319148937,1.5319148936170213,1.5425531914893618,1.297872340425532,108.18085106382979,88.0
1841.0,1590.6702127659576,2006.0,56.0,3.5425531914893615,1.3617021276595744,2.8404255319148937,1.5319148936170213,1.5425531914893618,1.297872340425532,108.18085106382979,89.0
1643.0,1590.6702127659576,2006.0,56.0,3.5425531914893615,1.3617021276595744,2.8404255319148937,1.5319148936170213,1.5425531914893618,1.297872340425532,108.18085106382979,148.0
155.0,1590.6702127659576,2006.0,56.0,3.5425531914893615,1.3617021276595744,2.8404255319148937,1.5319148936170213,1.5425531914893618,1.297872340425532,108.18085106382979,153.0
2763.0,1590.6702127659576,2006.0,56.0,3.5425531914893615,1.3617021276595744,2.8404255319148937,1.5319148936170213,1.5425531914893618,1.297872340425532,108.18085106382979,110.0
1264.0,1590.6702127659576,2006.0,56.0,3.5425531914893615,1.3617021276595744,2.8404255319148937,1.5319148936170213,1.5425531914893618,1.297872340425532,108.18085106382979,77.0
2492.0,1590.6702127659576,2006.0,56.0,3.5425531914893615,1.3617021276595744,2.8404255319148937,1.5319148936170213,1.5425531914893618,1.297872340425532,108.18085106382979,102.0
2013.0,1590.6702127659576,2006.0,56.0,3.5425531914893615,1.3617021276595744,2.8404255319148937,1.5319148936170213,1.5425531914893618,1.297872340425532,108.18085106382979,100.0
1296.0,1590.6702127659576,2006.0,56.0,3.5425531914893615,1.3617021276595744,2.8404255319148937,1.5319148936170213,1.5425531914893618,1.297872340425532,108.18085106382979,88.0
2400.0,1590.6702127659576,2006.0,56.0,3.5425531914893615,1.3617021276595744,2.8404255319148937,1.5319148936170213,1.5425531914893618,1.297872340425532,108.18085106382979,78.0
290.0,1590.6702127659576,2006.0,56.0,3.5425531914893615,1.3617021276595744,2.8404255319148937,1.5319148936170213,1.5425531914893618,1.297872340425532,108.18085106382979,119.0
582.0,1590.6702127659576,2006.0,56.0,3.5425531914893615,1.3617021276595744,2.8404255319148937,1.5319148936170213,1.5425531914893618,1.297872340425532,108.18085106382979,94.0
3000.0,1590.6702127659576,2006.0,56.0,3.5425531914893615,1.3617021276595744,2.8404255319148937,1.5319148936170213,1.5425531914893618,1.297872340425532,108.18085106382979,90.0
1072.0,1590.6702127659576,2006.0,56.0,3.5425531914893615,1.3617021276595744,2.8404255319148937,1.5319148936170213,1.5425531914893618,1.297872340425532,108.18085106382979,74.0
2815.0,1590.6702127659576,2006.0,56.0,3.5425531914893615,1.3617021276595744,2.8404255319148937,1.5319148936170213,1.5425531914893618,1.297872340425532,108.18085106382979,144.0
1186.0,1590.6702127659576,2006.0,56.0,3.5425531914893615,1.3617021276595744,2.8404255319148937,1.5319148936170213,1.5425531914893618,1.297872340425532,108.18085106382979,177.0
2595.0,1590.6702127659576,2006.0,56.0,3.5425531914893615,1.3617021276595744,2.8404255319148937,1.5319148936170213,1.5425531914893618,1.297872340425532,108.18085106382979,88.0
1303.0,1590.6702127659576,2006.0,56.0,3.5425531914893615,1.3617021276595744,2.8404255319148937,1.5319148936170213,1.5425531914893618,1.297872340425532,108.18085106382979,121.0
338.0,1590.6702127659576,2006.0,56.0,3.5425531914893615,1.3617021276595744,2.8404255319148937,1.5319148936170213,1.5425531914893618,1.297872340425532,108.18085106382979,110.0
230.0,1590.6702127659576,2006.0,56.0,3.5425531914893615,1.3617021276595744,2.8404255319148937,1.5319148936170213,1.5425531914893618,1.297872340425532,108.18085106382979,100.0
2908.0,1590.6702127659576,2006.0,56.0,3.5425531914893615,1.3617021276595744,2.8404255319148937,1.5319148936170213,1.5425531914893618,1.297872340425532,108.18085106382979,88.0
2351.0,1590.6702127659576,2006.0,56.0,3.5425531914893615,1.3617021276595744,2.8404255319148937,1.5319148936170213,1.5425531914893618,1.297872340425532,108.18085106382979,114.0
2060.0,1590.6702127659576,2006.0,56.0,3.5425531914893615,1.3617021276595744,2.8404255319148937,1.5319148936170213,1.5425531914893618,1.297872340425532,108.18085106382979,54.0
306.0,1590.6702127659576,2006.0,56.0,3.5425531914893615,1.3617021276595744,2.8404255319148937,1.5319148936170213,1.5425531914893618,1.297872340425532,108.18085106382979,148.0
658.0,1590.6702127659576,2006.0,56.0,3.5425531914893615,1.3617021276595744,2.8404255319148937,1.5319148936170213,1.5425531914893618,1.297872340425532,108.18085106382979,278.0
1384.0,1590.6702127659576,2006.0,56.0,3.5425531914893615,1.3617021276595744,2.8404255319148937,1.5319148936170213,1.5425531914893618,1.297872340425532,108.18085106382979,110.0
2357.0,1590.6702127659576,2006.0,56.0,3.5425531914893615,1.3617021276595744,2.8404255319148937,1.5319148936170213,1.5425531914893618,1.297872340425532,108.18085106382979,114.0
326.0,1590.6702127659576,2006.0,56.0,3.5425531914893615,1.3617021276595744,2.8404255319148937,1.5319148936170213,1.5425531914893618,1.297872340425532,108.18085106382979,85.0
961.0,1590.6702127659576,2006.0,56.0,3.5425531914893615,1.3617021276595744,2.8404255319148937,1.5319148936170213,1.5425531914893618,1.297872340425532,108.18085106382979,119.0
1905.0,1590.6702127659576,2006.0,56.0,3.5425531914893615,1.3617021276595744,2.8404255319148937,1.5319148936170213,1.5425531914893618,1.297872340425532,108.18085106382979,100.0
2420.0,1590.6702127659576,2006.0,56.0,3.5425531914893615,1.3617021276595744,2.8404255319148937,1.5319148936170213,1.5425531914893618,1.297872340425532,108.18085106382979,142.0
159.0,1590.6702127659576,2006.0,56.0,3.5425531914893615,1.3617021276595744,2.8404255319148937,1.5319148936170213,1.5425531914893618,1.297872340425532,108.18085106382979,105.0
1430.0,1590.6702127659576,2006.0,56.0,3.5425531914893615,1.3617021276595744,2.8404255319148937,1.5319148936170213,1.5425531914893618,1.297872340425532,108.18085106382979,81.0
2784.0,1590.6702127659576,2006.0,56.0,3.5425531914893615,1.3617021276595744,2.8404255319148937,1.5319148936170213,1.5425531914893618,1.297872340425532,108.18085106382979,102.0
2067.0,1590.6702127659576,2006.0,56.0,3.5425531914893615,1.3617021276595744,2.8404255319148937,1.5319148936170213,1.5425531914893618,1.297872340425532,108.18085106382979,89.0
1798.0,1590.6702127659576,2006.0,56.0,3.5425531914893615,1.3617021276595744,2.8404255319148937,1.5319148936170213,1.5425531914893618,1.297872340425532,108.18085106382979,88.0
2728.0,1590.6702127659576,2006.0,56.0,3.5425531914893615,1.3617021276595744,2.8404255319148937,1.5319148936170213,1.5425531914893618,1.297872340425532,108.18085106382979,129.0
1725.0,1590.6702127659576,2006.0,56.0,3.5425531914893615,1.3617021276595744,2.8404255319148937,1.5319148936170213,1.5425531914893618,1.297872340425532,108.18085106382979,68.0
2432.0,1590.6702127659576,2006.0,56.0,3.5425531914893615,1.3617021276595744,2.8404255319148937,1.5319148936170213,1.5425531914893618,1.297872340425532,108.18085106382979,65.0
2891.0,1590.6702127659576,2006.0,56.0,3.5425531914893615,1.3617021276595744,2.8404255319148937,1.5319148936170213,1.5425531914893618,1.297872340425532,108.18085106382979,97.0
2208.0,1590.6702127659576,2006.0,56.0,3.5425531914893615,1.3617021276595744,2.8404255319148937,1.5319148936170213,1.5425531914893618,1.297872340425532,108.18085106382979,113.0
574.0,1590.6702127659576,2006.0,56.0,3.5425531914893615,1.3617021276595744,2.8404255319148937,1.5319148936170213,1.5425531914893618,1.297872340425532,108.18085106382979,74.0
2479.0,1590.6702127659576,2006.0,56.0,3.5425531914893615,1.3617021276595744,2.8404255319148937,1.5319148936170213,1.5425531914893618,1.297872340425532,108.18085106382979,110.0
859.0,1590.6702127659576,2006.0,56.0,3.5425531914893615,1.3617021276595744,2.8404255319148937,1.5319148936170213,1.5425531914893618,1.297872340425532,108.18085106382979,102.0
2390.0,1590.6702127659576,2006.0,56.0,3.5425531914893615,1.3617021276595744,2.8404255319148937,1.5319148936170213,1.5425531914893618,1.297872340425532,108.18085106382979,140.0
1322.0,1590.6702127659576,2006.0,56.0,3.5425531914893615,1.3617021276595744,2.8404255319148937,1.5319148936170213,1.5425531914893618,1.297872340425532,108.18085106382979,119.0
253.0,1590.6702127659576,2006.0,56.0,3.5425531914893615,1.3617021276595744,2.8404255319148937,1.5319148936170213,1.5425531914893618,1.297872340425532,108.18085106382979,61.0
1482.0,1590.6702127659576,2006.0,56.0,3.5425531914893615,1.3617021276595744,2.8404255319148937,1.5319148936170213,1.5425531914893618,1.297872340425532,108.18085106382979,150.0
2551.0,1590.6702127659576,2006.0,56.0,3.5425531914893615,1.3617021276595744,2.8404255319148937,1.5319148936170213,1.5425531914893618,1.297872340425532,108.18085106382979,90.0
2818.0,1590.6702127659576,2006.0,56.0,3.5425531914893615,1.3617021276595744,2.8404255319148937,1.5319148936170213,1.5425531914893618,1.297872340425532,108.18085106382979,100.0
745.0,1590.6702127659576,2006.0,56.0,3.5425531914893615,1.3617021276595744,2.8404255319148937,1.5319148936170213,1.5425531914893618,1.297872340425532,108.18085106382979,110.0
2025.0,1590.6702127659576,2006.0,56.0,3.5425531914893615,1.3617021276595744,2.8404255319148937,1.5319148936170213,1.5425531914893618,1.297872340425532,108.18085106382979,70.0
2290.0,1590.6702127659576,2006.0,56.0,3.5425531914893615,1.3617021276595744,2.8404255319148937,1.5319148936170213,1.5425531914893618,1.297872340425532,108.18085106382979,112.0
942.0,1590.6702127659576,2006.0,56.0,3.5425531914893615,1.3617021276595744,2.8404255319148937,1.5319148936170213,1.5425531914893618,1.297872340425532,108.18085106382979,81.0
2118.0,1590.6702127659576,2006.0,56.0,3.5425531914893615,1.3617021276595744,2.8404255319148937,1.5319148936170213,1.5425531914893618,1.297872340425532,108.18085106382979,114.0
1937.0,1590.6702127659576,2006.0,56.0,3.5425531914893615,1.3617021276595744,2.8404255319148937,1.5319148936170213,1.5425531914893618,1.297872340425532,108.18085106382979,85.0
101.0,1590.6702127659576,2006.0,56.0,3.5425531914893615,1.3617021276595744,2.8404255319148937,1.5319148936170213,1.5425531914893618,1.297872340425532,108.18085106382979,119.0
475.0,1590.6702127659576,2006.0,56.0,3.5425531914893615,1.3617021276595744,2.8404255319148937,1.5319148936170213,1.5425531914893618,1.297872340425532,108.18085106382979,127.0
1624.0,1590.6702127659576,2006.0,56.0,3.5425531914893615,1.3617021276595744,2.8404255319148937,1.5319148936170213,1.5425531914893618,1.297872340425532,108.18085106382979,112.0
2952.0,1590.6702127659576,2006.0,56.0,3.5425531914893615,1.3617021276595744,2.8404255319148937,1.5319148936170213,1.5425531914893618,1.297872340425532,108.18085106382979,148.0
1607.0,1590.6702127659576,2006.0,56.0,3.5425531914893615,1.3617021276595744,2.8404255319148937,1.5319148936170213,1.5425531914893618,1.297872340425532,108.18085106382979,155.0
1898.0,1590.6702127659576,2006.0,56.0,3.5425531914893615,1.3617021276595744,2.8404255319148937,1.5319148936170213,1.5425531914893618,1.297872340425532,108.18085106382979,100.0
1946.0,1590.6702127659576,2006.0,56.0,3.5425531914893615,1.3617021276595744,2.8404255319148937,1.5319148936170213,1.5425531914893618,1.297872340425532,108.18085106382979,152.0
2329.0,1590.6702127659576,2006.0,56.0,3.5425531914893615,1.3617021276595744,2.8404255319148937,1.5319148936170213,1.5425531914893618,1.297872340425532,108.18085106382979,122.0
1510.0,1590.6702127659576,2006.0,56.0,3.5425531914893615,1.3617021276595744,2.8404255319148937,1.5319148936170213,1.5425531914893618,1.297872340425532,108.18085106382979,93.0
1396.0,1590.6702127659576,2006.0,56.0,3.5425531914893615,1.3617021276595744,2.8404255319148937,1.5319148936170213,1.5425531914893618,1.297872340425532,108.18085106382979,94.0
620.0,1590.6702127659576,2006.0,56.0,3.5425531914893615,1.3617021276595744,2.8404255319148937,1.5319148936170213,1.5425531914893618,1.297872340425532,108.18085106382979,152.0
122.0,1590.6702127659576,2006.0,56.0,3.5425531914893615,1.3617021276595744,2.8404255319148937,1.5319148936170213,1.5425531914893618,1.297872340425532,108.18085106382979,87.0
1242.0,1590.6702127659576,2006.0,56.0,3.5425531914893615,1.3617021276595744,2.8404255319148937,1.5319148936170213,1.5425531914893618,1.297872340425532,108.18085106382979,67.0
662.0,1590.6702127659576,2006.0,56.0,3.5425531914893615,1.3617021276595744,2.8404255319148937,1.5319148936170213,1.5425531914893618,1.297872340425532,108.18085106382979,75.0
440.0,1590.6702127659576,2006.0,56.0,3.5425531914893615,1.3617021276595744,2.8404255319148937,1.5319148936170213,1.5425531914893618,1.297872340425532,108.18085106382979,111.0
2713.0,1590.6702127659576,2006.0,56.0,3.5425531914893615,1.3617021276595744,2.8404255319148937,1.5319148936170213,1.5425531914893618,1.297872340425532,108.18085106382979,310.0
397.0,1590.6702127659576,2006.0,56.0,3.5425531914893615,1.3617021276595744,2.8404255319148937,1.5319148936170213,1.5425531914893618,1.297872340425532,108.18085106382979,123.0
752.0,1590.6702127659576,2006.0,56.0,3.5425531914893615,1.3617021276595744,2.8404255319148937,1.5319148936170213,1.5425531914893618,1.297872340425532,108.18085106382979,148.0
1562.0,1590.6702127659576,2006.0,56.0,3.5425531914893615,1.3617021276595744,2.8404255319148937,1.5319148936170213,1.5425531914893618,1.297872340425532,108.18085106382979,95.0
1474.0,1590.6702127659576,2006.0,56.0,3.5425531914893615,1.3617021276595744,2.8404255319148937,1.5319148936170213,1.5425531914893618,1.297872340425532,108.18085106382979,70.0
2295.0,1590.6702127659576,2006.0,56.0,3.5425531914893615,1.3617021276595744,2.8404255319148937,1.5319148936170213,1.5425531914893618,1.297872340425532,108.18085106382979,103.0
2178.0,1590.6702127659576,2006.0,56.0,3.5425531914893615,1.3617021276595744,2.8404255319148937,1.5319148936170213,1.5425531914893618,1.297872340425532,108.18085106382979,105.0
1850.0,1590.6702127659576,2006.0,56.0,3.5425531914893615,1.3617021276595744,2.8404255319148937,1.5319148936170213,1.5425531914893618,1.297872340425532,108.18085106382979,88.0
2555.0,1590.6702127659576,2006.0,56.0,3.5425531914893615,1.3617021276595744,2.8404255319148937,1.5319148936170213,1.5425531914893618,1.297872340425532,108.18085106382979,132.0
2587.0,1590.6702127659576,2006.0,56.0,3.5425531914893615,1.3617021276595744,2.8404255319148937,1.5319148936170213,1.5425531914893618,1.297872340425532,108.18085106382979,40.0
494.0,1590.6702127659576,2006.0,56.0,3.5425531914893615,1.3617021276595744,2.8404255319148937,1.5319148936170213,1.5425531914893618,1.297872340425532,108.18085106382979,109.0
622.0,1442.7021276595744,2005.7553191489362,29.30851063829787,1.3297872340425532,1.6702127659574468,2.74468085106383,1.5106382978723405,1.797872340425532,1.3829787234042554,94.25531914893617,67.0
1463.0,1442.7021276595744,2005.7553191489362,29.30851063829787,1.3297872340425532,1.6702127659574468,2.74468085106383,1.5106382978723405,1.797872340425532,1.3829787234042554,94.25531914893617,100.0
2014.0,1442.7021276595744,2005.7553191489362,29.30851063829787,1.3297872340425532,1.6702127659574468,2.74468085106383,1.5106382978723405,1.797872340425532,1.3829787234042554,94.25531914893617,92.0
947.0,1442.7021276595744,2005.7553191489362,29.30851063829787,1.3297872340425532,1.6702127659574468,2.74468085106383,1.5106382978723405,1.797872340425532,1.3829787234042554,94.25531914893617,143.0
1258.0,1442.7021276595744,2005.7553191489362,29.30851063829787,1.3297872340425532,1.6702127659574468,2.74468085106383,1.5106382978723405,1.797872340425532,1.3829787234042554,94.25531914893617,75.0
1013.0,1442.7021276595744,2005.7553191489362,29.30851063829787,1.3297872340425532,1.6702127659574468,2.74468085106383,1.5106382978723405,1.797872340425532,1.3829787234042554,94.25531914893617,119.0
2671.0,1442.7021276595744,2005.7553191489362,29.30851063829787,1.3297872340425532,1.6702127659574468,2.74468085106383,1.5106382978723405,1.797872340425532,1.3829787234042554,94.25531914893617,23.0
2920.0,1442.7021276595744,2005.7553191489362,29.30851063829787,1.3297872340425532,1.6702127659574468,2.74468085106383,1.5106382978723405,1.797872340425532,1.3829787234042554,94.25531914893617,94.0
558.0,1442.7021276595744,2005.7553191489362,29.30851063829787,1.3297872340425532,1.6702127659574468,2.74468085106383,1.5106382978723405,1.797872340425532,1.3829787234042554,94.25531914893617,107.0
409.0,1442.7021276595744,2005.7553191489362,29.30851063829787,1.3297872340425532,1.6702127659574468,2.74468085106383,1.5106382978723405,1.797872340425532,1.3829787234042554,94.25531914893617,68.0
249.0,1442.7021276595744,2005.7553191489362,29.30851063829787,1.3297872340425532,1.6702127659574468,2.74468085106383,1.5106382978723405,1.797872340425532,1.3829787234042554,94.25531914893617,97.0
142.0,1442.7021276595744,2005.7553191489362,29.30851063829787,1.3297872340425532,1.6702127659574468,2.74468085106383,1.5106382978723405,1.797872340425532,1.3829787234042554,94.25531914893617,94.0
1586.0,1442.7021276595744,2005.7553191489362,29.30851063829787,1.3297872340425532,1.6702127659574468,2.74468085106383,1.5106382978723405,1.797872340425532,1.3829787234042554,94.25531914893617,103.0
1173.0,1442.7021276595744,2005.7553191489362,29.30851063829787,1.3297872340425532,1.6702127659574468,2.74468085106383,1.5106382978723405,1.797872340425532,1.3829787234042554,94.25531914893617,75.0
824.0,1442.7021276595744,2005.7553191489362,29.30851063829787,1.3297872340425532,1.6702127659574468,2.74468085106383,1.5106382978723405,1.797872340425532,1.3829787234042554,94.25531914893617,100.0
379.0,1442.7021276595744,2005.7553191489362,29.30851063829787,1.3297872340425532,1.6702127659574468,2.74468085106383,1.5106382978723405,1.797872340425532,1.3829787234042554,94.25531914893617,70.0
1947.0,1442.7021276595744,2005.7553191489362,29.30851063829787,1.3297872340425532,1.6702127659574468,2.74468085106383,1.5106382978723405,1.797872340425532,1.3829787234042554,94.25531914893617,177.0
882.0,1442.7021276595744,2005.7553191489362,29.30851063829787,1.3297872340425532,1.6702127659574468,2.74468085106383,1.5106382978723405,1.797872340425532,1.3829787234042554,94.25531914893617,81.0
2263.0,1442.7021276595744,2005.7553191489362,29.30851063829787,1.3297872340425532,1.6702127659574468,2.74468085106383,1.5106382978723405,1.797872340425532,1.3829787234042554,94.25531914893617,100.0
1113.0,1442.7021276595744,2005.7553191489362,29.30851063829787,1.3297872340425532,1.6702127659574468,2.74468085106383,1.5106382978723405,1.797872340425532,1.3829787234042554,94.25531914893617,310.0
1964.0,1442.7021276595744,2005.7553191489362,29.30851063829787,1.3297872340425532,1.6702127659574468,2.74468085106383,1.5106382978723405,1.797872340425532,1.3829787234042554,94.25531914893617,110.0
1320.0,1442.7021276595744,2005.7553191489362,29.30851063829787,1.3297872340425532,1.6702127659574468,2.74468085106383,1.5106382978723405,1.797872340425532,1.3829787234042554,94.25531914893617,65.0
2526.0,1442.7021276595744,2005.7553191489362,29.30851063829787,1.3297872340425532,1.6702127659574468,2.74468085106383,1.5106382978723405,1.797872340425532,1.3829787234042554,94.25531914893617,93.0
221.0,1442.7021276595744,2005.7553191489362,29.30851063829787,1.3297872340425532,1.6702127659574468,2.74468085106383,1.5106382978723405,1.797872340425532,1.3829787234042554,94.25531914893617,74.0
286.0,1442.7021276595744,2005.7553191489362,29.30851063829787,1.3297872340425532,1.6702127659574468,2.74468085106383,1.5106382978723405,1.797872340425532,1.3829787234042554,94.25531914893617,94.0
2947.0,1442.7021276595744,2005.7553191489362,29.30851063829787,1.3297872340425532,1.6702127659574468,2.74468085106383,1.5106382978723405,1.797872340425532,1.3829787234042554,94.25531914893617,100.0
2429.0,1442.7021276595744,2005.7553191489362,29.30851063829787,1.3297872340425532,1.6702127659574468,2.74468085106383,1.5106382978723405,1.797872340425532,1.3829787234042554,94.25531914893617,104.0
2151.0,1442.7021276595744,2005.7553191489362,29.30851063829787,1.3297872340425532,1.6702127659574468,2.74468085106383,1.5106382978723405,1.797872340425532,1.3829787234042554,94.25531914893617,100.0
2321.0,1442.7021276595744,2005.7553191489362,29.30851063829787,1.3297872340425532,1.6702127659574468,2.74468085106383,1.5106382978723405,1.797872340425532,1.3829787234042554,94.25531914893617,114.0
1034.0,1442.7021276595744,2005.7553191489362,29.30851063829787,1.3297872340425532,1.6702127659574468,2.74468085106383,1.5106382978723405,1.797872340425532,1.3829787234042554,94.25531914893617,100.0
2285.0,1442.7021276595744,2005.7553191489362,29.30851063829787,1.3297872340425532,1.6702127659574468,2.74468085106383,1.5106382978723405,1.797872340425532,1.3829787234042554,94.25531914893617,88.0
297.0,1442.7021276595744,2005.7553191489362,29.30851063829787,1.3297872340425532,1.6702127659574468,2.74468085106383,1.5106382978723405,1.797872340425532,1.3829787234042554,94.25531914893617,89.0
2992.0,1442.7021276595744,2005.7553191489362,29.30851063829787,1.3297872340425532,1.6702127659574468,2.74468085106383,1.5106382978723405,1.797872340425532,1.3829787234042554,94.25531914893617,119.0
1194.0,1442.7021276595744,2005.7553191489362,29.30851063829787,1.3297872340425532,1.6702127659574468,2.74468085106383,1.5106382978723405,1.797872340425532,1.3829787234042554,94.25531914893617,94.0
1867.0,1442.7021276595744,2005.7553191489362,29.30851063829787,1.3297872340425532,1.6702127659574468,2.74468085106383,1.5106382978723405,1.797872340425532,1.3829787234042554,94.25531914893617,76.0
819.0,1442.7021276595744,2005.7553191489362,29.30851063829787,1.3297872340425532,1.6702127659574468,2.74468085106383,1.5106382978723405,1.797872340425532,1.3829787234042554,94.25531914893617,103.0
593.0,1442.7021276595744,2005.7553191489362,29.30851063829787,1.3297872340425532,1.6702127659574468,2.74468085106383,1.5106382978723405,1.797872340425532,1.3829787234042554,94.25531914893617,109.0
1038.0,1442.7021276595744,2005.7553191489362,29.30851063829787,1.3297872340425532,1.6702127659574468,2.74468085106383,1.5106382978723405,1.797872340425532,1.3829787234042554,94.25531914893617,77.0
2518.0,1442.7021276595744,2005.7553191489362,29.30851063829787,1.3297872340425532,1.6702127659574468,2.74468085106383,1.5106382978723405,1.797872340425532,1.3829787234042554,94.25531914893617,83.0
1565.0,1442.7021276595744,2005.7553191489362,29.30851063829787,1.3297872340425532,1.6702127659574468,2.74468085106383,1.5106382978723405,1.797872340425532,1.3829787234042554,94.25531914893617,56.0
2898.0,1442.7021276595744,2005.7553191489362,29.30851063829787,1.3297872340425532,1.6702127659574468,2.74468085106383,1.5106382978723405,1.797872340425532,1.3829787234042554,94.25531914893617,77.0
695.0,1442.7021276595744,2005.7553191489362,29.30851063829787,1.3297872340425532,1.6702127659574468,2.74468085106383,1.5106382978723405,1.797872340425532,1.3829787234042554,94.25531914893617,64.0
1227.0,1442.7021276595744,2005.7553191489362,29.30851063829787,1.3297872340425532,1.6702127659574468,2.74468085106383,1.5106382978723405,1.797872340425532,1.3829787234042554,94.25531914893617,127.0
1705.0,1442.7021276595744,2005.7553191489362,29.30851063829787,1.3297872340425532,1.6702127659574468,2.74468085106383,1.5106382978723405,1.797872340425532,1.3829787234042554,94.25531914893617,149.0
1852.0,1442.7021276595744,2005.7553191489362,29.30851063829787,1.3297872340425532,1.6702127659574468,2.74468085106383,1.5106382978723405,1.797872340425532,1.3829787234042554,94.25531914893617,84.0
70.0,1442.7021276595744,2005.7553191489362,29.30851063829787,1.3297872340425532,1.6702127659574468,2.74468085106383,1.5106382978723405,1.797872340425532,1.3829787234042554,94.25531914893617,70.0
2466.0,1442.7021276595744,2005.7553191489362,29.30851063829787,1.3297872340425532,1.6702127659574468,2.74468085106383,1.5106382978723405,1.797872340425532,1.3829787234042554,94.25531914893617,116.0
937.0,1442.7021276595744,2005.7553191489362,29.30851063829787,1.3297872340425532,1.6702127659574468,2.74468085106383,1.5106382978723405,1.797872340425532,1.3829787234042554,94.25531914893617,64.0
1265.0,1442.7021276595744,2005.7553191489362,29.30851063829787,1.3297872340425532,1.6702127659574468,2.74468085106383,1.5106382978723405,1.797872340425532,1.3829787234042554,94.25531914893617,77.0
1502.0,1442.7021276595744,2005.7553191489362,29.30851063829787,1.3297872340425532,1.6702127659574468,2.74468085106383,1.5106382978723405,1.797872340425532,1.3829787234042554,94.25531914893617,94.0
1599.0,1442.7021276595744,2005.7553191489362,29.30851063829787,1.3297872340425532,1.6702127659574468,2.74468085106383,1.5106382978723405,1.797872340425532,1.3829787234042554,94.25531914893617,65.0
2842.0,1442.7021276595744,2005.7553191489362,29.30851063829787,1.3297872340425532,1.6702127659574468,2.74468085106383,1.5106382978723405,1.797872340425532,1.3829787234042554,94.25531914893617,137.0
1047.0,1442.7021276595744,2005.7553191489362,29.30851063829787,1.3297872340425532,1.6702127659574468,2.74468085106383,1.5106382978723405,1.797872340425532,1.3829787234042554,94.25531914893617,67.0
1147.0,1442.7021276595744,2005.7553191489362,29.30851063829787,1.3297872340425532,1.6702127659574468,2.74468085106383,1.5106382978723405,1.797872340425532,1.3829787234042554,94.25531914893617,110.0
614.0,1442.7021276595744,2005.7553191489362,29.30851063829787,1.3297872340425532,1.6702127659574468,2.74468085106383,1.5106382978723405,1.797872340425532,1.3829787234042554,94.25531914893617,103.0
1298.0,1442.7021276595744,2005.7553191489362,29.30851063829787,1.3297872340425532,1.6702127659574468,2.74468085106383,1.5106382978723405,1.797872340425532,1.3829787234042554,94.25531914893617,48.0
1467.0,1442.7021276595744,2005.7553191489362,29.30851063829787,1.3297872340425532,1.6702127659574468,2.74468085106383,1.5106382978723405,1.797872340425532,1.3829787234042554,94.25531914893617,74.0
75.0,1442.7021276595744,2005.7553191489362,29.30851063829787,1.3297872340425532,1.6702127659574468,2.74468085106383,1.5106382978723405,1.797872340425532,1.3829787234042554,94.25531914893617,94.0
2077.0,1442.7021276595744,2005.7553191489362,29.30851063829787,1.3297872340425532,1.6702127659574468,2.74468085106383,1.5106382978723405,1.797872340425532,1.3829787234042554,94.25531914893617,109.0
398.0,1442.7021276595744,2005.7553191489362,29.30851063829787,1.3297872340425532,1.6702127659574468,2.74468085106383,1.5106382978723405,1.797872340425532,1.3829787234042554,94.25531914893617,119.0
2636.0,1442.7021276595744,2005.7553191489362,29.30851063829787,1.3297872340425532,1.6702127659574468,2.74468085106383,1.5106382978723405,1.797872340425532,1.3829787234042554,94.25531914893617,74.0
1969.0,1442.7021276595744,2005.7553191489362,29.30851063829787,1.3297872340425532,1.6702127659574468,2.74468085106383,1.5106382978723405,1.797872340425532,1.3829787234042554,94.25531914893617,110.0
2995.0,1442.7021276595744,2005.7553191489362,29.30851063829787,1.3297872340425532,1.6702127659574468,2.74468085106383,1.5106382978723405,1.797872340425532,1.3829787234042554,94.25531914893617,133.0
1960.0,1442.7021276595744,2005.7553191489362,29.30851063829787,1.3297872340425532,1.6702127659574468,2.74468085106383,1.5106382978723405,1.797872340425532,1.3829787234042554,94.25531914893617,95.0
2627.0,1442.7021276595744,2005.7553191489362,29.30851063829787,1.3297872340425532,1.6702127659574468,2.74468085106383,1.5106382978723405,1.797872340425532,1.3829787234042554,94.25531914893617,75.0
1604.0,1442.7021276595744,2005.7553191489362,29.30851063829787,1.3297872340425532,1.6702127659574468,2.74468085106383,1.5106382978723405,1.797872340425532,1.3829787234042554,94.25531914893617,84.0
2181.0,1442.7021276595744,2005.7553191489362,29.30851063829787,1.3297872340425532,1.6702127659574468,2.74468085106383,1.5106382978723405,1.797872340425532,1.3829787234042554,94.25531914893617,88.0
30.0,1442.7021276595744,2005.7553191489362,29.30851063829787,1.3297872340425532,1.6702127659574468,2.74468085106383,1.5106382978723405,1.797872340425532,1.3829787234042554,94.25531914893617,70.0
1112.0,1442.7021276595744,2005.7553191489362,29.30851063829787,1.3297872340425532,1.6702127659574468,2.74468085106383,1.5106382978723405,1.797872340425532,1.3829787234042554,94.25531914893617,132.0
349.0,1442.7021276595744,2005.7553191489362,29.30851063829787,1.3297872340425532,1.6702127659574468,2.74468085106383,1.5106382978723405,1.797872340425532,1.3829787234042554,94.25531914893617,138.0
1325.0,1442.7021276595744,2005.7553191489362,29.30851063829787,1.3297872340425532,1.6702127659574468,2.74468085106383,1.5106382978723405,1.797872340425532,1.3829787234042554,94.25531914893617,66.0
1729.0,1442.7021276595744,2005.7553191489362,29.30851063829787,1.3297872340425532,1.6702127659574468,2.74468085106383,1.5106382978723405,1.797872340425532,1.3829787234042554,94.25531914893617,95.0
2791.0,1442.7021276595744,2005.7553191489362,29.30851063829787,1.3297872340425532,1.6702127659574468,2.74468085106383,1.5106382978723405,1.797872340425532,1.3829787234042554,94.25531914893617,75.0
985.0,1442.7021276595744,2005.7553191489362,29.30851063829787,1.3297872340425532,1.6702127659574468,2.74468085106383,1.5106382978723405,1.797872340425532,1.3829787234042554,94.25531914893617,102.0
1454.0,1442.7021276595744,2005.7553191489362,29.30851063829787,1.3297872340425532,1.6702127659574468,2.74468085106383,1.5106382978723405,1.797872340425532,1.3829787234042554,94.25531914893617,88.0
1768.0,1442.7021276595744,2005.7553191489362,29.30851063829787,1.3297872340425532,1.6702127659574468,2.74468085106383,1.5106382978723405,1.797872340425532,1.3829787234042554,94.25531914893617,46.0
2712.0,1442.7021276595744,2005.7553191489362,29.30851063829787,1.3297872340425532,1.6702127659574468,2.74468085106383,1.5106382978723405,1.797872340425532,1.3829787234042554,94.25531914893617,55.0
2994.0,1442.7021276595744,2005.7553191489362,29.30851063829787,1.3297872340425532,1.6702127659574468,2.74468085106383,1.5106382978723405,1.797872340425532,1.3829787234042554,94.25531914893617,103.0
596.0,1442.7021276595744,2005.7553191489362,29.30851063829787,1.3297872340425532,1.6702127659574468,2.74468085106383,1.5106382978723405,1.797872340425532,1.3829787234042554,94.25531914893617,77.0
56.0,1442.7021276595744,2005.7553191489362,29.30851063829787,1.3297872340425532,1.6702127659574468,2.74468085106383,1.5106382978723405,1.797872340425532,1.3829787234042554,94.25531914893617,81.0
365.0,1442.7021276595744,2005.7553191489362,29.30851063829787,1.3297872340425532,1.6702127659574468,2.74468085106383,1.5106382978723405,1.797872340425532,1.3829787234042554,94.25531914893617,59.0
2956.0,1442.7021276595744,2005.7553191489362,29.30851063829787,1.3297872340425532,1.6702127659574468,2.74468085106383,1.5106382978723405,1.797872340425532,1.3829787234042554,94.25531914893617,94.0
1726.0,1442.7021276595744,2005.7553191489362,29.30851063829787,1.3297872340425532,1.6702127659574468,2.74468085106383,1.5106382978723405,1.797872340425532,1.3829787234042554,94.25531914893617,74.0
141.0,1442.7021276595744,2005.7553191489362,29.30851063829787,1.3297872340425532,1.6702127659574468,2.74468085106383,1.5106382978723405,1.797872340425532,1.3829787234042554,94.25531914893617,81.0
278.0,1442.7021276595744,2005.7553191489362,29.30851063829787,1.3297872340425532,1.6702127659574468,2.74468085106383,1.5106382978723405,1.797872340425532,1.3829787234042554,94.25531914893617,119.0
1540.0,1442.7021276595744,2005.7553191489362,29.30851063829787,1.3297872340425532,1.6702127659574468,2.74468085106383,1.5106382978723405,1.797872340425532,1.3829787234042554,94.25531914893617,55.0
1778.0,1442.7021276595744,2005.7553191489362,29.30851063829787,1.3297872340425532,1.6702127659574468,2.74468085106383,1.5106382978723405,1.797872340425532,1.3829787234042554,94.25531914893617,125.0
2640.0,1442.7021276595744,2005.7553191489362,29.30851063829787,1.3297872340425532,1.6702127659574468,2.74468085106383,1.5106382978723405,1.797872340425532,1.3829787234042554,94.25531914893617,74.0
1214.0,1442.7021276595744,2005.7553191489362,29.30851063829787,1.3297872340425532,1.6702127659574468,2.74468085106383,1.5106382978723405,1.797872340425532,1.3829787234042554,94.25531914893617,92.0
1074.0,1442.7021276595744,2005.7553191489362,29.30851063829787,1.3297872340425532,1.6702127659574468,2.74468085106383,1.5106382978723405,1.797872340425532,1.3829787234042554,94.25531914893617,100.0
39.0,1442.7021276595744,2005.7553191489362,29.30851063829787,1.3297872340425532,1.6702127659574468,2.74468085106383,1.5106382978723405,1.797872340425532,1.3829787234042554,94.25531914893617,106.0
963.0,1442.7021276595744,2005.7553191489362,29.30851063829787,1.3297872340425532,1.6702127659574468,2.74468085106383,1.5106382978723405,1.797872340425532,1.3829787234042554,94.25531914893617,113.0
1552.0,1442.7021276595744,2005.7553191489362,29.30851063829787,1.3297872340425532,1.6702127659574468,2.74468085106383,1.5106382978723405,1.797872340425532,1.3829787234042554,94.25531914893617,106.0
1494.0,1442.7021276595744,2005.7553191489362,29.30851063829787,1.3297872340425532,1.6702127659574468,2.74468085106383,1.5106382978723405,1.797872340425532,1.3829787234042554,94.25531914893617,84.0
