883.0,1355.8428571428572,2005.7571428571428,29.15714285714286,1.3857142857142857,3.2285714285714286,3.3285714285714287,1.5,1.6857142857142857,1.457142857142857,101.95714285714286,69.0
1980.0,1355.8428571428572,2005.7571428571428,29.15714285714286,1.3857142857142857,3.2285714285714286,3.3285714285714287,1.5,1.6857142857142857,1.457142857142857,101.95714285714286,127.0
1975.0,1355.8428571428572,2005.7571428571428,29.15714285714286,1.3857142857142857,3.2285714285714286,3.3285714285714287,1.5,1.6857142857142857,1.457142857142857,101.95714285714286,110.0
144.0,1355.8428571428572,2005.7571428571428,29.15714285714286,1.3857142857142857,3.2285714285714286,3.3285714285714287,1.5,1.6857142857142857,1.457142857142857,101.95714285714286,59.0
314.0,1355.8428571428572,2005.7571428571428,29.15714285714286,1.3857142857142857,3.2285714285714286,3.3285714285714287,1.5,1.6857142857142857,1.457142857142857,101.95714285714286,87.0
1220.0,1355.8428571428572,2005.7571428571428,29.15714285714286,1.3857142857142857,3.2285714285714286,3.3285714285714287,1.5,1.6857142857142857,1.457142857142857,101.95714285714286,142.0
606.0,1355.8428571428572,2005.7571428571428,29.15714285714286,1.3857142857142857,3.2285714285714286,3.3285714285714287,1.5,1.6857142857142857,1.457142857142857,101.95714285714286,119.0
772.0,1355.8428571428572,2005.7571428571428,29.15714285714286,1.3857142857142857,3.2285714285714286,3.3285714285714287,1.5,1.6857142857142857,1.457142857142857,101.95714285714286,123.0
689.0,1355.8428571428572,2005.7571428571428,29.15714285714286,1.3857142857142857,3.2285714285714286,3.3285714285714287,1.5,1.6857142857142857,1.457142857142857,101.95714285714286,201.0
41.0,1355.8428571428572,2005.7571428571428,29.15714285714286,1.3857142857142857,3.2285714285714286,3.3285714285714287,1.5,1.6857142857142857,1.457142857142857,101.95714285714286,35.0
1252.0,1355.8428571428572,2005.7571428571428,29.15714285714286,1.3857142857142857,3.2285714285714286,3.3285714285714287,1.5,1.6857142857142857,1.457142857142857,101.95714285714286,154.0
787.0,1355.8428571428572,2005.7571428571428,29.15714285714286,1.3857142857142857,3.2285714285714286,3.3285714285714287,1.5,1.6857142857142857,1.457142857142857,101.95714285714286,94.0
657.0,1355.8428571428572,2005.7571428571428,29.15714285714286,1.3857142857142857,3.2285714285714286,3.3285714285714287,1.5,1.6857142857142857,1.457142857142857,101.95714285714286,100.0
1313.0,1355.8428571428572,2005.7571428571428,29.15714285714286,1.3857142857142857,3.2285714285714286,3.3285714285714287,1.5,1.6857142857142857,1.457142857142857,101.95714285714286,148.0
2485.0,1355.8428571428572,2005.7571428571428,29.15714285714286,1.3857142857142857,3.2285714285714286,3.3285714285714287,1.5,1.6857142857142857,1.457142857142857,101.95714285714286,77.0
1278.0,1355.8428571428572,2005.7571428571428,29.15714285714286,1.3857142857142857,3.2285714285714286,3.3285714285714287,1.5,1.6857142857142857,1.457142857142857,101.95714285714286,127.0
2433.0,1355.8428571428572,2005.7571428571428,29.15714285714286,1.3857142857142857,3.2285714285714286,3.3285714285714287,1.5,1.6857142857142857,1.457142857142857,101.95714285714286,110.0
1098.0,1355.8428571428572,2005.7571428571428,29.15714285714286,1.3857142857142857,3.2285714285714286,3.3285714285714287,1.5,1.6857142857142857,1.457142857142857,101.95714285714286,55.0
1518.0,1355.8428571428572,2005.7571428571428,29.15714285714286,1.3857142857142857,3.2285714285714286,3.3285714285714287,1.5,1.6857142857142857,1.457142857142857,101.95714285714286,67.0
2179.0,1355.8428571428572,2005.7571428571428,29.15714285714286,1.3857142857142857,3.2285714285714286,3.3285714285714287,1.5,1.6857142857142857,1.457142857142857,101.95714285714286,62.0
2259.0,1355.8428571428572,2005.7571428571428,29.15714285714286,1.3857142857142857,3.2285714285714286,3.3285714285714287,1.5,1.6857142857142857,1.457142857142857,101.95714285714286,81.0
2345.0,1355.8428571428572,2005.7571428571428,29.15714285714286,1.3857142857142857,3.2285714285714286,3.3285714285714287,1.5,1.6857142857142857,1.457142857142857,101.95714285714286,74.0
2519.0,1355.8428571428572,2005.7571428571428,29.15714285714286,1.3857142857142857,3.2285714285714286,3.3285714285714287,1.5,1.6857142857142857,1.457142857142857,101.95714285714286,131.0
2463.0,1355.8428571428572,2005.7571428571428,29.15714285714286,1.3857142857142857,3.2285714285714286,3.3285714285714287,1.5,1.6857142857142857,1.457142857142857,101.95714285714286,114.0
225.0,1355.8428571428572,2005.7571428571428,29.15714285714286,1.3857142857142857,3.2285714285714286,3.3285714285714287,1.5,1.6857142857142857,1.457142857142857,101.95714285714286,74.0
58.0,1355.8428571428572,2005.7571428571428,29.15714285714286,1.3857142857142857,3.2285714285714286,3.3285714285714287,1.5,1.6857142857142857,1.457142857142857,101.95714285714286,148.0
1093.0,1355.8428571428572,2005.7571428571428,29.15714285714286,1.3857142857142857,3.2285714285714286,3.3285714285714287,1.5,1.6857142857142857,1.457142857142857,101.95714285714286,61.0
2738.0,1355.8428571428572,2005.7571428571428,29.15714285714286,1.3857142857142857,3.2285714285714286,3.3285714285714287,1.5,1.6857142857142857,1.457142857142857,101.95714285714286,69.0
210.0,1355.8428571428572,2005.7571428571428,29.15714285714286,1.3857142857142857,3.2285714285714286,3.3285714285714287,1.5,1.6857142857142857,1.457142857142857,101.95714285714286,74.0
556.0,1355.8428571428572,2005.7571428571428,29.15714285714286,1.3857142857142857,3.2285714285714286,3.3285714285714287,1.5,1.6857142857142857,1.457142857142857,101.95714285714286,81.0
1406.0,1355.8428571428572,2005.7571428571428,29.15714285714286,1.3857142857142857,3.2285714285714286,3.3285714285714287,1.5,1.6857142857142857,1.457142857142857,101.95714285714286,74.0
1162.0,1355.8428571428572,2005.7571428571428,29.15714285714286,1.3857142857142857,3.2285714285714286,3.3285714285714287,1.5,1.6857142857142857,1.457142857142857,101.95714285714286,144.0
2972.0,1355.8428571428572,2005.7571428571428,29.15714285714286,1.3857142857142857,3.2285714285714286,3.3285714285714287,1.5,1.6857142857142857,1.457142857142857,101.95714285714286,133.0
1796.0,1355.8428571428572,2005.7571428571428,29.15714285714286,1.3857142857142857,3.2285714285714286,3.3285714285714287,1.5,1.6857142857142857,1.457142857142857,101.95714285714286,138.0
2330.0,1355.8428571428572,2005.7571428571428,29.15714285714286,1.3857142857142857,3.2285714285714286,3.3285714285714287,1.5,1.6857142857142857,1.457142857142857,101.95714285714286,72.0
198.0,1355.8428571428572,2005.7571428571428,29.15714285714286,1.3857142857142857,3.2285714285714286,3.3285714285714287,1.5,1.6857142857142857,1.457142857142857,101.95714285714286,161.0
940.0,1355.8428571428572,2005.7571428571428,29.15714285714286,1.3857142857142857,3.2285714285714286,3.3285714285714287,1.5,1.6857142857142857,1.457142857142857,101.95714285714286,83.0
936.0,1355.8428571428572,2005.7571428571428,29.15714285714286,1.3857142857142857,3.2285714285714286,3.3285714285714287,1.5,1.6857142857142857,1.457142857142857,101.95714285714286,59.0
791.0,1355.8428571428572,2005.7571428571428,29.15714285714286,1.3857142857142857,3.2285714285714286,3.3285714285714287,1.5,1.6857142857142857,1.457142857142857,101.95714285714286,119.0
1154.0,1355.8428571428572,2005.7571428571428,29.15714285714286,1.3857142857142857,3.2285714285714286,3.3285714285714287,1.5,1.6857142857142857,1.457142857142857,101.95714285714286,100.0
2924.0,1355.8428571428572,2005.7571428571428,29.15714285714286,1.3857142857142857,3.2285714285714286,3.3285714285714287,1.5,1.6857142857142857,1.457142857142857,101.95714285714286,63.0
1700.0,1355.8428571428572,2005.7571428571428,29.15714285714286,1.3857142857142857,3.2285714285714286,3.3285714285714287,1.5,1.6857142857142857,1.457142857142857,101.95714285714286,88.0
2388.0,1355.8428571428572,2005.7571428571428,29.15714285714286,1.3857142857142857,3.2285714285714286,3.3285714285714287,1.5,1.6857142857142857,1.457142857142857,101.95714285714286,100.0
2241.0,1355.8428571428572,2005.7571428571428,29.15714285714286,1.3857142857142857,3.2285714285714286,3.3285714285714287,1.5,1.6857142857142857,1.457142857142857,101.95714285714286,72.0
317.0,1355.8428571428572,2005.7571428571428,29.15714285714286,1.3857142857142857,3.2285714285714286,3.3285714285714287,1.5,1.6857142857142857,1.457142857142857,101.95714285714286,93.0
798.0,1355.8428571428572,2005.7571428571428,29.15714285714286,1.3857142857142857,3.2285714285714286,3.3285714285714287,1.5,1.6857142857142857,1.457142857142857,101.95714285714286,166.0
2334.0,1355.8428571428572,2005.7571428571428,29.15714285714286,1.3857142857142857,3.2285714285714286,3.3285714285714287,1.5,1.6857142857142857,1.457142857142857,101.95714285714286,95.0
2149.0,1355.8428571428572,2005.7571428571428,29.15714285714286,1.3857142857142857,3.2285714285714286,3.3285714285714287,1.5,1.6857142857142857,1.457142857142857,101.95714285714286,268.0
585.0,1355.8428571428572,2005.7571428571428,29.15714285714286,1.3857142857142857,3.2285714285714286,3.3285714285714287,1.5,1.6857142857142857,1.457142857142857,101.95714285714286,110.0
2460.0,1355.8428571428572,2005.7571428571428,29.15714285714286,1.3857142857142857,3.2285714285714286,3.3285714285714287,1.5,1.6857142857142857,1.457142857142857,101.95714285714286,70.0
905.0,1355.8428571428572,2005.7571428571428,29.15714285714286,1.3857142857142857,3.2285714285714286,3.3285714285714287,1.5,1.6857142857142857,1.457142857142857,101.95714285714286,88.0
1064.0,1355.8428571428572,2005.7571428571428,29.15714285714286,1.3857142857142857,3.2285714285714286,3.3285714285714287,1.5,1.6857142857142857,1.457142857142857,101.95714285714286,76.0
1642.0,1355.8428571428572,2005.7571428571428,29.15714285714286,1.3857142857142857,3.2285714285714286,3.3285714285714287,1.5,1.6857142857142857,1.457142857142857,101.95714285714286,110.0
2170.0,1355.8428571428572,2005.7571428571428,29.15714285714286,1.3857142857142857,3.2285714285714286,3.3285714285714287,1.5,1.6857142857142857,1.457142857142857,101.95714285714286,81.0
2568.0,1355.8428571428572,2005.7571428571428,29.15714285714286,1.3857142857142857,3.2285714285714286,3.3285714285714287,1.5,1.6857142857142857,1.457142857142857,101.95714285714286,97.0
1121.0,1355.8428571428572,2005.7571428571428,29.15714285714286,1.3857142857142857,3.2285714285714286,3.3285714285714287,1.5,1.6857142857142857,1.457142857142857,101.95714285714286,99.0
561.0,1355.8428571428572,2005.7571428571428,29.15714285714286,1.3857142857142857,3.2285714285714286,3.3285714285714287,1.5,1.6857142857142857,1.457142857142857,101.95714285714286,88.0
187.0,1355.8428571428572,2005.7571428571428,29.15714285714286,1.3857142857142857,3.2285714285714286,3.3285714285714287,1.5,1.6857142857142857,1.457142857142857,101.95714285714286,100.0
1876.0,1355.8428571428572,2005.7571428571428,29.15714285714286,1.3857142857142857,3.2285714285714286,3.3285714285714287,1.5,1.6857142857142857,1.457142857142857,101.95714285714286,45.0
980.0,1355.8428571428572,2005.7571428571428,29.15714285714286,1.3857142857142857,3.2285714285714286,3.3285714285714287,1.5,1.6857142857142857,1.457142857142857,101.95714285714286,55.0
17.0,1355.8428571428572,2005.7571428571428,29.15714285714286,1.3857142857142857,3.2285714285714286,3.3285714285714287,1.5,1.6857142857142857,1.457142857142857,101.95714285714286,83.0
1302.0,1355.8428571428572,2005.7571428571428,29.15714285714286,1.3857142857142857,3.2285714285714286,3.3285714285714287,1.5,1.6857142857142857,1.457142857142857,101.95714285714286,115.0
2851.0,1355.8428571428572,2005.7571428571428,29.15714285714286,1.3857142857142857,3.2285714285714286,3.3285714285714287,1.5,1.6857142857142857,1.457142857142857,101.95714285714286,97.0
706.0,1355.8428571428572,2005.7571428571428,29.15714285714286,1.3857142857142857,3.2285714285714286,3.3285714285714287,1.5,1.6857142857142857,1.457142857142857,101.95714285714286,180.0
8.0,1355.8428571428572,2005.7571428571428,29.15714285714286,1.3857142857142857,3.2285714285714286,3.3285714285714287,1.5,1.6857142857142857,1.457142857142857,101.95714285714286,112.0
1462.0,1355.8428571428572,2005.7571428571428,29.15714285714286,1.3857142857142857,3.2285714285714286,3.3285714285714287,1.5,1.6857142857142857,1.457142857142857,101.95714285714286,38.0
1275.0,1355.8428571428572,2005.7571428571428,29.15714285714286,1.3857142857142857,3.2285714285714286,3.3285714285714287,1.5,1.6857142857142857,1.457142857142857,101.95714285714286,119.0
1613.0,1355.8428571428572,2005.7571428571428,29.15714285714286,1.3857142857142857,3.2285714285714286,3.3285714285714287,1.5,1.6857142857142857,1.457142857142857,101.95714285714286,66.0
448.0,1355.8428571428572,2005.7571428571428,29.15714285714286,1.3857142857142857,3.2285714285714286,3.3285714285714287,1.5,1.6857142857142857,1.457142857142857,101.95714285714286,172.0
2482.0,1355.8428571428572,2005.7571428571428,29.15714285714286,1.3857142857142857,3.2285714285714286,3.3285714285714287,1.5,1.6857142857142857,1.457142857142857,101.95714285714286,135.0
2097.0,1609.5454545454545,2006.0,36.22727272727273,2.0,1.0,4.454545454545454,1.5909090909090908,1.9090909090909092,1.1818181818181819,160.63636363636363,110.0
2681.0,1609.5454545454545,2006.0,36.22727272727273,2.0,1.0,4.454545454545454,1.5909090909090908,1.9090909090909092,1.1818181818181819,160.63636363636363,278.0
630.0,1609.5454545454545,2006.0,36.22727272727273,2.0,1.0,4.454545454545454,1.5909090909090908,1.9090909090909092,1.1818181818181819,160.63636363636363,135.0
2086.0,1609.5454545454545,2006.0,36.22727272727273,2.0,1.0,4.454545454545454,1.5909090909090908,1.9090909090909092,1.1818181818181819,160.63636363636363,140.0
1007.0,1609.5454545454545,2006.0,36.22727272727273,2.0,1.0,4.454545454545454,1.5909090909090908,1.9090909090909092,1.1818181818181819,160.63636363636363,114.0
820.0,1609.5454545454545,2006.0,36.22727272727273,2.0,1.0,4.454545454545454,1.5909090909090908,1.9090909090909092,1.1818181818181819,160.63636363636363,165.0
1188.0,1609.5454545454545,2006.0,36.22727272727273,2.0,1.0,4.454545454545454,1.5909090909090908,1.9090909090909092,1.1818181818181819,160.63636363636363,135.0
833.0,1609.5454545454545,2006.0,36.22727272727273,2.0,1.0,4.454545454545454,1.5909090909090908,1.9090909090909092,1.1818181818181819,160.63636363636363,179.0
2397.0,1609.5454545454545,2006.0,36.22727272727273,2.0,1.0,4.454545454545454,1.5909090909090908,1.9090909090909092,1.1818181818181819,160.63636363636363,278.0
2777.0,1609.5454545454545,2006.0,36.22727272727273,2.0,1.0,4.454545454545454,1.5909090909090908,1.9090909090909092,1.1818181818181819,160.63636363636363,201.0
1193.0,1609.5454545454545,2006.0,36.22727272727273,2.0,1.0,4.454545454545454,1.5909090909090908,1.9090909090909092,1.1818181818181819,160.63636363636363,181.0
2107.0,1609.5454545454545,2006.0,36.22727272727273,2.0,1.0,4.454545454545454,1.5909090909090908,1.9090909090909092,1.1818181818181819,160.63636363636363,81.0
1215.0,1609.5454545454545,2006.0,36.22727272727273,2.0,1.0,4.454545454545454,1.5909090909090908,1.9090909090909092,1.1818181818181819,160.63636363636363,155.0
1822.0,1609.5454545454545,2006.0,36.22727272727273,2.0,1.0,4.454545454545454,1.5909090909090908,1.9090909090909092,1.1818181818181819,160.63636363636363,119.0
123.0,1609.5454545454545,2006.0,36.22727272727273,2.0,1.0,4.454545454545454,1.5909090909090908,1.9090909090909092,1.1818181818181819,160.63636363636363,163.0
2087.0,1609.5454545454545,2006.0,36.22727272727273,2.0,1.0,4.454545454545454,1.5909090909090908,1.9090909090909092,1.1818181818181819,160.63636363636363,148.0
536.0,1609.5454545454545,2006.0,36.22727272727273,2.0,1.0,4.454545454545454,1.5909090909090908,1.9090909090909092,1.1818181818181819,160.63636363636363,278.0
2260.0,1609.5454545454545,2006.0,36.22727272727273,2.0,1.0,4.454545454545454,1.5909090909090908,1.9090909090909092,1.1818181818181819,160.63636363636363,91.0
2038.0,1609.5454545454545,2006.0,36.22727272727273,2.0,1.0,4.454545454545454,1.5909090909090908,1.9090909090909092,1.1818181818181819,160.63636363636363,140.0
35.0,1609.5454545454545,2006.0,36.22727272727273,2.0,1.0,4.454545454545454,1.5909090909090908,1.9090909090909092,1.1818181818181819,160.63636363636363,90.0
2703.0,1609.5454545454545,2006.0,36.22727272727273,2.0,1.0,4.454545454545454,1.5909090909090908,1.9090909090909092,1.1818181818181819,160.63636363636363,201.0
2775.0,1609.5454545454545,2006.0,36.22727272727273,2.0,1.0,4.454545454545454,1.5909090909090908,1.9090909090909092,1.1818181818181819,160.63636363636363,152.0
2662.0,1515.1739130434783,2006.0,56.69565217391305,2.0,1.0,4.434782608695652,1.826086956521739,1.7391304347826086,1.173913043478261,139.52173913043478,74.0
634.0,1515.1739130434783,2006.0,56.69565217391305,2.0,1.0,4.434782608695652,1.826086956521739,1.7391304347826086,1.173913043478261,139.52173913043478,96.0
2379.0,1515.1739130434783,2006.0,56.69565217391305,2.0,1.0,4.434782608695652,1.826086956521739,1.7391304347826086,1.173913043478261,139.52173913043478,125.0
1698.0,1515.1739130434783,2006.0,56.69565217391305,2.0,1.0,4.434782608695652,1.826086956521739,1.7391304347826086,1.173913043478261,139.52173913043478,148.0
1981.0,1515.1739130434783,2006.0,56.69565217391305,2.0,1.0,4.434782608695652,1.826086956521739,1.7391304347826086,1.173913043478261,139.52173913043478,135.0
2471.0,1515.1739130434783,2006.0,56.69565217391305,2.0,1.0,4.434782608695652,1.826086956521739,1.7391304347826086,1.173913043478261,139.52173913043478,118.0
1808.0,1515.1739130434783,2006.0,56.69565217391305,2.0,1.0,4.434782608695652,1.826086956521739,1.7391304347826086,1.173913043478261,139.52173913043478,129.0
514.0,1515.1739130434783,2006.0,56.69565217391305,2.0,1.0,4.434782608695652,1.826086956521739,1.7391304347826086,1.173913043478261,139.52173913043478,110.0
1618.0,1515.1739130434783,2006.0,56.69565217391305,2.0,1.0,4.434782608695652,1.826086956521739,1.7391304347826086,1.173913043478261,139.52173913043478,127.0
2364.0,1515.1739130434783,2006.0,56.69565217391305,2.0,1.0,4.434782608695652,1.826086956521739,1.7391304347826086,1.173913043478261,139.52173913043478,119.0
609.0,1515.1739130434783,2006.0,56.69565217391305,2.0,1.0,4.434782608695652,1.826086956521739,1.7391304347826086,1.173913043478261,139.52173913043478,131.0
564.0,1515.1739130434783,2006.0,56.69565217391305,2.0,1.0,4.434782608695652,1.826086956521739,1.7391304347826086,1.173913043478261,139.52173913043478,272.0
57.0,1515.1739130434783,2006.0,56.69565217391305,2.0,1.0,4.434782608695652,1.826086956521739,1.7391304347826086,1.173913043478261,139.52173913043478,201.0
2843.0,1515.1739130434783,2006.0,56.69565217391305,2.0,1.0,4.434782608695652,1.826086956521739,1.7391304347826086,1.173913043478261,139.52173913043478,153.0
2668.0,1515.1739130434783,2006.0,56.69565217391305,2.0,1.0,4.434782608695652,1.826086956521739,1.7391304347826086,1.173913043478261,139.52173913043478,127.0
951.0,1515.1739130434783,2006.0,56.69565217391305,2.0,1.0,4.434782608695652,1.826086956521739,1.7391304347826086,1.173913043478261,139.52173913043478,132.0
2402.0,1515.1739130434783,2006.0,56.69565217391305,2.0,1.0,4.434782608695652,1.826086956521739,1.7391304347826086,1.173913043478261,139.52173913043478,117.0
425.0,1515.1739130434783,2006.0,56.69565217391305,2.0,1.0,4.434782608695652,1.826086956521739,1.7391304347826086,1.173913043478261,139.52173913043478,131.0
2142.0,1515.1739130434783,2006.0,56.69565217391305,2.0,1.0,4.434782608695652,1.826086956521739,1.7391304347826086,1.173913043478261,139.52173913043478,123.0
1577.0,1515.1739130434783,2006.0,56.69565217391305,2.0,1.0,4.434782608695652,1.826086956521739,1.7391304347826086,1.173913043478261,139.52173913043478,110.0
543.0,1515.1739130434783,2006.0,56.69565217391305,2.0,1.0,4.434782608695652,1.826086956521739,1.7391304347826086,1.173913043478261,139.52173913043478,196.0
195.0,1515.1739130434783,2006.0,56.69565217391305,2.0,1.0,4.434782608695652,1.826086956521739,1.7391304347826086,1.173913043478261,139.52173913043478,174.0
1744.0,1515.1739130434783,2006.0,56.69565217391305,2.0,1.0,4.434782608695652,1.826086956521739,1.7391304347826086,1.173913043478261,139.52173913043478,161.0
490.0,1612.5,2005.409090909091,41.04545454545455,2.0,1.0,4.409090909090909,1.7424242424242424,1.9090909090909092,1.2272727272727273,146.4848484848485,285.0
2938.0,1612.5,2005.409090909091,41.04545454545455,2.0,1.0,4.409090909090909,1.7424242424242424,1.9090909090909092,1.2272727272727273,146.4848484848485,145.0
1266.0,1612.5,2005.409090909091,41.04545454545455,2.0,1.0,4.409090909090909,1.7424242424242424,1.9090909090909092,1.2272727272727273,146.4848484848485,140.0
2353.0,1612.5,2005.409090909091,41.04545454545455,2.0,1.0,4.409090909090909,1.7424242424242424,1.9090909090909092,1.2272727272727273,146.4848484848485,161.0
2158.0,1612.5,2005.409090909091,41.04545454545455,2.0,1.0,4.409090909090909,1.7424242424242424,1.9090909090909092,1.2272727272727273,146.4848484848485,161.0
768.0,1612.5,2005.409090909091,41.04545454545455,2.0,1.0,4.409090909090909,1.7424242424242424,1.9090909090909092,1.2272727272727273,146.4848484848485,171.0
651.0,1612.5,2005.409090909091,41.04545454545455,2.0,1.0,4.409090909090909,1.7424242424242424,1.9090909090909092,1.2272727272727273,146.4848484848485,182.0
352.0,1612.5,2005.409090909091,41.04545454545455,2.0,1.0,4.409090909090909,1.7424242424242424,1.9090909090909092,1.2272727272727273,146.4848484848485,187.0
1748.0,1612.5,2005.409090909091,41.04545454545455,2.0,1.0,4.409090909090909,1.7424242424242424,1.9090909090909092,1.2272727272727273,146.4848484848485,155.0
1343.0,1612.5,2005.409090909091,41.04545454545455,2.0,1.0,4.409090909090909,1.7424242424242424,1.9090909090909092,1.2272727272727273,146.4848484848485,142.0
1794.0,1612.5,2005.409090909091,41.04545454545455,2.0,1.0,4.409090909090909,1.7424242424242424,1.9090909090909092,1.2272727272727273,146.4848484848485,74.0
270.0,1612.5,2005.409090909091,41.04545454545455,2.0,1.0,4.409090909090909,1.7424242424242424,1.9090909090909092,1.2272727272727273,146.4848484848485,32.0
316.0,1612.5,2005.409090909091,41.04545454545455,2.0,1.0,4.409090909090909,1.7424242424242424,1.9090909090909092,1.2272727272727273,146.4848484848485,126.0
1553.0,1612.5,2005.409090909091,41.04545454545455,2.0,1.0,4.409090909090909,1.7424242424242424,1.9090909090909092,1.2272727272727273,146.4848484848485,135.0
512.0,1612.5,2005.409090909091,41.04545454545455,2.0,1.0,4.409090909090909,1.7424242424242424,1.9090909090909092,1.2272727272727273,146.4848484848485,127.0
1668.0,1612.5,2005.409090909091,41.04545454545455,2.0,1.0,4.409090909090909,1.7424242424242424,1.9090909090909092,1.2272727272727273,146.4848484848485,146.0
2245.0,1612.5,2005.409090909091,41.04545454545455,2.0,1.0,4.409090909090909,1.7424242424242424,1.9090909090909092,1.2272727272727273,146.4848484848485,112.0
1493.0,1612.5,2005.409090909091,41.04545454545455,2.0,1.0,4.409090909090909,1.7424242424242424,1.9090909090909092,1.2272727272727273,146.4848484848485,114.0
1260.0,1612.5,2005.409090909091,41.04545454545455,2.0,1.0,4.409090909090909,1.7424242424242424,1.9090909090909092,1.2272727272727273,146.4848484848485,198.0
929.0,1612.5,2005.409090909091,41.04545454545455,2.0,1.0,4.409090909090909,1.7424242424242424,1.9090909090909092,1.2272727272727273,146.4848484848485,126.0
982.0,1612.5,2005.409090909091,41.04545454545455,2.0,1.0,4.409090909090909,1.7424242424242424,1.9090909090909092,1.2272727272727273,146.4848484848485,161.0
2252.0,1612.5,2005.409090909091,41.04545454545455,2.0,1.0,4.409090909090909,1.7424242424242424,1.9090909090909092,1.2272727272727273,146.4848484848485,119.0
1425.0,1612.5,2005.409090909091,41.04545454545455,2.0,1.0,4.409090909090909,1.7424242424242424,1.9090909090909092,1.2272727272727273,146.4848484848485,123.0
1756.0,1612.5,2005.409090909091,41.04545454545455,2.0,1.0,4.409090909090909,1.7424242424242424,1.9090909090909092,1.2272727272727273,146.4848484848485,187.0
1283.0,1612.5,2005.409090909091,41.04545454545455,2.0,1.0,4.409090909090909,1.7424242424242424,1.9090909090909092,1.2272727272727273,146.4848484848485,268.0
2214.0,1612.5,2005.409090909091,41.04545454545455,2.0,1.0,4.409090909090909,1.7424242424242424,1.9090909090909092,1.2272727272727273,146.4848484848485,128.0
1436.0,1612.5,2005.409090909091,41.04545454545455,2.0,1.0,4.409090909090909,1.7424242424242424,1.9090909090909092,1.2272727272727273,146.4848484848485,177.0
867.0,1612.5,2005.409090909091,41.04545454545455,2.0,1.0,4.409090909090909,1.7424242424242424,1.9090909090909092,1.2272727272727273,146.4848484848485,136.0
2457.0,1612.5,2005.409090909091,41.04545454545455,2.0,1.0,4.409090909090909,1.7424242424242424,1.9090909090909092,1.2272727272727273,146.4848484848485,83.0
2229.0,1612.5,2005.409090909091,41.04545454545455,2.0,1.0,4.409090909090909,1.7424242424242424,1.9090909090909092,1.2272727272727273,146.4848484848485,198.0
1781.0,1612.5,2005.409090909091,41.04545454545455,2.0,1.0,4.409090909090909,1.7424242424242424,1.9090909090909092,1.2272727272727273,146.4848484848485,177.0
24.0,1612.5,2005.409090909091,41.04545454545455,2.0,1.0,4.409090909090909,1.7424242424242424,1.9090909090909092,1.2272727272727273,146.4848484848485,161.0
949.0,1612.5,2005.409090909091,41.04545454545455,2.0,1.0,4.409090909090909,1.7424242424242424,1.9090909090909092,1.2272727272727273,146.4848484848485,110.0
2144.0,1612.5,2005.409090909091,41.04545454545455,2.0,1.0,4.409090909090909,1.7424242424242424,1.9090909090909092,1.2272727272727273,146.4848484848485,83.0
217.0,1612.5,2005.409090909091,41.04545454545455,2.0,1.0,4.409090909090909,1.7424242424242424,1.9090909090909092,1.2272727272727273,146.4848484848485,158.0
2054.0,1612.5,2005.409090909091,41.04545454545455,2.0,1.0,4.409090909090909,1.7424242424242424,1.9090909090909092,1.2272727272727273,146.4848484848485,148.0
149.0,1612.5,2005.409090909091,41.04545454545455,2.0,1.0,4.409090909090909,1.7424242424242424,1.9090909090909092,1.2272727272727273,146.4848484848485,177.0
2922.0,1612.5,2005.409090909091,41.04545454545455,2.0,1.0,4.409090909090909,1.7424242424242424,1.9090909090909092,1.2272727272727273,146.4848484848485,119.0
1297.0,1612.5,2005.409090909091,41.04545454545455,2.0,1.0,4.409090909090909,1.7424242424242424,1.9090909090909092,1.2272727272727273,146.4848484848485,138.0
2983.0,1612.5,2005.409090909091,41.04545454545455,2.0,1.0,4.409090909090909,1.7424242424242424,1.9090909090909092,1.2272727272727273,146.4848484848485,131.0
315.0,1612.5,2005.409090909091,41.04545454545455,2.0,1.0,4.409090909090909,1.7424242424242424,1.9090909090909092,1.2272727272727273,146.4848484848485,134.0
2641.0,1612.5,2005.409090909091,41.04545454545455,2.0,1.0,4.409090909090909,1.7424242424242424,1.9090909090909092,1.2272727272727273,146.4848484848485,177.0
2857.0,1612.5,2005.409090909091,41.04545454545455,2.0,1.0,4.409090909090909,1.7424242424242424,1.9090909090909092,1.2272727272727273,146.4848484848485,161.0
1846.0,1612.5,2005.409090909091,41.04545454545455,2.0,1.0,4.409090909090909,1.7424242424242424,1.9090909090909092,1.2272727272727273,146.4848484848485,81.0
2273.0,1612.5,2005.409090909091,41.04545454545455,2.0,1.0,4.409090909090909,1.7424242424242424,1.9090909090909092,1.2272727272727273,146.4848484848485,278.0
2189.0,1612.5,2005.409090909091,41.04545454545455,2.0,1.0,4.409090909090909,1.7424242424242424,1.9090909090909092,1.2272727272727273,146.4848484848485,116.0
1883.0,1612.5,2005.409090909091,41.04545454545455,2.0,1.0,4.409090909090909,1.7424242424242424,1.9090909090909092,1.2272727272727273,146.4848484848485,278.0
1891.0,1612.5,2005.409090909091,41.04545454545455,2.0,1.0,4.409090909090909,1.7424242424242424,1.9090909090909092,1.2272727272727273,146.4848484848485,124.0
2573.0,1612.5,2005.409090909091,41.04545454545455,2.0,1.0,4.409090909090909,1.7424242424242424,1.9090909090909092,1.2272727272727273,146.4848484848485,149.0
1226.0,1612.5,2005.409090909091,41.04545454545455,2.0,1.0,4.409090909090909,1.7424242424242424,1.9090909090909092,1.2272727272727273,146.4848484848485,135.0
1040.0,1612.5,2005.409090909091,41.04545454545455,2.0,1.0,4.409090909090909,1.7424242424242424,1.9090909090909092,1.2272727272727273,146.4848484848485,127.0
2059.0,1612.5,2005.409090909091,41.04545454545455,2.0,1.0,4.409090909090909,1.7424242424242424,1.9090909090909092,1.2272727272727273,146.4848484848485,158.0
2102.0,1612.5,2005.409090909091,41.04545454545455,2.0,1.0,4.409090909090909,1.7424242424242424,1.9090909090909092,1.2272727272727273,146.4848484848485,177.0
1885.0,1612.5,2005.409090909091,41.04545454545455,2.0,1.0,4.409090909090909,1.7424242424242424,1.9090909090909092,1.2272727272727273,146.4848484848485,166.0
707.0,1612.5,2005.409090909091,41.04545454545455,2.0,1.0,4.409090909090909,1.7424242424242424,1.9090909090909092,1.2272727272727273,146.4848484848485,119.0
2445.0,1612.5,2005.409090909091,41.04545454545455,2.0,1.0,4.409090909090909,1.7424242424242424,1.9090909090909092,1.2272727272727273,146.4848484848485,166.0
2366.0,1612.5,2005.409090909091,41.04545454545455,2.0,1.0,4.409090909090909,1.7424242424242424,1.9090909090909092,1.2272727272727273,146.4848484848485,129.0
827.0,1612.5,2005.409090909091,41.04545454545455,2.0,1.0,4.409090909090909,1.7424242424242424,1.9090909090909092,1.2272727272727273,146.4848484848485,117.0
1317.0,1612.5,2005.409090909091,41.04545454545455,2.0,1.0,4.409090909090909,1.7424242424242424,1.9090909090909092,1.2272727272727273,146.4848484848485,70.0
2800.0,1612.5,2005.409090909091,41.04545454545455,2.0,1.0,4.409090909090909,1.7424242424242424,1.9090909090909092,1.2272727272727273,146.4848484848485,127.0
875.0,1612.5,2005.409090909091,41.04545454545455,2.0,1.0,4.409090909090909,1.7424242424242424,1.9090909090909092,1.2272727272727273,146.4848484848485,124.0
2337.0,1612.5,2005.409090909091,41.04545454545455,2.0,1.0,4.409090909090909,1.7424242424242424,1.9090909090909092,1.2272727272727273,146.4848484848485,132.0
2912.0,1612.5,2005.409090909091,41.04545454545455,2.0,1.0,4.409090909090909,1.7424242424242424,1.9090909090909092,1.2272727272727273,146.4848484848485,133.0
1717.0,1612.5,2005.409090909091,41.04545454545455,2.0,1.0,4.409090909090909,1.7424242424242424,1.9090909090909092,1.2272727272727273,146.4848484848485,131.0
2079.0,1612.5,2005.409090909091,41.04545454545455,2.0,1.0,4.409090909090909,1.7424242424242424,1.9090909090909092,1.2272727272727273,146.4848484848485,110.0
1735.0,1612.5,2005.409090909091,41.04545454545455,2.0,1.0,4.409090909090909,1.7424242424242424,1.9090909090909092,1.2272727272727273,146.4848484848485,148.0
2197.0,1631.3191489361702,2005.6382978723404,60.4468085106383,3.2127659574468086,2.0,2.574468085106383,1.7872340425531914,1.5957446808510638,1.2765957446808511,99.97872340425532,93.0
2129.0,1631.3191489361702,2005.6382978723404,60.4468085106383,3.2127659574468086,2.0,2.574468085106383,1.7872340425531914,1.5957446808510638,1.2765957446808511,99.97872340425532,85.0
1132.0,1631.3191489361702,2005.6382978723404,60.4468085106383,3.2127659574468086,2.0,2.574468085106383,1.7872340425531914,1.5957446808510638,1.2765957446808511,99.97872340425532,88.0
1770.0,1631.3191489361702,2005.6382978723404,60.4468085106383,3.2127659574468086,2.0,2.574468085106383,1.7872340425531914,1.5957446808510638,1.2765957446808511,99.97872340425532,62.0
1560.0,1631.3191489361702,2005.6382978723404,60.4468085106383,3.2127659574468086,2.0,2.574468085106383,1.7872340425531914,1.5957446808510638,1.2765957446808511,99.97872340425532,74.0
2823.0,1631.3191489361702,2005.6382978723404,60.4468085106383,3.2127659574468086,2.0,2.574468085106383,1.7872340425531914,1.5957446808510638,1.2765957446808511,99.97872340425532,70.0
970.0,1631.3191489361702,2005.6382978723404,60.4468085106383,3.2127659574468086,2.0,2.574468085106383,1.7872340425531914,1.5957446808510638,1.2765957446808511,99.97872340425532,88.0
974.0,1631.3191489361702,2005.6382978723404,60.4468085106383,3.2127659574468086,2.0,2.574468085106383,1.7872340425531914,1.5957446808510638,1.2765957446808511,99.97872340425532,110.0
2227.0,1631.3191489361702,2005.6382978723404,60.4468085106383,3.2127659574468086,2.0,2.574468085106383,1.7872340425531914,1.5957446808510638,1.2765957446808511,99.97872340425532,142.0
1486.0,1631.3191489361702,2005.6382978723404,60.4468085106383,3.2127659574468086,2.0,2.574468085106383,1.7872340425531914,1.5957446808510638,1.2765957446808511,99.97872340425532,129.0
108.0,1631.3191489361702,2005.6382978723404,60.4468085106383,3.2127659574468086,2.0,2.574468085106383,1.7872340425531914,1.5957446808510638,1.2765957446808511,99.97872340425532,64.0
856.0,1631.3191489361702,2005.6382978723404,60.4468085106383,3.2127659574468086,2.0,2.574468085106383,1.7872340425531914,1.5957446808510638,1.2765957446808511,99.97872340425532,148.0
2454.0,1631.3191489361702,2005.6382978723404,60.4468085106383,3.2127659574468086,2.0,2.574468085106383,1.7872340425531914,1.5957446808510638,1.2765957446808511,99.97872340425532,70.0
1584.0,1631.3191489361702,2005.6382978723404,60.4468085106383,3.2127659574468086,2.0,2.574468085106383,1.7872340425531914,1.5957446808510638,1.2765957446808511,99.97872340425532,88.0
2867.0,1631.3191489361702,2005.6382978723404,60.4468085106383,3.2127659574468086,2.0,2.574468085106383,1.7872340425531914,1.5957446808510638,1.2765957446808511,99.97872340425532,88.0
1271.0,1631.3191489361702,2005.6382978723404,60.4468085106383,3.2127659574468086,2.0,2.574468085106383,1.7872340425531914,1.5957446808510638,1.2765957446808511,99.97872340425532,80.0
1968.0,1631.3191489361702,2005.6382978723404,60.4468085106383,3.2127659574468086,2.0,2.574468085106383,1.7872340425531914,1.5957446808510638,1.2765957446808511,99.97872340425532,95.0
560.0,1631.3191489361702,2005.6382978723404,60.4468085106383,3.2127659574468086,2.0,2.574468085106383,1.7872340425531914,1.5957446808510638,1.2765957446808511,99.97872340425532,53.0
2125.0,1631.3191489361702,2005.6382978723404,60.4468085106383,3.2127659574468086,2.0,2.574468085106383,1.7872340425531914,1.5957446808510638,1.2765957446808511,99.97872340425532,138.0
1060.0,1631.3191489361702,2005.6382978723404,60.4468085106383,3.2127659574468086,2.0,2.574468085106383,1.7872340425531914,1.5957446808510638,1.2765957446808511,99.97872340425532,128.0
1870.0,1631.3191489361702,2005.6382978723404,60.4468085106383,3.2127659574468086,2.0,2.574468085106383,1.7872340425531914,1.5957446808510638,1.2765957446808511,99.97872340425532,127.0
2327.0,1631.3191489361702,2005.6382978723404,60.4468085106383,3.2127659574468086,2.0,2.574468085106383,1.7872340425531914,1.5957446808510638,1.2765957446808511,99.97872340425532,93.0
207.0,1631.3191489361702,2005.6382978723404,60.4468085106383,3.2127659574468086,2.0,2.574468085106383,1.7872340425531914,1.5957446808510638,1.2765957446808511,99.97872340425532,318.0
300.0,1631.3191489361702,2005.6382978723404,60.4468085106383,3.2127659574468086,2.0,2.574468085106383,1.7872340425531914,1.5957446808510638,1.2765957446808511,99.97872340425532,88.0
1528.0,1631.3191489361702,2005.6382978723404,60.4468085106383,3.2127659574468086,2.0,2.574468085106383,1.7872340425531914,1.5957446808510638,1.2765957446808511,99.97872340425532,89.0
2499.0,1631.3191489361702,2005.6382978723404,60.4468085106383,3.2127659574468086,2.0,2.574468085106383,1.7872340425531914,1.5957446808510638,1.2765957446808511,99.97872340425532,81.0
1789.0,1631.3191489361702,2005.6382978723404,60.4468085106383,3.2127659574468086,2.0,2.574468085106383,1.7872340425531914,1.5957446808510638,1.2765957446808511,99.97872340425532,119.0
848.0,1631.3191489361702,2005.6382978723404,60.4468085106383,3.2127659574468086,2.0,2.574468085106383,1.7872340425531914,1.5957446808510638,1.2765957446808511,99.97872340425532,100.0
1496.0,1631.3191489361702,2005.6382978723404,60.4468085106383,3.2127659574468086,2.0,2.574468085106383,1.7872340425531914,1.5957446808510638,1.2765957446808511,99.97872340425532,80.0
2674.0,1631.3191489361702,2005.6382978723404,60.4468085106383,3.2127659574468086,2.0,2.574468085106383,1.7872340425531914,1.5957446808510638,1.2765957446808511,99.97872340425532,83.0
2341.0,1631.3191489361702,2005.6382978723404,60.4468085106383,3.2127659574468086,2.0,2.574468085106383,1.7872340425531914,1.5957446808510638,1.2765957446808511,99.97872340425532,114.0
2414.0,1631.3191489361702,2005.6382978723404,60.4468085106383,3.2127659574468086,2.0,2.574468085106383,1.7872340425531914,1.5957446808510638,1.2765957446808511,99.97872340425532,90.0
2055.0,1631.3191489361702,2005.6382978723404,60.4468085106383,3.2127659574468086,2.0,2.574468085106383,1.7872340425531914,1.5957446808510638,1.2765957446808511,99.97872340425532,106.0
1281.0,1631.3191489361702,2005.6382978723404,60.4468085106383,3.2127659574468086,2.0,2.574468085106383,1.7872340425531914,1.5957446808510638,1.2765957446808511,99.97872340425532,105.0
721.0,1631.3191489361702,2005.6382978723404,60.4468085106383,3.2127659574468086,2.0,2.574468085106383,1.7872340425531914,1.5957446808510638,1.2765957446808511,99.97872340425532,95.0
1591.0,1631.3191489361702,2005.6382978723404,60.4468085106383,3.2127659574468086,2.0,2.574468085106383,1.7872340425531914,1.5957446808510638,1.2765957446808511,99.97872340425532,110.0
1352.0,1631.3191489361702,2005.6382978723404,60.4468085106383,3.2127659574468086,2.0,2.574468085106383,1.7872340425531914,1.5957446808510638,1.2765957446808511,99.97872340425532,65.0
1610.0,1631.3191489361702,2005.6382978723404,60.4468085106383,3.2127659574468086,2.0,2.574468085106383,1.7872340425531914,1.5957446808510638,1.2765957446808511,99.97872340425532,92.0
2808.0,1631.3191489361702,2005.6382978723404,60.4468085106383,3.2127659574468086,2.0,2.574468085106383,1.7872340425531914,1.5957446808510638,1.2765957446808511,99.97872340425532,75.0
866.0,1631.3191489361702,2005.6382978723404,60.4468085106383,3.2127659574468086,2.0,2.574468085106383,1.7872340425531914,1.5957446808510638,1.2765957446808511,99.97872340425532,75.0
997.0,1631.3191489361702,2005.6382978723404,60.4468085106383,3.2127659574468086,2.0,2.574468085106383,1.7872340425531914,1.5957446808510638,1.2765957446808511,99.97872340425532,81.0
2811.0,1631.3191489361702,2005.6382978723404,60.4468085106383,3.2127659574468086,2.0,2.574468085106383,1.7872340425531914,1.5957446808510638,1.2765957446808511,99.97872340425532,123.0
637.0,1631.3191489361702,2005.6382978723404,60.4468085106383,3.2127659574468086,2.0,2.574468085106383,1.7872340425531914,1.5957446808510638,1.2765957446808511,99.97872340425532,100.0
1665.0,1631.3191489361702,2005.6382978723404,60.4468085106383,3.2127659574468086,2.0,2.574468085106383,1.7872340425531914,1.5957446808510638,1.2765957446808511,99.97872340425532,105.0
2854.0,1631.3191489361702,2005.6382978723404,60.4468085106383,3.2127659574468086,2.0,2.574468085106383,1.7872340425531914,1.5957446808510638,1.2765957446808511,99.97872340425532,119.0
1792.0,1631.3191489361702,2005.6382978723404,60.4468085106383,3.2127659574468086,2.0,2.574468085106383,1.7872340425531914,1.5957446808510638,1.2765957446808511,99.97872340425532,92.0
1218.0,1631.3191489361702,2005.6382978723404,60.4468085106383,3.2127659574468086,2.0,2.574468085106383,1.7872340425531914,1.5957446808510638,1.2765957446808511,99.97872340425532,81.0
684.0,1436.9139784946237,2005.1935483870968,40.72043010752688,2.0,1.0,2.064516129032258,1.3440860215053763,1.7311827956989247,1.3118279569892473,108.3225806451613,115.0
1087.0,1436.9139784946237,2005.1935483870968,40.72043010752688,2.0,1.0,2.064516129032258,1.3440860215053763,1.7311827956989247,1.3118279569892473,108.3225806451613,83.0
714.0,1436.9139784946237,2005.1935483870968,40.72043010752688,2.0,1.0,2.064516129032258,1.3440860215053763,1.7311827956989247,1.3118279569892473,108.3225806451613,117.0
550.0,1436.9139784946237,2005.1935483870968,40.72043010752688,2.0,1.0,2.064516129032258,1.3440860215053763,1.7311827956989247,1.3118279569892473,108.3225806451613,83.0
1267.0,1436.9139784946237,2005.1935483870968,40.72043010752688,2.0,1.0,2.064516129032258,1.3440860215053763,1.7311827956989247,1.3118279569892473,108.3225806451613,105.0
617.0,1436.9139784946237,2005.1935483870968,40.72043010752688,2.0,1.0,2.064516129032258,1.3440860215053763,1.7311827956989247,1.3118279569892473,108.3225806451613,107.0
2676.0,1436.9139784946237,2005.1935483870968,40.72043010752688,2.0,1.0,2.064516129032258,1.3440860215053763,1.7311827956989247,1.3118279569892473,108.3225806451613,129.0
2399.0,1436.9139784946237,2005.1935483870968,40.72043010752688,2.0,1.0,2.064516129032258,1.3440860215053763,1.7311827956989247,1.3118279569892473,108.3225806451613,131.0
2119.0,1436.9139784946237,2005.1935483870968,40.72043010752688,2.0,1.0,2.064516129032258,1.3440860215053763,1.7311827956989247,1.3118279569892473,108.3225806451613,118.0
2139.0,1436.9139784946237,2005.1935483870968,40.72043010752688,2.0,1.0,2.064516129032258,1.3440860215053763,1.7311827956989247,1.3118279569892473,108.3225806451613,88.0
498.0,1436.9139784946237,2005.1935483870968,40.72043010752688,2.0,1.0,2.064516129032258,1.3440860215053763,1.7311827956989247,1.3118279569892473,108.3225806451613,80.0
232.0,1436.9139784946237,2005.1935483870968,40.72043010752688,2.0,1.0,2.064516129032258,1.3440860215053763,1.7311827956989247,1.3118279569892473,108.3225806451613,110.0
955.0,1436.9139784946237,2005.1935483870968,40.72043010752688,2.0,1.0,2.064516129032258,1.3440860215053763,1.7311827956989247,1.3118279569892473,108.3225806451613,100.0
2646.0,1436.9139784946237,2005.1935483870968,40.72043010752688,2.0,1.0,2.064516129032258,1.3440860215053763,1.7311827956989247,1.3118279569892473,108.3225806451613,81.0
2631.0,1436.9139784946237,2005.1935483870968,40.72043010752688,2.0,1.0,2.064516129032258,1.3440860215053763,1.7311827956989247,1.3118279569892473,108.3225806451613,135.0
2311.0,1436.9139784946237,2005.1935483870968,40.72043010752688,2.0,1.0,2.064516129032258,1.3440860215053763,1.7311827956989247,1.3118279569892473,108.3225806451613,155.0
1727.0,1436.9139784946237,2005.1935483870968,40.72043010752688,2.0,1.0,2.064516129032258,1.3440860215053763,1.7311827956989247,1.3118279569892473,108.3225806451613,92.0
539.0,1436.9139784946237,2005.1935483870968,40.72043010752688,2.0,1.0,2.064516129032258,1.3440860215053763,1.7311827956989247,1.3118279569892473,108.3225806451613,107.0
174.0,1436.9139784946237,2005.1935483870968,40.72043010752688,2.0,1.0,2.064516129032258,1.3440860215053763,1.7311827956989247,1.3118279569892473,108.3225806451613,148.0
1127.0,1436.9139784946237,2005.1935483870968,40.72043010752688,2.0,1.0,2.064516129032258,1.3440860215053763,1.7311827956989247,1.3118279569892473,108.3225806451613,110.0
442.0,1436.9139784946237,2005.1935483870968,40.72043010752688,2.0,1.0,2.064516129032258,1.3440860215053763,1.7311827956989247,1.3118279569892473,108.3225806451613,121.0
2001.0,1436.9139784946237,2005.1935483870968,40.72043010752688,2.0,1.0,2.064516129032258,1.3440860215053763,1.7311827956989247,1.3118279569892473,108.3225806451613,89.0
115.0,1436.9139784946237,2005.1935483870968,40.72043010752688,2.0,1.0,2.064516129032258,1.3440860215053763,1.7311827956989247,1.3118279569892473,108.3225806451613,85.0
2123.0,1436.9139784946237,2005.1935483870968,40.72043010752688,2.0,1.0,2.064516129032258,1.3440860215053763,1.7311827956989247,1.3118279569892473,108.3225806451613,110.0
2915.0,1436.9139784946237,2005.1935483870968,40.72043010752688,2.0,1.0,2.064516129032258,1.3440860215053763,1.7311827956989247,1.3118279569892473,108.3225806451613,119.0
642.0,1436.9139784946237,2005.1935483870968,40.72043010752688,2.0,1.0,2.064516129032258,1.3440860215053763,1.7311827956989247,1.3118279569892473,108.3225806451613,113.0
121.0,1436.9139784946237,2005.1935483870968,40.72043010752688,2.0,1.0,2.064516129032258,1.3440860215053763,1.7311827956989247,1.3118279569892473,108.3225806451613,92.0
1171.0,1436.9139784946237,2005.1935483870968,40.72043010752688,2.0,1.0,2.064516129032258,1.3440860215053763,1.7311827956989247,1.3118279569892473,108.3225806451613,89.0
1763.0,1436.9139784946237,2005.1935483870968,40.72043010752688,2.0,1.0,2.064516129032258,1.3440860215053763,1.7311827956989247,1.3118279569892473,108.3225806451613,102.0
2358.0,1436.9139784946237,2005.1935483870968,40.72043010752688,2.0,1.0,2.064516129032258,1.3440860215053763,1.7311827956989247,1.3118279569892473,108.3225806451613,182.0
1823.0,1436.9139784946237,2005.1935483870968,40.72043010752688,2.0,1.0,2.064516129032258,1.3440860215053763,1.7311827956989247,1.3118279569892473,108.3225806451613,148.0
247.0,1436.9139784946237,2005.1935483870968,40.72043010752688,2.0,1.0,2.064516129032258,1.3440860215053763,1.7311827956989247,1.3118279569892473,108.3225806451613,69.0
1843.0,1436.9139784946237,2005.1935483870968,40.72043010752688,2.0,1.0,2.064516129032258,1.3440860215053763,1.7311827956989247,1.3118279569892473,108.3225806451613,110.0
2110.0,1436.9139784946237,2005.1935483870968,40.72043010752688,2.0,1.0,2.064516129032258,1.3440860215053763,1.7311827956989247,1.3118279569892473,108.3225806451613,125.0
67.0,1436.9139784946237,2005.1935483870968,40.72043010752688,2.0,1.0,2.064516129032258,1.3440860215053763,1.7311827956989247,1.3118279569892473,108.3225806451613,158.0
2505.0,1436.9139784946237,2005.1935483870968,40.72043010752688,2.0,1.0,2.064516129032258,1.3440860215053763,1.7311827956989247,1.3118279569892473,108.3225806451613,85.0
1572.0,1436.9139784946237,2005.1935483870968,40.72043010752688,2.0,1.0,2.064516129032258,1.3440860215053763,1.7311827956989247,1.3118279569892473,108.3225806451613,95.0
1255.0,1436.9139784946237,2005.1935483870968,40.72043010752688,2.0,1.0,2.064516129032258,1.3440860215053763,1.7311827956989247,1.3118279569892473,108.3225806451613,121.0
2234.0,1436.9139784946237,2005.1935483870968,40.72043010752688,2.0,1.0,2.064516129032258,1.3440860215053763,1.7311827956989247,1.3118279569892473,108.3225806451613,94.0
629.0,1436.9139784946237,2005.1935483870968,40.72043010752688,2.0,1.0,2.064516129032258,1.3440860215053763,1.7311827956989247,1.3118279569892473,108.3225806451613,144.0
604.0,1436.9139784946237,2005.1935483870968,40.72043010752688,2.0,1.0,2.064516129032258,1.3440860215053763,1.7311827956989247,1.3118279569892473,108.3225806451613,133.0
919.0,1436.9139784946237,2005.1935483870968,40.72043010752688,2.0,1.0,2.064516129032258,1.3440860215053763,1.7311827956989247,1.3118279569892473,108.3225806451613,93.0
843.0,1436.9139784946237,2005.1935483870968,40.72043010752688,2.0,1.0,2.064516129032258,1.3440860215053763,1.7311827956989247,1.3118279569892473,108.3225806451613,89.0
2522.0,1436.9139784946237,2005.1935483870968,40.72043010752688,2.0,1.0,2.064516129032258,1.3440860215053763,1.7311827956989247,1.3118279569892473,108.3225806451613,119.0
2349.0,1436.9139784946237,2005.1935483870968,40.72043010752688,2.0,1.0,2.064516129032258,1.3440860215053763,1.7311827956989247,1.3118279569892473,108.3225806451613,142.0
729.0,1436.9139784946237,2005.1935483870968,40.72043010752688,2.0,1.0,2.064516129032258,1.3440860215053763,1.7311827956989247,1.3118279569892473,108.3225806451613,194.0
313.0,1436.9139784946237,2005.1935483870968,40.72043010752688,2.0,1.0,2.064516129032258,1.3440860215053763,1.7311827956989247,1.3118279569892473,108.3225806451613,80.0
962.0,1436.9139784946237,2005.1935483870968,40.72043010752688,2.0,1.0,2.064516129032258,1.3440860215053763,1.7311827956989247,1.3118279569892473,108.3225806451613,146.0
2303.0,1436.9139784946237,2005.1935483870968,40.72043010752688,2.0,1.0,2.064516129032258,1.3440860215053763,1.7311827956989247,1.3118279569892473,108.3225806451613,112.0
2272.0,1436.9139784946237,2005.1935483870968,40.72043010752688,2.0,1.0,2.064516129032258,1.3440860215053763,1.7311827956989247,1.3118279569892473,108.3225806451613,137.0
1652.0,1436.9139784946237,2005.1935483870968,40.72043010752688,2.0,1.0,2.064516129032258,1.3440860215053763,1.7311827956989247,1.3118279569892473,108.3225806451613,133.0
1847.0,1436.9139784946237,2005.1935483870968,40.72043010752688,2.0,1.0,2.064516129032258,1.3440860215053763,1.7311827956989247,1.3118279569892473,108.3225806451613,81.0
2258.0,1436.9139784946237,2005.1935483870968,40.72043010752688,2.0,1.0,2.064516129032258,1.3440860215053763,1.7311827956989247,1.3118279569892473,108.3225806451613,142.0
1491.0,1436.9139784946237,2005.1935483870968,40.72043010752688,2.0,1.0,2.064516129032258,1.3440860215053763,1.7311827956989247,1.3118279569892473,108.3225806451613,74.0
321.0,1436.9139784946237,2005.1935483870968,40.72043010752688,2.0,1.0,2.064516129032258,1.3440860215053763,1.7311827956989247,1.3118279569892473,108.3225806451613,127.0
1104.0,1436.9139784946237,2005.1935483870968,40.72043010752688,2.0,1.0,2.064516129032258,1.3440860215053763,1.7311827956989247,1.3118279569892473,108.3225806451613,123.0
999.0,1436.9139784946237,2005.1935483870968,40.72043010752688,2.0,1.0,2.064516129032258,1.3440860215053763,1.7311827956989247,1.3118279569892473,108.3225806451613,88.0
1580.0,1436.9139784946237,2005.1935483870968,40.72043010752688,2.0,1.0,2.064516129032258,1.3440860215053763,1.7311827956989247,1.3118279569892473,108.3225806451613,102.0
2401.0,1436.9139784946237,2005.1935483870968,40.72043010752688,2.0,1.0,2.064516129032258,1.3440860215053763,1.7311827956989247,1.3118279569892473,108.3225806451613,90.0
2926.0,1436.9139784946237,2005.1935483870968,40.72043010752688,2.0,1.0,2.064516129032258,1.3440860215053763,1.7311827956989247,1.3118279569892473,108.3225806451613,296.0
2613.0,1436.9139784946237,2005.1935483870968,40.72043010752688,2.0,1.0,2.064516129032258,1.3440860215053763,1.7311827956989247,1.3118279569892473,108.3225806451613,44.0
1357.0,1436.9139784946237,2005.1935483870968,40.72043010752688,2.0,1.0,2.064516129032258,1.3440860215053763,1.7311827956989247,1.3118279569892473,108.3225806451613,114.0
1779.0,1436.9139784946237,2005.1935483870968,40.72043010752688,2.0,1.0,2.064516129032258,1.3440860215053763,1.7311827956989247,1.3118279569892473,108.3225806451613,76.0
1531.0,1436.9139784946237,2005.1935483870968,40.72043010752688,2.0,1.0,2.064516129032258,1.3440860215053763,1.7311827956989247,1.3118279569892473,108.3225806451613,90.0
2381.0,1436.9139784946237,2005.1935483870968,40.72043010752688,2.0,1.0,2.064516129032258,1.3440860215053763,1.7311827956989247,1.3118279569892473,108.3225806451613,89.0
1909.0,1436.9139784946237,2005.1935483870968,40.72043010752688,2.0,1.0,2.064516129032258,1.3440860215053763,1.7311827956989247,1.3118279569892473,108.3225806451613,88.0
285.0,1436.9139784946237,2005.1935483870968,40.72043010752688,2.0,1.0,2.064516129032258,1.3440860215053763,1.7311827956989247,1.3118279569892473,108.3225806451613,102.0
2897.0,1436.9139784946237,2005.1935483870968,40.72043010752688,2.0,1.0,2.064516129032258,1.3440860215053763,1.7311827956989247,1.3118279569892473,108.3225806451613,74.0
2874.0,1436.9139784946237,2005.1935483870968,40.72043010752688,2.0,1.0,2.064516129032258,1.3440860215053763,1.7311827956989247,1.3118279569892473,108.3225806451613,113.0
934.0,1436.9139784946237,2005.1935483870968,40.72043010752688,2.0,1.0,2.064516129032258,1.3440860215053763,1.7311827956989247,1.3118279569892473,108.3225806451613,75.0
2489.0,1436.9139784946237,2005.1935483870968,40.72043010752688,2.0,1.0,2.064516129032258,1.3440860215053763,1.7311827956989247,1.3118279569892473,108.3225806451613,117.0
1646.0,1436.9139784946237,2005.1935483870968,40.72043010752688,2.0,1.0,2.064516129032258,1.3440860215053763,1.7311827956989247,1.3118279569892473,108.3225806451613,92.0
1890.0,1436.9139784946237,2005.1935483870968,40.72043010752688,2.0,1.0,2.064516129032258,1.3440860215053763,1.7311827956989247,1.3118279569892473,108.3225806451613,117.0
1165.0,1436.9139784946237,2005.1935483870968,40.72043010752688,2.0,1.0,2.064516129032258,1.3440860215053763,1.7311827956989247,1.3118279569892473,108.3225806451613,81.0
2204.0,1436.9139784946237,2005.1935483870968,40.72043010752688,2.0,1.0,2.064516129032258,1.3440860215053763,1.7311827956989247,1.3118279569892473,108.3225806451613,102.0
471.0,1436.9139784946237,2005.1935483870968,40.72043010752688,2.0,1.0,2.064516129032258,1.3440860215053763,1.7311827956989247,1.3118279569892473,108.3225806451613,100.0
705.0,1436.9139784946237,2005.1935483870968,40.72043010752688,2.0,1.0,2.064516129032258,1.3440860215053763,1.7311827956989247,1.3118279569892473,108.3225806451613,155.0
1126.0,1436.9139784946237,2005.1935483870968,40.72043010752688,2.0,1.0,2.064516129032258,1.3440860215053763,1.7311827956989247,1.3118279569892473,108.3225806451613,96.0
107.0,1436.9139784946237,2005.1935483870968,40.72043010752688,2.0,1.0,2.064516129032258,1.3440860215053763,1.7311827956989247,1.3118279569892473,108.3225806451613,88.0
1246.0,1436.9139784946237,2005.1935483870968,40.72043010752688,2.0,1.0,2.064516129032258,1.3440860215053763,1.7311827956989247,1.3118279569892473,108.3225806451613,85.0
2153.0,1436.9139784946237,2005.1935483870968,40.72043010752688,2.0,1.0,2.064516129032258,1.3440860215053763,1.7311827956989247,1.3118279569892473,108.3225806451613,110.0
2556.0,1436.9139784946237,2005.1935483870968,40.72043010752688,2.0,1.0,2.064516129032258,1.3440860215053763,1.7311827956989247,1.3118279569892473,108.3225806451613,67.0
482.0,1436.9139784946237,2005.1935483870968,40.72043010752688,2.0,1.0,2.064516129032258,1.3440860215053763,1.7311827956989247,1.3118279569892473,108.3225806451613,127.0
1366.0,1436.9139784946237,2005.1935483870968,40.72043010752688,2.0,1.0,2.064516129032258,1.3440860215053763,1.7311827956989247,1.3118279569892473,108.3225806451613,94.0
2443.0,1436.9139784946237,2005.1935483870968,40.72043010752688,2.0,1.0,2.064516129032258,1.3440860215053763,1.7311827956989247,1.3118279569892473,108.3225806451613,75.0
200.0,1436.9139784946237,2005.1935483870968,40.72043010752688,2.0,1.0,2.064516129032258,1.3440860215053763,1.7311827956989247,1.3118279569892473,108.3225806451613,121.0
2985.0,1436.9139784946237,2005.1935483870968,40.72043010752688,2.0,1.0,2.064516129032258,1.3440860215053763,1.7311827956989247,1.3118279569892473,108.3225806451613,100.0
1398.0,1436.9139784946237,2005.1935483870968,40.72043010752688,2.0,1.0,2.064516129032258,1.3440860215053763,1.7311827956989247,1.3118279569892473,108.3225806451613,119.0
578.0,1436.9139784946237,2005.1935483870968,40.72043010752688,2.0,1.0,2.064516129032258,1.3440860215053763,1.7311827956989247,1.3118279569892473,108.3225806451613,27.0
1379.0,1436.9139784946237,2005.1935483870968,40.72043010752688,2.0,1.0,2.064516129032258,1.3440860215053763,1.7311827956989247,1.3118279569892473,108.3225806451613,88.0
256.0,1436.9139784946237,2005.1935483870968,40.72043010752688,2.0,1.0,2.064516129032258,1.3440860215053763,1.7311827956989247,1.3118279569892473,108.3225806451613,110.0
128.0,1436.9139784946237,2005.1935483870968,40.72043010752688,2.0,1.0,2.064516129032258,1.3440860215053763,1.7311827956989247,1.3118279569892473,108.3225806451613,90.0
677.0,1436.9139784946237,2005.1935483870968,40.72043010752688,2.0,1.0,2.064516129032258,1.3440860215053763,1.7311827956989247,1.3118279569892473,108.3225806451613,102.0
2207.0,1488.15,2006.25,49.85,1.4,1.0,3.0,1.65,1.7,1.2,120.9,83.0
2525.0,1488.15,2006.25,49.85,1.4,1.0,3.0,1.65,1.7,1.2,120.9,100.0
252.0,1488.15,2006.25,49.85,1.4,1.0,3.0,1.65,1.7,1.2,120.9,135.0
2355.0,1488.15,2006.25,49.85,1.4,1.0,3.0,1.65,1.7,1.2,120.9,140.0
2417.0,1488.15,2006.25,49.85,1.4,1.0,3.0,1.65,1.7,1.2,120.9,147.0
1048.0,1488.15,2006.25,49.85,1.4,1.0,3.0,1.65,1.7,1.2,120.9,148.0
369.0,1488.15,2006.25,49.85,1.4,1.0,3.0,1.65,1.7,1.2,120.9,152.0
1762.0,1488.15,2006.25,49.85,1.4,1.0,3.0,1.65,1.7,1.2,120.9,112.0
852.0,1488.15,2006.25,49.85,1.4,1.0,3.0,1.65,1.7,1.2,120.9,108.0
505.0,1488.15,2006.25,49.85,1.4,1.0,3.0,1.65,1.7,1.2,120.9,100.0
2203.0,1488.15,2006.25,49.85,1.4,1.0,3.0,1.65,1.7,1.2,120.9,117.0
757.0,1488.15,2006.25,49.85,1.4,1.0,3.0,1.65,1.7,1.2,120.9,150.0
2198.0,1488.15,2006.25,49.85,1.4,1.0,3.0,1.65,1.7,1.2,120.9,88.0
480.0,1488.15,2006.25,49.85,1.4,1.0,3.0,1.65,1.7,1.2,120.9,146.0
1611.0,1488.15,2006.25,49.85,1.4,1.0,3.0,1.65,1.7,1.2,120.9,110.0
2737.0,1488.15,2006.25,49.85,1.4,1.0,3.0,1.65,1.7,1.2,120.9,119.0
517.0,1488.15,2006.25,49.85,1.4,1.0,3.0,1.65,1.7,1.2,120.9,100.0
383.0,1488.15,2006.25,49.85,1.4,1.0,3.0,1.65,1.7,1.2,120.9,172.0
2318.0,1488.15,2006.25,49.85,1.4,1.0,3.0,1.65,1.7,1.2,120.9,91.0
2267.0,1488.15,2006.25,49.85,1.4,1.0,3.0,1.65,1.7,1.2,120.9,100.0
2176.0,1347.0744680851064,2005.9148936170213,47.819148936170215,1.7234042553191489,1.0,2.106382978723404,1.3617021276595744,1.627659574468085,1.3617021276595744,101.37234042553192,88.0
830.0,1347.0744680851064,2005.9148936170213,47.819148936170215,1.7234042553191489,1.0,2.106382978723404,1.3617021276595744,1.627659574468085,1.3617021276595744,101.37234042553192,131.0
1053.0,1347.0744680851064,2005.9148936170213,47.819148936170215,1.7234042553191489,1.0,2.106382978723404,1.3617021276595744,1.627659574468085,1.3617021276595744,101.37234042553192,115.0
2072.0,1347.0744680851064,2005.9148936170213,47.819148936170215,1.7234042553191489,1.0,2.106382978723404,1.3617021276595744,1.627659574468085,1.3617021276595744,101.37234042553192,101.0
1511.0,1347.0744680851064,2005.9148936170213,47.819148936170215,1.7234042553191489,1.0,2.106382978723404,1.3617021276595744,1.627659574468085,1.3617021276595744,101.37234042553192,81.0
1145.0,1347.0744680851064,2005.9148936170213,47.819148936170215,1.7234042553191489,1.0,2.106382978723404,1.3617021276595744,1.627659574468085,1.3617021276595744,101.37234042553192,81.0
2024.0,1347.0744680851064,2005.9148936170213,47.819148936170215,1.7234042553191489,1.0,2.106382978723404,1.3617021276595744,1.627659574468085,1.3617021276595744,101.37234042553192,88.0
2506.0,1347.0744680851064,2005.9148936170213,47.819148936170215,1.7234042553191489,1.0,2.106382978723404,1.3617021276595744,1.627659574468085,1.3617021276595744,101.37234042553192,140.0
1018.0,1347.0744680851064,2005.9148936170213,47.819148936170215,1.7234042553191489,1.0,2.106382978723404,1.3617021276595744,1.627659574468085,1.3617021276595744,101.37234042553192,119.0
1095.0,1347.0744680851064,2005.9148936170213,47.819148936170215,1.7234042553191489,1.0,2.106382978723404,1.3617021276595744,1.627659574468085,1.3617021276595744,101.37234042553192,78.0
691.0,1347.0744680851064,2005.9148936170213,47.819148936170215,1.7234042553191489,1.0,2.106382978723404,1.3617021276595744,1.627659574468085,1.3617021276595744,101.37234042553192,100.0
1216.0,1347.0744680851064,2005.9148936170213,47.819148936170215,1.7234042553191489,1.0,2.106382978723404,1.3617021276595744,1.627659574468085,1.3617021276595744,101.37234042553192,114.0
181.0,1347.0744680851064,2005.9148936170213,47.819148936170215,1.7234042553191489,1.0,2.106382978723404,1.3617021276595744,1.627659574468085,1.3617021276595744,101.37234042553192,129.0
1156.0,1347.0744680851064,2005.9148936170213,47.819148936170215,1.7234042553191489,1.0,2.106382978723404,1.3617021276595744,1.627659574468085,1.3617021276595744,101.37234042553192,88.0
1382.0,1347.0744680851064,2005.9148936170213,47.819148936170215,1.7234042553191489,1.0,2.106382978723404,1.3617021276595744,1.627659574468085,1.3617021276595744,101.37234042553192,99.0
92.0,1347.0744680851064,2005.9148936170213,47.819148936170215,1.7234042553191489,1.0,2.106382978723404,1.3617021276595744,1.627659574468085,1.3617021276595744,101.37234042553192,100.0
152.0,1347.0744680851064,2005.9148936170213,47.819148936170215,1.7234042553191489,1.0,2.106382978723404,1.3617021276595744,1.627659574468085,1.3617021276595744,101.37234042553192,135.0
2324.0,1347.0744680851064,2005.9148936170213,47.819148936170215,1.7234042553191489,1.0,2.106382978723404,1.3617021276595744,1.627659574468085,1.3617021276595744,101.37234042553192,88.0
2236.0,1347.0744680851064,2005.9148936170213,47.819148936170215,1.7234042553191489,1.0,2.106382978723404,1.3617021276595744,1.627659574468085,1.3617021276595744,101.37234042553192,111.0
1920.0,1347.0744680851064,2005.9148936170213,47.819148936170215,1.7234042553191489,1.0,2.106382978723404,1.3617021276595744,1.627659574468085,1.3617021276595744,101.37234042553192,58.0
1403.0,1347.0744680851064,2005.9148936170213,47.819148936170215,1.7234042553191489,1.0,2.106382978723404,1.3617021276595744,1.627659574468085,1.3617021276595744,101.37234042553192,101.0
168.0,1347.0744680851064,2005.9148936170213,47.819148936170215,1.7234042553191489,1.0,2.106382978723404,1.3617021276595744,1.627659574468085,1.3617021276595744,101.37234042553192,84.0
1901.0,1347.0744680851064,2005.9148936170213,47.819148936170215,1.7234042553191489,1.0,2.106382978723404,1.3617021276595744,1.627659574468085,1.3617021276595744,101.37234042553192,106.0
844.0,1347.0744680851064,2005.9148936170213,47.819148936170215,1.7234042553191489,1.0,2.106382978723404,1.3617021276595744,1.627659574468085,1.3617021276595744,101.37234042553192,117.0
704.0,1347.0744680851064,2005.9148936170213,47.819148936170215,1.7234042553191489,1.0,2.106382978723404,1.3617021276595744,1.627659574468085,1.3617021276595744,101.37234042553192,55.0
686.0,1347.0744680851064,2005.9148936170213,47.819148936170215,1.7234042553191489,1.0,2.106382978723404,1.3617021276595744,1.627659574468085,1.3617021276595744,101.37234042553192,77.0
294.0,1347.0744680851064,2005.9148936170213,47.819148936170215,1.7234042553191489,1.0,2.106382978723404,1.3617021276595744,1.627659574468085,1.3617021276595744,101.37234042553192,65.0
396.0,1347.0744680851064,2005.9148936170213,47.819148936170215,1.7234042553191489,1.0,2.106382978723404,1.3617021276595744,1.627659574468085,1.3617021276595744,101.37234042553192,93.0
298.0,1347.0744680851064,2005.9148936170213,47.819148936170215,1.7234042553191489,1.0,2.106382978723404,1.3617021276595744,1.627659574468085,1.3617021276595744,101.37234042553192,65.0
2434.0,1347.0744680851064,2005.9148936170213,47.819148936170215,1.7234042553191489,1.0,2.106382978723404,1.3617021276595744,1.627659574468085,1.3617021276595744,101.37234042553192,127.0
454.0,1347.0744680851064,2005.9148936170213,47.819148936170215,1.7234042553191489,1.0,2.106382978723404,1.3617021276595744,1.627659574468085,1.3617021276595744,101.37234042553192,83.0
2023.0,1347.0744680851064,2005.9148936170213,47.819148936170215,1.7234042553191489,1.0,2.106382978723404,1.3617021276595744,1.627659574468085,1.3617021276595744,101.37234042553192,88.0
1686.0,1347.0744680851064,2005.9148936170213,47.819148936170215,1.7234042553191489,1.0,2.106382978723404,1.3617021276595744,1.627659574468085,1.3617021276595744,101.37234042553192,131.0
2216.0,1347.0744680851064,2005.9148936170213,47.819148936170215,1.7234042553191489,1.0,2.106382978723404,1.3617021276595744,1.627659574468085,1.3617021276595744,101.37234042553192,110.0
1030.0,1347.0744680851064,2005.9148936170213,47.819148936170215,1.7234042553191489,1.0,2.106382978723404,1.3617021276595744,1.627659574468085,1.3617021276595744,101.37234042553192,166.0
671.0,1347.0744680851064,2005.9148936170213,47.819148936170215,1.7234042553191489,1.0,2.106382978723404,1.3617021276595744,1.627659574468085,1.3617021276595744,101.37234042553192,148.0
1893.0,1347.0744680851064,2005.9148936170213,47.819148936170215,1.7234042553191489,1.0,2.106382978723404,1.3617021276595744,1.627659574468085,1.3617021276595744,101.37234042553192,77.0
2449.0,1347.0744680851064,2005.9148936170213,47.819148936170215,1.7234042553191489,1.0,2.106382978723404,1.3617021276595744,1.627659574468085,1.3617021276595744,101.37234042553192,84.0
1423.0,1347.0744680851064,2005.9148936170213,47.819148936170215,1.7234042553191489,1.0,2.106382978723404,1.3617021276595744,1.627659574468085,1.3617021276595744,101.37234042553192,148.0
1433.0,1347.0744680851064,2005.9148936170213,47.819148936170215,1.7234042553191489,1.0,2.106382978723404,1.3617021276595744,1.627659574468085,1.3617021276595744,101.37234042553192,95.0
2464.0,1347.0744680851064,2005.9148936170213,47.819148936170215,1.7234042553191489,1.0,2.106382978723404,1.3617021276595744,1.627659574468085,1.3617021276595744,101.37234042553192,106.0
1181.0,1347.0744680851064,2005.9148936170213,47.819148936170215,1.7234042553191489,1.0,2.106382978723404,1.3617021276595744,1.627659574468085,1.3617021276595744,101.37234042553192,85.0
2820.0,1347.0744680851064,2005.9148936170213,47.819148936170215,1.7234042553191489,1.0,2.106382978723404,1.3617021276595744,1.627659574468085,1.3617021276595744,101.37234042553192,127.0
1045.0,1347.0744680851064,2005.9148936170213,47.819148936170215,1.7234042553191489,1.0,2.106382978723404,1.3617021276595744,1.627659574468085,1.3617021276595744,101.37234042553192,88.0
2590.0,1347.0744680851064,2005.9148936170213,47.819148936170215,1.7234042553191489,1.0,2.106382978723404,1.3617021276595744,1.627659574468085,1.3617021276595744,101.37234042553192,114.0
2068.0,1347.0744680851064,2005.9148936170213,47.819148936170215,1.7234042553191489,1.0,2.106382978723404,1.3617021276595744,1.627659574468085,1.3617021276595744,101.37234042553192,105.0
2057.0,1347.0744680851064,2005.9148936170213,47.819148936170215,1.7234042553191489,1.0,2.106382978723404,1.3617021276595744,1.627659574468085,1.3617021276595744,101.37234042553192,52.0
2585.0,1347.0744680851064,2005.9148936170213,47.819148936170215,1.7234042553191489,1.0,2.106382978723404,1.3617021276595744,1.627659574468085,1.3617021276595744,101.37234042553192,80.0
459.0,1347.0744680851064,2005.9148936170213,47.819148936170215,1.7234042553191489,1.0,2.106382978723404,1.3617021276595744,1.627659574468085,1.3617021276595744,101.37234042553192,158.0
241.0,1347.0744680851064,2005.9148936170213,47.819148936170215,1.7234042553191489,1.0,2.106382978723404,1.3617021276595744,1.627659574468085,1.3617021276595744,101.37234042553192,75.0
639.0,1347.0744680851064,2005.9148936170213,47.819148936170215,1.7234042553191489,1.0,2.106382978723404,1.3617021276595744,1.627659574468085,1.3617021276595744,101.37234042553192,119.0
863.0,1347.0744680851064,2005.9148936170213,47.819148936170215,1.7234042553191489,1.0,2.106382978723404,1.3617021276595744,1.627659574468085,1.3617021276595744,101.37234042553192,135.0
2900.0,1347.0744680851064,2005.9148936170213,47.819148936170215,1.7234042553191489,1.0,2.106382978723404,1.3617021276595744,1.627659574468085,1.3617021276595744,101.37234042553192,142.0
1504.0,1347.0744680851064,2005.9148936170213,47.819148936170215,1.7234042553191489,1.0,2.106382978723404,1.3617021276595744,1.627659574468085,1.3617021276595744,101.37234042553192,112.0
2679.0,1347.0744680851064,2005.9148936170213,47.819148936170215,1.7234042553191489,1.0,2.106382978723404,1.3617021276595744,1.627659574468085,1.3617021276595744,101.37234042553192,108.0
1178.0,1347.0744680851064,2005.9148936170213,47.819148936170215,1.7234042553191489,1.0,2.106382978723404,1.3617021276595744,1.627659574468085,1.3617021276595744,101.37234042553192,166.0
1124.0,1347.0744680851064,2005.9148936170213,47.819148936170215,1.7234042553191489,1.0,2.106382978723404,1.3617021276595744,1.627659574468085,1.3617021276595744,101.37234042553192,131.0
1115.0,1347.0744680851064,2005.9148936170213,47.819148936170215,1.7234042553191489,1.0,2.106382978723404,1.3617021276595744,1.627659574468085,1.3617021276595744,101.37234042553192,85.0
2538.0,1347.0744680851064,2005.9148936170213,47.819148936170215,1.7234042553191489,1.0,2.106382978723404,1.3617021276595744,1.627659574468085,1.3617021276595744,101.37234042553192,44.0
145.0,1347.0744680851064,2005.9148936170213,47.819148936170215,1.7234042553191489,1.0,2.106382978723404,1.3617021276595744,1.627659574468085,1.3617021276595744,101.37234042553192,65.0
730.0,1347.0744680851064,2005.9148936170213,47.819148936170215,1.7234042553191489,1.0,2.106382978723404,1.3617021276595744,1.627659574468085,1.3617021276595744,101.37234042553192,119.0
1019.0,1347.0744680851064,2005.9148936170213,47.819148936170215,1.7234042553191489,1.0,2.106382978723404,1.3617021276595744,1.627659574468085,1.3617021276595744,101.37234042553192,72.0
644.0,1347.0744680851064,2005.9148936170213,47.819148936170215,1.7234042553191489,1.0,2.106382978723404,1.3617021276595744,1.627659574468085,1.3617021276595744,101.37234042553192,114.0
1489.0,1347.0744680851064,2005.9148936170213,47.819148936170215,1.7234042553191489,1.0,2.106382978723404,1.3617021276595744,1.627659574468085,1.3617021276595744,101.37234042553192,50.0
524.0,1347.0744680851064,2005.9148936170213,47.819148936170215,1.7234042553191489,1.0,2.106382978723404,1.3617021276595744,1.627659574468085,1.3617021276595744,101.37234042553192,72.0
2088.0,1347.0744680851064,2005.9148936170213,47.819148936170215,1.7234042553191489,1.0,2.106382978723404,1.3617021276595744,1.627659574468085,1.3617021276595744,101.37234042553192,100.0
2310.0,1347.0744680851064,2005.9148936170213,47.819148936170215,1.7234042553191489,1.0,2.106382978723404,1.3617021276595744,1.627659574468085,1.3617021276595744,101.37234042553192,155.0
2291.0,1347.0744680851064,2005.9148936170213,47.819148936170215,1.7234042553191489,1.0,2.106382978723404,1.3617021276595744,1.627659574468085,1.3617021276595744,101.37234042553192,148.0
1498.0,1347.0744680851064,2005.9148936170213,47.819148936170215,1.7234042553191489,1.0,2.106382978723404,1.3617021276595744,1.627659574468085,1.3617021276595744,101.37234042553192,148.0
508.0,1347.0744680851064,2005.9148936170213,47.819148936170215,1.7234042553191489,1.0,2.106382978723404,1.3617021276595744,1.627659574468085,1.3617021276595744,101.37234042553192,55.0
1525.0,1347.0744680851064,2005.9148936170213,47.819148936170215,1.7234042553191489,1.0,2.106382978723404,1.3617021276595744,1.627659574468085,1.3617021276595744,101.37234042553192,93.0
2058.0,1347.0744680851064,2005.9148936170213,47.819148936170215,1.7234042553191489,1.0,2.106382978723404,1.3617021276595744,1.627659574468085,1.3617021276595744,101.37234042553192,81.0
1346.0,1347.0744680851064,2005.9148936170213,47.819148936170215,1.7234042553191489,1.0,2.106382978723404,1.3617021276595744,1.627659574468085,1.3617021276595744,101.37234042553192,169.0
1690.0,1347.0744680851064,2005.9148936170213,47.819148936170215,1.7234042553191489,1.0,2.106382978723404,1.3617021276595744,1.627659574468085,1.3617021276595744,101.37234042553192,119.0
1862.0,1347.0744680851064,2005.9148936170213,47.819148936170215,1.7234042553191489,1.0,2.106382978723404,1.3617021276595744,1.627659574468085,1.3617021276595744,101.37234042553192,92.0
1456.0,1347.0744680851064,2005.9148936170213,47.819148936170215,1.7234042553191489,1.0,2.106382978723404,1.3617021276595744,1.627659574468085,1.3617021276595744,101.37234042553192,74.0
853.0,1347.0744680851064,2005.9148936170213,47.819148936170215,1.7234042553191489,1.0,2.106382978723404,1.3617021276595744,1.627659574468085,1.3617021276595744,101.37234042553192,51.0
1011.0,1347.0744680851064,2005.9148936170213,47.819148936170215,1.7234042553191489,1.0,2.106382978723404,1.3617021276595744,1.627659574468085,1.3617021276595744,101.37234042553192,94.0
484.0,1347.0744680851064,2005.9148936170213,47.819148936170215,1.7234042553191489,1.0,2.106382978723404,1.3617021276595744,1.627659574468085,1.3617021276595744,101.37234042553192,65.0
239.0,1347.0744680851064,2005.9148936170213,47.819148936170215,1.7234042553191489,1.0,2.106382978723404,1.3617021276595744,1.627659574468085,1.3617021276595744,101.37234042553192,81.0
1464.0,1347.0744680851064,2005.9148936170213,47.819148936170215,1.7234042553191489,1.0,2.106382978723404,1.3617021276595744,1.627659574468085,1.3617021276595744,101.37234042553192,50.0
1877.0,1347.0744680851064,2005.9148936170213,47.819148936170215,1.7234042553191489,1.0,2.106382978723404,1.3617021276595744,1.627659574468085,1.3617021276595744,101.37234042553192,107.0
485.0,1347.0744680851064,2005.9148936170213,47.819148936170215,1.7234042553191489,1.0,2.106382978723404,1.3617021276595744,1.627659574468085,1.3617021276595744,101.37234042553192,100.0
1219.0,1347.0744680851064,2005.9148936170213,47.819148936170215,1.7234042553191489,1.0,2.106382978723404,1.3617021276595744,1.627659574468085,1.3617021276595744,101.37234042553192,94.0
2501.0,1347.0744680851064,2005.9148936170213,47.819148936170215,1.7234042553191489,1.0,2.106382978723404,1.3617021276595744,1.627659574468085,1.3617021276595744,101.37234042553192,158.0
1894.0,1347.0744680851064,2005.9148936170213,47.819148936170215,1.7234042553191489,1.0,2.106382978723404,1.3617021276595744,1.627659574468085,1.3617021276595744,101.37234042553192,110.0
214.0,1347.0744680851064,2005.9148936170213,47.819148936170215,1.7234042553191489,1.0,2.106382978723404,1.3617021276595744,1.627659574468085,1.3617021276595744,101.37234042553192,105.0
1133.0,1347.0744680851064,2005.9148936170213,47.819148936170215,1.7234042553191489,1.0,2.106382978723404,1.3617021276595744,1.627659574468085,1.3617021276595744,101.37234042553192,97.0
279.0,1347.0744680851064,2005.9148936170213,47.819148936170215,1.7234042553191489,1.0,2.106382978723404,1.3617021276595744,1.627659574468085,1.3617021276595744,101.37234042553192,119.0
226.0,1347.0744680851064,2005.9148936170213,47.819148936170215,1.7234042553191489,1.0,2.106382978723404,1.3617021276595744,1.627659574468085,1.3617021276595744,101.37234042553192,100.0
2699.0,1347.0744680851064,2005.9148936170213,47.819148936170215,1.7234042553191489,1.0,2.106382978723404,1.3617021276595744,1.627659574468085,1.3617021276595744,101.37234042553192,90.0
1392.0,1347.0744680851064,2005.9148936170213,47.819148936170215,1.7234042553191489,1.0,2.106382978723404,1.3617021276595744,1.627659574468085,1.3617021276595744,101.37234042553192,127.0
610.0,1347.0744680851064,2005.9148936170213,47.819148936170215,1.7234042553191489,1.0,2.106382978723404,1.3617021276595744,1.627659574468085,1.3617021276595744,101.37234042553192,89.0
1626.0,1347.0744680851064,2005.9148936170213,47.819148936170215,1.7234042553191489,1.0,2.106382978723404,1.3617021276595744,1.627659574468085,1.3617021276595744,101.37234042553192,70.0
1210.0,1451.1808510638298,2004.031914893617,28.659574468085108,1.0,1.0,3.6702127659574466,1.5106382978723405,1.7872340425531914,1.2234042553191489,97.7127659574468,55.0
366.0,1451.1808510638298,2004.031914893617,28.659574468085108,1.0,1.0,3.6702127659574466,1.5106382978723405,1.7872340425531914,1.2234042553191489,97.7127659574468,74.0
1314.0,1451.1808510638298,2004.031914893617,28.659574468085108,1.0,1.0,3.6702127659574466,1.5106382978723405,1.7872340425531914,1.2234042553191489,97.7127659574468,89.0
2210.0,1451.1808510638298,2004.031914893617,28.659574468085108,1.0,1.0,3.6702127659574466,1.5106382978723405,1.7872340425531914,1.2234042553191489,97.7127659574468,88.0
719.0,1451.1808510638298,2004.031914893617,28.659574468085108,1.0,1.0,3.6702127659574466,1.5106382978723405,1.7872340425531914,1.2234042553191489,97.7127659574468,116.0
2130.0,1451.1808510638298,2004.031914893617,28.659574468085108,1.0,1.0,3.6702127659574466,1.5106382978723405,1.7872340425531914,1.2234042553191489,97.7127659574468,92.0
2999.0,1451.1808510638298,2004.031914893617,28.659574468085108,1.0,1.0,3.6702127659574466,1.5106382978723405,1.7872340425531914,1.2234042553191489,97.7127659574468,88.0
20.0,1451.1808510638298,2004.031914893617,28.659574468085108,1.0,1.0,3.6702127659574466,1.5106382978723405,1.7872340425531914,1.2234042553191489,97.7127659574468,99.0
1189.0,1451.1808510638298,2004.031914893617,28.659574468085108,1.0,1.0,3.6702127659574466,1.5106382978723405,1.7872340425531914,1.2234042553191489,97.7127659574468,100.0
1408.0,1451.1808510638298,2004.031914893617,28.659574468085108,1.0,1.0,3.6702127659574466,1.5106382978723405,1.7872340425531914,1.2234042553191489,97.7127659574468,100.0
1978.0,1451.1808510638298,2004.031914893617,28.659574468085108,1.0,1.0,3.6702127659574466,1.5106382978723405,1.7872340425531914,1.2234042553191489,97.7127659574468,172.0
1788.0,1451.1808510638298,2004.031914893617,28.659574468085108,1.0,1.0,3.6702127659574466,1.5106382978723405,1.7872340425531914,1.2234042553191489,97.7127659574468,44.0
810.0,1451.1808510638298,2004.031914893617,28.659574468085108,1.0,1.0,3.6702127659574466,1.5106382978723405,1.7872340425531914,1.2234042553191489,97.7127659574468,152.0
1519.0,1451.1808510638298,2004.031914893617,28.659574468085108,1.0,1.0,3.6702127659574466,1.5106382978723405,1.7872340425531914,1.2234042553191489,97.7127659574468,118.0
1949.0,1451.1808510638298,2004.031914893617,28.659574468085108,1.0,1.0,3.6702127659574466,1.5106382978723405,1.7872340425531914,1.2234042553191489,97.7127659574468,129.0
557.0,1451.1808510638298,2004.031914893617,28.659574468085108,1.0,1.0,3.6702127659574466,1.5106382978723405,1.7872340425531914,1.2234042553191489,97.7127659574468,90.0
771.0,1451.1808510638298,2004.031914893617,28.659574468085108,1.0,1.0,3.6702127659574466,1.5106382978723405,1.7872340425531914,1.2234042553191489,97.7127659574468,117.0
245.0,1451.1808510638298,2004.031914893617,28.659574468085108,1.0,1.0,3.6702127659574466,1.5106382978723405,1.7872340425531914,1.2234042553191489,97.7127659574468,114.0
2002.0,1451.1808510638298,2004.031914893617,28.659574468085108,1.0,1.0,3.6702127659574466,1.5106382978723405,1.7872340425531914,1.2234042553191489,97.7127659574468,83.0
2709.0,1451.1808510638298,2004.031914893617,28.659574468085108,1.0,1.0,3.6702127659574466,1.5106382978723405,1.7872340425531914,1.2234042553191489,97.7127659574468,83.0
2682.0,1451.1808510638298,2004.031914893617,28.659574468085108,1.0,1.0,3.6702127659574466,1.5106382978723405,1.7872340425531914,1.2234042553191489,97.7127659574468,74.0
1099.0,1451.1808510638298,2004.031914893617,28.659574468085108,1.0,1.0,3.6702127659574466,1.5106382978723405,1.7872340425531914,1.2234042553191489,97.7127659574468,66.0
670.0,1451.1808510638298,2004.031914893617,28.659574468085108,1.0,1.0,3.6702127659574466,1.5106382978723405,1.7872340425531914,1.2234042553191489,97.7127659574468,84.0
1861.0,1451.1808510638298,2004.031914893617,28.659574468085108,1.0,1.0,3.6702127659574466,1.5106382978723405,1.7872340425531914,1.2234042553191489,97.7127659574468,123.0
2299.0,1451.1808510638298,2004.031914893617,28.659574468085108,1.0,1.0,3.6702127659574466,1.5106382978723405,1.7872340425531914,1.2234042553191489,97.7127659574468,55.0
865.0,1451.1808510638298,2004.031914893617,28.659574468085108,1.0,1.0,3.6702127659574466,1.5106382978723405,1.7872340425531914,1.2234042553191489,97.7127659574468,92.0
2872.0,1451.1808510638298,2004.031914893617,28.659574468085108,1.0,1.0,3.6702127659574466,1.5106382978723405,1.7872340425531914,1.2234042553191489,97.7127659574468,114.0
1222.0,1451.1808510638298,2004.031914893617,28.659574468085108,1.0,1.0,3.6702127659574466,1.5106382978723405,1.7872340425531914,1.2234042553191489,97.7127659574468,94.0
1065.0,1451.1808510638298,2004.031914893617,28.659574468085108,1.0,1.0,3.6702127659574466,1.5106382978723405,1.7872340425531914,1.2234042553191489,97.7127659574468,123.0
2529.0,1451.1808510638298,2004.031914893617,28.659574468085108,1.0,1.0,3.6702127659574466,1.5106382978723405,1.7872340425531914,1.2234042553191489,97.7127659574468,119.0
323.0,1451.1808510638298,2004.031914893617,28.659574468085108,1.0,1.0,3.6702127659574466,1.5106382978723405,1.7872340425531914,1.2234042553191489,97.7127659574468,88.0
199.0,1451.1808510638298,2004.031914893617,28.659574468085108,1.0,1.0,3.6702127659574466,1.5106382978723405,1.7872340425531914,1.2234042553191489,97.7127659574468,89.0
504.0,1451.1808510638298,2004.031914893617,28.659574468085108,1.0,1.0,3.6702127659574466,1.5106382978723405,1.7872340425531914,1.2234042553191489,97.7127659574468,314.0
1857.0,1451.1808510638298,2004.031914893617,28.659574468085108,1.0,1.0,3.6702127659574466,1.5106382978723405,1.7872340425531914,1.2234042553191489,97.7127659574468,94.0
393.0,1451.1808510638298,2004.031914893617,28.659574468085108,1.0,1.0,3.6702127659574466,1.5106382978723405,1.7872340425531914,1.2234042553191489,97.7127659574468,97.0
1032.0,1451.1808510638298,2004.031914893617,28.659574468085108,1.0,1.0,3.6702127659574466,1.5106382978723405,1.7872340425531914,1.2234042553191489,97.7127659574468,100.0
244.0,1451.1808510638298,2004.031914893617,28.659574468085108,1.0,1.0,3.6702127659574466,1.5106382978723405,1.7872340425531914,1.2234042553191489,97.7127659574468,114.0
1799.0,1451.1808510638298,2004.031914893617,28.659574468085108,1.0,1.0,3.6702127659574466,1.5106382978723405,1.7872340425531914,1.2234042553191489,97.7127659574468,78.0
2702.0,1451.1808510638298,2004.031914893617,28.659574468085108,1.0,1.0,3.6702127659574466,1.5106382978723405,1.7872340425531914,1.2234042553191489,97.7127659574468,119.0
1292.0,1451.1808510638298,2004.031914893617,28.659574468085108,1.0,1.0,3.6702127659574466,1.5106382978723405,1.7872340425531914,1.2234042553191489,97.7127659574468,100.0
2.0,1451.1808510638298,2004.031914893617,28.659574468085108,1.0,1.0,3.6702127659574466,1.5106382978723405,1.7872340425531914,1.2234042553191489,97.7127659574468,70.0
1855.0,1451.1808510638298,2004.031914893617,28.659574468085108,1.0,1.0,3.6702127659574466,1.5106382978723405,1.7872340425531914,1.2234042553191489,97.7127659574468,88.0
1595.0,1451.1808510638298,2004.031914893617,28.659574468085108,1.0,1.0,3.6702127659574466,1.5106382978723405,1.7872340425531914,1.2234042553191489,97.7127659574468,57.0
1590.0,1451.1808510638298,2004.031914893617,28.659574468085108,1.0,1.0,3.6702127659574466,1.5106382978723405,1.7872340425531914,1.2234042553191489,97.7127659574468,85.0
2725.0,1451.1808510638298,2004.031914893617,28.659574468085108,1.0,1.0,3.6702127659574466,1.5106382978723405,1.7872340425531914,1.2234042553191489,97.7127659574468,121.0
710.0,1451.1808510638298,2004.031914893617,28.659574468085108,1.0,1.0,3.6702127659574466,1.5106382978723405,1.7872340425531914,1.2234042553191489,97.7127659574468,59.0
759.0,1451.1808510638298,2004.031914893617,28.659574468085108,1.0,1.0,3.6702127659574466,1.5106382978723405,1.7872340425531914,1.2234042553191489,97.7127659574468,74.0
1785.0,1451.1808510638298,2004.031914893617,28.659574468085108,1.0,1.0,3.6702127659574466,1.5106382978723405,1.7872340425531914,1.2234042553191489,97.7127659574468,105.0
190.0,1451.1808510638298,2004.031914893617,28.659574468085108,1.0,1.0,3.6702127659574466,1.5106382978723405,1.7872340425531914,1.2234042553191489,97.7127659574468,94.0
751.0,1451.1808510638298,2004.031914893617,28.659574468085108,1.0,1.0,3.6702127659574466,1.5106382978723405,1.7872340425531914,1.2234042553191489,97.7127659574468,94.0
1031.0,1451.1808510638298,2004.031914893617,28.659574468085108,1.0,1.0,3.6702127659574466,1.5106382978723405,1.7872340425531914,1.2234042553191489,97.7127659574468,57.0
2211.0,1451.1808510638298,2004.031914893617,28.659574468085108,1.0,1.0,3.6702127659574466,1.5106382978723405,1.7872340425531914,1.2234042553191489,97.7127659574468,54.0
1811.0,1451.1808510638298,2004.031914893617,28.659574468085108,1.0,1.0,3.6702127659574466,1.5106382978723405,1.7872340425531914,1.2234042553191489,97.7127659574468,94.0
1517.0,1451.1808510638298,2004.031914893617,28.659574468085108,1.0,1.0,3.6702127659574466,1.5106382978723405,1.7872340425531914,1.2234042553191489,97.7127659574468,108.0
957.0,1451.1808510638298,2004.031914893617,28.659574468085108,1.0,1.0,3.6702127659574466,1.5106382978723405,1.7872340425531914,1.2234042553191489,97.7127659574468,201.0
1919.0,1451.1808510638298,2004.031914893617,28.659574468085108,1.0,1.0,3.6702127659574466,1.5106382978723405,1.7872340425531914,1.2234042553191489,97.7127659574468,90.0
1600.0,1451.1808510638298,2004.031914893617,28.659574468085108,1.0,1.0,3.6702127659574466,1.5106382978723405,1.7872340425531914,1.2234042553191489,97.7127659574468,110.0
1837.0,1451.1808510638298,2004.031914893617,28.659574468085108,1.0,1.0,3.6702127659574466,1.5106382978723405,1.7872340425531914,1.2234042553191489,97.7127659574468,109.0
1741.0,1451.1808510638298,2004.031914893617,28.659574468085108,1.0,1.0,3.6702127659574466,1.5106382978723405,1.7872340425531914,1.2234042553191489,97.7127659574468,101.0
1334.0,1451.1808510638298,2004.031914893617,28.659574468085108,1.0,1.0,3.6702127659574466,1.5106382978723405,1.7872340425531914,1.2234042553191489,97.7127659574468,114.0
2856.0,1451.1808510638298,2004.031914893617,28.659574468085108,1.0,1.0,3.6702127659574466,1.5106382978723405,1.7872340425531914,1.2234042553191489,97.7127659574468,90.0
388.0,1451.1808510638298,2004.031914893617,28.659574468085108,1.0,1.0,3.6702127659574466,1.5106382978723405,1.7872340425531914,1.2234042553191489,97.7127659574468,127.0
2082.0,1451.1808510638298,2004.031914893617,28.659574468085108,1.0,1.0,3.6702127659574466,1.5106382978723405,1.7872340425531914,1.2234042553191489,97.7127659574468,75.0
823.0,1451.1808510638298,2004.031914893617,28.659574468085108,1.0,1.0,3.6702127659574466,1.5106382978723405,1.7872340425531914,1.2234042553191489,97.7127659574468,114.0
2700.0,1451.1808510638298,2004.031914893617,28.659574468085108,1.0,1.0,3.6702127659574466,1.5106382978723405,1.7872340425531914,1.2234042553191489,97.7127659574468,77.0
427.0,1451.1808510638298,2004.031914893617,28.659574468085108,1.0,1.0,3.6702127659574466,1.5106382978723405,1.7872340425531914,1.2234042553191489,97.7127659574468,90.0
303.0,1451.1808510638298,2004.031914893617,28.659574468085108,1.0,1.0,3.6702127659574466,1.5106382978723405,1.7872340425531914,1.2234042553191489,97.7127659574468,81.0
2931.0,1451.1808510638298,2004.031914893617,28.659574468085108,1.0,1.0,3.6702127659574466,1.5106382978723405,1.7872340425531914,1.2234042553191489,97.7127659574468,119.0
1061.0,1451.1808510638298,2004.031914893617,28.659574468085108,1.0,1.0,3.6702127659574466,1.5106382978723405,1.7872340425531914,1.2234042553191489,97.7127659574468,129.0
992.0,1451.1808510638298,2004.031914893617,28.659574468085108,1.0,1.0,3.6702127659574466,1.5106382978723405,1.7872340425531914,1.2234042553191489,97.7127659574468,96.0
2767.0,1451.1808510638298,2004.031914893617,28.659574468085108,1.0,1.0,3.6702127659574466,1.5106382978723405,1.7872340425531914,1.2234042553191489,97.7127659574468,94.0
784.0,1451.1808510638298,2004.031914893617,28.659574468085108,1.0,1.0,3.6702127659574466,1.5106382978723405,1.7872340425531914,1.2234042553191489,97.7127659574468,63.0
1989.0,1451.1808510638298,2004.031914893617,28.659574468085108,1.0,1.0,3.6702127659574466,1.5106382978723405,1.7872340425531914,1.2234042553191489,97.7127659574468,85.0
763.0,1451.1808510638298,2004.031914893617,28.659574468085108,1.0,1.0,3.6702127659574466,1.5106382978723405,1.7872340425531914,1.2234042553191489,97.7127659574468,61.0
2871.0,1451.1808510638298,2004.031914893617,28.659574468085108,1.0,1.0,3.6702127659574466,1.5106382978723405,1.7872340425531914,1.2234042553191489,97.7127659574468,89.0
717.0,1451.1808510638298,2004.031914893617,28.659574468085108,1.0,1.0,3.6702127659574466,1.5106382978723405,1.7872340425531914,1.2234042553191489,97.7127659574468,118.0
619.0,1451.1808510638298,2004.031914893617,28.659574468085108,1.0,1.0,3.6702127659574466,1.5106382978723405,1.7872340425531914,1.2234042553191489,97.7127659574468,110.0
211.0,1451.1808510638298,2004.031914893617,28.659574468085108,1.0,1.0,3.6702127659574466,1.5106382978723405,1.7872340425531914,1.2234042553191489,97.7127659574468,131.0
623.0,1451.1808510638298,2004.031914893617,28.659574468085108,1.0,1.0,3.6702127659574466,1.5106382978723405,1.7872340425531914,1.2234042553191489,97.7127659574468,104.0
1440.0,1451.1808510638298,2004.031914893617,28.659574468085108,1.0,1.0,3.6702127659574466,1.5106382978723405,1.7872340425531914,1.2234042553191489,97.7127659574468,102.0
1307.0,1451.1808510638298,2004.031914893617,28.659574468085108,1.0,1.0,3.6702127659574466,1.5106382978723405,1.7872340425531914,1.2234042553191489,97.7127659574468,90.0
2410.0,1451.1808510638298,2004.031914893617,28.659574468085108,1.0,1.0,3.6702127659574466,1.5106382978723405,1.7872340425531914,1.2234042553191489,97.7127659574468,53.0
2644.0,1451.1808510638298,2004.031914893617,28.659574468085108,1.0,1.0,3.6702127659574466,1.5106382978723405,1.7872340425531914,1.2234042553191489,97.7127659574468,90.0
2338.0,1451.1808510638298,2004.031914893617,28.659574468085108,1.0,1.0,3.6702127659574466,1.5106382978723405,1.7872340425531914,1.2234042553191489,97.7127659574468,66.0
2537.0,1451.1808510638298,2004.031914893617,28.659574468085108,1.0,1.0,3.6702127659574466,1.5106382978723405,1.7872340425531914,1.2234042553191489,97.7127659574468,85.0
38.0,1451.1808510638298,2004.031914893617,28.659574468085108,1.0,1.0,3.6702127659574466,1.5106382978723405,1.7872340425531914,1.2234042553191489,97.7127659574468,104.0
287.0,1451.1808510638298,2004.031914893617,28.659574468085108,1.0,1.0,3.6702127659574466,1.5106382978723405,1.7872340425531914,1.2234042553191489,97.7127659574468,87.0
891.0,1451.1808510638298,2004.031914893617,28.659574468085108,1.0,1.0,3.6702127659574466,1.5106382978723405,1.7872340425531914,1.2234042553191489,97.7127659574468,110.0
2294.0,1451.1808510638298,2004.031914893617,28.659574468085108,1.0,1.0,3.6702127659574466,1.5106382978723405,1.7872340425531914,1.2234042553191489,97.7127659574468,86.0
461.0,1451.1808510638298,2004.031914893617,28.659574468085108,1.0,1.0,3.6702127659574466,1.5106382978723405,1.7872340425531914,1.2234042553191489,97.7127659574468,65.0
2073.0,1451.1808510638298,2004.031914893617,28.659574468085108,1.0,1.0,3.6702127659574466,1.5106382978723405,1.7872340425531914,1.2234042553191489,97.7127659574468,81.0
2968.0,1451.1808510638298,2004.031914893617,28.659574468085108,1.0,1.0,3.6702127659574466,1.5106382978723405,1.7872340425531914,1.2234042553191489,97.7127659574468,94.0
2967.0,1451.1808510638298,2004.031914893617,28.659574468085108,1.0,1.0,3.6702127659574466,1.5106382978723405,1.7872340425531914,1.2234042553191489,97.7127659574468,84.0
2527.0,1451.1808510638298,2004.031914893617,28.659574468085108,1.0,1.0,3.6702127659574466,1.5106382978723405,1.7872340425531914,1.2234042553191489,97.7127659574468,110.0
2889.0,1562.5666666666666,2005.9666666666667,29.166666666666668,2.0,1.0,3.0,1.4666666666666666,1.8333333333333333,1.4,109.36666666666666,131.0
1753.0,1562.5666666666666,2005.9666666666667,29.166666666666668,2.0,1.0,3.0,1.4666666666666666,1.8333333333333333,1.4,109.36666666666666,182.0
502.0,1562.5666666666666,2005.9666666666667,29.166666666666668,2.0,1.0,3.0,1.4666666666666666,1.8333333333333333,1.4,109.36666666666666,104.0
2348.0,1562.5666666666666,2005.9666666666667,29.166666666666668,2.0,1.0,3.0,1.4666666666666666,1.8333333333333333,1.4,109.36666666666666,85.0
892.0,1562.5666666666666,2005.9666666666667,29.166666666666668,2.0,1.0,3.0,1.4666666666666666,1.8333333333333333,1.4,109.36666666666666,103.0
1450.0,1562.5666666666666,2005.9666666666667,29.166666666666668,2.0,1.0,3.0,1.4666666666666666,1.8333333333333333,1.4,109.36666666666666,93.0
2865.0,1562.5666666666666,2005.9666666666667,29.166666666666668,2.0,1.0,3.0,1.4666666666666666,1.8333333333333333,1.4,109.36666666666666,81.0
1984.0,1562.5666666666666,2005.9666666666667,29.166666666666668,2.0,1.0,3.0,1.4666666666666666,1.8333333333333333,1.4,109.36666666666666,97.0
1236.0,1562.5666666666666,2005.9666666666667,29.166666666666668,2.0,1.0,3.0,1.4666666666666666,1.8333333333333333,1.4,109.36666666666666,95.0
2575.0,1562.5666666666666,2005.9666666666667,29.166666666666668,2.0,1.0,3.0,1.4666666666666666,1.8333333333333333,1.4,109.36666666666666,102.0
1915.0,1562.5666666666666,2005.9666666666667,29.166666666666668,2.0,1.0,3.0,1.4666666666666666,1.8333333333333333,1.4,109.36666666666666,101.0
648.0,1562.5666666666666,2005.9666666666667,29.166666666666668,2.0,1.0,3.0,1.4666666666666666,1.8333333333333333,1.4,109.36666666666666,120.0
641.0,1562.5666666666666,2005.9666666666667,29.166666666666668,2.0,1.0,3.0,1.4666666666666666,1.8333333333333333,1.4,109.36666666666666,105.0
2588.0,1562.5666666666666,2005.9666666666667,29.166666666666668,2.0,1.0,3.0,1.4666666666666666,1.8333333333333333,1.4,109.36666666666666,132.0
2745.0,1562.5666666666666,2005.9666666666667,29.166666666666668,2.0,1.0,3.0,1.4666666666666666,1.8333333333333333,1.4,109.36666666666666,106.0
1287.0,1562.5666666666666,2005.9666666666667,29.166666666666668,2.0,1.0,3.0,1.4666666666666666,1.8333333333333333,1.4,109.36666666666666,119.0
1131.0,1562.5666666666666,2005.9666666666667,29.166666666666668,2.0,1.0,3.0,1.4666666666666666,1.8333333333333333,1.4,109.36666666666666,88.0
987.0,1562.5666666666666,2005.9666666666667,29.166666666666668,2.0,1.0,3.0,1.4666666666666666,1.8333333333333333,1.4,109.36666666666666,107.0
692.0,1562.5666666666666,2005.9666666666667,29.166666666666668,2.0,1.0,3.0,1.4666666666666666,1.8333333333333333,1.4,109.36666666666666,187.0
2411.0,1562.5666666666666,2005.9666666666667,29.166666666666668,2.0,1.0,3.0,1.4666666666666666,1.8333333333333333,1.4,109.36666666666666,119.0
1455.0,1562.5666666666666,2005.9666666666667,29.166666666666668,2.0,1.0,3.0,1.4666666666666666,1.8333333333333333,1.4,109.36666666666666,108.0
1136.0,1562.5666666666666,2005.9666666666667,29.166666666666668,2.0,1.0,3.0,1.4666666666666666,1.8333333333333333,1.4,109.36666666666666,110.0
1515.0,1562.5666666666666,2005.9666666666667,29.166666666666668,2.0,1.0,3.0,1.4666666666666666,1.8333333333333333,1.4,109.36666666666666,110.0
2484.0,1562.5666666666666,2005.9666666666667,29.166666666666668,2.0,1.0,3.0,1.4666666666666666,1.8333333333333333,1.4,109.36666666666666,95.0
414.0,1562.5666666666666,2005.9666666666667,29.166666666666668,2.0,1.0,3.0,1.4666666666666666,1.8333333333333333,1.4,109.36666666666666,95.0
923.0,1562.5666666666666,2005.9666666666667,29.166666666666668,2.0,1.0,3.0,1.4666666666666666,1.8333333333333333,1.4,109.36666666666666,103.0
1362.0,1562.5666666666666,2005.9666666666667,29.166666666666668,2.0,1.0,3.0,1.4666666666666666,1.8333333333333333,1.4,109.36666666666666,104.0
344.0,1562.5666666666666,2005.9666666666667,29.166666666666668,2.0,1.0,3.0,1.4666666666666666,1.8333333333333333,1.4,109.36666666666666,119.0
817.0,1562.5666666666666,2005.9666666666667,29.166666666666668,2.0,1.0,3.0,1.4666666666666666,1.8333333333333333,1.4,109.36666666666666,100.0
2888.0,1562.5666666666666,2005.9666666666667,29.166666666666668,2.0,1.0,3.0,1.4666666666666666,1.8333333333333333,1.4,109.36666666666666,80.0
