196.0,1452.6379310344828,2005.6379310344828,37.189655172413794,2.103448275862069,3.1206896551724137,3.5344827586206895,1.5172413793103448,1.793103448275862,1.293103448275862,123.3103448275862,193.0
463.0,1452.6379310344828,2005.6379310344828,37.189655172413794,2.103448275862069,3.1206896551724137,3.5344827586206895,1.5172413793103448,1.793103448275862,1.293103448275862,123.3103448275862,78.0
327.0,1452.6379310344828,2005.6379310344828,37.189655172413794,2.103448275862069,3.1206896551724137,3.5344827586206895,1.5172413793103448,1.793103448275862,1.293103448275862,123.3103448275862,142.0
2187.0,1452.6379310344828,2005.6379310344828,37.189655172413794,2.103448275862069,3.1206896551724137,3.5344827586206895,1.5172413793103448,1.793103448275862,1.293103448275862,123.3103448275862,74.0
2868.0,1452.6379310344828,2005.6379310344828,37.189655172413794,2.103448275862069,3.1206896551724137,3.5344827586206895,1.5172413793103448,1.793103448275862,1.293103448275862,123.3103448275862,131.0
612.0,1452.6379310344828,2005.6379310344828,37.189655172413794,2.103448275862069,3.1206896551724137,3.5344827586206895,1.5172413793103448,1.793103448275862,1.293103448275862,123.3103448275862,77.0
346.0,1452.6379310344828,2005.6379310344828,37.189655172413794,2.103448275862069,3.1206896551724137,3.5344827586206895,1.5172413793103448,1.793103448275862,1.293103448275862,123.3103448275862,105.0
2625.0,1452.6379310344828,2005.6379310344828,37.189655172413794,2.103448275862069,3.1206896551724137,3.5344827586206895,1.5172413793103448,1.793103448275862,1.293103448275862,123.3103448275862,164.0
1044.0,1452.6379310344828,2005.6379310344828,37.189655172413794,2.103448275862069,3.1206896551724137,3.5344827586206895,1.5172413793103448,1.793103448275862,1.293103448275862,123.3103448275862,89.0
2280.0,1452.6379310344828,2005.6379310344828,37.189655172413794,2.103448275862069,3.1206896551724137,3.5344827586206895,1.5172413793103448,1.793103448275862,1.293103448275862,123.3103448275862,83.0
1985.0,1452.6379310344828,2005.6379310344828,37.189655172413794,2.103448275862069,3.1206896551724137,3.5344827586206895,1.5172413793103448,1.793103448275862,1.293103448275862,123.3103448275862,277.0
2753.0,1452.6379310344828,2005.6379310344828,37.189655172413794,2.103448275862069,3.1206896551724137,3.5344827586206895,1.5172413793103448,1.793103448275862,1.293103448275862,123.3103448275862,153.0
2803.0,1452.6379310344828,2005.6379310344828,37.189655172413794,2.103448275862069,3.1206896551724137,3.5344827586206895,1.5172413793103448,1.793103448275862,1.293103448275862,123.3103448275862,69.0
1873.0,1452.6379310344828,2005.6379310344828,37.189655172413794,2.103448275862069,3.1206896551724137,3.5344827586206895,1.5172413793103448,1.793103448275862,1.293103448275862,123.3103448275862,138.0
2535.0,1452.6379310344828,2005.6379310344828,37.189655172413794,2.103448275862069,3.1206896551724137,3.5344827586206895,1.5172413793103448,1.793103448275862,1.293103448275862,123.3103448275862,114.0
188.0,1452.6379310344828,2005.6379310344828,37.189655172413794,2.103448275862069,3.1206896551724137,3.5344827586206895,1.5172413793103448,1.793103448275862,1.293103448275862,123.3103448275862,100.0
1332.0,1452.6379310344828,2005.6379310344828,37.189655172413794,2.103448275862069,3.1206896551724137,3.5344827586206895,1.5172413793103448,1.793103448275862,1.293103448275862,123.3103448275862,166.0
2520.0,1452.6379310344828,2005.6379310344828,37.189655172413794,2.103448275862069,3.1206896551724137,3.5344827586206895,1.5172413793103448,1.793103448275862,1.293103448275862,123.3103448275862,117.0
2988.0,1452.6379310344828,2005.6379310344828,37.189655172413794,2.103448275862069,3.1206896551724137,3.5344827586206895,1.5172413793103448,1.793103448275862,1.293103448275862,123.3103448275862,168.0
1499.0,1452.6379310344828,2005.6379310344828,37.189655172413794,2.103448275862069,3.1206896551724137,3.5344827586206895,1.5172413793103448,1.793103448275862,1.293103448275862,123.3103448275862,65.0
1508.0,1452.6379310344828,2005.6379310344828,37.189655172413794,2.103448275862069,3.1206896551724137,3.5344827586206895,1.5172413793103448,1.793103448275862,1.293103448275862,123.3103448275862,139.0
1563.0,1452.6379310344828,2005.6379310344828,37.189655172413794,2.103448275862069,3.1206896551724137,3.5344827586206895,1.5172413793103448,1.793103448275862,1.293103448275862,123.3103448275862,70.0
1432.0,1452.6379310344828,2005.6379310344828,37.189655172413794,2.103448275862069,3.1206896551724137,3.5344827586206895,1.5172413793103448,1.793103448275862,1.293103448275862,123.3103448275862,105.0
395.0,1452.6379310344828,2005.6379310344828,37.189655172413794,2.103448275862069,3.1206896551724137,3.5344827586206895,1.5172413793103448,1.793103448275862,1.293103448275862,123.3103448275862,115.0
652.0,1452.6379310344828,2005.6379310344828,37.189655172413794,2.103448275862069,3.1206896551724137,3.5344827586206895,1.5172413793103448,1.793103448275862,1.293103448275862,123.3103448275862,65.0
1542.0,1452.6379310344828,2005.6379310344828,37.189655172413794,2.103448275862069,3.1206896551724137,3.5344827586206895,1.5172413793103448,1.793103448275862,1.293103448275862,123.3103448275862,119.0
846.0,1452.6379310344828,2005.6379310344828,37.189655172413794,2.103448275862069,3.1206896551724137,3.5344827586206895,1.5172413793103448,1.793103448275862,1.293103448275862,123.3103448275862,81.0
1340.0,1452.6379310344828,2005.6379310344828,37.189655172413794,2.103448275862069,3.1206896551724137,3.5344827586206895,1.5172413793103448,1.793103448275862,1.293103448275862,123.3103448275862,104.0
147.0,1452.6379310344828,2005.6379310344828,37.189655172413794,2.103448275862069,3.1206896551724137,3.5344827586206895,1.5172413793103448,1.793103448275862,1.293103448275862,123.3103448275862,158.0
1532.0,1452.6379310344828,2005.6379310344828,37.189655172413794,2.103448275862069,3.1206896551724137,3.5344827586206895,1.5172413793103448,1.793103448275862,1.293103448275862,123.3103448275862,119.0
28.0,1452.6379310344828,2005.6379310344828,37.189655172413794,2.103448275862069,3.1206896551724137,3.5344827586206895,1.5172413793103448,1.793103448275862,1.293103448275862,123.3103448275862,65.0
2943.0,1452.6379310344828,2005.6379310344828,37.189655172413794,2.103448275862069,3.1206896551724137,3.5344827586206895,1.5172413793103448,1.793103448275862,1.293103448275862,123.3103448275862,72.0
2511.0,1452.6379310344828,2005.6379310344828,37.189655172413794,2.103448275862069,3.1206896551724137,3.5344827586206895,1.5172413793103448,1.793103448275862,1.293103448275862,123.3103448275862,65.0
2754.0,1452.6379310344828,2005.6379310344828,37.189655172413794,2.103448275862069,3.1206896551724137,3.5344827586206895,1.5172413793103448,1.793103448275862,1.293103448275862,123.3103448275862,148.0
804.0,1452.6379310344828,2005.6379310344828,37.189655172413794,2.103448275862069,3.1206896551724137,3.5344827586206895,1.5172413793103448,1.793103448275862,1.293103448275862,123.3103448275862,148.0
849.0,1452.6379310344828,2005.6379310344828,37.189655172413794,2.103448275862069,3.1206896551724137,3.5344827586206895,1.5172413793103448,1.793103448275862,1.293103448275862,123.3103448275862,63.0
1286.0,1452.6379310344828,2005.6379310344828,37.189655172413794,2.103448275862069,3.1206896551724137,3.5344827586206895,1.5172413793103448,1.793103448275862,1.293103448275862,123.3103448275862,123.0
21.0,1452.6379310344828,2005.6379310344828,37.189655172413794,2.103448275862069,3.1206896551724137,3.5344827586206895,1.5172413793103448,1.793103448275862,1.293103448275862,123.3103448275862,201.0
1589.0,1452.6379310344828,2005.6379310344828,37.189655172413794,2.103448275862069,3.1206896551724137,3.5344827586206895,1.5172413793103448,1.793103448275862,1.293103448275862,123.3103448275862,92.0
1780.0,1452.6379310344828,2005.6379310344828,37.189655172413794,2.103448275862069,3.1206896551724137,3.5344827586206895,1.5172413793103448,1.793103448275862,1.293103448275862,123.3103448275862,110.0
1245.0,1452.6379310344828,2005.6379310344828,37.189655172413794,2.103448275862069,3.1206896551724137,3.5344827586206895,1.5172413793103448,1.793103448275862,1.293103448275862,123.3103448275862,106.0
2224.0,1452.6379310344828,2005.6379310344828,37.189655172413794,2.103448275862069,3.1206896551724137,3.5344827586206895,1.5172413793103448,1.793103448275862,1.293103448275862,123.3103448275862,151.0
1051.0,1452.6379310344828,2005.6379310344828,37.189655172413794,2.103448275862069,3.1206896551724137,3.5344827586206895,1.5172413793103448,1.793103448275862,1.293103448275862,123.3103448275862,119.0
2670.0,1452.6379310344828,2005.6379310344828,37.189655172413794,2.103448275862069,3.1206896551724137,3.5344827586206895,1.5172413793103448,1.793103448275862,1.293103448275862,123.3103448275862,177.0
1655.0,1452.6379310344828,2005.6379310344828,37.189655172413794,2.103448275862069,3.1206896551724137,3.5344827586206895,1.5172413793103448,1.793103448275862,1.293103448275862,123.3103448275862,161.0
156.0,1452.6379310344828,2005.6379310344828,37.189655172413794,2.103448275862069,3.1206896551724137,3.5344827586206895,1.5172413793103448,1.793103448275862,1.293103448275862,123.3103448275862,137.0
407.0,1452.6379310344828,2005.6379310344828,37.189655172413794,2.103448275862069,3.1206896551724137,3.5344827586206895,1.5172413793103448,1.793103448275862,1.293103448275862,123.3103448275862,127.0
460.0,1452.6379310344828,2005.6379310344828,37.189655172413794,2.103448275862069,3.1206896551724137,3.5344827586206895,1.5172413793103448,1.793103448275862,1.293103448275862,123.3103448275862,148.0
2393.0,1452.6379310344828,2005.6379310344828,37.189655172413794,2.103448275862069,3.1206896551724137,3.5344827586206895,1.5172413793103448,1.793103448275862,1.293103448275862,123.3103448275862,94.0
1555.0,1452.6379310344828,2005.6379310344828,37.189655172413794,2.103448275862069,3.1206896551724137,3.5344827586206895,1.5172413793103448,1.793103448275862,1.293103448275862,123.3103448275862,105.0
100.0,1452.6379310344828,2005.6379310344828,37.189655172413794,2.103448275862069,3.1206896551724137,3.5344827586206895,1.5172413793103448,1.793103448275862,1.293103448275862,123.3103448275862,145.0
2219.0,1452.6379310344828,2005.6379310344828,37.189655172413794,2.103448275862069,3.1206896551724137,3.5344827586206895,1.5172413793103448,1.793103448275862,1.293103448275862,123.3103448275862,135.0
2894.0,1452.6379310344828,2005.6379310344828,37.189655172413794,2.103448275862069,3.1206896551724137,3.5344827586206895,1.5172413793103448,1.793103448275862,1.293103448275862,123.3103448275862,299.0
257.0,1452.6379310344828,2005.6379310344828,37.189655172413794,2.103448275862069,3.1206896551724137,3.5344827586206895,1.5172413793103448,1.793103448275862,1.293103448275862,123.3103448275862,105.0
406.0,1452.6379310344828,2005.6379310344828,37.189655172413794,2.103448275862069,3.1206896551724137,3.5344827586206895,1.5172413793103448,1.793103448275862,1.293103448275862,123.3103448275862,94.0
1581.0,1452.6379310344828,2005.6379310344828,37.189655172413794,2.103448275862069,3.1206896551724137,3.5344827586206895,1.5172413793103448,1.793103448275862,1.293103448275862,123.3103448275862,148.0
1288.0,1452.6379310344828,2005.6379310344828,37.189655172413794,2.103448275862069,3.1206896551724137,3.5344827586206895,1.5172413793103448,1.793103448275862,1.293103448275862,123.3103448275862,148.0
2746.0,1452.6379310344828,2005.6379310344828,37.189655172413794,2.103448275862069,3.1206896551724137,3.5344827586206895,1.5172413793103448,1.793103448275862,1.293103448275862,123.3103448275862,88.0
2813.0,1364.047619047619,2005.4285714285713,49.19047619047619,2.0,1.0,3.0,1.4285714285714286,1.9047619047619047,1.0476190476190477,117.19047619047619,112.0
1444.0,1364.047619047619,2005.4285714285713,49.19047619047619,2.0,1.0,3.0,1.4285714285714286,1.9047619047619047,1.0476190476190477,117.19047619047619,95.0
175.0,1364.047619047619,2005.4285714285713,49.19047619047619,2.0,1.0,3.0,1.4285714285714286,1.9047619047619047,1.0476190476190477,117.19047619047619,176.0
1036.0,1364.047619047619,2005.4285714285713,49.19047619047619,2.0,1.0,3.0,1.4285714285714286,1.9047619047619047,1.0476190476190477,117.19047619047619,102.0
2553.0,1364.047619047619,2005.4285714285713,49.19047619047619,2.0,1.0,3.0,1.4285714285714286,1.9047619047619047,1.0476190476190477,117.19047619047619,124.0
2415.0,1364.047619047619,2005.4285714285713,49.19047619047619,2.0,1.0,3.0,1.4285714285714286,1.9047619047619047,1.0476190476190477,117.19047619047619,105.0
203.0,1364.047619047619,2005.4285714285713,49.19047619047619,2.0,1.0,3.0,1.4285714285714286,1.9047619047619047,1.0476190476190477,117.19047619047619,119.0
447.0,1364.047619047619,2005.4285714285713,49.19047619047619,2.0,1.0,3.0,1.4285714285714286,1.9047619047619047,1.0476190476190477,117.19047619047619,89.0
965.0,1364.047619047619,2005.4285714285713,49.19047619047619,2.0,1.0,3.0,1.4285714285714286,1.9047619047619047,1.0476190476190477,117.19047619047619,107.0
411.0,1364.047619047619,2005.4285714285713,49.19047619047619,2.0,1.0,3.0,1.4285714285714286,1.9047619047619047,1.0476190476190477,117.19047619047619,144.0
750.0,1364.047619047619,2005.4285714285713,49.19047619047619,2.0,1.0,3.0,1.4285714285714286,1.9047619047619047,1.0476190476190477,117.19047619047619,93.0
171.0,1364.047619047619,2005.4285714285713,49.19047619047619,2.0,1.0,3.0,1.4285714285714286,1.9047619047619047,1.0476190476190477,117.19047619047619,70.0
767.0,1364.047619047619,2005.4285714285713,49.19047619047619,2.0,1.0,3.0,1.4285714285714286,1.9047619047619047,1.0476190476190477,117.19047619047619,114.0
930.0,1364.047619047619,2005.4285714285713,49.19047619047619,2.0,1.0,3.0,1.4285714285714286,1.9047619047619047,1.0476190476190477,117.19047619047619,165.0
2278.0,1364.047619047619,2005.4285714285713,49.19047619047619,2.0,1.0,3.0,1.4285714285714286,1.9047619047619047,1.0476190476190477,117.19047619047619,119.0
2683.0,1364.047619047619,2005.4285714285713,49.19047619047619,2.0,1.0,3.0,1.4285714285714286,1.9047619047619047,1.0476190476190477,117.19047619047619,124.0
2951.0,1364.047619047619,2005.4285714285713,49.19047619047619,2.0,1.0,3.0,1.4285714285714286,1.9047619047619047,1.0476190476190477,117.19047619047619,109.0
2120.0,1364.047619047619,2005.4285714285713,49.19047619047619,2.0,1.0,3.0,1.4285714285714286,1.9047619047619047,1.0476190476190477,117.19047619047619,105.0
2794.0,1364.047619047619,2005.4285714285713,49.19047619047619,2.0,1.0,3.0,1.4285714285714286,1.9047619047619047,1.0476190476190477,117.19047619047619,124.0
66.0,1364.047619047619,2005.4285714285713,49.19047619047619,2.0,1.0,3.0,1.4285714285714286,1.9047619047619047,1.0476190476190477,117.19047619047619,123.0
673.0,1364.047619047619,2005.4285714285713,49.19047619047619,2.0,1.0,3.0,1.4285714285714286,1.9047619047619047,1.0476190476190477,117.19047619047619,142.0
831.0,1338.943661971831,2008.112676056338,56.098591549295776,2.0,1.0,4.140845070422535,1.6338028169014085,1.8028169014084507,1.267605633802817,134.11267605633802,282.0
134.0,1338.943661971831,2008.112676056338,56.098591549295776,2.0,1.0,4.140845070422535,1.6338028169014085,1.8028169014084507,1.267605633802817,134.11267605633802,123.0
613.0,1338.943661971831,2008.112676056338,56.098591549295776,2.0,1.0,4.140845070422535,1.6338028169014085,1.8028169014084507,1.267605633802817,134.11267605633802,150.0
2624.0,1338.943661971831,2008.112676056338,56.098591549295776,2.0,1.0,4.140845070422535,1.6338028169014085,1.8028169014084507,1.267605633802817,134.11267605633802,123.0
137.0,1338.943661971831,2008.112676056338,56.098591549295776,2.0,1.0,4.140845070422535,1.6338028169014085,1.8028169014084507,1.267605633802817,134.11267605633802,107.0
2639.0,1338.943661971831,2008.112676056338,56.098591549295776,2.0,1.0,4.140845070422535,1.6338028169014085,1.8028169014084507,1.267605633802817,134.11267605633802,88.0
800.0,1338.943661971831,2008.112676056338,56.098591549295776,2.0,1.0,4.140845070422535,1.6338028169014085,1.8028169014084507,1.267605633802817,134.11267605633802,140.0
19.0,1338.943661971831,2008.112676056338,56.098591549295776,2.0,1.0,4.140845070422535,1.6338028169014085,1.8028169014084507,1.267605633802817,134.11267605633802,129.0
627.0,1338.943661971831,2008.112676056338,56.098591549295776,2.0,1.0,4.140845070422535,1.6338028169014085,1.8028169014084507,1.267605633802817,134.11267605633802,117.0
1347.0,1338.943661971831,2008.112676056338,56.098591549295776,2.0,1.0,4.140845070422535,1.6338028169014085,1.8028169014084507,1.267605633802817,134.11267605633802,96.0
2989.0,1338.943661971831,2008.112676056338,56.098591549295776,2.0,1.0,4.140845070422535,1.6338028169014085,1.8028169014084507,1.267605633802817,134.11267605633802,126.0
2901.0,1338.943661971831,2008.112676056338,56.098591549295776,2.0,1.0,4.140845070422535,1.6338028169014085,1.8028169014084507,1.267605633802817,134.11267605633802,94.0
1139.0,1338.943661971831,2008.112676056338,56.098591549295776,2.0,1.0,4.140845070422535,1.6338028169014085,1.8028169014084507,1.267605633802817,134.11267605633802,166.0
2718.0,1338.943661971831,2008.112676056338,56.098591549295776,2.0,1.0,4.140845070422535,1.6338028169014085,1.8028169014084507,1.267605633802817,134.11267605633802,119.0
258.0,1338.943661971831,2008.112676056338,56.098591549295776,2.0,1.0,4.140845070422535,1.6338028169014085,1.8028169014084507,1.267605633802817,134.11267605633802,74.0
1608.0,1338.943661971831,2008.112676056338,56.098591549295776,2.0,1.0,4.140845070422535,1.6338028169014085,1.8028169014084507,1.267605633802817,134.11267605633802,201.0
667.0,1338.943661971831,2008.112676056338,56.098591549295776,2.0,1.0,4.140845070422535,1.6338028169014085,1.8028169014084507,1.267605633802817,134.11267605633802,145.0
1697.0,1338.943661971831,2008.112676056338,56.098591549295776,2.0,1.0,4.140845070422535,1.6338028169014085,1.8028169014084507,1.267605633802817,134.11267605633802,129.0
2634.0,1338.943661971831,2008.112676056338,56.098591549295776,2.0,1.0,4.140845070422535,1.6338028169014085,1.8028169014084507,1.267605633802817,134.11267605633802,99.0
1874.0,1338.943661971831,2008.112676056338,56.098591549295776,2.0,1.0,4.140845070422535,1.6338028169014085,1.8028169014084507,1.267605633802817,134.11267605633802,165.0
1750.0,1338.943661971831,2008.112676056338,56.098591549295776,2.0,1.0,4.140845070422535,1.6338028169014085,1.8028169014084507,1.267605633802817,134.11267605633802,119.0
996.0,1338.943661971831,2008.112676056338,56.098591549295776,2.0,1.0,4.140845070422535,1.6338028169014085,1.8028169014084507,1.267605633802817,134.11267605633802,139.0
2159.0,1338.943661971831,2008.112676056338,56.098591549295776,2.0,1.0,4.140845070422535,1.6338028169014085,1.8028169014084507,1.267605633802817,134.11267605633802,126.0
368.0,1338.943661971831,2008.112676056338,56.098591549295776,2.0,1.0,4.140845070422535,1.6338028169014085,1.8028169014084507,1.267605633802817,134.11267605633802,119.0
1356.0,1338.943661971831,2008.112676056338,56.098591549295776,2.0,1.0,4.140845070422535,1.6338028169014085,1.8028169014084507,1.267605633802817,134.11267605633802,177.0
2743.0,1338.943661971831,2008.112676056338,56.098591549295776,2.0,1.0,4.140845070422535,1.6338028169014085,1.8028169014084507,1.267605633802817,134.11267605633802,127.0
753.0,1338.943661971831,2008.112676056338,56.098591549295776,2.0,1.0,4.140845070422535,1.6338028169014085,1.8028169014084507,1.267605633802817,134.11267605633802,80.0
2362.0,1338.943661971831,2008.112676056338,56.098591549295776,2.0,1.0,4.140845070422535,1.6338028169014085,1.8028169014084507,1.267605633802817,134.11267605633802,142.0
2493.0,1338.943661971831,2008.112676056338,56.098591549295776,2.0,1.0,4.140845070422535,1.6338028169014085,1.8028169014084507,1.267605633802817,134.11267605633802,140.0
655.0,1338.943661971831,2008.112676056338,56.098591549295776,2.0,1.0,4.140845070422535,1.6338028169014085,1.8028169014084507,1.267605633802817,134.11267605633802,136.0
46.0,1338.943661971831,2008.112676056338,56.098591549295776,2.0,1.0,4.140845070422535,1.6338028169014085,1.8028169014084507,1.267605633802817,134.11267605633802,155.0
944.0,1338.943661971831,2008.112676056338,56.098591549295776,2.0,1.0,4.140845070422535,1.6338028169014085,1.8028169014084507,1.267605633802817,134.11267605633802,166.0
89.0,1338.943661971831,2008.112676056338,56.098591549295776,2.0,1.0,4.140845070422535,1.6338028169014085,1.8028169014084507,1.267605633802817,134.11267605633802,131.0
6.0,1338.943661971831,2008.112676056338,56.098591549295776,2.0,1.0,4.140845070422535,1.6338028169014085,1.8028169014084507,1.267605633802817,134.11267605633802,127.0
2741.0,1338.943661971831,2008.112676056338,56.098591549295776,2.0,1.0,4.140845070422535,1.6338028169014085,1.8028169014084507,1.267605633802817,134.11267605633802,92.0
83.0,1338.943661971831,2008.112676056338,56.098591549295776,2.0,1.0,4.140845070422535,1.6338028169014085,1.8028169014084507,1.267605633802817,134.11267605633802,66.0
394.0,1338.943661971831,2008.112676056338,56.098591549295776,2.0,1.0,4.140845070422535,1.6338028169014085,1.8028169014084507,1.267605633802817,134.11267605633802,105.0
466.0,1338.943661971831,2008.112676056338,56.098591549295776,2.0,1.0,4.140845070422535,1.6338028169014085,1.8028169014084507,1.267605633802817,134.11267605633802,80.0
1734.0,1338.943661971831,2008.112676056338,56.098591549295776,2.0,1.0,4.140845070422535,1.6338028169014085,1.8028169014084507,1.267605633802817,134.11267605633802,110.0
687.0,1338.943661971831,2008.112676056338,56.098591549295776,2.0,1.0,4.140845070422535,1.6338028169014085,1.8028169014084507,1.267605633802817,134.11267605633802,142.0
215.0,1338.943661971831,2008.112676056338,56.098591549295776,2.0,1.0,4.140845070422535,1.6338028169014085,1.8028169014084507,1.267605633802817,134.11267605633802,73.0
48.0,1338.943661971831,2008.112676056338,56.098591549295776,2.0,1.0,4.140845070422535,1.6338028169014085,1.8028169014084507,1.267605633802817,134.11267605633802,177.0
1015.0,1338.943661971831,2008.112676056338,56.098591549295776,2.0,1.0,4.140845070422535,1.6338028169014085,1.8028169014084507,1.267605633802817,134.11267605633802,157.0
2051.0,1338.943661971831,2008.112676056338,56.098591549295776,2.0,1.0,4.140845070422535,1.6338028169014085,1.8028169014084507,1.267605633802817,134.11267605633802,103.0
2032.0,1338.943661971831,2008.112676056338,56.098591549295776,2.0,1.0,4.140845070422535,1.6338028169014085,1.8028169014084507,1.267605633802817,134.11267605633802,172.0
1704.0,1338.943661971831,2008.112676056338,56.098591549295776,2.0,1.0,4.140845070422535,1.6338028169014085,1.8028169014084507,1.267605633802817,134.11267605633802,146.0
1954.0,1338.943661971831,2008.112676056338,56.098591549295776,2.0,1.0,4.140845070422535,1.6338028169014085,1.8028169014084507,1.267605633802817,134.11267605633802,142.0
2446.0,1338.943661971831,2008.112676056338,56.098591549295776,2.0,1.0,4.140845070422535,1.6338028169014085,1.8028169014084507,1.267605633802817,134.11267605633802,133.0
1221.0,1338.943661971831,2008.112676056338,56.098591549295776,2.0,1.0,4.140845070422535,1.6338028169014085,1.8028169014084507,1.267605633802817,134.11267605633802,145.0
1911.0,1338.943661971831,2008.112676056338,56.098591549295776,2.0,1.0,4.140845070422535,1.6338028169014085,1.8028169014084507,1.267605633802817,134.11267605633802,100.0
259.0,1338.943661971831,2008.112676056338,56.098591549295776,2.0,1.0,4.140845070422535,1.6338028169014085,1.8028169014084507,1.267605633802817,134.11267605633802,142.0
2442.0,1338.943661971831,2008.112676056338,56.098591549295776,2.0,1.0,4.140845070422535,1.6338028169014085,1.8028169014084507,1.267605633802817,134.11267605633802,94.0
1285.0,1338.943661971831,2008.112676056338,56.098591549295776,2.0,1.0,4.140845070422535,1.6338028169014085,1.8028169014084507,1.267605633802817,134.11267605633802,105.0
293.0,1338.943661971831,2008.112676056338,56.098591549295776,2.0,1.0,4.140845070422535,1.6338028169014085,1.8028169014084507,1.267605633802817,134.11267605633802,177.0
818.0,1338.943661971831,2008.112676056338,56.098591549295776,2.0,1.0,4.140845070422535,1.6338028169014085,1.8028169014084507,1.267605633802817,134.11267605633802,193.0
1924.0,1338.943661971831,2008.112676056338,56.098591549295776,2.0,1.0,4.140845070422535,1.6338028169014085,1.8028169014084507,1.267605633802817,134.11267605633802,152.0
1738.0,1338.943661971831,2008.112676056338,56.098591549295776,2.0,1.0,4.140845070422535,1.6338028169014085,1.8028169014084507,1.267605633802817,134.11267605633802,105.0
2340.0,1338.943661971831,2008.112676056338,56.098591549295776,2.0,1.0,4.140845070422535,1.6338028169014085,1.8028169014084507,1.267605633802817,134.11267605633802,164.0
2109.0,1338.943661971831,2008.112676056338,56.098591549295776,2.0,1.0,4.140845070422535,1.6338028169014085,1.8028169014084507,1.267605633802817,134.11267605633802,155.0
1274.0,1338.943661971831,2008.112676056338,56.098591549295776,2.0,1.0,4.140845070422535,1.6338028169014085,1.8028169014084507,1.267605633802817,134.11267605633802,148.0
1815.0,1338.943661971831,2008.112676056338,56.098591549295776,2.0,1.0,4.140845070422535,1.6338028169014085,1.8028169014084507,1.267605633802817,134.11267605633802,138.0
2396.0,1338.943661971831,2008.112676056338,56.098591549295776,2.0,1.0,4.140845070422535,1.6338028169014085,1.8028169014084507,1.267605633802817,134.11267605633802,105.0
125.0,1338.943661971831,2008.112676056338,56.098591549295776,2.0,1.0,4.140845070422535,1.6338028169014085,1.8028169014084507,1.267605633802817,134.11267605633802,95.0
378.0,1338.943661971831,2008.112676056338,56.098591549295776,2.0,1.0,4.140845070422535,1.6338028169014085,1.8028169014084507,1.267605633802817,134.11267605633802,114.0
1892.0,1338.943661971831,2008.112676056338,56.098591549295776,2.0,1.0,4.140845070422535,1.6338028169014085,1.8028169014084507,1.267605633802817,134.11267605633802,148.0
1205.0,1338.943661971831,2008.112676056338,56.098591549295776,2.0,1.0,4.140845070422535,1.6338028169014085,1.8028169014084507,1.267605633802817,134.11267605633802,148.0
271.0,1338.943661971831,2008.112676056338,56.098591549295776,2.0,1.0,4.140845070422535,1.6338028169014085,1.8028169014084507,1.267605633802817,134.11267605633802,119.0
2724.0,1338.943661971831,2008.112676056338,56.098591549295776,2.0,1.0,4.140845070422535,1.6338028169014085,1.8028169014084507,1.267605633802817,134.11267605633802,172.0
790.0,1338.943661971831,2008.112676056338,56.098591549295776,2.0,1.0,4.140845070422535,1.6338028169014085,1.8028169014084507,1.267605633802817,134.11267605633802,145.0
2524.0,1338.943661971831,2008.112676056338,56.098591549295776,2.0,1.0,4.140845070422535,1.6338028169014085,1.8028169014084507,1.267605633802817,134.11267605633802,268.0
785.0,1338.943661971831,2008.112676056338,56.098591549295776,2.0,1.0,4.140845070422535,1.6338028169014085,1.8028169014084507,1.267605633802817,134.11267605633802,135.0
1585.0,1542.4235294117648,2005.5176470588235,43.71764705882353,1.8705882352941177,1.0,4.376470588235295,1.6588235294117648,1.8,1.1176470588235294,152.36470588235295,272.0
728.0,1542.4235294117648,2005.5176470588235,43.71764705882353,1.8705882352941177,1.0,4.376470588235295,1.6588235294117648,1.8,1.1176470588235294,152.36470588235295,121.0
1673.0,1542.4235294117648,2005.5176470588235,43.71764705882353,1.8705882352941177,1.0,4.376470588235295,1.6588235294117648,1.8,1.1176470588235294,152.36470588235295,74.0
2116.0,1542.4235294117648,2005.5176470588235,43.71764705882353,1.8705882352941177,1.0,4.376470588235295,1.6588235294117648,1.8,1.1176470588235294,152.36470588235295,138.0
2248.0,1542.4235294117648,2005.5176470588235,43.71764705882353,1.8705882352941177,1.0,4.376470588235295,1.6588235294117648,1.8,1.1176470588235294,152.36470588235295,37.0
2114.0,1542.4235294117648,2005.5176470588235,43.71764705882353,1.8705882352941177,1.0,4.376470588235295,1.6588235294117648,1.8,1.1176470588235294,152.36470588235295,114.0
2783.0,1542.4235294117648,2005.5176470588235,43.71764705882353,1.8705882352941177,1.0,4.376470588235295,1.6588235294117648,1.8,1.1176470588235294,152.36470588235295,201.0
2945.0,1542.4235294117648,2005.5176470588235,43.71764705882353,1.8705882352941177,1.0,4.376470588235295,1.6588235294117648,1.8,1.1176470588235294,152.36470588235295,104.0
2510.0,1542.4235294117648,2005.5176470588235,43.71764705882353,1.8705882352941177,1.0,4.376470588235295,1.6588235294117648,1.8,1.1176470588235294,152.36470588235295,71.0
2744.0,1542.4235294117648,2005.5176470588235,43.71764705882353,1.8705882352941177,1.0,4.376470588235295,1.6588235294117648,1.8,1.1176470588235294,152.36470588235295,101.0
419.0,1542.4235294117648,2005.5176470588235,43.71764705882353,1.8705882352941177,1.0,4.376470588235295,1.6588235294117648,1.8,1.1176470588235294,152.36470588235295,150.0
362.0,1542.4235294117648,2005.5176470588235,43.71764705882353,1.8705882352941177,1.0,4.376470588235295,1.6588235294117648,1.8,1.1176470588235294,152.36470588235295,192.0
1897.0,1542.4235294117648,2005.5176470588235,43.71764705882353,1.8705882352941177,1.0,4.376470588235295,1.6588235294117648,1.8,1.1176470588235294,152.36470588235295,150.0
761.0,1542.4235294117648,2005.5176470588235,43.71764705882353,1.8705882352941177,1.0,4.376470588235295,1.6588235294117648,1.8,1.1176470588235294,152.36470588235295,278.0
1473.0,1542.4235294117648,2005.5176470588235,43.71764705882353,1.8705882352941177,1.0,4.376470588235295,1.6588235294117648,1.8,1.1176470588235294,152.36470588235295,127.0
681.0,1542.4235294117648,2005.5176470588235,43.71764705882353,1.8705882352941177,1.0,4.376470588235295,1.6588235294117648,1.8,1.1176470588235294,152.36470588235295,140.0
2697.0,1542.4235294117648,2005.5176470588235,43.71764705882353,1.8705882352941177,1.0,4.376470588235295,1.6588235294117648,1.8,1.1176470588235294,152.36470588235295,142.0
2749.0,1542.4235294117648,2005.5176470588235,43.71764705882353,1.8705882352941177,1.0,4.376470588235295,1.6588235294117648,1.8,1.1176470588235294,152.36470588235295,164.0
98.0,1542.4235294117648,2005.5176470588235,43.71764705882353,1.8705882352941177,1.0,4.376470588235295,1.6588235294117648,1.8,1.1176470588235294,152.36470588235295,201.0
2834.0,1542.4235294117648,2005.5176470588235,43.71764705882353,1.8705882352941177,1.0,4.376470588235295,1.6588235294117648,1.8,1.1176470588235294,152.36470588235295,161.0
2536.0,1542.4235294117648,2005.5176470588235,43.71764705882353,1.8705882352941177,1.0,4.376470588235295,1.6588235294117648,1.8,1.1176470588235294,152.36470588235295,166.0
789.0,1542.4235294117648,2005.5176470588235,43.71764705882353,1.8705882352941177,1.0,4.376470588235295,1.6588235294117648,1.8,1.1176470588235294,152.36470588235295,133.0
345.0,1542.4235294117648,2005.5176470588235,43.71764705882353,1.8705882352941177,1.0,4.376470588235295,1.6588235294117648,1.8,1.1176470588235294,152.36470588235295,164.0
978.0,1542.4235294117648,2005.5176470588235,43.71764705882353,1.8705882352941177,1.0,4.376470588235295,1.6588235294117648,1.8,1.1176470588235294,152.36470588235295,161.0
1764.0,1542.4235294117648,2005.5176470588235,43.71764705882353,1.8705882352941177,1.0,4.376470588235295,1.6588235294117648,1.8,1.1176470588235294,152.36470588235295,127.0
2253.0,1542.4235294117648,2005.5176470588235,43.71764705882353,1.8705882352941177,1.0,4.376470588235295,1.6588235294117648,1.8,1.1176470588235294,152.36470588235295,83.0
462.0,1542.4235294117648,2005.5176470588235,43.71764705882353,1.8705882352941177,1.0,4.376470588235295,1.6588235294117648,1.8,1.1176470588235294,152.36470588235295,105.0
443.0,1542.4235294117648,2005.5176470588235,43.71764705882353,1.8705882352941177,1.0,4.376470588235295,1.6588235294117648,1.8,1.1176470588235294,152.36470588235295,272.0
452.0,1542.4235294117648,2005.5176470588235,43.71764705882353,1.8705882352941177,1.0,4.376470588235295,1.6588235294117648,1.8,1.1176470588235294,152.36470588235295,148.0
566.0,1542.4235294117648,2005.5176470588235,43.71764705882353,1.8705882352941177,1.0,4.376470588235295,1.6588235294117648,1.8,1.1176470588235294,152.36470588235295,201.0
679.0,1542.4235294117648,2005.5176470588235,43.71764705882353,1.8705882352941177,1.0,4.376470588235295,1.6588235294117648,1.8,1.1176470588235294,152.36470588235295,100.0
795.0,1542.4235294117648,2005.5176470588235,43.71764705882353,1.8705882352941177,1.0,4.376470588235295,1.6588235294117648,1.8,1.1176470588235294,152.36470588235295,100.0
53.0,1542.4235294117648,2005.5176470588235,43.71764705882353,1.8705882352941177,1.0,4.376470588235295,1.6588235294117648,1.8,1.1176470588235294,152.36470588235295,272.0
348.0,1542.4235294117648,2005.5176470588235,43.71764705882353,1.8705882352941177,1.0,4.376470588235295,1.6588235294117648,1.8,1.1176470588235294,152.36470588235295,282.0
2376.0,1542.4235294117648,2005.5176470588235,43.71764705882353,1.8705882352941177,1.0,4.376470588235295,1.6588235294117648,1.8,1.1176470588235294,152.36470588235295,196.0
1724.0,1542.4235294117648,2005.5176470588235,43.71764705882353,1.8705882352941177,1.0,4.376470588235295,1.6588235294117648,1.8,1.1176470588235294,152.36470588235295,172.0
2795.0,1542.4235294117648,2005.5176470588235,43.71764705882353,1.8705882352941177,1.0,4.376470588235295,1.6588235294117648,1.8,1.1176470588235294,152.36470588235295,177.0
2531.0,1542.4235294117648,2005.5176470588235,43.71764705882353,1.8705882352941177,1.0,4.376470588235295,1.6588235294117648,1.8,1.1176470588235294,152.36470588235295,114.0
237.0,1542.4235294117648,2005.5176470588235,43.71764705882353,1.8705882352941177,1.0,4.376470588235295,1.6588235294117648,1.8,1.1176470588235294,152.36470588235295,256.0
779.0,1542.4235294117648,2005.5176470588235,43.71764705882353,1.8705882352941177,1.0,4.376470588235295,1.6588235294117648,1.8,1.1176470588235294,152.36470588235295,129.0
746.0,1542.4235294117648,2005.5176470588235,43.71764705882353,1.8705882352941177,1.0,4.376470588235295,1.6588235294117648,1.8,1.1176470588235294,152.36470588235295,125.0
1234.0,1542.4235294117648,2005.5176470588235,43.71764705882353,1.8705882352941177,1.0,4.376470588235295,1.6588235294117648,1.8,1.1176470588235294,152.36470588235295,184.0
2810.0,1542.4235294117648,2005.5176470588235,43.71764705882353,1.8705882352941177,1.0,4.376470588235295,1.6588235294117648,1.8,1.1176470588235294,152.36470588235295,105.0
61.0,1542.4235294117648,2005.5176470588235,43.71764705882353,1.8705882352941177,1.0,4.376470588235295,1.6588235294117648,1.8,1.1176470588235294,152.36470588235295,153.0
301.0,1542.4235294117648,2005.5176470588235,43.71764705882353,1.8705882352941177,1.0,4.376470588235295,1.6588235294117648,1.8,1.1176470588235294,152.36470588235295,41.0
711.0,1542.4235294117648,2005.5176470588235,43.71764705882353,1.8705882352941177,1.0,4.376470588235295,1.6588235294117648,1.8,1.1176470588235294,152.36470588235295,124.0
374.0,1542.4235294117648,2005.5176470588235,43.71764705882353,1.8705882352941177,1.0,4.376470588235295,1.6588235294117648,1.8,1.1176470588235294,152.36470588235295,272.0
2383.0,1542.4235294117648,2005.5176470588235,43.71764705882353,1.8705882352941177,1.0,4.376470588235295,1.6588235294117648,1.8,1.1176470588235294,152.36470588235295,171.0
2173.0,1542.4235294117648,2005.5176470588235,43.71764705882353,1.8705882352941177,1.0,4.376470588235295,1.6588235294117648,1.8,1.1176470588235294,152.36470588235295,131.0
1617.0,1542.4235294117648,2005.5176470588235,43.71764705882353,1.8705882352941177,1.0,4.376470588235295,1.6588235294117648,1.8,1.1176470588235294,152.36470588235295,132.0
2244.0,1542.4235294117648,2005.5176470588235,43.71764705882353,1.8705882352941177,1.0,4.376470588235295,1.6588235294117648,1.8,1.1176470588235294,152.36470588235295,104.0
864.0,1542.4235294117648,2005.5176470588235,43.71764705882353,1.8705882352941177,1.0,4.376470588235295,1.6588235294117648,1.8,1.1176470588235294,152.36470588235295,161.0
968.0,1542.4235294117648,2005.5176470588235,43.71764705882353,1.8705882352941177,1.0,4.376470588235295,1.6588235294117648,1.8,1.1176470588235294,152.36470588235295,144.0
2686.0,1542.4235294117648,2005.5176470588235,43.71764705882353,1.8705882352941177,1.0,4.376470588235295,1.6588235294117648,1.8,1.1176470588235294,152.36470588235295,278.0
2939.0,1542.4235294117648,2005.5176470588235,43.71764705882353,1.8705882352941177,1.0,4.376470588235295,1.6588235294117648,1.8,1.1176470588235294,152.36470588235295,76.0
2467.0,1542.4235294117648,2005.5176470588235,43.71764705882353,1.8705882352941177,1.0,4.376470588235295,1.6588235294117648,1.8,1.1176470588235294,152.36470588235295,143.0
902.0,1542.4235294117648,2005.5176470588235,43.71764705882353,1.8705882352941177,1.0,4.376470588235295,1.6588235294117648,1.8,1.1176470588235294,152.36470588235295,268.0
2687.0,1542.4235294117648,2005.5176470588235,43.71764705882353,1.8705882352941177,1.0,4.376470588235295,1.6588235294117648,1.8,1.1176470588235294,152.36470588235295,148.0
545.0,1542.4235294117648,2005.5176470588235,43.71764705882353,1.8705882352941177,1.0,4.376470588235295,1.6588235294117648,1.8,1.1176470588235294,152.36470588235295,201.0
2356.0,1542.4235294117648,2005.5176470588235,43.71764705882353,1.8705882352941177,1.0,4.376470588235295,1.6588235294117648,1.8,1.1176470588235294,152.36470588235295,125.0
2332.0,1542.4235294117648,2005.5176470588235,43.71764705882353,1.8705882352941177,1.0,4.376470588235295,1.6588235294117648,1.8,1.1176470588235294,152.36470588235295,177.0
1971.0,1542.4235294117648,2005.5176470588235,43.71764705882353,1.8705882352941177,1.0,4.376470588235295,1.6588235294117648,1.8,1.1176470588235294,152.36470588235295,161.0
1164.0,1542.4235294117648,2005.5176470588235,43.71764705882353,1.8705882352941177,1.0,4.376470588235295,1.6588235294117648,1.8,1.1176470588235294,152.36470588235295,164.0
1990.0,1542.4235294117648,2005.5176470588235,43.71764705882353,1.8705882352941177,1.0,4.376470588235295,1.6588235294117648,1.8,1.1176470588235294,152.36470588235295,168.0
1513.0,1542.4235294117648,2005.5176470588235,43.71764705882353,1.8705882352941177,1.0,4.376470588235295,1.6588235294117648,1.8,1.1176470588235294,152.36470588235295,136.0
812.0,1542.4235294117648,2005.5176470588235,43.71764705882353,1.8705882352941177,1.0,4.376470588235295,1.6588235294117648,1.8,1.1176470588235294,152.36470588235295,119.0
2008.0,1542.4235294117648,2005.5176470588235,43.71764705882353,1.8705882352941177,1.0,4.376470588235295,1.6588235294117648,1.8,1.1176470588235294,152.36470588235295,94.0
133.0,1542.4235294117648,2005.5176470588235,43.71764705882353,1.8705882352941177,1.0,4.376470588235295,1.6588235294117648,1.8,1.1176470588235294,152.36470588235295,142.0
416.0,1542.4235294117648,2005.5176470588235,43.71764705882353,1.8705882352941177,1.0,4.376470588235295,1.6588235294117648,1.8,1.1176470588235294,152.36470588235295,119.0
2569.0,1542.4235294117648,2005.5176470588235,43.71764705882353,1.8705882352941177,1.0,4.376470588235295,1.6588235294117648,1.8,1.1176470588235294,152.36470588235295,135.0
2284.0,1542.4235294117648,2005.5176470588235,43.71764705882353,1.8705882352941177,1.0,4.376470588235295,1.6588235294117648,1.8,1.1176470588235294,152.36470588235295,155.0
2692.0,1542.4235294117648,2005.5176470588235,43.71764705882353,1.8705882352941177,1.0,4.376470588235295,1.6588235294117648,1.8,1.1176470588235294,152.36470588235295,110.0
727.0,1542.4235294117648,2005.5176470588235,43.71764705882353,1.8705882352941177,1.0,4.376470588235295,1.6588235294117648,1.8,1.1176470588235294,152.36470588235295,101.0
2557.0,1542.4235294117648,2005.5176470588235,43.71764705882353,1.8705882352941177,1.0,4.376470588235295,1.6588235294117648,1.8,1.1176470588235294,152.36470588235295,196.0
718.0,1542.4235294117648,2005.5176470588235,43.71764705882353,1.8705882352941177,1.0,4.376470588235295,1.6588235294117648,1.8,1.1176470588235294,152.36470588235295,142.0
76.0,1542.4235294117648,2005.5176470588235,43.71764705882353,1.8705882352941177,1.0,4.376470588235295,1.6588235294117648,1.8,1.1176470588235294,152.36470588235295,100.0
2716.0,1542.4235294117648,2005.5176470588235,43.71764705882353,1.8705882352941177,1.0,4.376470588235295,1.6588235294117648,1.8,1.1176470588235294,152.36470588235295,166.0
2647.0,1542.4235294117648,2005.5176470588235,43.71764705882353,1.8705882352941177,1.0,4.376470588235295,1.6588235294117648,1.8,1.1176470588235294,152.36470588235295,131.0
1755.0,1542.4235294117648,2005.5176470588235,43.71764705882353,1.8705882352941177,1.0,4.376470588235295,1.6588235294117648,1.8,1.1176470588235294,152.36470588235295,142.0
153.0,1542.4235294117648,2005.5176470588235,43.71764705882353,1.8705882352941177,1.0,4.376470588235295,1.6588235294117648,1.8,1.1176470588235294,152.36470588235295,81.0
1829.0,1542.4235294117648,2005.5176470588235,43.71764705882353,1.8705882352941177,1.0,4.376470588235295,1.6588235294117648,1.8,1.1176470588235294,152.36470588235295,277.0
1341.0,1542.4235294117648,2005.5176470588235,43.71764705882353,1.8705882352941177,1.0,4.376470588235295,1.6588235294117648,1.8,1.1176470588235294,152.36470588235295,109.0
2481.0,1542.4235294117648,2005.5176470588235,43.71764705882353,1.8705882352941177,1.0,4.376470588235295,1.6588235294117648,1.8,1.1176470588235294,152.36470588235295,114.0
2325.0,1542.4235294117648,2005.5176470588235,43.71764705882353,1.8705882352941177,1.0,4.376470588235295,1.6588235294117648,1.8,1.1176470588235294,152.36470588235295,182.0
2507.0,1542.4235294117648,2005.5176470588235,43.71764705882353,1.8705882352941177,1.0,4.376470588235295,1.6588235294117648,1.8,1.1176470588235294,152.36470588235295,148.0
2426.0,1605.5714285714287,2005.2142857142858,41.142857142857146,2.0,1.0,3.0,1.3214285714285714,1.7142857142857142,1.2142857142857142,115.17857142857143,167.0
2903.0,1605.5714285714287,2005.2142857142858,41.142857142857146,2.0,1.0,3.0,1.3214285714285714,1.7142857142857142,1.2142857142857142,115.17857142857143,92.0
1816.0,1605.5714285714287,2005.2142857142858,41.142857142857146,2.0,1.0,3.0,1.3214285714285714,1.7142857142857142,1.2142857142857142,115.17857142857143,89.0
1720.0,1605.5714285714287,2005.2142857142858,41.142857142857146,2.0,1.0,3.0,1.3214285714285714,1.7142857142857142,1.2142857142857142,115.17857142857143,81.0
1695.0,1605.5714285714287,2005.2142857142858,41.142857142857146,2.0,1.0,3.0,1.3214285714285714,1.7142857142857142,1.2142857142857142,115.17857142857143,121.0
854.0,1605.5714285714287,2005.2142857142858,41.142857142857146,2.0,1.0,3.0,1.3214285714285714,1.7142857142857142,1.2142857142857142,115.17857142857143,100.0
913.0,1605.5714285714287,2005.2142857142858,41.142857142857146,2.0,1.0,3.0,1.3214285714285714,1.7142857142857142,1.2142857142857142,115.17857142857143,74.0
1452.0,1605.5714285714287,2005.2142857142858,41.142857142857146,2.0,1.0,3.0,1.3214285714285714,1.7142857142857142,1.2142857142857142,115.17857142857143,145.0
1875.0,1605.5714285714287,2005.2142857142858,41.142857142857146,2.0,1.0,3.0,1.3214285714285714,1.7142857142857142,1.2142857142857142,115.17857142857143,138.0
2373.0,1605.5714285714287,2005.2142857142858,41.142857142857146,2.0,1.0,3.0,1.3214285714285714,1.7142857142857142,1.2142857142857142,115.17857142857143,119.0
2963.0,1605.5714285714287,2005.2142857142858,41.142857142857146,2.0,1.0,3.0,1.3214285714285714,1.7142857142857142,1.2142857142857142,115.17857142857143,97.0
399.0,1605.5714285714287,2005.2142857142858,41.142857142857146,2.0,1.0,3.0,1.3214285714285714,1.7142857142857142,1.2142857142857142,115.17857142857143,96.0
899.0,1605.5714285714287,2005.2142857142858,41.142857142857146,2.0,1.0,3.0,1.3214285714285714,1.7142857142857142,1.2142857142857142,115.17857142857143,148.0
2282.0,1605.5714285714287,2005.2142857142858,41.142857142857146,2.0,1.0,3.0,1.3214285714285714,1.7142857142857142,1.2142857142857142,115.17857142857143,148.0
64.0,1605.5714285714287,2005.2142857142858,41.142857142857146,2.0,1.0,3.0,1.3214285714285714,1.7142857142857142,1.2142857142857142,115.17857142857143,88.0
1441.0,1605.5714285714287,2005.2142857142858,41.142857142857146,2.0,1.0,3.0,1.3214285714285714,1.7142857142857142,1.2142857142857142,115.17857142857143,85.0
2514.0,1605.5714285714287,2005.2142857142858,41.142857142857146,2.0,1.0,3.0,1.3214285714285714,1.7142857142857142,1.2142857142857142,115.17857142857143,123.0
1913.0,1605.5714285714287,2005.2142857142858,41.142857142857146,2.0,1.0,3.0,1.3214285714285714,1.7142857142857142,1.2142857142857142,115.17857142857143,87.0
1950.0,1605.5714285714287,2005.2142857142858,41.142857142857146,2.0,1.0,3.0,1.3214285714285714,1.7142857142857142,1.2142857142857142,115.17857142857143,109.0
1417.0,1605.5714285714287,2005.2142857142858,41.142857142857146,2.0,1.0,3.0,1.3214285714285714,1.7142857142857142,1.2142857142857142,115.17857142857143,110.0
2620.0,1605.5714285714287,2005.2142857142858,41.142857142857146,2.0,1.0,3.0,1.3214285714285714,1.7142857142857142,1.2142857142857142,115.17857142857143,85.0
1539.0,1605.5714285714287,2005.2142857142858,41.142857142857146,2.0,1.0,3.0,1.3214285714285714,1.7142857142857142,1.2142857142857142,115.17857142857143,99.0
640.0,1605.5714285714287,2005.2142857142858,41.142857142857146,2.0,1.0,3.0,1.3214285714285714,1.7142857142857142,1.2142857142857142,115.17857142857143,127.0
1410.0,1605.5714285714287,2005.2142857142858,41.142857142857146,2.0,1.0,3.0,1.3214285714285714,1.7142857142857142,1.2142857142857142,115.17857142857143,127.0
1326.0,1605.5714285714287,2005.2142857142858,41.142857142857146,2.0,1.0,3.0,1.3214285714285714,1.7142857142857142,1.2142857142857142,115.17857142857143,272.0
248.0,1605.5714285714287,2005.2142857142858,41.142857142857146,2.0,1.0,3.0,1.3214285714285714,1.7142857142857142,1.2142857142857142,115.17857142857143,110.0
597.0,1605.5714285714287,2005.2142857142858,41.142857142857146,2.0,1.0,3.0,1.3214285714285714,1.7142857142857142,1.2142857142857142,115.17857142857143,100.0
2707.0,1605.5714285714287,2005.2142857142858,41.142857142857146,2.0,1.0,3.0,1.3214285714285714,1.7142857142857142,1.2142857142857142,115.17857142857143,88.0
