527.0,1523.1489361702127,2003.904255319149,55.91489361702128,2.0,1.0,4.159574468085107,1.5638297872340425,1.7446808510638299,1.2127659574468086,141.36170212765958,177.0
1484.0,1523.1489361702127,2003.904255319149,55.91489361702128,2.0,1.0,4.159574468085107,1.5638297872340425,1.7446808510638299,1.2127659574468086,141.36170212765958,278.0
1387.0,1523.1489361702127,2003.904255319149,55.91489361702128,2.0,1.0,4.159574468085107,1.5638297872340425,1.7446808510638299,1.2127659574468086,141.36170212765958,119.0
2846.0,1523.1489361702127,2003.904255319149,55.91489361702128,2.0,1.0,4.159574468085107,1.5638297872340425,1.7446808510638299,1.2127659574468086,141.36170212765958,114.0
1097.0,1523.1489361702127,2003.904255319149,55.91489361702128,2.0,1.0,4.159574468085107,1.5638297872340425,1.7446808510638299,1.2127659574468086,141.36170212765958,148.0
357.0,1523.1489361702127,2003.904255319149,55.91489361702128,2.0,1.0,4.159574468085107,1.5638297872340425,1.7446808510638299,1.2127659574468086,141.36170212765958,102.0
1579.0,1523.1489361702127,2003.904255319149,55.91489361702128,2.0,1.0,4.159574468085107,1.5638297872340425,1.7446808510638299,1.2127659574468086,141.36170212765958,192.0
1100.0,1523.1489361702127,2003.904255319149,55.91489361702128,2.0,1.0,4.159574468085107,1.5638297872340425,1.7446808510638299,1.2127659574468086,141.36170212765958,127.0
956.0,1523.1489361702127,2003.904255319149,55.91489361702128,2.0,1.0,4.159574468085107,1.5638297872340425,1.7446808510638299,1.2127659574468086,141.36170212765958,272.0
2706.0,1523.1489361702127,2003.904255319149,55.91489361702128,2.0,1.0,4.159574468085107,1.5638297872340425,1.7446808510638299,1.2127659574468086,141.36170212765958,268.0
2275.0,1523.1489361702127,2003.904255319149,55.91489361702128,2.0,1.0,4.159574468085107,1.5638297872340425,1.7446808510638299,1.2127659574468086,141.36170212765958,119.0
1395.0,1523.1489361702127,2003.904255319149,55.91489361702128,2.0,1.0,4.159574468085107,1.5638297872340425,1.7446808510638299,1.2127659574468086,141.36170212765958,100.0
520.0,1523.1489361702127,2003.904255319149,55.91489361702128,2.0,1.0,4.159574468085107,1.5638297872340425,1.7446808510638299,1.2127659574468086,141.36170212765958,164.0
2819.0,1523.1489361702127,2003.904255319149,55.91489361702128,2.0,1.0,4.159574468085107,1.5638297872340425,1.7446808510638299,1.2127659574468086,141.36170212765958,123.0
51.0,1523.1489361702127,2003.904255319149,55.91489361702128,2.0,1.0,4.159574468085107,1.5638297872340425,1.7446808510638299,1.2127659574468086,141.36170212765958,201.0
370.0,1523.1489361702127,2003.904255319149,55.91489361702128,2.0,1.0,4.159574468085107,1.5638297872340425,1.7446808510638299,1.2127659574468086,141.36170212765958,272.0
1787.0,1523.1489361702127,2003.904255319149,55.91489361702128,2.0,1.0,4.159574468085107,1.5638297872340425,1.7446808510638299,1.2127659574468086,141.36170212765958,131.0
890.0,1523.1489361702127,2003.904255319149,55.91489361702128,2.0,1.0,4.159574468085107,1.5638297872340425,1.7446808510638299,1.2127659574468086,141.36170212765958,123.0
1262.0,1523.1489361702127,2003.904255319149,55.91489361702128,2.0,1.0,4.159574468085107,1.5638297872340425,1.7446808510638299,1.2127659574468086,141.36170212765958,108.0
2828.0,1523.1489361702127,2003.904255319149,55.91489361702128,2.0,1.0,4.159574468085107,1.5638297872340425,1.7446808510638299,1.2127659574468086,141.36170212765958,114.0
546.0,1523.1489361702127,2003.904255319149,55.91489361702128,2.0,1.0,4.159574468085107,1.5638297872340425,1.7446808510638299,1.2127659574468086,141.36170212765958,32.0
2439.0,1523.1489361702127,2003.904255319149,55.91489361702128,2.0,1.0,4.159574468085107,1.5638297872340425,1.7446808510638299,1.2127659574468086,141.36170212765958,143.0
777.0,1523.1489361702127,2003.904255319149,55.91489361702128,2.0,1.0,4.159574468085107,1.5638297872340425,1.7446808510638299,1.2127659574468086,141.36170212765958,105.0
341.0,1523.1489361702127,2003.904255319149,55.91489361702128,2.0,1.0,4.159574468085107,1.5638297872340425,1.7446808510638299,1.2127659574468086,141.36170212765958,127.0
1310.0,1523.1489361702127,2003.904255319149,55.91489361702128,2.0,1.0,4.159574468085107,1.5638297872340425,1.7446808510638299,1.2127659574468086,141.36170212765958,268.0
1674.0,1523.1489361702127,2003.904255319149,55.91489361702128,2.0,1.0,4.159574468085107,1.5638297872340425,1.7446808510638299,1.2127659574468086,141.36170212765958,127.0
2122.0,1523.1489361702127,2003.904255319149,55.91489361702128,2.0,1.0,4.159574468085107,1.5638297872340425,1.7446808510638299,1.2127659574468086,141.36170212765958,123.0
2584.0,1523.1489361702127,2003.904255319149,55.91489361702128,2.0,1.0,4.159574468085107,1.5638297872340425,1.7446808510638299,1.2127659574468086,141.36170212765958,135.0
350.0,1523.1489361702127,2003.904255319149,55.91489361702128,2.0,1.0,4.159574468085107,1.5638297872340425,1.7446808510638299,1.2127659574468086,141.36170212765958,177.0
2422.0,1523.1489361702127,2003.904255319149,55.91489361702128,2.0,1.0,4.159574468085107,1.5638297872340425,1.7446808510638299,1.2127659574468086,141.36170212765958,105.0
2027.0,1523.1489361702127,2003.904255319149,55.91489361702128,2.0,1.0,4.159574468085107,1.5638297872340425,1.7446808510638299,1.2127659574468086,141.36170212765958,278.0
1428.0,1523.1489361702127,2003.904255319149,55.91489361702128,2.0,1.0,4.159574468085107,1.5638297872340425,1.7446808510638299,1.2127659574468086,141.36170212765958,161.0
661.0,1523.1489361702127,2003.904255319149,55.91489361702128,2.0,1.0,4.159574468085107,1.5638297872340425,1.7446808510638299,1.2127659574468086,141.36170212765958,96.0
1022.0,1523.1489361702127,2003.904255319149,55.91489361702128,2.0,1.0,4.159574468085107,1.5638297872340425,1.7446808510638299,1.2127659574468086,141.36170212765958,138.0
1273.0,1523.1489361702127,2003.904255319149,55.91489361702128,2.0,1.0,4.159574468085107,1.5638297872340425,1.7446808510638299,1.2127659574468086,141.36170212765958,125.0
439.0,1523.1489361702127,2003.904255319149,55.91489361702128,2.0,1.0,4.159574468085107,1.5638297872340425,1.7446808510638299,1.2127659574468086,141.36170212765958,144.0
31.0,1523.1489361702127,2003.904255319149,55.91489361702128,2.0,1.0,4.159574468085107,1.5638297872340425,1.7446808510638299,1.2127659574468086,141.36170212765958,196.0
2848.0,1523.1489361702127,2003.904255319149,55.91489361702128,2.0,1.0,4.159574468085107,1.5638297872340425,1.7446808510638299,1.2127659574468086,141.36170212765958,114.0
1000.0,1523.1489361702127,2003.904255319149,55.91489361702128,2.0,1.0,4.159574468085107,1.5638297872340425,1.7446808510638299,1.2127659574468086,141.36170212765958,138.0
2117.0,1523.1489361702127,2003.904255319149,55.91489361702128,2.0,1.0,4.159574468085107,1.5638297872340425,1.7446808510638299,1.2127659574468086,141.36170212765958,256.0
522.0,1523.1489361702127,2003.904255319149,55.91489361702128,2.0,1.0,4.159574468085107,1.5638297872340425,1.7446808510638299,1.2127659574468086,141.36170212765958,131.0
2281.0,1523.1489361702127,2003.904255319149,55.91489361702128,2.0,1.0,4.159574468085107,1.5638297872340425,1.7446808510638299,1.2127659574468086,141.36170212765958,148.0
351.0,1523.1489361702127,2003.904255319149,55.91489361702128,2.0,1.0,4.159574468085107,1.5638297872340425,1.7446808510638299,1.2127659574468086,141.36170212765958,137.0
1372.0,1523.1489361702127,2003.904255319149,55.91489361702128,2.0,1.0,4.159574468085107,1.5638297872340425,1.7446808510638299,1.2127659574468086,141.36170212765958,272.0
2222.0,1523.1489361702127,2003.904255319149,55.91489361702128,2.0,1.0,4.159574468085107,1.5638297872340425,1.7446808510638299,1.2127659574468086,141.36170212765958,135.0
1810.0,1523.1489361702127,2003.904255319149,55.91489361702128,2.0,1.0,4.159574468085107,1.5638297872340425,1.7446808510638299,1.2127659574468086,141.36170212765958,139.0
2213.0,1523.1489361702127,2003.904255319149,55.91489361702128,2.0,1.0,4.159574468085107,1.5638297872340425,1.7446808510638299,1.2127659574468086,141.36170212765958,119.0
2146.0,1523.1489361702127,2003.904255319149,55.91489361702128,2.0,1.0,4.159574468085107,1.5638297872340425,1.7446808510638299,1.2127659574468086,141.36170212765958,121.0
1916.0,1523.1489361702127,2003.904255319149,55.91489361702128,2.0,1.0,4.159574468085107,1.5638297872340425,1.7446808510638299,1.2127659574468086,141.36170212765958,114.0
1967.0,1523.1489361702127,2003.904255319149,55.91489361702128,2.0,1.0,4.159574468085107,1.5638297872340425,1.7446808510638299,1.2127659574468086,141.36170212765958,71.0
1017.0,1523.1489361702127,2003.904255319149,55.91489361702128,2.0,1.0,4.159574468085107,1.5638297872340425,1.7446808510638299,1.2127659574468086,141.36170212765958,182.0
855.0,1523.1489361702127,2003.904255319149,55.91489361702128,2.0,1.0,4.159574468085107,1.5638297872340425,1.7446808510638299,1.2127659574468086,141.36170212765958,63.0
1793.0,1523.1489361702127,2003.904255319149,55.91489361702128,2.0,1.0,4.159574468085107,1.5638297872340425,1.7446808510638299,1.2127659574468086,141.36170212765958,106.0
702.0,1523.1489361702127,2003.904255319149,55.91489361702128,2.0,1.0,4.159574468085107,1.5638297872340425,1.7446808510638299,1.2127659574468086,141.36170212765958,119.0
408.0,1523.1489361702127,2003.904255319149,55.91489361702128,2.0,1.0,4.159574468085107,1.5638297872340425,1.7446808510638299,1.2127659574468086,141.36170212765958,105.0
2562.0,1523.1489361702127,2003.904255319149,55.91489361702128,2.0,1.0,4.159574468085107,1.5638297872340425,1.7446808510638299,1.2127659574468086,141.36170212765958,148.0
1749.0,1523.1489361702127,2003.904255319149,55.91489361702128,2.0,1.0,4.159574468085107,1.5638297872340425,1.7446808510638299,1.2127659574468086,141.36170212765958,75.0
1795.0,1523.1489361702127,2003.904255319149,55.91489361702128,2.0,1.0,4.159574468085107,1.5638297872340425,1.7446808510638299,1.2127659574468086,141.36170212765958,170.0
363.0,1523.1489361702127,2003.904255319149,55.91489361702128,2.0,1.0,4.159574468085107,1.5638297872340425,1.7446808510638299,1.2127659574468086,141.36170212765958,156.0
1661.0,1523.1489361702127,2003.904255319149,55.91489361702128,2.0,1.0,4.159574468085107,1.5638297872340425,1.7446808510638299,1.2127659574468086,141.36170212765958,110.0
178.0,1523.1489361702127,2003.904255319149,55.91489361702128,2.0,1.0,4.159574468085107,1.5638297872340425,1.7446808510638299,1.2127659574468086,141.36170212765958,100.0
1512.0,1523.1489361702127,2003.904255319149,55.91489361702128,2.0,1.0,4.159574468085107,1.5638297872340425,1.7446808510638299,1.2127659574468086,141.36170212765958,129.0
1312.0,1523.1489361702127,2003.904255319149,55.91489361702128,2.0,1.0,4.159574468085107,1.5638297872340425,1.7446808510638299,1.2127659574468086,141.36170212765958,108.0
130.0,1523.1489361702127,2003.904255319149,55.91489361702128,2.0,1.0,4.159574468085107,1.5638297872340425,1.7446808510638299,1.2127659574468086,141.36170212765958,79.0
1994.0,1523.1489361702127,2003.904255319149,55.91489361702128,2.0,1.0,4.159574468085107,1.5638297872340425,1.7446808510638299,1.2127659574468086,141.36170212765958,135.0
1757.0,1523.1489361702127,2003.904255319149,55.91489361702128,2.0,1.0,4.159574468085107,1.5638297872340425,1.7446808510638299,1.2127659574468086,141.36170212765958,72.0
77.0,1523.1489361702127,2003.904255319149,55.91489361702128,2.0,1.0,4.159574468085107,1.5638297872340425,1.7446808510638299,1.2127659574468086,141.36170212765958,268.0
788.0,1523.1489361702127,2003.904255319149,55.91489361702128,2.0,1.0,4.159574468085107,1.5638297872340425,1.7446808510638299,1.2127659574468086,141.36170212765958,132.0
2604.0,1523.1489361702127,2003.904255319149,55.91489361702128,2.0,1.0,4.159574468085107,1.5638297872340425,1.7446808510638299,1.2127659574468086,141.36170212765958,148.0
2121.0,1523.1489361702127,2003.904255319149,55.91489361702128,2.0,1.0,4.159574468085107,1.5638297872340425,1.7446808510638299,1.2127659574468086,141.36170212765958,131.0
2797.0,1523.1489361702127,2003.904255319149,55.91489361702128,2.0,1.0,4.159574468085107,1.5638297872340425,1.7446808510638299,1.2127659574468086,141.36170212765958,268.0
2877.0,1523.1489361702127,2003.904255319149,55.91489361702128,2.0,1.0,4.159574468085107,1.5638297872340425,1.7446808510638299,1.2127659574468086,141.36170212765958,119.0
2185.0,1523.1489361702127,2003.904255319149,55.91489361702128,2.0,1.0,4.159574468085107,1.5638297872340425,1.7446808510638299,1.2127659574468086,141.36170212765958,138.0
1660.0,1523.1489361702127,2003.904255319149,55.91489361702128,2.0,1.0,4.159574468085107,1.5638297872340425,1.7446808510638299,1.2127659574468086,141.36170212765958,105.0
1237.0,1523.1489361702127,2003.904255319149,55.91489361702128,2.0,1.0,4.159574468085107,1.5638297872340425,1.7446808510638299,1.2127659574468086,141.36170212765958,59.0
786.0,1523.1489361702127,2003.904255319149,55.91489361702128,2.0,1.0,4.159574468085107,1.5638297872340425,1.7446808510638299,1.2127659574468086,141.36170212765958,121.0
2005.0,1523.1489361702127,2003.904255319149,55.91489361702128,2.0,1.0,4.159574468085107,1.5638297872340425,1.7446808510638299,1.2127659574468086,141.36170212765958,47.0
2174.0,1523.1489361702127,2003.904255319149,55.91489361702128,2.0,1.0,4.159574468085107,1.5638297872340425,1.7446808510638299,1.2127659574468086,141.36170212765958,201.0
1914.0,1523.1489361702127,2003.904255319149,55.91489361702128,2.0,1.0,4.159574468085107,1.5638297872340425,1.7446808510638299,1.2127659574468086,141.36170212765958,177.0
733.0,1523.1489361702127,2003.904255319149,55.91489361702128,2.0,1.0,4.159574468085107,1.5638297872340425,1.7446808510638299,1.2127659574468086,141.36170212765958,134.0
82.0,1523.1489361702127,2003.904255319149,55.91489361702128,2.0,1.0,4.159574468085107,1.5638297872340425,1.7446808510638299,1.2127659574468086,141.36170212765958,107.0
2031.0,1523.1489361702127,2003.904255319149,55.91489361702128,2.0,1.0,4.159574468085107,1.5638297872340425,1.7446808510638299,1.2127659574468086,141.36170212765958,100.0
2521.0,1523.1489361702127,2003.904255319149,55.91489361702128,2.0,1.0,4.159574468085107,1.5638297872340425,1.7446808510638299,1.2127659574468086,141.36170212765958,177.0
2760.0,1523.1489361702127,2003.904255319149,55.91489361702128,2.0,1.0,4.159574468085107,1.5638297872340425,1.7446808510638299,1.2127659574468086,141.36170212765958,138.0
2929.0,1523.1489361702127,2003.904255319149,55.91489361702128,2.0,1.0,4.159574468085107,1.5638297872340425,1.7446808510638299,1.2127659574468086,141.36170212765958,148.0
2320.0,1523.1489361702127,2003.904255319149,55.91489361702128,2.0,1.0,4.159574468085107,1.5638297872340425,1.7446808510638299,1.2127659574468086,141.36170212765958,148.0
977.0,1523.1489361702127,2003.904255319149,55.91489361702128,2.0,1.0,4.159574468085107,1.5638297872340425,1.7446808510638299,1.2127659574468086,141.36170212765958,143.0
2757.0,1523.1489361702127,2003.904255319149,55.91489361702128,2.0,1.0,4.159574468085107,1.5638297872340425,1.7446808510638299,1.2127659574468086,141.36170212765958,119.0
1328.0,1523.1489361702127,2003.904255319149,55.91489361702128,2.0,1.0,4.159574468085107,1.5638297872340425,1.7446808510638299,1.2127659574468086,141.36170212765958,47.0
2987.0,1523.1489361702127,2003.904255319149,55.91489361702128,2.0,1.0,4.159574468085107,1.5638297872340425,1.7446808510638299,1.2127659574468086,141.36170212765958,131.0
2069.0,1523.1489361702127,2003.904255319149,55.91489361702128,2.0,1.0,4.159574468085107,1.5638297872340425,1.7446808510638299,1.2127659574468086,141.36170212765958,138.0
191.0,1523.1489361702127,2003.904255319149,55.91489361702128,2.0,1.0,4.159574468085107,1.5638297872340425,1.7446808510638299,1.2127659574468086,141.36170212765958,152.0
1657.0,1523.1489361702127,2003.904255319149,55.91489361702128,2.0,1.0,4.159574468085107,1.5638297872340425,1.7446808510638299,1.2127659574468086,141.36170212765958,114.0
2374.0,1523.1489361702127,2003.904255319149,55.91489361702128,2.0,1.0,4.159574468085107,1.5638297872340425,1.7446808510638299,1.2127659574468086,141.36170212765958,94.0
551.0,1491.0,2006.3095238095239,48.04761904761905,2.0,2.0,3.0,1.5,1.7857142857142858,1.3571428571428572,109.52380952380952,97.0
906.0,1491.0,2006.3095238095239,48.04761904761905,2.0,2.0,3.0,1.5,1.7857142857142858,1.3571428571428572,109.52380952380952,105.0
1564.0,1491.0,2006.3095238095239,48.04761904761905,2.0,2.0,3.0,1.5,1.7857142857142858,1.3571428571428572,109.52380952380952,106.0
994.0,1491.0,2006.3095238095239,48.04761904761905,2.0,2.0,3.0,1.5,1.7857142857142858,1.3571428571428572,109.52380952380952,94.0
2212.0,1491.0,2006.3095238095239,48.04761904761905,2.0,2.0,3.0,1.5,1.7857142857142858,1.3571428571428572,109.52380952380952,117.0
1501.0,1491.0,2006.3095238095239,48.04761904761905,2.0,2.0,3.0,1.5,1.7857142857142858,1.3571428571428572,109.52380952380952,94.0
2969.0,1491.0,2006.3095238095239,48.04761904761905,2.0,2.0,3.0,1.5,1.7857142857142858,1.3571428571428572,109.52380952380952,85.0
268.0,1491.0,2006.3095238095239,48.04761904761905,2.0,2.0,3.0,1.5,1.7857142857142858,1.3571428571428572,109.52380952380952,100.0
2975.0,1491.0,2006.3095238095239,48.04761904761905,2.0,2.0,3.0,1.5,1.7857142857142858,1.3571428571428572,109.52380952380952,119.0
592.0,1491.0,2006.3095238095239,48.04761904761905,2.0,2.0,3.0,1.5,1.7857142857142858,1.3571428571428572,109.52380952380952,92.0
1301.0,1491.0,2006.3095238095239,48.04761904761905,2.0,2.0,3.0,1.5,1.7857142857142858,1.3571428571428572,109.52380952380952,133.0
1261.0,1491.0,2006.3095238095239,48.04761904761905,2.0,2.0,3.0,1.5,1.7857142857142858,1.3571428571428572,109.52380952380952,65.0
2316.0,1491.0,2006.3095238095239,48.04761904761905,2.0,2.0,3.0,1.5,1.7857142857142858,1.3571428571428572,109.52380952380952,66.0
1383.0,1491.0,2006.3095238095239,48.04761904761905,2.0,2.0,3.0,1.5,1.7857142857142858,1.3571428571428572,109.52380952380952,117.0
1476.0,1491.0,2006.3095238095239,48.04761904761905,2.0,2.0,3.0,1.5,1.7857142857142858,1.3571428571428572,109.52380952380952,139.0
1230.0,1491.0,2006.3095238095239,48.04761904761905,2.0,2.0,3.0,1.5,1.7857142857142858,1.3571428571428572,109.52380952380952,318.0
2375.0,1491.0,2006.3095238095239,48.04761904761905,2.0,2.0,3.0,1.5,1.7857142857142858,1.3571428571428572,109.52380952380952,74.0
862.0,1491.0,2006.3095238095239,48.04761904761905,2.0,2.0,3.0,1.5,1.7857142857142858,1.3571428571428572,109.52380952380952,161.0
628.0,1491.0,2006.3095238095239,48.04761904761905,2.0,2.0,3.0,1.5,1.7857142857142858,1.3571428571428572,109.52380952380952,142.0
2729.0,1491.0,2006.3095238095239,48.04761904761905,2.0,2.0,3.0,1.5,1.7857142857142858,1.3571428571428572,109.52380952380952,135.0
1168.0,1491.0,2006.3095238095239,48.04761904761905,2.0,2.0,3.0,1.5,1.7857142857142858,1.3571428571428572,109.52380952380952,117.0
1912.0,1491.0,2006.3095238095239,48.04761904761905,2.0,2.0,3.0,1.5,1.7857142857142858,1.3571428571428572,109.52380952380952,77.0
1507.0,1491.0,2006.3095238095239,48.04761904761905,2.0,2.0,3.0,1.5,1.7857142857142858,1.3571428571428572,109.52380952380952,145.0
2424.0,1491.0,2006.3095238095239,48.04761904761905,2.0,2.0,3.0,1.5,1.7857142857142858,1.3571428571428572,109.52380952380952,27.0
1991.0,1491.0,2006.3095238095239,48.04761904761905,2.0,2.0,3.0,1.5,1.7857142857142858,1.3571428571428572,109.52380952380952,94.0
1027.0,1491.0,2006.3095238095239,48.04761904761905,2.0,2.0,3.0,1.5,1.7857142857142858,1.3571428571428572,109.52380952380952,192.0
2160.0,1491.0,2006.3095238095239,48.04761904761905,2.0,2.0,3.0,1.5,1.7857142857142858,1.3571428571428572,109.52380952380952,133.0
1042.0,1491.0,2006.3095238095239,48.04761904761905,2.0,2.0,3.0,1.5,1.7857142857142858,1.3571428571428572,109.52380952380952,100.0
311.0,1491.0,2006.3095238095239,48.04761904761905,2.0,2.0,3.0,1.5,1.7857142857142858,1.3571428571428572,109.52380952380952,77.0
2869.0,1491.0,2006.3095238095239,48.04761904761905,2.0,2.0,3.0,1.5,1.7857142857142858,1.3571428571428572,109.52380952380952,88.0
645.0,1491.0,2006.3095238095239,48.04761904761905,2.0,2.0,3.0,1.5,1.7857142857142858,1.3571428571428572,109.52380952380952,112.0
1993.0,1491.0,2006.3095238095239,48.04761904761905,2.0,2.0,3.0,1.5,1.7857142857142858,1.3571428571428572,109.52380952380952,81.0
983.0,1491.0,2006.3095238095239,48.04761904761905,2.0,2.0,3.0,1.5,1.7857142857142858,1.3571428571428572,109.52380952380952,148.0
342.0,1491.0,2006.3095238095239,48.04761904761905,2.0,2.0,3.0,1.5,1.7857142857142858,1.3571428571428572,109.52380952380952,85.0
451.0,1491.0,2006.3095238095239,48.04761904761905,2.0,2.0,3.0,1.5,1.7857142857142858,1.3571428571428572,109.52380952380952,93.0
1006.0,1491.0,2006.3095238095239,48.04761904761905,2.0,2.0,3.0,1.5,1.7857142857142858,1.3571428571428572,109.52380952380952,93.0
2991.0,1491.0,2006.3095238095239,48.04761904761905,2.0,2.0,3.0,1.5,1.7857142857142858,1.3571428571428572,109.52380952380952,132.0
1782.0,1491.0,2006.3095238095239,48.04761904761905,2.0,2.0,3.0,1.5,1.7857142857142858,1.3571428571428572,109.52380952380952,59.0
1869.0,1491.0,2006.3095238095239,48.04761904761905,2.0,2.0,3.0,1.5,1.7857142857142858,1.3571428571428572,109.52380952380952,88.0
1759.0,1491.0,2006.3095238095239,48.04761904761905,2.0,2.0,3.0,1.5,1.7857142857142858,1.3571428571428572,109.52380952380952,81.0
1390.0,1491.0,2006.3095238095239,48.04761904761905,2.0,2.0,3.0,1.5,1.7857142857142858,1.3571428571428572,109.52380952380952,88.0
907.0,1491.0,2006.3095238095239,48.04761904761905,2.0,2.0,3.0,1.5,1.7857142857142858,1.3571428571428572,109.52380952380952,131.0
2218.0,1551.967741935484,2005.989247311828,58.70967741935484,2.827956989247312,1.0,1.935483870967742,1.4086021505376345,1.4838709677419355,1.2365591397849462,99.3225806451613,95.0
1129.0,1551.967741935484,2005.989247311828,58.70967741935484,2.827956989247312,1.0,1.935483870967742,1.4086021505376345,1.4838709677419355,1.2365591397849462,99.3225806451613,94.0
131.0,1551.967741935484,2005.989247311828,58.70967741935484,2.827956989247312,1.0,1.935483870967742,1.4086021505376345,1.4838709677419355,1.2365591397849462,99.3225806451613,105.0
1148.0,1551.967741935484,2005.989247311828,58.70967741935484,2.827956989247312,1.0,1.935483870967742,1.4086021505376345,1.4838709677419355,1.2365591397849462,99.3225806451613,100.0
2673.0,1551.967741935484,2005.989247311828,58.70967741935484,2.827956989247312,1.0,1.935483870967742,1.4086021505376345,1.4838709677419355,1.2365591397849462,99.3225806451613,74.0
392.0,1551.967741935484,2005.989247311828,58.70967741935484,2.827956989247312,1.0,1.935483870967742,1.4086021505376345,1.4838709677419355,1.2365591397849462,99.3225806451613,115.0
337.0,1551.967741935484,2005.989247311828,58.70967741935484,2.827956989247312,1.0,1.935483870967742,1.4086021505376345,1.4838709677419355,1.2365591397849462,99.3225806451613,88.0
1574.0,1551.967741935484,2005.989247311828,58.70967741935484,2.827956989247312,1.0,1.935483870967742,1.4086021505376345,1.4838709677419355,1.2365591397849462,99.3225806451613,123.0
740.0,1551.967741935484,2005.989247311828,58.70967741935484,2.827956989247312,1.0,1.935483870967742,1.4086021505376345,1.4838709677419355,1.2365591397849462,99.3225806451613,135.0
1614.0,1551.967741935484,2005.989247311828,58.70967741935484,2.827956989247312,1.0,1.935483870967742,1.4086021505376345,1.4838709677419355,1.2365591397849462,99.3225806451613,93.0
2343.0,1551.967741935484,2005.989247311828,58.70967741935484,2.827956989247312,1.0,1.935483870967742,1.4086021505376345,1.4838709677419355,1.2365591397849462,99.3225806451613,40.0
1089.0,1551.967741935484,2005.989247311828,58.70967741935484,2.827956989247312,1.0,1.935483870967742,1.4086021505376345,1.4838709677419355,1.2365591397849462,99.3225806451613,119.0
537.0,1551.967741935484,2005.989247311828,58.70967741935484,2.827956989247312,1.0,1.935483870967742,1.4086021505376345,1.4838709677419355,1.2365591397849462,99.3225806451613,88.0
282.0,1551.967741935484,2005.989247311828,58.70967741935484,2.827956989247312,1.0,1.935483870967742,1.4086021505376345,1.4838709677419355,1.2365591397849462,99.3225806451613,117.0
1872.0,1551.967741935484,2005.989247311828,58.70967741935484,2.827956989247312,1.0,1.935483870967742,1.4086021505376345,1.4838709677419355,1.2365591397849462,99.3225806451613,110.0
1677.0,1551.967741935484,2005.989247311828,58.70967741935484,2.827956989247312,1.0,1.935483870967742,1.4086021505376345,1.4838709677419355,1.2365591397849462,99.3225806451613,111.0
1662.0,1551.967741935484,2005.989247311828,58.70967741935484,2.827956989247312,1.0,1.935483870967742,1.4086021505376345,1.4838709677419355,1.2365591397849462,99.3225806451613,133.0
1773.0,1551.967741935484,2005.989247311828,58.70967741935484,2.827956989247312,1.0,1.935483870967742,1.4086021505376345,1.4838709677419355,1.2365591397849462,99.3225806451613,109.0
79.0,1551.967741935484,2005.989247311828,58.70967741935484,2.827956989247312,1.0,1.935483870967742,1.4086021505376345,1.4838709677419355,1.2365591397849462,99.3225806451613,114.0
2336.0,1551.967741935484,2005.989247311828,58.70967741935484,2.827956989247312,1.0,1.935483870967742,1.4086021505376345,1.4838709677419355,1.2365591397849462,99.3225806451613,102.0
1790.0,1551.967741935484,2005.989247311828,58.70967741935484,2.827956989247312,1.0,1.935483870967742,1.4086021505376345,1.4838709677419355,1.2365591397849462,99.3225806451613,110.0
231.0,1551.967741935484,2005.989247311828,58.70967741935484,2.827956989247312,1.0,1.935483870967742,1.4086021505376345,1.4838709677419355,1.2365591397849462,99.3225806451613,96.0
5.0,1551.967741935484,2005.989247311828,58.70967741935484,2.827956989247312,1.0,1.935483870967742,1.4086021505376345,1.4838709677419355,1.2365591397849462,99.3225806451613,75.0
2932.0,1551.967741935484,2005.989247311828,58.70967741935484,2.827956989247312,1.0,1.935483870967742,1.4086021505376345,1.4838709677419355,1.2365591397849462,99.3225806451613,96.0
611.0,1551.967741935484,2005.989247311828,58.70967741935484,2.827956989247312,1.0,1.935483870967742,1.4086021505376345,1.4838709677419355,1.2365591397849462,99.3225806451613,103.0
2474.0,1551.967741935484,2005.989247311828,58.70967741935484,2.827956989247312,1.0,1.935483870967742,1.4086021505376345,1.4838709677419355,1.2365591397849462,99.3225806451613,119.0
387.0,1551.967741935484,2005.989247311828,58.70967741935484,2.827956989247312,1.0,1.935483870967742,1.4086021505376345,1.4838709677419355,1.2365591397849462,99.3225806451613,74.0
1820.0,1551.967741935484,2005.989247311828,58.70967741935484,2.827956989247312,1.0,1.935483870967742,1.4086021505376345,1.4838709677419355,1.2365591397849462,99.3225806451613,89.0
1304.0,1551.967741935484,2005.989247311828,58.70967741935484,2.827956989247312,1.0,1.935483870967742,1.4086021505376345,1.4838709677419355,1.2365591397849462,99.3225806451613,148.0
1682.0,1551.967741935484,2005.989247311828,58.70967741935484,2.827956989247312,1.0,1.935483870967742,1.4086021505376345,1.4838709677419355,1.2365591397849462,99.3225806451613,119.0
260.0,1551.967741935484,2005.989247311828,58.70967741935484,2.827956989247312,1.0,1.935483870967742,1.4086021505376345,1.4838709677419355,1.2365591397849462,99.3225806451613,90.0
1182.0,1551.967741935484,2005.989247311828,58.70967741935484,2.827956989247312,1.0,1.935483870967742,1.4086021505376345,1.4838709677419355,1.2365591397849462,99.3225806451613,100.0
801.0,1551.967741935484,2005.989247311828,58.70967741935484,2.827956989247312,1.0,1.935483870967742,1.4086021505376345,1.4838709677419355,1.2365591397849462,99.3225806451613,78.0
2276.0,1551.967741935484,2005.989247311828,58.70967741935484,2.827956989247312,1.0,1.935483870967742,1.4086021505376345,1.4838709677419355,1.2365591397849462,99.3225806451613,114.0
116.0,1551.967741935484,2005.989247311828,58.70967741935484,2.827956989247312,1.0,1.935483870967742,1.4086021505376345,1.4838709677419355,1.2365591397849462,99.3225806451613,94.0
1917.0,1551.967741935484,2005.989247311828,58.70967741935484,2.827956989247312,1.0,1.935483870967742,1.4086021505376345,1.4838709677419355,1.2365591397849462,99.3225806451613,67.0
911.0,1551.967741935484,2005.989247311828,58.70967741935484,2.827956989247312,1.0,1.935483870967742,1.4086021505376345,1.4838709677419355,1.2365591397849462,99.3225806451613,72.0
2239.0,1551.967741935484,2005.989247311828,58.70967741935484,2.827956989247312,1.0,1.935483870967742,1.4086021505376345,1.4838709677419355,1.2365591397849462,99.3225806451613,85.0
2672.0,1551.967741935484,2005.989247311828,58.70967741935484,2.827956989247312,1.0,1.935483870967742,1.4086021505376345,1.4838709677419355,1.2365591397849462,99.3225806451613,90.0
2930.0,1551.967741935484,2005.989247311828,58.70967741935484,2.827956989247312,1.0,1.935483870967742,1.4086021505376345,1.4838709677419355,1.2365591397849462,99.3225806451613,100.0
1666.0,1551.967741935484,2005.989247311828,58.70967741935484,2.827956989247312,1.0,1.935483870967742,1.4086021505376345,1.4838709677419355,1.2365591397849462,99.3225806451613,62.0
2892.0,1551.967741935484,2005.989247311828,58.70967741935484,2.827956989247312,1.0,1.935483870967742,1.4086021505376345,1.4838709677419355,1.2365591397849462,99.3225806451613,99.0
794.0,1551.967741935484,2005.989247311828,58.70967741935484,2.827956989247312,1.0,1.935483870967742,1.4086021505376345,1.4838709677419355,1.2365591397849462,99.3225806451613,98.0
2365.0,1551.967741935484,2005.989247311828,58.70967741935484,2.827956989247312,1.0,1.935483870967742,1.4086021505376345,1.4838709677419355,1.2365591397849462,99.3225806451613,103.0
2881.0,1551.967741935484,2005.989247311828,58.70967741935484,2.827956989247312,1.0,1.935483870967742,1.4086021505376345,1.4838709677419355,1.2365591397849462,99.3225806451613,282.0
602.0,1551.967741935484,2005.989247311828,58.70967741935484,2.827956989247312,1.0,1.935483870967742,1.4086021505376345,1.4838709677419355,1.2365591397849462,99.3225806451613,112.0
2665.0,1551.967741935484,2005.989247311828,58.70967741935484,2.827956989247312,1.0,1.935483870967742,1.4086021505376345,1.4838709677419355,1.2365591397849462,99.3225806451613,24.0
2980.0,1551.967741935484,2005.989247311828,58.70967741935484,2.827956989247312,1.0,1.935483870967742,1.4086021505376345,1.4838709677419355,1.2365591397849462,99.3225806451613,161.0
329.0,1551.967741935484,2005.989247311828,58.70967741935484,2.827956989247312,1.0,1.935483870967742,1.4086021505376345,1.4838709677419355,1.2365591397849462,99.3225806451613,80.0
2927.0,1551.967741935484,2005.989247311828,58.70967741935484,2.827956989247312,1.0,1.935483870967742,1.4086021505376345,1.4838709677419355,1.2365591397849462,99.3225806451613,110.0
1908.0,1551.967741935484,2005.989247311828,58.70967741935484,2.827956989247312,1.0,1.935483870967742,1.4086021505376345,1.4838709677419355,1.2365591397849462,99.3225806451613,94.0
756.0,1551.967741935484,2005.989247311828,58.70967741935484,2.827956989247312,1.0,1.935483870967742,1.4086021505376345,1.4838709677419355,1.2365591397849462,99.3225806451613,94.0
2549.0,1551.967741935484,2005.989247311828,58.70967741935484,2.827956989247312,1.0,1.935483870967742,1.4086021505376345,1.4838709677419355,1.2365591397849462,99.3225806451613,101.0
2833.0,1551.967741935484,2005.989247311828,58.70967741935484,2.827956989247312,1.0,1.935483870967742,1.4086021505376345,1.4838709677419355,1.2365591397849462,99.3225806451613,135.0
1469.0,1551.967741935484,2005.989247311828,58.70967741935484,2.827956989247312,1.0,1.935483870967742,1.4086021505376345,1.4838709677419355,1.2365591397849462,99.3225806451613,126.0
1460.0,1551.967741935484,2005.989247311828,58.70967741935484,2.827956989247312,1.0,1.935483870967742,1.4086021505376345,1.4838709677419355,1.2365591397849462,99.3225806451613,73.0
2201.0,1551.967741935484,2005.989247311828,58.70967741935484,2.827956989247312,1.0,1.935483870967742,1.4086021505376345,1.4838709677419355,1.2365591397849462,99.3225806451613,74.0
2168.0,1551.967741935484,2005.989247311828,58.70967741935484,2.827956989247312,1.0,1.935483870967742,1.4086021505376345,1.4838709677419355,1.2365591397849462,99.3225806451613,83.0
2309.0,1551.967741935484,2005.989247311828,58.70967741935484,2.827956989247312,1.0,1.935483870967742,1.4086021505376345,1.4838709677419355,1.2365591397849462,99.3225806451613,40.0
1342.0,1551.967741935484,2005.989247311828,58.70967741935484,2.827956989247312,1.0,1.935483870967742,1.4086021505376345,1.4838709677419355,1.2365591397849462,99.3225806451613,108.0
220.0,1551.967741935484,2005.989247311828,58.70967741935484,2.827956989247312,1.0,1.935483870967742,1.4086021505376345,1.4838709677419355,1.2365591397849462,99.3225806451613,79.0
726.0,1551.967741935484,2005.989247311828,58.70967741935484,2.827956989247312,1.0,1.935483870967742,1.4086021505376345,1.4838709677419355,1.2365591397849462,99.3225806451613,119.0
2011.0,1551.967741935484,2005.989247311828,58.70967741935484,2.827956989247312,1.0,1.935483870967742,1.4086021505376345,1.4838709677419355,1.2365591397849462,99.3225806451613,74.0
2779.0,1551.967741935484,2005.989247311828,58.70967741935484,2.827956989247312,1.0,1.935483870967742,1.4086021505376345,1.4838709677419355,1.2365591397849462,99.3225806451613,69.0
1477.0,1551.967741935484,2005.989247311828,58.70967741935484,2.827956989247312,1.0,1.935483870967742,1.4086021505376345,1.4838709677419355,1.2365591397849462,99.3225806451613,25.0
2852.0,1551.967741935484,2005.989247311828,58.70967741935484,2.827956989247312,1.0,1.935483870967742,1.4086021505376345,1.4838709677419355,1.2365591397849462,99.3225806451613,81.0
1059.0,1551.967741935484,2005.989247311828,58.70967741935484,2.827956989247312,1.0,1.935483870967742,1.4086021505376345,1.4838709677419355,1.2365591397849462,99.3225806451613,89.0
2594.0,1551.967741935484,2005.989247311828,58.70967741935484,2.827956989247312,1.0,1.935483870967742,1.4086021505376345,1.4838709677419355,1.2365591397849462,99.3225806451613,81.0
2651.0,1551.967741935484,2005.989247311828,58.70967741935484,2.827956989247312,1.0,1.935483870967742,1.4086021505376345,1.4838709677419355,1.2365591397849462,99.3225806451613,83.0
96.0,1551.967741935484,2005.989247311828,58.70967741935484,2.827956989247312,1.0,1.935483870967742,1.4086021505376345,1.4838709677419355,1.2365591397849462,99.3225806451613,100.0
1934.0,1551.967741935484,2005.989247311828,58.70967741935484,2.827956989247312,1.0,1.935483870967742,1.4086021505376345,1.4838709677419355,1.2365591397849462,99.3225806451613,110.0
1921.0,1551.967741935484,2005.989247311828,58.70967741935484,2.827956989247312,1.0,1.935483870967742,1.4086021505376345,1.4838709677419355,1.2365591397849462,99.3225806451613,114.0
63.0,1551.967741935484,2005.989247311828,58.70967741935484,2.827956989247312,1.0,1.935483870967742,1.4086021505376345,1.4838709677419355,1.2365591397849462,99.3225806451613,78.0
2462.0,1551.967741935484,2005.989247311828,58.70967741935484,2.827956989247312,1.0,1.935483870967742,1.4086021505376345,1.4838709677419355,1.2365591397849462,99.3225806451613,136.0
483.0,1551.967741935484,2005.989247311828,58.70967741935484,2.827956989247312,1.0,1.935483870967742,1.4086021505376345,1.4838709677419355,1.2365591397849462,99.3225806451613,74.0
1385.0,1551.967741935484,2005.989247311828,58.70967741935484,2.827956989247312,1.0,1.935483870967742,1.4086021505376345,1.4838709677419355,1.2365591397849462,99.3225806451613,100.0
2100.0,1551.967741935484,2005.989247311828,58.70967741935484,2.827956989247312,1.0,1.935483870967742,1.4086021505376345,1.4838709677419355,1.2365591397849462,99.3225806451613,65.0
2491.0,1551.967741935484,2005.989247311828,58.70967741935484,2.827956989247312,1.0,1.935483870967742,1.4086021505376345,1.4838709677419355,1.2365591397849462,99.3225806451613,126.0
880.0,1551.967741935484,2005.989247311828,58.70967741935484,2.827956989247312,1.0,1.935483870967742,1.4086021505376345,1.4838709677419355,1.2365591397849462,99.3225806451613,100.0
2220.0,1551.967741935484,2005.989247311828,58.70967741935484,2.827956989247312,1.0,1.935483870967742,1.4086021505376345,1.4838709677419355,1.2365591397849462,99.3225806451613,81.0
2247.0,1551.967741935484,2005.989247311828,58.70967741935484,2.827956989247312,1.0,1.935483870967742,1.4086021505376345,1.4838709677419355,1.2365591397849462,99.3225806451613,110.0
1035.0,1551.967741935484,2005.989247311828,58.70967741935484,2.827956989247312,1.0,1.935483870967742,1.4086021505376345,1.4838709677419355,1.2365591397849462,99.3225806451613,93.0
1575.0,1551.967741935484,2005.989247311828,58.70967741935484,2.827956989247312,1.0,1.935483870967742,1.4086021505376345,1.4838709677419355,1.2365591397849462,99.3225806451613,90.0
538.0,1551.967741935484,2005.989247311828,58.70967741935484,2.827956989247312,1.0,1.935483870967742,1.4086021505376345,1.4838709677419355,1.2365591397849462,99.3225806451613,90.0
2138.0,1551.967741935484,2005.989247311828,58.70967741935484,2.827956989247312,1.0,1.935483870967742,1.4086021505376345,1.4838709677419355,1.2365591397849462,99.3225806451613,127.0
925.0,1551.967741935484,2005.989247311828,58.70967741935484,2.827956989247312,1.0,1.935483870967742,1.4086021505376345,1.4838709677419355,1.2365591397849462,99.3225806451613,110.0
112.0,1551.967741935484,2005.989247311828,58.70967741935484,2.827956989247312,1.0,1.935483870967742,1.4086021505376345,1.4838709677419355,1.2365591397849462,99.3225806451613,81.0
954.0,1551.967741935484,2005.989247311828,58.70967741935484,2.827956989247312,1.0,1.935483870967742,1.4086021505376345,1.4838709677419355,1.2365591397849462,99.3225806451613,144.0
2772.0,1551.967741935484,2005.989247311828,58.70967741935484,2.827956989247312,1.0,1.935483870967742,1.4086021505376345,1.4838709677419355,1.2365591397849462,99.3225806451613,109.0
1024.0,1551.967741935484,2005.989247311828,58.70967741935484,2.827956989247312,1.0,1.935483870967742,1.4086021505376345,1.4838709677419355,1.2365591397849462,99.3225806451613,110.0
2319.0,1551.967741935484,2005.989247311828,58.70967741935484,2.827956989247312,1.0,1.935483870967742,1.4086021505376345,1.4838709677419355,1.2365591397849462,99.3225806451613,129.0
1192.0,1551.967741935484,2005.989247311828,58.70967741935484,2.827956989247312,1.0,1.935483870967742,1.4086021505376345,1.4838709677419355,1.2365591397849462,99.3225806451613,129.0
1856.0,1551.967741935484,2005.989247311828,58.70967741935484,2.827956989247312,1.0,1.935483870967742,1.4086021505376345,1.4838709677419355,1.2365591397849462,99.3225806451613,88.0
2733.0,1573.7659574468084,2004.0425531914893,36.234042553191486,2.0,1.0,4.01063829787234,1.702127659574468,1.8404255319148937,1.202127659574468,130.40425531914894,129.0
2858.0,1573.7659574468084,2004.0425531914893,36.234042553191486,2.0,1.0,4.01063829787234,1.702127659574468,1.8404255319148937,1.202127659574468,130.40425531914894,180.0
1516.0,1573.7659574468084,2004.0425531914893,36.234042553191486,2.0,1.0,4.01063829787234,1.702127659574468,1.8404255319148937,1.202127659574468,130.40425531914894,148.0
1243.0,1573.7659574468084,2004.0425531914893,36.234042553191486,2.0,1.0,4.01063829787234,1.702127659574468,1.8404255319148937,1.202127659574468,130.40425531914894,83.0
1478.0,1573.7659574468084,2004.0425531914893,36.234042553191486,2.0,1.0,4.01063829787234,1.702127659574468,1.8404255319148937,1.202127659574468,130.40425531914894,81.0
2565.0,1573.7659574468084,2004.0425531914893,36.234042553191486,2.0,1.0,4.01063829787234,1.702127659574468,1.8404255319148937,1.202127659574468,130.40425531914894,140.0
14.0,1573.7659574468084,2004.0425531914893,36.234042553191486,2.0,1.0,4.01063829787234,1.702127659574468,1.8404255319148937,1.202127659574468,130.40425531914894,135.0
1435.0,1573.7659574468084,2004.0425531914893,36.234042553191486,2.0,1.0,4.01063829787234,1.702127659574468,1.8404255319148937,1.202127659574468,130.40425531914894,84.0
1437.0,1573.7659574468084,2004.0425531914893,36.234042553191486,2.0,1.0,4.01063829787234,1.702127659574468,1.8404255319148937,1.202127659574468,130.40425531914894,119.0
375.0,1573.7659574468084,2004.0425531914893,36.234042553191486,2.0,1.0,4.01063829787234,1.702127659574468,1.8404255319148937,1.202127659574468,130.40425531914894,112.0
1102.0,1573.7659574468084,2004.0425531914893,36.234042553191486,2.0,1.0,4.01063829787234,1.702127659574468,1.8404255319148937,1.202127659574468,130.40425531914894,128.0
1202.0,1573.7659574468084,2004.0425531914893,36.234042553191486,2.0,1.0,4.01063829787234,1.702127659574468,1.8404255319148937,1.202127659574468,130.40425531914894,107.0
1992.0,1573.7659574468084,2004.0425531914893,36.234042553191486,2.0,1.0,4.01063829787234,1.702127659574468,1.8404255319148937,1.202127659574468,130.40425531914894,135.0
1248.0,1573.7659574468084,2004.0425531914893,36.234042553191486,2.0,1.0,4.01063829787234,1.702127659574468,1.8404255319148937,1.202127659574468,130.40425531914894,139.0
1336.0,1573.7659574468084,2004.0425531914893,36.234042553191486,2.0,1.0,4.01063829787234,1.702127659574468,1.8404255319148937,1.202127659574468,130.40425531914894,119.0
1067.0,1573.7659574468084,2004.0425531914893,36.234042553191486,2.0,1.0,4.01063829787234,1.702127659574468,1.8404255319148937,1.202127659574468,130.40425531914894,103.0
1251.0,1573.7659574468084,2004.0425531914893,36.234042553191486,2.0,1.0,4.01063829787234,1.702127659574468,1.8404255319148937,1.202127659574468,130.40425531914894,142.0
1722.0,1573.7659574468084,2004.0425531914893,36.234042553191486,2.0,1.0,4.01063829787234,1.702127659574468,1.8404255319148937,1.202127659574468,130.40425531914894,97.0
1771.0,1573.7659574468084,2004.0425531914893,36.234042553191486,2.0,1.0,4.01063829787234,1.702127659574468,1.8404255319148937,1.202127659574468,130.40425531914894,100.0
633.0,1573.7659574468084,2004.0425531914893,36.234042553191486,2.0,1.0,4.01063829787234,1.702127659574468,1.8404255319148937,1.202127659574468,130.40425531914894,161.0
1466.0,1573.7659574468084,2004.0425531914893,36.234042553191486,2.0,1.0,4.01063829787234,1.702127659574468,1.8404255319148937,1.202127659574468,130.40425531914894,123.0
758.0,1573.7659574468084,2004.0425531914893,36.234042553191486,2.0,1.0,4.01063829787234,1.702127659574468,1.8404255319148937,1.202127659574468,130.40425531914894,177.0
2030.0,1573.7659574468084,2004.0425531914893,36.234042553191486,2.0,1.0,4.01063829787234,1.702127659574468,1.8404255319148937,1.202127659574468,130.40425531914894,127.0
2061.0,1573.7659574468084,2004.0425531914893,36.234042553191486,2.0,1.0,4.01063829787234,1.702127659574468,1.8404255319148937,1.202127659574468,130.40425531914894,127.0
2156.0,1573.7659574468084,2004.0425531914893,36.234042553191486,2.0,1.0,4.01063829787234,1.702127659574468,1.8404255319148937,1.202127659574468,130.40425531914894,161.0
2827.0,1573.7659574468084,2004.0425531914893,36.234042553191486,2.0,1.0,4.01063829787234,1.702127659574468,1.8404255319148937,1.202127659574468,130.40425531914894,177.0
1776.0,1573.7659574468084,2004.0425531914893,36.234042553191486,2.0,1.0,4.01063829787234,1.702127659574468,1.8404255319148937,1.202127659574468,130.40425531914894,77.0
1393.0,1573.7659574468084,2004.0425531914893,36.234042553191486,2.0,1.0,4.01063829787234,1.702127659574468,1.8404255319148937,1.202127659574468,130.40425531914894,123.0
2205.0,1573.7659574468084,2004.0425531914893,36.234042553191486,2.0,1.0,4.01063829787234,1.702127659574468,1.8404255319148937,1.202127659574468,130.40425531914894,116.0
2936.0,1573.7659574468084,2004.0425531914893,36.234042553191486,2.0,1.0,4.01063829787234,1.702127659574468,1.8404255319148937,1.202127659574468,130.40425531914894,146.0
2563.0,1573.7659574468084,2004.0425531914893,36.234042553191486,2.0,1.0,4.01063829787234,1.702127659574468,1.8404255319148937,1.202127659574468,130.40425531914894,159.0
2517.0,1573.7659574468084,2004.0425531914893,36.234042553191486,2.0,1.0,4.01063829787234,1.702127659574468,1.8404255319148937,1.202127659574468,130.40425531914894,87.0
2108.0,1573.7659574468084,2004.0425531914893,36.234042553191486,2.0,1.0,4.01063829787234,1.702127659574468,1.8404255319148937,1.202127659574468,130.40425531914894,187.0
570.0,1573.7659574468084,2004.0425531914893,36.234042553191486,2.0,1.0,4.01063829787234,1.702127659574468,1.8404255319148937,1.202127659574468,130.40425531914894,81.0
224.0,1573.7659574468084,2004.0425531914893,36.234042553191486,2.0,1.0,4.01063829787234,1.702127659574468,1.8404255319148937,1.202127659574468,130.40425531914894,177.0
912.0,1573.7659574468084,2004.0425531914893,36.234042553191486,2.0,1.0,4.01063829787234,1.702127659574468,1.8404255319148937,1.202127659574468,130.40425531914894,148.0
935.0,1573.7659574468084,2004.0425531914893,36.234042553191486,2.0,1.0,4.01063829787234,1.702127659574468,1.8404255319148937,1.202127659574468,130.40425531914894,129.0
762.0,1573.7659574468084,2004.0425531914893,36.234042553191486,2.0,1.0,4.01063829787234,1.702127659574468,1.8404255319148937,1.202127659574468,130.40425531914894,108.0
2478.0,1573.7659574468084,2004.0425531914893,36.234042553191486,2.0,1.0,4.01063829787234,1.702127659574468,1.8404255319148937,1.202127659574468,130.40425531914894,268.0
94.0,1573.7659574468084,2004.0425531914893,36.234042553191486,2.0,1.0,4.01063829787234,1.702127659574468,1.8404255319148937,1.202127659574468,130.40425531914894,108.0
2516.0,1573.7659574468084,2004.0425531914893,36.234042553191486,2.0,1.0,4.01063829787234,1.702127659574468,1.8404255319148937,1.202127659574468,130.40425531914894,113.0
584.0,1573.7659574468084,2004.0425531914893,36.234042553191486,2.0,1.0,4.01063829787234,1.702127659574468,1.8404255319148937,1.202127659574468,130.40425531914894,88.0
2691.0,1573.7659574468084,2004.0425531914893,36.234042553191486,2.0,1.0,4.01063829787234,1.702127659574468,1.8404255319148937,1.202127659574468,130.40425531914894,131.0
2050.0,1573.7659574468084,2004.0425531914893,36.234042553191486,2.0,1.0,4.01063829787234,1.702127659574468,1.8404255319148937,1.202127659574468,130.40425531914894,102.0
1183.0,1573.7659574468084,2004.0425531914893,36.234042553191486,2.0,1.0,4.01063829787234,1.702127659574468,1.8404255319148937,1.202127659574468,130.40425531914894,131.0
881.0,1573.7659574468084,2004.0425531914893,36.234042553191486,2.0,1.0,4.01063829787234,1.702127659574468,1.8404255319148937,1.202127659574468,130.40425531914894,136.0
265.0,1573.7659574468084,2004.0425531914893,36.234042553191486,2.0,1.0,4.01063829787234,1.702127659574468,1.8404255319148937,1.202127659574468,130.40425531914894,95.0
2705.0,1573.7659574468084,2004.0425531914893,36.234042553191486,2.0,1.0,4.01063829787234,1.702127659574468,1.8404255319148937,1.202127659574468,130.40425531914894,148.0
177.0,1573.7659574468084,2004.0425531914893,36.234042553191486,2.0,1.0,4.01063829787234,1.702127659574468,1.8404255319148937,1.202127659574468,130.40425531914894,145.0
1740.0,1573.7659574468084,2004.0425531914893,36.234042553191486,2.0,1.0,4.01063829787234,1.702127659574468,1.8404255319148937,1.202127659574468,130.40425531914894,100.0
2630.0,1573.7659574468084,2004.0425531914893,36.234042553191486,2.0,1.0,4.01063829787234,1.702127659574468,1.8404255319148937,1.202127659574468,130.40425531914894,138.0
1622.0,1573.7659574468084,2004.0425531914893,36.234042553191486,2.0,1.0,4.01063829787234,1.702127659574468,1.8404255319148937,1.202127659574468,130.40425531914894,103.0
1828.0,1573.7659574468084,2004.0425531914893,36.234042553191486,2.0,1.0,4.01063829787234,1.702127659574468,1.8404255319148937,1.202127659574468,130.40425531914894,148.0
2592.0,1573.7659574468084,2004.0425531914893,36.234042553191486,2.0,1.0,4.01063829787234,1.702127659574468,1.8404255319148937,1.202127659574468,130.40425531914894,117.0
450.0,1573.7659574468084,2004.0425531914893,36.234042553191486,2.0,1.0,4.01063829787234,1.702127659574468,1.8404255319148937,1.202127659574468,130.40425531914894,201.0
534.0,1573.7659574468084,2004.0425531914893,36.234042553191486,2.0,1.0,4.01063829787234,1.702127659574468,1.8404255319148937,1.202127659574468,130.40425531914894,155.0
1694.0,1573.7659574468084,2004.0425531914893,36.234042553191486,2.0,1.0,4.01063829787234,1.702127659574468,1.8404255319148937,1.202127659574468,130.40425531914894,196.0
1648.0,1573.7659574468084,2004.0425531914893,36.234042553191486,2.0,1.0,4.01063829787234,1.702127659574468,1.8404255319148937,1.202127659574468,130.40425531914894,70.0
2370.0,1573.7659574468084,2004.0425531914893,36.234042553191486,2.0,1.0,4.01063829787234,1.702127659574468,1.8404255319148937,1.202127659574468,130.40425531914894,268.0
1963.0,1573.7659574468084,2004.0425531914893,36.234042553191486,2.0,1.0,4.01063829787234,1.702127659574468,1.8404255319148937,1.202127659574468,130.40425531914894,129.0
2172.0,1573.7659574468084,2004.0425531914893,36.234042553191486,2.0,1.0,4.01063829787234,1.702127659574468,1.8404255319148937,1.202127659574468,130.40425531914894,148.0
1956.0,1573.7659574468084,2004.0425531914893,36.234042553191486,2.0,1.0,4.01063829787234,1.702127659574468,1.8404255319148937,1.202127659574468,130.40425531914894,95.0
1143.0,1573.7659574468084,2004.0425531914893,36.234042553191486,2.0,1.0,4.01063829787234,1.702127659574468,1.8404255319148937,1.202127659574468,130.40425531914894,96.0
1663.0,1573.7659574468084,2004.0425531914893,36.234042553191486,2.0,1.0,4.01063829787234,1.702127659574468,1.8404255319148937,1.202127659574468,130.40425531914894,119.0
2840.0,1573.7659574468084,2004.0425531914893,36.234042553191486,2.0,1.0,4.01063829787234,1.702127659574468,1.8404255319148937,1.202127659574468,130.40425531914894,92.0
2010.0,1573.7659574468084,2004.0425531914893,36.234042553191486,2.0,1.0,4.01063829787234,1.702127659574468,1.8404255319148937,1.202127659574468,130.40425531914894,129.0
470.0,1573.7659574468084,2004.0425531914893,36.234042553191486,2.0,1.0,4.01063829787234,1.702127659574468,1.8404255319148937,1.202127659574468,130.40425531914894,177.0
1887.0,1573.7659574468084,2004.0425531914893,36.234042553191486,2.0,1.0,4.01063829787234,1.702127659574468,1.8404255319148937,1.202127659574468,130.40425531914894,100.0
216.0,1573.7659574468084,2004.0425531914893,36.234042553191486,2.0,1.0,4.01063829787234,1.702127659574468,1.8404255319148937,1.202127659574468,130.40425531914894,123.0
432.0,1573.7659574468084,2004.0425531914893,36.234042553191486,2.0,1.0,4.01063829787234,1.702127659574468,1.8404255319148937,1.202127659574468,130.40425531914894,84.0
807.0,1573.7659574468084,2004.0425531914893,36.234042553191486,2.0,1.0,4.01063829787234,1.702127659574468,1.8404255319148937,1.202127659574468,130.40425531914894,142.0
811.0,1573.7659574468084,2004.0425531914893,36.234042553191486,2.0,1.0,4.01063829787234,1.702127659574468,1.8404255319148937,1.202127659574468,130.40425531914894,123.0
1711.0,1573.7659574468084,2004.0425531914893,36.234042553191486,2.0,1.0,4.01063829787234,1.702127659574468,1.8404255319148937,1.202127659574468,130.40425531914894,119.0
2925.0,1573.7659574468084,2004.0425531914893,36.234042553191486,2.0,1.0,4.01063829787234,1.702127659574468,1.8404255319148937,1.202127659574468,130.40425531914894,135.0
2300.0,1573.7659574468084,2004.0425531914893,36.234042553191486,2.0,1.0,4.01063829787234,1.702127659574468,1.8404255319148937,1.202127659574468,130.40425531914894,166.0
532.0,1573.7659574468084,2004.0425531914893,36.234042553191486,2.0,1.0,4.01063829787234,1.702127659574468,1.8404255319148937,1.202127659574468,130.40425531914894,105.0
872.0,1573.7659574468084,2004.0425531914893,36.234042553191486,2.0,1.0,4.01063829787234,1.702127659574468,1.8404255319148937,1.202127659574468,130.40425531914894,121.0
68.0,1573.7659574468084,2004.0425531914893,36.234042553191486,2.0,1.0,4.01063829787234,1.702127659574468,1.8404255319148937,1.202127659574468,130.40425531914894,201.0
2053.0,1573.7659574468084,2004.0425531914893,36.234042553191486,2.0,1.0,4.01063829787234,1.702127659574468,1.8404255319148937,1.202127659574468,130.40425531914894,148.0
2566.0,1573.7659574468084,2004.0425531914893,36.234042553191486,2.0,1.0,4.01063829787234,1.702127659574468,1.8404255319148937,1.202127659574468,130.40425531914894,132.0
2016.0,1573.7659574468084,2004.0425531914893,36.234042553191486,2.0,1.0,4.01063829787234,1.702127659574468,1.8404255319148937,1.202127659574468,130.40425531914894,119.0
1830.0,1573.7659574468084,2004.0425531914893,36.234042553191486,2.0,1.0,4.01063829787234,1.702127659574468,1.8404255319148937,1.202127659574468,130.40425531914894,24.0
781.0,1573.7659574468084,2004.0425531914893,36.234042553191486,2.0,1.0,4.01063829787234,1.702127659574468,1.8404255319148937,1.202127659574468,130.40425531914894,186.0
1439.0,1573.7659574468084,2004.0425531914893,36.234042553191486,2.0,1.0,4.01063829787234,1.702127659574468,1.8404255319148937,1.202127659574468,130.40425531914894,94.0
1957.0,1573.7659574468084,2004.0425531914893,36.234042553191486,2.0,1.0,4.01063829787234,1.702127659574468,1.8404255319148937,1.202127659574468,130.40425531914894,148.0
1282.0,1573.7659574468084,2004.0425531914893,36.234042553191486,2.0,1.0,4.01063829787234,1.702127659574468,1.8404255319148937,1.202127659574468,130.40425531914894,272.0
575.0,1573.7659574468084,2004.0425531914893,36.234042553191486,2.0,1.0,4.01063829787234,1.702127659574468,1.8404255319148937,1.202127659574468,130.40425531914894,108.0
2656.0,1573.7659574468084,2004.0425531914893,36.234042553191486,2.0,1.0,4.01063829787234,1.702127659574468,1.8404255319148937,1.202127659574468,130.40425531914894,100.0
2175.0,1573.7659574468084,2004.0425531914893,36.234042553191486,2.0,1.0,4.01063829787234,1.702127659574468,1.8404255319148937,1.202127659574468,130.40425531914894,148.0
1761.0,1573.7659574468084,2004.0425531914893,36.234042553191486,2.0,1.0,4.01063829787234,1.702127659574468,1.8404255319148937,1.202127659574468,130.40425531914894,97.0
2288.0,1573.7659574468084,2004.0425531914893,36.234042553191486,2.0,1.0,4.01063829787234,1.702127659574468,1.8404255319148937,1.202127659574468,130.40425531914894,107.0
468.0,1573.7659574468084,2004.0425531914893,36.234042553191486,2.0,1.0,4.01063829787234,1.702127659574468,1.8404255319148937,1.202127659574468,130.40425531914894,112.0
2669.0,1573.7659574468084,2004.0425531914893,36.234042553191486,2.0,1.0,4.01063829787234,1.702127659574468,1.8404255319148937,1.202127659574468,130.40425531914894,138.0
2731.0,1573.7659574468084,2004.0425531914893,36.234042553191486,2.0,1.0,4.01063829787234,1.702127659574468,1.8404255319148937,1.202127659574468,130.40425531914894,88.0
401.0,1504.4814814814815,2006.0,35.888888888888886,2.0,1.0,2.0,1.2962962962962963,1.6666666666666667,1.4074074074074074,99.96296296296296,127.0
1457.0,1504.4814814814815,2006.0,35.888888888888886,2.0,1.0,2.0,1.2962962962962963,1.6666666666666667,1.4074074074074074,99.96296296296296,74.0
2612.0,1504.4814814814815,2006.0,35.888888888888886,2.0,1.0,2.0,1.2962962962962963,1.6666666666666667,1.4074074074074074,99.96296296296296,81.0
478.0,1504.4814814814815,2006.0,35.888888888888886,2.0,1.0,2.0,1.2962962962962963,1.6666666666666667,1.4074074074074074,99.96296296296296,75.0
1922.0,1504.4814814814815,2006.0,35.888888888888886,2.0,1.0,2.0,1.2962962962962963,1.6666666666666667,1.4074074074074074,99.96296296296296,100.0
183.0,1504.4814814814815,2006.0,35.888888888888886,2.0,1.0,2.0,1.2962962962962963,1.6666666666666667,1.4074074074074074,99.96296296296296,104.0
1198.0,1504.4814814814815,2006.0,35.888888888888886,2.0,1.0,2.0,1.2962962962962963,1.6666666666666667,1.4074074074074074,99.96296296296296,148.0
1141.0,1504.4814814814815,2006.0,35.888888888888886,2.0,1.0,2.0,1.2962962962962963,1.6666666666666667,1.4074074074074074,99.96296296296296,122.0
2015.0,1504.4814814814815,2006.0,35.888888888888886,2.0,1.0,2.0,1.2962962962962963,1.6666666666666667,1.4074074074074074,99.96296296296296,83.0
1708.0,1504.4814814814815,2006.0,35.888888888888886,2.0,1.0,2.0,1.2962962962962963,1.6666666666666667,1.4074074074074074,99.96296296296296,100.0
2063.0,1504.4814814814815,2006.0,35.888888888888886,2.0,1.0,2.0,1.2962962962962963,1.6666666666666667,1.4074074074074074,99.96296296296296,145.0
1765.0,1504.4814814814815,2006.0,35.888888888888886,2.0,1.0,2.0,1.2962962962962963,1.6666666666666667,1.4074074074074074,99.96296296296296,88.0
1144.0,1504.4814814814815,2006.0,35.888888888888886,2.0,1.0,2.0,1.2962962962962963,1.6666666666666667,1.4074074074074074,99.96296296296296,89.0
1033.0,1504.4814814814815,2006.0,35.888888888888886,2.0,1.0,2.0,1.2962962962962963,1.6666666666666667,1.4074074074074074,99.96296296296296,93.0
2719.0,1504.4814814814815,2006.0,35.888888888888886,2.0,1.0,2.0,1.2962962962962963,1.6666666666666667,1.4074074074074074,99.96296296296296,93.0
887.0,1504.4814814814815,2006.0,35.888888888888886,2.0,1.0,2.0,1.2962962962962963,1.6666666666666667,1.4074074074074074,99.96296296296296,100.0
796.0,1504.4814814814815,2006.0,35.888888888888886,2.0,1.0,2.0,1.2962962962962963,1.6666666666666667,1.4074074074074074,99.96296296296296,94.0
2960.0,1504.4814814814815,2006.0,35.888888888888886,2.0,1.0,2.0,1.2962962962962963,1.6666666666666667,1.4074074074074074,99.96296296296296,109.0
1137.0,1504.4814814814815,2006.0,35.888888888888886,2.0,1.0,2.0,1.2962962962962963,1.6666666666666667,1.4074074074074074,99.96296296296296,87.0
2450.0,1504.4814814814815,2006.0,35.888888888888886,2.0,1.0,2.0,1.2962962962962963,1.6666666666666667,1.4074074074074074,99.96296296296296,169.0
2169.0,1504.4814814814815,2006.0,35.888888888888886,2.0,1.0,2.0,1.2962962962962963,1.6666666666666667,1.4074074074074074,99.96296296296296,78.0
212.0,1504.4814814814815,2006.0,35.888888888888886,2.0,1.0,2.0,1.2962962962962963,1.6666666666666667,1.4074074074074074,99.96296296296296,75.0
110.0,1504.4814814814815,2006.0,35.888888888888886,2.0,1.0,2.0,1.2962962962962963,1.6666666666666667,1.4074074074074074,99.96296296296296,114.0
2964.0,1504.4814814814815,2006.0,35.888888888888886,2.0,1.0,2.0,1.2962962962962963,1.6666666666666667,1.4074074074074074,99.96296296296296,57.0
878.0,1504.4814814814815,2006.0,35.888888888888886,2.0,1.0,2.0,1.2962962962962963,1.6666666666666667,1.4074074074074074,99.96296296296296,81.0
2268.0,1504.4814814814815,2006.0,35.888888888888886,2.0,1.0,2.0,1.2962962962962963,1.6666666666666667,1.4074074074074074,99.96296296296296,125.0
1951.0,1504.4814814814815,2006.0,35.888888888888886,2.0,1.0,2.0,1.2962962962962963,1.6666666666666667,1.4074074074074074,99.96296296296296,88.0
445.0,1491.4324324324325,2005.837837837838,47.95945945945946,1.6756756756756757,1.0,4.445945945945946,1.5810810810810811,1.7567567567567568,1.2027027027027026,135.94594594594594,69.0
289.0,1491.4324324324325,2005.837837837838,47.95945945945946,1.6756756756756757,1.0,4.445945945945946,1.5810810810810811,1.7567567567567568,1.2027027027027026,135.94594594594594,67.0
91.0,1491.4324324324325,2005.837837837838,47.95945945945946,1.6756756756756757,1.0,4.445945945945946,1.5810810810810811,1.7567567567567568,1.2027027027027026,135.94594594594594,131.0
1431.0,1491.4324324324325,2005.837837837838,47.95945945945946,1.6756756756756757,1.0,4.445945945945946,1.5810810810810811,1.7567567567567568,1.2027027027027026,135.94594594594594,100.0
2382.0,1491.4324324324325,2005.837837837838,47.95945945945946,1.6756756756756757,1.0,4.445945945945946,1.5810810810810811,1.7567567567567568,1.2027027027027026,135.94594594594594,277.0
1199.0,1491.4324324324325,2005.837837837838,47.95945945945946,1.6756756756756757,1.0,4.445945945945946,1.5810810810810811,1.7567567567567568,1.2027027027027026,135.94594594594594,185.0
921.0,1491.4324324324325,2005.837837837838,47.95945945945946,1.6756756756756757,1.0,4.445945945945946,1.5810810810810811,1.7567567567567568,1.2027027027027026,135.94594594594594,201.0
599.0,1491.4324324324325,2005.837837837838,47.95945945945946,1.6756756756756757,1.0,4.445945945945946,1.5810810810810811,1.7567567567567568,1.2027027027027026,135.94594594594594,158.0
533.0,1491.4324324324325,2005.837837837838,47.95945945945946,1.6756756756756757,1.0,4.445945945945946,1.5810810810810811,1.7567567567567568,1.2027027027027026,135.94594594594594,110.0
1211.0,1491.4324324324325,2005.837837837838,47.95945945945946,1.6756756756756757,1.0,4.445945945945946,1.5810810810810811,1.7567567567567568,1.2027027027027026,135.94594594594594,135.0
1300.0,1491.4324324324325,2005.837837837838,47.95945945945946,1.6756756756756757,1.0,4.445945945945946,1.5810810810810811,1.7567567567567568,1.2027027027027026,135.94594594594594,100.0
1206.0,1491.4324324324325,2005.837837837838,47.95945945945946,1.6756756756756757,1.0,4.445945945945946,1.5810810810810811,1.7567567567567568,1.2027027027027026,135.94594594594594,112.0
792.0,1491.4324324324325,2005.837837837838,47.95945945945946,1.6756756756756757,1.0,4.445945945945946,1.5810810810810811,1.7567567567567568,1.2027027027027026,135.94594594594594,150.0
2287.0,1491.4324324324325,2005.837837837838,47.95945945945946,1.6756756756756757,1.0,4.445945945945946,1.5810810810810811,1.7567567567567568,1.2027027027027026,135.94594594594594,282.0
877.0,1491.4324324324325,2005.837837837838,47.95945945945946,1.6756756756756757,1.0,4.445945945945946,1.5810810810810811,1.7567567567567568,1.2027027027027026,135.94594594594594,83.0
36.0,1491.4324324324325,2005.837837837838,47.95945945945946,1.6756756756756757,1.0,4.445945945945946,1.5810810810810811,1.7567567567567568,1.2027027027027026,135.94594594594594,88.0
2104.0,1491.4324324324325,2005.837837837838,47.95945945945946,1.6756756756756757,1.0,4.445945945945946,1.5810810810810811,1.7567567567567568,1.2027027027027026,135.94594594594594,80.0
1530.0,1491.4324324324325,2005.837837837838,47.95945945945946,1.6756756756756757,1.0,4.445945945945946,1.5810810810810811,1.7567567567567568,1.2027027027027026,135.94594594594594,148.0
1802.0,1491.4324324324325,2005.837837837838,47.95945945945946,1.6756756756756757,1.0,4.445945945945946,1.5810810810810811,1.7567567567567568,1.2027027027027026,135.94594594594594,90.0
1970.0,1491.4324324324325,2005.837837837838,47.95945945945946,1.6756756756756757,1.0,4.445945945945946,1.5810810810810811,1.7567567567567568,1.2027027027027026,135.94594594594594,182.0
1028.0,1491.4324324324325,2005.837837837838,47.95945945945946,1.6756756756756757,1.0,4.445945945945946,1.5810810810810811,1.7567567567567568,1.2027027027027026,135.94594594594594,87.0
37.0,1491.4324324324325,2005.837837837838,47.95945945945946,1.6756756756756757,1.0,4.445945945945946,1.5810810810810811,1.7567567567567568,1.2027027027027026,135.94594594594594,88.0
1468.0,1491.4324324324325,2005.837837837838,47.95945945945946,1.6756756756756757,1.0,4.445945945945946,1.5810810810810811,1.7567567567567568,1.2027027027027026,135.94594594594594,111.0
1054.0,1491.4324324324325,2005.837837837838,47.95945945945946,1.6756756756756757,1.0,4.445945945945946,1.5810810810810811,1.7567567567567568,1.2027027027027026,135.94594594594594,113.0
1046.0,1491.4324324324325,2005.837837837838,47.95945945945946,1.6756756756756757,1.0,4.445945945945946,1.5810810810810811,1.7567567567567568,1.2027027027027026,135.94594594594594,127.0
952.0,1491.4324324324325,2005.837837837838,47.95945945945946,1.6756756756756757,1.0,4.445945945945946,1.5810810810810811,1.7567567567567568,1.2027027027027026,135.94594594594594,148.0
1130.0,1491.4324324324325,2005.837837837838,47.95945945945946,1.6756756756756757,1.0,4.445945945945946,1.5810810810810811,1.7567567567567568,1.2027027027027026,135.94594594594594,201.0
1421.0,1491.4324324324325,2005.837837837838,47.95945945945946,1.6756756756756757,1.0,4.445945945945946,1.5810810810810811,1.7567567567567568,1.2027027027027026,135.94594594594594,155.0
1593.0,1491.4324324324325,2005.837837837838,47.95945945945946,1.6756756756756757,1.0,4.445945945945946,1.5810810810810811,1.7567567567567568,1.2027027027027026,135.94594594594594,84.0
503.0,1491.4324324324325,2005.837837837838,47.95945945945946,1.6756756756756757,1.0,4.445945945945946,1.5810810810810811,1.7567567567567568,1.2027027027027026,135.94594594594594,184.0
581.0,1491.4324324324325,2005.837837837838,47.95945945945946,1.6756756756756757,1.0,4.445945945945946,1.5810810810810811,1.7567567567567568,1.2027027027027026,135.94594594594594,272.0
976.0,1491.4324324324325,2005.837837837838,47.95945945945946,1.6756756756756757,1.0,4.445945945945946,1.5810810810810811,1.7567567567567568,1.2027027027027026,135.94594594594594,114.0
2802.0,1491.4324324324325,2005.837837837838,47.95945945945946,1.6756756756756757,1.0,4.445945945945946,1.5810810810810811,1.7567567567567568,1.2027027027027026,135.94594594594594,131.0
1429.0,1491.4324324324325,2005.837837837838,47.95945945945946,1.6756756756756757,1.0,4.445945945945946,1.5810810810810811,1.7567567567567568,1.2027027027027026,135.94594594594594,105.0
2312.0,1491.4324324324325,2005.837837837838,47.95945945945946,1.6756756756756757,1.0,4.445945945945946,1.5810810810810811,1.7567567567567568,1.2027027027027026,135.94594594594594,143.0
2037.0,1491.4324324324325,2005.837837837838,47.95945945945946,1.6756756756756757,1.0,4.445945945945946,1.5810810810810811,1.7567567567567568,1.2027027027027026,135.94594594594594,177.0
2766.0,1491.4324324324325,2005.837837837838,47.95945945945946,1.6756756756756757,1.0,4.445945945945946,1.5810810810810811,1.7567567567567568,1.2027027027027026,135.94594594594594,116.0
1543.0,1491.4324324324325,2005.837837837838,47.95945945945946,1.6756756756756757,1.0,4.445945945945946,1.5810810810810811,1.7567567567567568,1.2027027027027026,135.94594594594594,161.0
2262.0,1491.4324324324325,2005.837837837838,47.95945945945946,1.6756756756756757,1.0,4.445945945945946,1.5810810810810811,1.7567567567567568,1.2027027027027026,135.94594594594594,161.0
1239.0,1491.4324324324325,2005.837837837838,47.95945945945946,1.6756756756756757,1.0,4.445945945945946,1.5810810810810811,1.7567567567567568,1.2027027027027026,135.94594594594594,131.0
2385.0,1491.4324324324325,2005.837837837838,47.95945945945946,1.6756756756756757,1.0,4.445945945945946,1.5810810810810811,1.7567567567567568,1.2027027027027026,135.94594594594594,148.0
1670.0,1491.4324324324325,2005.837837837838,47.95945945945946,1.6756756756756757,1.0,4.445945945945946,1.5810810810810811,1.7567567567567568,1.2027027027027026,135.94594594594594,148.0
2436.0,1491.4324324324325,2005.837837837838,47.95945945945946,1.6756756756756757,1.0,4.445945945945946,1.5810810810810811,1.7567567567567568,1.2027027027027026,135.94594594594594,117.0
2148.0,1491.4324324324325,2005.837837837838,47.95945945945946,1.6756756756756757,1.0,4.445945945945946,1.5810810810810811,1.7567567567567568,1.2027027027027026,135.94594594594594,107.0
2645.0,1491.4324324324325,2005.837837837838,47.95945945945946,1.6756756756756757,1.0,4.445945945945946,1.5810810810810811,1.7567567567567568,1.2027027027027026,135.94594594594594,148.0
2497.0,1491.4324324324325,2005.837837837838,47.95945945945946,1.6756756756756757,1.0,4.445945945945946,1.5810810810810811,1.7567567567567568,1.2027027027027026,135.94594594594594,85.0
105.0,1491.4324324324325,2005.837837837838,47.95945945945946,1.6756756756756757,1.0,4.445945945945946,1.5810810810810811,1.7567567567567568,1.2027027027027026,135.94594594594594,114.0
2581.0,1491.4324324324325,2005.837837837838,47.95945945945946,1.6756756756756757,1.0,4.445945945945946,1.5810810810810811,1.7567567567567568,1.2027027027027026,135.94594594594594,148.0
1169.0,1491.4324324324325,2005.837837837838,47.95945945945946,1.6756756756756757,1.0,4.445945945945946,1.5810810810810811,1.7567567567567568,1.2027027027027026,135.94594594594594,119.0
1363.0,1491.4324324324325,2005.837837837838,47.95945945945946,1.6756756756756757,1.0,4.445945945945946,1.5810810810810811,1.7567567567567568,1.2027027027027026,135.94594594594594,100.0
1737.0,1491.4324324324325,2005.837837837838,47.95945945945946,1.6756756756756757,1.0,4.445945945945946,1.5810810810810811,1.7567567567567568,1.2027027027027026,135.94594594594594,102.0
2619.0,1491.4324324324325,2005.837837837838,47.95945945945946,1.6756756756756757,1.0,4.445945945945946,1.5810810810810811,1.7567567567567568,1.2027027027027026,135.94594594594594,89.0
1442.0,1491.4324324324325,2005.837837837838,47.95945945945946,1.6756756756756757,1.0,4.445945945945946,1.5810810810810811,1.7567567567567568,1.2027027027027026,135.94594594594594,142.0
2688.0,1491.4324324324325,2005.837837837838,47.95945945945946,1.6756756756756757,1.0,4.445945945945946,1.5810810810810811,1.7567567567567568,1.2027027027027026,135.94594594594594,114.0
1101.0,1491.4324324324325,2005.837837837838,47.95945945945946,1.6756756756756757,1.0,4.445945945945946,1.5810810810810811,1.7567567567567568,1.2027027027027026,135.94594594594594,81.0
1377.0,1491.4324324324325,2005.837837837838,47.95945945945946,1.6756756756756757,1.0,4.445945945945946,1.5810810810810811,1.7567567567567568,1.2027027027027026,135.94594594594594,74.0
2143.0,1491.4324324324325,2005.837837837838,47.95945945945946,1.6756756756756757,1.0,4.445945945945946,1.5810810810810811,1.7567567567567568,1.2027027027027026,135.94594594594594,177.0
1931.0,1491.4324324324325,2005.837837837838,47.95945945945946,1.6756756756756757,1.0,4.445945945945946,1.5810810810810811,1.7567567567567568,1.2027027027027026,135.94594594594594,131.0
1871.0,1491.4324324324325,2005.837837837838,47.95945945945946,1.6756756756756757,1.0,4.445945945945946,1.5810810810810811,1.7567567567567568,1.2027027027027026,135.94594594594594,154.0
2607.0,1491.4324324324325,2005.837837837838,47.95945945945946,1.6756756756756757,1.0,4.445945945945946,1.5810810810810811,1.7567567567567568,1.2027027027027026,135.94594594594594,142.0
430.0,1491.4324324324325,2005.837837837838,47.95945945945946,1.6756756756756757,1.0,4.445945945945946,1.5810810810810811,1.7567567567567568,1.2027027027027026,135.94594594594594,158.0
2847.0,1491.4324324324325,2005.837837837838,47.95945945945946,1.6756756756756757,1.0,4.445945945945946,1.5810810810810811,1.7567567567567568,1.2027027027027026,135.94594594594594,182.0
1207.0,1491.4324324324325,2005.837837837838,47.95945945945946,1.6756756756756757,1.0,4.445945945945946,1.5810810810810811,1.7567567567567568,1.2027027027027026,135.94594594594594,126.0
1128.0,1491.4324324324325,2005.837837837838,47.95945945945946,1.6756756756756757,1.0,4.445945945945946,1.5810810810810811,1.7567567567567568,1.2027027027027026,135.94594594594594,282.0
722.0,1491.4324324324325,2005.837837837838,47.95945945945946,1.6756756756756757,1.0,4.445945945945946,1.5810810810810811,1.7567567567567568,1.2027027027027026,135.94594594594594,112.0
2182.0,1491.4324324324325,2005.837837837838,47.95945945945946,1.6756756756756757,1.0,4.445945945945946,1.5810810810810811,1.7567567567567568,1.2027027027027026,135.94594594594594,156.0
1570.0,1491.4324324324325,2005.837837837838,47.95945945945946,1.6756756756756757,1.0,4.445945945945946,1.5810810810810811,1.7567567567567568,1.2027027027027026,135.94594594594594,138.0
783.0,1491.4324324324325,2005.837837837838,47.95945945945946,1.6756756756756757,1.0,4.445945945945946,1.5810810810810811,1.7567567567567568,1.2027027027027026,135.94594594594594,164.0
926.0,1491.4324324324325,2005.837837837838,47.95945945945946,1.6756756756756757,1.0,4.445945945945946,1.5810810810810811,1.7567567567567568,1.2027027027027026,135.94594594594594,127.0
2841.0,1491.4324324324325,2005.837837837838,47.95945945945946,1.6756756756756757,1.0,4.445945945945946,1.5810810810810811,1.7567567567567568,1.2027027027027026,135.94594594594594,161.0
2902.0,1491.4324324324325,2005.837837837838,47.95945945945946,1.6756756756756757,1.0,4.445945945945946,1.5810810810810811,1.7567567567567568,1.2027027027027026,135.94594594594594,143.0
361.0,1491.4324324324325,2005.837837837838,47.95945945945946,1.6756756756756757,1.0,4.445945945945946,1.5810810810810811,1.7567567567567568,1.2027027027027026,135.94594594594594,126.0
809.0,1491.4324324324325,2005.837837837838,47.95945945945946,1.6756756756756757,1.0,4.445945945945946,1.5810810810810811,1.7567567567567568,1.2027027027027026,135.94594594594594,65.0
1959.0,1491.4324324324325,2005.837837837838,47.95945945945946,1.6756756756756757,1.0,4.445945945945946,1.5810810810810811,1.7567567567567568,1.2027027027027026,135.94594594594594,123.0
