1594.0,1434.28125,2005.859375,31.28125,1.75,1.0,4.328125,1.640625,1.8125,1.171875,110.21875,114.0
488.0,1434.28125,2005.859375,31.28125,1.75,1.0,4.328125,1.640625,1.8125,1.171875,110.21875,88.0
111.0,1434.28125,2005.859375,31.28125,1.75,1.0,4.328125,1.640625,1.8125,1.171875,110.21875,113.0
491.0,1434.28125,2005.859375,31.28125,1.75,1.0,4.328125,1.640625,1.8125,1.171875,110.21875,119.0
436.0,1434.28125,2005.859375,31.28125,1.75,1.0,4.328125,1.640625,1.8125,1.171875,110.21875,81.0
2052.0,1434.28125,2005.859375,31.28125,1.75,1.0,4.328125,1.640625,1.8125,1.171875,110.21875,114.0
288.0,1434.28125,2005.859375,31.28125,1.75,1.0,4.328125,1.640625,1.8125,1.171875,110.21875,142.0
1650.0,1434.28125,2005.859375,31.28125,1.75,1.0,4.328125,1.640625,1.8125,1.171875,110.21875,94.0
618.0,1434.28125,2005.859375,31.28125,1.75,1.0,4.328125,1.640625,1.8125,1.171875,110.21875,88.0
2955.0,1434.28125,2005.859375,31.28125,1.75,1.0,4.328125,1.640625,1.8125,1.171875,110.21875,65.0
894.0,1434.28125,2005.859375,31.28125,1.75,1.0,4.328125,1.640625,1.8125,1.171875,110.21875,117.0
2289.0,1434.28125,2005.859375,31.28125,1.75,1.0,4.328125,1.640625,1.8125,1.171875,110.21875,148.0
2286.0,1434.28125,2005.859375,31.28125,1.75,1.0,4.328125,1.640625,1.8125,1.171875,110.21875,103.0
235.0,1434.28125,2005.859375,31.28125,1.75,1.0,4.328125,1.640625,1.8125,1.171875,110.21875,61.0
322.0,1434.28125,2005.859375,31.28125,1.75,1.0,4.328125,1.640625,1.8125,1.171875,110.21875,114.0
2769.0,1434.28125,2005.859375,31.28125,1.75,1.0,4.328125,1.640625,1.8125,1.171875,110.21875,148.0
506.0,1434.28125,2005.859375,31.28125,1.75,1.0,4.328125,1.640625,1.8125,1.171875,110.21875,129.0
1647.0,1434.28125,2005.859375,31.28125,1.75,1.0,4.328125,1.640625,1.8125,1.171875,110.21875,74.0
555.0,1434.28125,2005.859375,31.28125,1.75,1.0,4.328125,1.640625,1.8125,1.171875,110.21875,105.0
2513.0,1434.28125,2005.859375,31.28125,1.75,1.0,4.328125,1.640625,1.8125,1.171875,110.21875,126.0
496.0,1434.28125,2005.859375,31.28125,1.75,1.0,4.328125,1.640625,1.8125,1.171875,110.21875,115.0
209.0,1434.28125,2005.859375,31.28125,1.75,1.0,4.328125,1.640625,1.8125,1.171875,110.21875,131.0
2574.0,1434.28125,2005.859375,31.28125,1.75,1.0,4.328125,1.640625,1.8125,1.171875,110.21875,122.0
2277.0,1434.28125,2005.859375,31.28125,1.75,1.0,4.328125,1.640625,1.8125,1.171875,110.21875,61.0
1416.0,1434.28125,2005.859375,31.28125,1.75,1.0,4.328125,1.640625,1.8125,1.171875,110.21875,100.0
2598.0,1434.28125,2005.859375,31.28125,1.75,1.0,4.328125,1.640625,1.8125,1.171875,110.21875,108.0
678.0,1434.28125,2005.859375,31.28125,1.75,1.0,4.328125,1.640625,1.8125,1.171875,110.21875,95.0
299.0,1434.28125,2005.859375,31.28125,1.75,1.0,4.328125,1.640625,1.8125,1.171875,110.21875,146.0
1596.0,1434.28125,2005.859375,31.28125,1.75,1.0,4.328125,1.640625,1.8125,1.171875,110.21875,105.0
2066.0,1434.28125,2005.859375,31.28125,1.75,1.0,4.328125,1.640625,1.8125,1.171875,110.21875,103.0
182.0,1434.28125,2005.859375,31.28125,1.75,1.0,4.328125,1.640625,1.8125,1.171875,110.21875,112.0
2785.0,1434.28125,2005.859375,31.28125,1.75,1.0,4.328125,1.640625,1.8125,1.171875,110.21875,164.0
2264.0,1434.28125,2005.859375,31.28125,1.75,1.0,4.328125,1.640625,1.8125,1.171875,110.21875,93.0
1940.0,1434.28125,2005.859375,31.28125,1.75,1.0,4.328125,1.640625,1.8125,1.171875,110.21875,102.0
2435.0,1434.28125,2005.859375,31.28125,1.75,1.0,4.328125,1.640625,1.8125,1.171875,110.21875,114.0
1319.0,1434.28125,2005.859375,31.28125,1.75,1.0,4.328125,1.640625,1.8125,1.171875,110.21875,81.0
1881.0,1434.28125,2005.859375,31.28125,1.75,1.0,4.328125,1.640625,1.8125,1.171875,110.21875,142.0
336.0,1434.28125,2005.859375,31.28125,1.75,1.0,4.328125,1.640625,1.8125,1.171875,110.21875,95.0
1062.0,1434.28125,2005.859375,31.28125,1.75,1.0,4.328125,1.640625,1.8125,1.171875,110.21875,110.0
2801.0,1434.28125,2005.859375,31.28125,1.75,1.0,4.328125,1.640625,1.8125,1.171875,110.21875,115.0
664.0,1434.28125,2005.859375,31.28125,1.75,1.0,4.328125,1.640625,1.8125,1.171875,110.21875,95.0
2240.0,1434.28125,2005.859375,31.28125,1.75,1.0,4.328125,1.640625,1.8125,1.171875,110.21875,75.0
2771.0,1434.28125,2005.859375,31.28125,1.75,1.0,4.328125,1.640625,1.8125,1.171875,110.21875,80.0
2009.0,1434.28125,2005.859375,31.28125,1.75,1.0,4.328125,1.640625,1.8125,1.171875,110.21875,100.0
776.0,1434.28125,2005.859375,31.28125,1.75,1.0,4.328125,1.640625,1.8125,1.171875,110.21875,37.0
1842.0,1434.28125,2005.859375,31.28125,1.75,1.0,4.328125,1.640625,1.8125,1.171875,110.21875,131.0
1244.0,1434.28125,2005.859375,31.28125,1.75,1.0,4.328125,1.640625,1.8125,1.171875,110.21875,119.0
1961.0,1434.28125,2005.859375,31.28125,1.75,1.0,4.328125,1.640625,1.8125,1.171875,110.21875,127.0
495.0,1434.28125,2005.859375,31.28125,1.75,1.0,4.328125,1.640625,1.8125,1.171875,110.21875,114.0
1973.0,1434.28125,2005.859375,31.28125,1.75,1.0,4.328125,1.640625,1.8125,1.171875,110.21875,131.0
802.0,1434.28125,2005.859375,31.28125,1.75,1.0,4.328125,1.640625,1.8125,1.171875,110.21875,142.0
444.0,1434.28125,2005.859375,31.28125,1.75,1.0,4.328125,1.640625,1.8125,1.171875,110.21875,105.0
1299.0,1434.28125,2005.859375,31.28125,1.75,1.0,4.328125,1.640625,1.8125,1.171875,110.21875,105.0
2948.0,1434.28125,2005.859375,31.28125,1.75,1.0,4.328125,1.640625,1.8125,1.171875,110.21875,113.0
2180.0,1434.28125,2005.859375,31.28125,1.75,1.0,4.328125,1.640625,1.8125,1.171875,110.21875,138.0
1621.0,1434.28125,2005.859375,31.28125,1.75,1.0,4.328125,1.640625,1.8125,1.171875,110.21875,138.0
2188.0,1434.28125,2005.859375,31.28125,1.75,1.0,4.328125,1.640625,1.8125,1.171875,110.21875,182.0
192.0,1434.28125,2005.859375,31.28125,1.75,1.0,4.328125,1.640625,1.8125,1.171875,110.21875,105.0
1703.0,1434.28125,2005.859375,31.28125,1.75,1.0,4.328125,1.640625,1.8125,1.171875,110.21875,81.0
1254.0,1434.28125,2005.859375,31.28125,1.75,1.0,4.328125,1.640625,1.8125,1.171875,110.21875,114.0
2600.0,1434.28125,2005.859375,31.28125,1.75,1.0,4.328125,1.640625,1.8125,1.171875,110.21875,117.0
764.0,1434.28125,2005.859375,31.28125,1.75,1.0,4.328125,1.640625,1.8125,1.171875,110.21875,92.0
384.0,1434.28125,2005.859375,31.28125,1.75,1.0,4.328125,1.640625,1.8125,1.171875,110.21875,142.0
1527.0,1434.28125,2005.859375,31.28125,1.75,1.0,4.328125,1.640625,1.8125,1.171875,110.21875,114.0
250.0,1481.1194029850747,2007.9253731343283,35.23880597014925,2.0,1.0,1.9253731343283582,1.2686567164179106,1.7462686567164178,1.507462686567164,100.46268656716418,62.0
2249.0,1481.1194029850747,2007.9253731343283,35.23880597014925,2.0,1.0,1.9253731343283582,1.2686567164179106,1.7462686567164178,1.507462686567164,100.46268656716418,74.0
1293.0,1481.1194029850747,2007.9253731343283,35.23880597014925,2.0,1.0,1.9253731343283582,1.2686567164179106,1.7462686567164178,1.507462686567164,100.46268656716418,100.0
2935.0,1481.1194029850747,2007.9253731343283,35.23880597014925,2.0,1.0,1.9253731343283582,1.2686567164179106,1.7462686567164178,1.507462686567164,100.46268656716418,102.0
412.0,1481.1194029850747,2007.9253731343283,35.23880597014925,2.0,1.0,1.9253731343283582,1.2686567164179106,1.7462686567164178,1.507462686567164,100.46268656716418,104.0
1683.0,1481.1194029850747,2007.9253731343283,35.23880597014925,2.0,1.0,1.9253731343283582,1.2686567164179106,1.7462686567164178,1.507462686567164,100.46268656716418,110.0
2502.0,1481.1194029850747,2007.9253731343283,35.23880597014925,2.0,1.0,1.9253731343283582,1.2686567164179106,1.7462686567164178,1.507462686567164,100.46268656716418,65.0
229.0,1481.1194029850747,2007.9253731343283,35.23880597014925,2.0,1.0,1.9253731343283582,1.2686567164179106,1.7462686567164178,1.507462686567164,100.46268656716418,127.0
457.0,1481.1194029850747,2007.9253731343283,35.23880597014925,2.0,1.0,1.9253731343283582,1.2686567164179106,1.7462686567164178,1.507462686567164,100.46268656716418,105.0
1754.0,1481.1194029850747,2007.9253731343283,35.23880597014925,2.0,1.0,1.9253731343283582,1.2686567164179106,1.7462686567164178,1.507462686567164,100.46268656716418,268.0
2438.0,1481.1194029850747,2007.9253731343283,35.23880597014925,2.0,1.0,1.9253731343283582,1.2686567164179106,1.7462686567164178,1.507462686567164,100.46268656716418,65.0
332.0,1481.1194029850747,2007.9253731343283,35.23880597014925,2.0,1.0,1.9253731343283582,1.2686567164179106,1.7462686567164178,1.507462686567164,100.46268656716418,137.0
1777.0,1481.1194029850747,2007.9253731343283,35.23880597014925,2.0,1.0,1.9253731343283582,1.2686567164179106,1.7462686567164178,1.507462686567164,100.46268656716418,143.0
805.0,1481.1194029850747,2007.9253731343283,35.23880597014925,2.0,1.0,1.9253731343283582,1.2686567164179106,1.7462686567164178,1.507462686567164,100.46268656716418,88.0
2223.0,1481.1194029850747,2007.9253731343283,35.23880597014925,2.0,1.0,1.9253731343283582,1.2686567164179106,1.7462686567164178,1.507462686567164,100.46268656716418,81.0
1002.0,1481.1194029850747,2007.9253731343283,35.23880597014925,2.0,1.0,1.9253731343283582,1.2686567164179106,1.7462686567164178,1.507462686567164,100.46268656716418,93.0
2028.0,1481.1194029850747,2007.9253731343283,35.23880597014925,2.0,1.0,1.9253731343283582,1.2686567164179106,1.7462686567164178,1.507462686567164,100.46268656716418,88.0
1645.0,1481.1194029850747,2007.9253731343283,35.23880597014925,2.0,1.0,1.9253731343283582,1.2686567164179106,1.7462686567164178,1.507462686567164,100.46268656716418,88.0
1197.0,1481.1194029850747,2007.9253731343283,35.23880597014925,2.0,1.0,1.9253731343283582,1.2686567164179106,1.7462686567164178,1.507462686567164,100.46268656716418,77.0
2389.0,1481.1194029850747,2007.9253731343283,35.23880597014925,2.0,1.0,1.9253731343283582,1.2686567164179106,1.7462686567164178,1.507462686567164,100.46268656716418,129.0
1461.0,1481.1194029850747,2007.9253731343283,35.23880597014925,2.0,1.0,1.9253731343283582,1.2686567164179106,1.7462686567164178,1.507462686567164,100.46268656716418,74.0
835.0,1481.1194029850747,2007.9253731343283,35.23880597014925,2.0,1.0,1.9253731343283582,1.2686567164179106,1.7462686567164178,1.507462686567164,100.46268656716418,70.0
1195.0,1481.1194029850747,2007.9253731343283,35.23880597014925,2.0,1.0,1.9253731343283582,1.2686567164179106,1.7462686567164178,1.507462686567164,100.46268656716418,89.0
12.0,1481.1194029850747,2007.9253731343283,35.23880597014925,2.0,1.0,1.9253731343283582,1.2686567164179106,1.7462686567164178,1.507462686567164,100.46268656716418,81.0
1832.0,1481.1194029850747,2007.9253731343283,35.23880597014925,2.0,1.0,1.9253731343283582,1.2686567164179106,1.7462686567164178,1.507462686567164,100.46268656716418,119.0
377.0,1481.1194029850747,2007.9253731343283,35.23880597014925,2.0,1.0,1.9253731343283582,1.2686567164179106,1.7462686567164178,1.507462686567164,100.46268656716418,88.0
535.0,1481.1194029850747,2007.9253731343283,35.23880597014925,2.0,1.0,1.9253731343283582,1.2686567164179106,1.7462686567164178,1.507462686567164,100.46268656716418,107.0
2437.0,1481.1194029850747,2007.9253731343283,35.23880597014925,2.0,1.0,1.9253731343283582,1.2686567164179106,1.7462686567164178,1.507462686567164,100.46268656716418,135.0
993.0,1481.1194029850747,2007.9253731343283,35.23880597014925,2.0,1.0,1.9253731343283582,1.2686567164179106,1.7462686567164178,1.507462686567164,100.46268656716418,114.0
1952.0,1481.1194029850747,2007.9253731343283,35.23880597014925,2.0,1.0,1.9253731343283582,1.2686567164179106,1.7462686567164178,1.507462686567164,100.46268656716418,95.0
2540.0,1481.1194029850747,2007.9253731343283,35.23880597014925,2.0,1.0,1.9253731343283582,1.2686567164179106,1.7462686567164178,1.507462686567164,100.46268656716418,88.0
608.0,1481.1194029850747,2007.9253731343283,35.23880597014925,2.0,1.0,1.9253731343283582,1.2686567164179106,1.7462686567164178,1.507462686567164,100.46268656716418,110.0
743.0,1481.1194029850747,2007.9253731343283,35.23880597014925,2.0,1.0,1.9253731343283582,1.2686567164179106,1.7462686567164178,1.507462686567164,100.46268656716418,88.0
284.0,1481.1194029850747,2007.9253731343283,35.23880597014925,2.0,1.0,1.9253731343283582,1.2686567164179106,1.7462686567164178,1.507462686567164,100.46268656716418,148.0
2199.0,1481.1194029850747,2007.9253731343283,35.23880597014925,2.0,1.0,1.9253731343283582,1.2686567164179106,1.7462686567164178,1.507462686567164,100.46268656716418,89.0
2217.0,1481.1194029850747,2007.9253731343283,35.23880597014925,2.0,1.0,1.9253731343283582,1.2686567164179106,1.7462686567164178,1.507462686567164,100.46268656716418,69.0
548.0,1481.1194029850747,2007.9253731343283,35.23880597014925,2.0,1.0,1.9253731343283582,1.2686567164179106,1.7462686567164178,1.507462686567164,100.46268656716418,101.0
1185.0,1481.1194029850747,2007.9253731343283,35.23880597014925,2.0,1.0,1.9253731343283582,1.2686567164179106,1.7462686567164178,1.507462686567164,100.46268656716418,140.0
973.0,1481.1194029850747,2007.9253731343283,35.23880597014925,2.0,1.0,1.9253731343283582,1.2686567164179106,1.7462686567164178,1.507462686567164,100.46268656716418,55.0
2721.0,1481.1194029850747,2007.9253731343283,35.23880597014925,2.0,1.0,1.9253731343283582,1.2686567164179106,1.7462686567164178,1.507462686567164,100.46268656716418,70.0
2950.0,1481.1194029850747,2007.9253731343283,35.23880597014925,2.0,1.0,1.9253731343283582,1.2686567164179106,1.7462686567164178,1.507462686567164,100.46268656716418,69.0
2140.0,1481.1194029850747,2007.9253731343283,35.23880597014925,2.0,1.0,1.9253731343283582,1.2686567164179106,1.7462686567164178,1.507462686567164,100.46268656716418,112.0
206.0,1481.1194029850747,2007.9253731343283,35.23880597014925,2.0,1.0,1.9253731343283582,1.2686567164179106,1.7462686567164178,1.507462686567164,100.46268656716418,85.0
2993.0,1481.1194029850747,2007.9253731343283,35.23880597014925,2.0,1.0,1.9253731343283582,1.2686567164179106,1.7462686567164178,1.507462686567164,100.46268656716418,110.0
2880.0,1481.1194029850747,2007.9253731343283,35.23880597014925,2.0,1.0,1.9253731343283582,1.2686567164179106,1.7462686567164178,1.507462686567164,100.46268656716418,108.0
129.0,1481.1194029850747,2007.9253731343283,35.23880597014925,2.0,1.0,1.9253731343283582,1.2686567164179106,1.7462686567164178,1.507462686567164,100.46268656716418,114.0
586.0,1481.1194029850747,2007.9253731343283,35.23880597014925,2.0,1.0,1.9253731343283582,1.2686567164179106,1.7462686567164178,1.507462686567164,100.46268656716418,80.0
1976.0,1481.1194029850747,2007.9253731343283,35.23880597014925,2.0,1.0,1.9253731343283582,1.2686567164179106,1.7462686567164178,1.507462686567164,100.46268656716418,97.0
2065.0,1481.1194029850747,2007.9253731343283,35.23880597014925,2.0,1.0,1.9253731343283582,1.2686567164179106,1.7462686567164178,1.507462686567164,100.46268656716418,128.0
371.0,1481.1194029850747,2007.9253731343283,35.23880597014925,2.0,1.0,1.9253731343283582,1.2686567164179106,1.7462686567164178,1.507462686567164,100.46268656716418,97.0
360.0,1481.1194029850747,2007.9253731343283,35.23880597014925,2.0,1.0,1.9253731343283582,1.2686567164179106,1.7462686567164178,1.507462686567164,100.46268656716418,93.0
2659.0,1481.1194029850747,2007.9253731343283,35.23880597014925,2.0,1.0,1.9253731343283582,1.2686567164179106,1.7462686567164178,1.507462686567164,100.46268656716418,72.0
2498.0,1481.1194029850747,2007.9253731343283,35.23880597014925,2.0,1.0,1.9253731343283582,1.2686567164179106,1.7462686567164178,1.507462686567164,100.46268656716418,132.0
659.0,1481.1194029850747,2007.9253731343283,35.23880597014925,2.0,1.0,1.9253731343283582,1.2686567164179106,1.7462686567164178,1.507462686567164,100.46268656716418,94.0
871.0,1481.1194029850747,2007.9253731343283,35.23880597014925,2.0,1.0,1.9253731343283582,1.2686567164179106,1.7462686567164178,1.507462686567164,100.46268656716418,119.0
236.0,1481.1194029850747,2007.9253731343283,35.23880597014925,2.0,1.0,1.9253731343283582,1.2686567164179106,1.7462686567164178,1.507462686567164,100.46268656716418,81.0
741.0,1481.1194029850747,2007.9253731343283,35.23880597014925,2.0,1.0,1.9253731343283582,1.2686567164179106,1.7462686567164178,1.507462686567164,100.46268656716418,86.0
2512.0,1481.1194029850747,2007.9253731343283,35.23880597014925,2.0,1.0,1.9253731343283582,1.2686567164179106,1.7462686567164178,1.507462686567164,100.46268656716418,65.0
1995.0,1481.1194029850747,2007.9253731343283,35.23880597014925,2.0,1.0,1.9253731343283582,1.2686567164179106,1.7462686567164178,1.507462686567164,100.46268656716418,114.0
885.0,1481.1194029850747,2007.9253731343283,35.23880597014925,2.0,1.0,1.9253731343283582,1.2686567164179106,1.7462686567164178,1.507462686567164,100.46268656716418,114.0
2233.0,1481.1194029850747,2007.9253731343283,35.23880597014925,2.0,1.0,1.9253731343283582,1.2686567164179106,1.7462686567164178,1.507462686567164,100.46268656716418,76.0
1597.0,1481.1194029850747,2007.9253731343283,35.23880597014925,2.0,1.0,1.9253731343283582,1.2686567164179106,1.7462686567164178,1.507462686567164,100.46268656716418,126.0
2056.0,1481.1194029850747,2007.9253731343283,35.23880597014925,2.0,1.0,1.9253731343283582,1.2686567164179106,1.7462686567164178,1.507462686567164,100.46268656716418,129.0
984.0,1481.1194029850747,2007.9253731343283,35.23880597014925,2.0,1.0,1.9253731343283582,1.2686567164179106,1.7462686567164178,1.507462686567164,100.46268656716418,88.0
2387.0,1481.1194029850747,2007.9253731343283,35.23880597014925,2.0,1.0,1.9253731343283582,1.2686567164179106,1.7462686567164178,1.507462686567164,100.46268656716418,129.0
2405.0,1481.1194029850747,2007.9253731343283,35.23880597014925,2.0,1.0,1.9253731343283582,1.2686567164179106,1.7462686567164178,1.507462686567164,100.46268656716418,81.0
2614.0,1481.1194029850747,2007.9253731343283,35.23880597014925,2.0,1.0,1.9253731343283582,1.2686567164179106,1.7462686567164178,1.507462686567164,100.46268656716418,96.0
2150.0,1209.5,2006.0,54.214285714285715,2.0,1.0,2.642857142857143,1.3571428571428572,1.6428571428571428,1.2142857142857142,101.5,110.0
1817.0,1209.5,2006.0,54.214285714285715,2.0,1.0,2.642857142857143,1.3571428571428572,1.6428571428571428,1.2142857142857142,101.5,100.0
238.0,1209.5,2006.0,54.214285714285715,2.0,1.0,2.642857142857143,1.3571428571428572,1.6428571428571428,1.2142857142857142,101.5,81.0
1204.0,1209.5,2006.0,54.214285714285715,2.0,1.0,2.642857142857143,1.3571428571428572,1.6428571428571428,1.2142857142857142,101.5,92.0
813.0,1209.5,2006.0,54.214285714285715,2.0,1.0,2.642857142857143,1.3571428571428572,1.6428571428571428,1.2142857142857142,101.5,80.0
666.0,1209.5,2006.0,54.214285714285715,2.0,1.0,2.642857142857143,1.3571428571428572,1.6428571428571428,1.2142857142857142,101.5,89.0
233.0,1209.5,2006.0,54.214285714285715,2.0,1.0,2.642857142857143,1.3571428571428572,1.6428571428571428,1.2142857142857142,101.5,119.0
295.0,1209.5,2006.0,54.214285714285715,2.0,1.0,2.642857142857143,1.3571428571428572,1.6428571428571428,1.2142857142857142,101.5,85.0
1434.0,1209.5,2006.0,54.214285714285715,2.0,1.0,2.642857142857143,1.3571428571428572,1.6428571428571428,1.2142857142857142,101.5,100.0
2045.0,1209.5,2006.0,54.214285714285715,2.0,1.0,2.642857142857143,1.3571428571428572,1.6428571428571428,1.2142857142857142,101.5,87.0
62.0,1209.5,2006.0,54.214285714285715,2.0,1.0,2.642857142857143,1.3571428571428572,1.6428571428571428,1.2142857142857142,101.5,117.0
2363.0,1209.5,2006.0,54.214285714285715,2.0,1.0,2.642857142857143,1.3571428571428572,1.6428571428571428,1.2142857142857142,101.5,102.0
1305.0,1209.5,2006.0,54.214285714285715,2.0,1.0,2.642857142857143,1.3571428571428572,1.6428571428571428,1.2142857142857142,101.5,121.0
2308.0,1209.5,2006.0,54.214285714285715,2.0,1.0,2.642857142857143,1.3571428571428572,1.6428571428571428,1.2142857142857142,101.5,138.0
1483.0,1506.3483146067415,2003.887640449438,25.292134831460675,1.0,1.0,1.8651685393258426,1.247191011235955,1.752808988764045,1.651685393258427,71.56179775280899,74.0
1936.0,1506.3483146067415,2003.887640449438,25.292134831460675,1.0,1.0,1.8651685393258426,1.247191011235955,1.752808988764045,1.651685393258427,71.56179775280899,70.0
13.0,1506.3483146067415,2003.887640449438,25.292134831460675,1.0,1.0,1.8651685393258426,1.247191011235955,1.752808988764045,1.651685393258427,71.56179775280899,89.0
1541.0,1506.3483146067415,2003.887640449438,25.292134831460675,1.0,1.0,1.8651685393258426,1.247191011235955,1.752808988764045,1.651685393258427,71.56179775280899,87.0
2046.0,1506.3483146067415,2003.887640449438,25.292134831460675,1.0,1.0,1.8651685393258426,1.247191011235955,1.752808988764045,1.651685393258427,71.56179775280899,63.0
2406.0,1506.3483146067415,2003.887640449438,25.292134831460675,1.0,1.0,1.8651685393258426,1.247191011235955,1.752808988764045,1.651685393258427,71.56179775280899,84.0
2870.0,1506.3483146067415,2003.887640449438,25.292134831460675,1.0,1.0,1.8651685393258426,1.247191011235955,1.752808988764045,1.651685393258427,71.56179775280899,81.0
1631.0,1506.3483146067415,2003.887640449438,25.292134831460675,1.0,1.0,1.8651685393258426,1.247191011235955,1.752808988764045,1.651685393258427,71.56179775280899,61.0
2654.0,1506.3483146067415,2003.887640449438,25.292134831460675,1.0,1.0,1.8651685393258426,1.247191011235955,1.752808988764045,1.651685393258427,71.56179775280899,74.0
1509.0,1506.3483146067415,2003.887640449438,25.292134831460675,1.0,1.0,1.8651685393258426,1.247191011235955,1.752808988764045,1.651685393258427,71.56179775280899,54.0
1972.0,1506.3483146067415,2003.887640449438,25.292134831460675,1.0,1.0,1.8651685393258426,1.247191011235955,1.752808988764045,1.651685393258427,71.56179775280899,70.0
2660.0,1506.3483146067415,2003.887640449438,25.292134831460675,1.0,1.0,1.8651685393258426,1.247191011235955,1.752808988764045,1.651685393258427,71.56179775280899,55.0
1680.0,1506.3483146067415,2003.887640449438,25.292134831460675,1.0,1.0,1.8651685393258426,1.247191011235955,1.752808988764045,1.651685393258427,71.56179775280899,75.0
541.0,1506.3483146067415,2003.887640449438,25.292134831460675,1.0,1.0,1.8651685393258426,1.247191011235955,1.752808988764045,1.651685393258427,71.56179775280899,81.0
2186.0,1506.3483146067415,2003.887640449438,25.292134831460675,1.0,1.0,1.8651685393258426,1.247191011235955,1.752808988764045,1.651685393258427,71.56179775280899,63.0
1886.0,1506.3483146067415,2003.887640449438,25.292134831460675,1.0,1.0,1.8651685393258426,1.247191011235955,1.752808988764045,1.651685393258427,71.56179775280899,75.0
1270.0,1506.3483146067415,2003.887640449438,25.292134831460675,1.0,1.0,1.8651685393258426,1.247191011235955,1.752808988764045,1.651685393258427,71.56179775280899,80.0
126.0,1506.3483146067415,2003.887640449438,25.292134831460675,1.0,1.0,1.8651685393258426,1.247191011235955,1.752808988764045,1.651685393258427,71.56179775280899,67.0
140.0,1506.3483146067415,2003.887640449438,25.292134831460675,1.0,1.0,1.8651685393258426,1.247191011235955,1.752808988764045,1.651685393258427,71.56179775280899,89.0
840.0,1506.3483146067415,2003.887640449438,25.292134831460675,1.0,1.0,1.8651685393258426,1.247191011235955,1.752808988764045,1.651685393258427,71.56179775280899,55.0
1333.0,1506.3483146067415,2003.887640449438,25.292134831460675,1.0,1.0,1.8651685393258426,1.247191011235955,1.752808988764045,1.651685393258427,71.56179775280899,94.0
2543.0,1506.3483146067415,2003.887640449438,25.292134831460675,1.0,1.0,1.8651685393258426,1.247191011235955,1.752808988764045,1.651685393258427,71.56179775280899,80.0
2368.0,1506.3483146067415,2003.887640449438,25.292134831460675,1.0,1.0,1.8651685393258426,1.247191011235955,1.752808988764045,1.651685393258427,71.56179775280899,81.0
2098.0,1506.3483146067415,2003.887640449438,25.292134831460675,1.0,1.0,1.8651685393258426,1.247191011235955,1.752808988764045,1.651685393258427,71.56179775280899,65.0
1732.0,1506.3483146067415,2003.887640449438,25.292134831460675,1.0,1.0,1.8651685393258426,1.247191011235955,1.752808988764045,1.651685393258427,71.56179775280899,81.0
2359.0,1506.3483146067415,2003.887640449438,25.292134831460675,1.0,1.0,1.8651685393258426,1.247191011235955,1.752808988764045,1.651685393258427,71.56179775280899,103.0
435.0,1506.3483146067415,2003.887640449438,25.292134831460675,1.0,1.0,1.8651685393258426,1.247191011235955,1.752808988764045,1.651685393258427,71.56179775280899,59.0
1329.0,1506.3483146067415,2003.887640449438,25.292134831460675,1.0,1.0,1.8651685393258426,1.247191011235955,1.752808988764045,1.651685393258427,71.56179775280899,77.0
1338.0,1506.3483146067415,2003.887640449438,25.292134831460675,1.0,1.0,1.8651685393258426,1.247191011235955,1.752808988764045,1.651685393258427,71.56179775280899,74.0
2825.0,1506.3483146067415,2003.887640449438,25.292134831460675,1.0,1.0,1.8651685393258426,1.247191011235955,1.752808988764045,1.651685393258427,71.56179775280899,71.0
2523.0,1506.3483146067415,2003.887640449438,25.292134831460675,1.0,1.0,1.8651685393258426,1.247191011235955,1.752808988764045,1.651685393258427,71.56179775280899,69.0
821.0,1506.3483146067415,2003.887640449438,25.292134831460675,1.0,1.0,1.8651685393258426,1.247191011235955,1.752808988764045,1.651685393258427,71.56179775280899,70.0
2732.0,1506.3483146067415,2003.887640449438,25.292134831460675,1.0,1.0,1.8651685393258426,1.247191011235955,1.752808988764045,1.651685393258427,71.56179775280899,68.0
2961.0,1506.3483146067415,2003.887640449438,25.292134831460675,1.0,1.0,1.8651685393258426,1.247191011235955,1.752808988764045,1.651685393258427,71.56179775280899,83.0
1268.0,1506.3483146067415,2003.887640449438,25.292134831460675,1.0,1.0,1.8651685393258426,1.247191011235955,1.752808988764045,1.651685393258427,71.56179775280899,81.0
2715.0,1506.3483146067415,2003.887640449438,25.292134831460675,1.0,1.0,1.8651685393258426,1.247191011235955,1.752808988764045,1.651685393258427,71.56179775280899,60.0
2552.0,1506.3483146067415,2003.887640449438,25.292134831460675,1.0,1.0,1.8651685393258426,1.247191011235955,1.752808988764045,1.651685393258427,71.56179775280899,87.0
1415.0,1506.3483146067415,2003.887640449438,25.292134831460675,1.0,1.0,1.8651685393258426,1.247191011235955,1.752808988764045,1.651685393258427,71.56179775280899,69.0
531.0,1506.3483146067415,2003.887640449438,25.292134831460675,1.0,1.0,1.8651685393258426,1.247191011235955,1.752808988764045,1.651685393258427,71.56179775280899,81.0
1791.0,1506.3483146067415,2003.887640449438,25.292134831460675,1.0,1.0,1.8651685393258426,1.247191011235955,1.752808988764045,1.651685393258427,71.56179775280899,75.0
650.0,1506.3483146067415,2003.887640449438,25.292134831460675,1.0,1.0,1.8651685393258426,1.247191011235955,1.752808988764045,1.651685393258427,71.56179775280899,27.0
1535.0,1506.3483146067415,2003.887640449438,25.292134831460675,1.0,1.0,1.8651685393258426,1.247191011235955,1.752808988764045,1.651685393258427,71.56179775280899,70.0
54.0,1506.3483146067415,2003.887640449438,25.292134831460675,1.0,1.0,1.8651685393258426,1.247191011235955,1.752808988764045,1.651685393258427,71.56179775280899,35.0
204.0,1506.3483146067415,2003.887640449438,25.292134831460675,1.0,1.0,1.8651685393258426,1.247191011235955,1.752808988764045,1.651685393258427,71.56179775280899,35.0
84.0,1506.3483146067415,2003.887640449438,25.292134831460675,1.0,1.0,1.8651685393258426,1.247191011235955,1.752808988764045,1.651685393258427,71.56179775280899,52.0
304.0,1506.3483146067415,2003.887640449438,25.292134831460675,1.0,1.0,1.8651685393258426,1.247191011235955,1.752808988764045,1.651685393258427,71.56179775280899,74.0
1349.0,1506.3483146067415,2003.887640449438,25.292134831460675,1.0,1.0,1.8651685393258426,1.247191011235955,1.752808988764045,1.651685393258427,71.56179775280899,55.0
1291.0,1506.3483146067415,2003.887640449438,25.292134831460675,1.0,1.0,1.8651685393258426,1.247191011235955,1.752808988764045,1.651685393258427,71.56179775280899,97.0
647.0,1506.3483146067415,2003.887640449438,25.292134831460675,1.0,1.0,1.8651685393258426,1.247191011235955,1.752808988764045,1.651685393258427,71.56179775280899,75.0
34.0,1506.3483146067415,2003.887640449438,25.292134831460675,1.0,1.0,1.8651685393258426,1.247191011235955,1.752808988764045,1.651685393258427,71.56179775280899,112.0
513.0,1506.3483146067415,2003.887640449438,25.292134831460675,1.0,1.0,1.8651685393258426,1.247191011235955,1.752808988764045,1.651685393258427,71.56179775280899,42.0
2906.0,1506.3483146067415,2003.887640449438,25.292134831460675,1.0,1.0,1.8651685393258426,1.247191011235955,1.752808988764045,1.651685393258427,71.56179775280899,76.0
386.0,1506.3483146067415,2003.887640449438,25.292134831460675,1.0,1.0,1.8651685393258426,1.247191011235955,1.752808988764045,1.651685393258427,71.56179775280899,72.0
2829.0,1506.3483146067415,2003.887640449438,25.292134831460675,1.0,1.0,1.8651685393258426,1.247191011235955,1.752808988764045,1.651685393258427,71.56179775280899,83.0
150.0,1506.3483146067415,2003.887640449438,25.292134831460675,1.0,1.0,1.8651685393258426,1.247191011235955,1.752808988764045,1.651685393258427,71.56179775280899,59.0
2395.0,1506.3483146067415,2003.887640449438,25.292134831460675,1.0,1.0,1.8651685393258426,1.247191011235955,1.752808988764045,1.651685393258427,71.56179775280899,72.0
1405.0,1506.3483146067415,2003.887640449438,25.292134831460675,1.0,1.0,1.8651685393258426,1.247191011235955,1.752808988764045,1.651685393258427,71.56179775280899,95.0
2885.0,1506.3483146067415,2003.887640449438,25.292134831460675,1.0,1.0,1.8651685393258426,1.247191011235955,1.752808988764045,1.651685393258427,71.56179775280899,81.0
353.0,1506.3483146067415,2003.887640449438,25.292134831460675,1.0,1.0,1.8651685393258426,1.247191011235955,1.752808988764045,1.651685393258427,71.56179775280899,90.0
2675.0,1506.3483146067415,2003.887640449438,25.292134831460675,1.0,1.0,1.8651685393258426,1.247191011235955,1.752808988764045,1.651685393258427,71.56179775280899,57.0
2035.0,1506.3483146067415,2003.887640449438,25.292134831460675,1.0,1.0,1.8651685393258426,1.247191011235955,1.752808988764045,1.651685393258427,71.56179775280899,35.0
842.0,1506.3483146067415,2003.887640449438,25.292134831460675,1.0,1.0,1.8651685393258426,1.247191011235955,1.752808988764045,1.651685393258427,71.56179775280899,80.0
1084.0,1506.3483146067415,2003.887640449438,25.292134831460675,1.0,1.0,1.8651685393258426,1.247191011235955,1.752808988764045,1.651685393258427,71.56179775280899,105.0
136.0,1506.3483146067415,2003.887640449438,25.292134831460675,1.0,1.0,1.8651685393258426,1.247191011235955,1.752808988764045,1.651685393258427,71.56179775280899,56.0
2480.0,1506.3483146067415,2003.887640449438,25.292134831460675,1.0,1.0,1.8651685393258426,1.247191011235955,1.752808988764045,1.651685393258427,71.56179775280899,52.0
2328.0,1506.3483146067415,2003.887640449438,25.292134831460675,1.0,1.0,1.8651685393258426,1.247191011235955,1.752808988764045,1.651685393258427,71.56179775280899,72.0
2761.0,1506.3483146067415,2003.887640449438,25.292134831460675,1.0,1.0,1.8651685393258426,1.247191011235955,1.752808988764045,1.651685393258427,71.56179775280899,55.0
1696.0,1506.3483146067415,2003.887640449438,25.292134831460675,1.0,1.0,1.8651685393258426,1.247191011235955,1.752808988764045,1.651685393258427,71.56179775280899,96.0
697.0,1506.3483146067415,2003.887640449438,25.292134831460675,1.0,1.0,1.8651685393258426,1.247191011235955,1.752808988764045,1.651685393258427,71.56179775280899,74.0
519.0,1506.3483146067415,2003.887640449438,25.292134831460675,1.0,1.0,1.8651685393258426,1.247191011235955,1.752808988764045,1.651685393258427,71.56179775280899,84.0
281.0,1506.3483146067415,2003.887640449438,25.292134831460675,1.0,1.0,1.8651685393258426,1.247191011235955,1.752808988764045,1.651685393258427,71.56179775280899,44.0
2242.0,1506.3483146067415,2003.887640449438,25.292134831460675,1.0,1.0,1.8651685393258426,1.247191011235955,1.752808988764045,1.651685393258427,71.56179775280899,31.0
2781.0,1506.3483146067415,2003.887640449438,25.292134831460675,1.0,1.0,1.8651685393258426,1.247191011235955,1.752808988764045,1.651685393258427,71.56179775280899,104.0
1250.0,1506.3483146067415,2003.887640449438,25.292134831460675,1.0,1.0,1.8651685393258426,1.247191011235955,1.752808988764045,1.651685393258427,71.56179775280899,56.0
1324.0,1506.3483146067415,2003.887640449438,25.292134831460675,1.0,1.0,1.8651685393258426,1.247191011235955,1.752808988764045,1.651685393258427,71.56179775280899,55.0
1609.0,1506.3483146067415,2003.887640449438,25.292134831460675,1.0,1.0,1.8651685393258426,1.247191011235955,1.752808988764045,1.651685393258427,71.56179775280899,60.0
1090.0,1506.3483146067415,2003.887640449438,25.292134831460675,1.0,1.0,1.8651685393258426,1.247191011235955,1.752808988764045,1.651685393258427,71.56179775280899,110.0
847.0,1506.3483146067415,2003.887640449438,25.292134831460675,1.0,1.0,1.8651685393258426,1.247191011235955,1.752808988764045,1.651685393258427,71.56179775280899,52.0
1942.0,1506.3483146067415,2003.887640449438,25.292134831460675,1.0,1.0,1.8651685393258426,1.247191011235955,1.752808988764045,1.651685393258427,71.56179775280899,74.0
302.0,1506.3483146067415,2003.887640449438,25.292134831460675,1.0,1.0,1.8651685393258426,1.247191011235955,1.752808988764045,1.651685393258427,71.56179775280899,68.0
700.0,1506.3483146067415,2003.887640449438,25.292134831460675,1.0,1.0,1.8651685393258426,1.247191011235955,1.752808988764045,1.651685393258427,71.56179775280899,77.0
1731.0,1506.3483146067415,2003.887640449438,25.292134831460675,1.0,1.0,1.8651685393258426,1.247191011235955,1.752808988764045,1.651685393258427,71.56179775280899,110.0
1208.0,1506.3483146067415,2003.887640449438,25.292134831460675,1.0,1.0,1.8651685393258426,1.247191011235955,1.752808988764045,1.651685393258427,71.56179775280899,65.0
1923.0,1506.3483146067415,2003.887640449438,25.292134831460675,1.0,1.0,1.8651685393258426,1.247191011235955,1.752808988764045,1.651685393258427,71.56179775280899,89.0
1003.0,1506.3483146067415,2003.887640449438,25.292134831460675,1.0,1.0,1.8651685393258426,1.247191011235955,1.752808988764045,1.651685393258427,71.56179775280899,55.0
1166.0,1506.3483146067415,2003.887640449438,25.292134831460675,1.0,1.0,1.8651685393258426,1.247191011235955,1.752808988764045,1.651685393258427,71.56179775280899,40.0
2161.0,1506.3483146067415,2003.887640449438,25.292134831460675,1.0,1.0,1.8651685393258426,1.247191011235955,1.752808988764045,1.651685393258427,71.56179775280899,75.0
2578.0,1506.3483146067415,2003.887640449438,25.292134831460675,1.0,1.0,1.8651685393258426,1.247191011235955,1.752808988764045,1.651685393258427,71.56179775280899,81.0
1641.0,1506.3483146067415,2003.887640449438,25.292134831460675,1.0,1.0,1.8651685393258426,1.247191011235955,1.752808988764045,1.651685393258427,71.56179775280899,80.0
88.0,1540.6,2008.0375,54.9125,2.0,1.0,2.0875,1.35,1.6,1.275,106.7625,68.0
1747.0,1540.6,2008.0375,54.9125,2.0,1.0,2.0875,1.35,1.6,1.275,106.7625,108.0
2500.0,1540.6,2008.0375,54.9125,2.0,1.0,2.0875,1.35,1.6,1.275,106.7625,87.0
354.0,1540.6,2008.0375,54.9125,2.0,1.0,2.0875,1.35,1.6,1.275,106.7625,85.0
834.0,1540.6,2008.0375,54.9125,2.0,1.0,2.0875,1.35,1.6,1.275,106.7625,126.0
2419.0,1540.6,2008.0375,54.9125,2.0,1.0,2.0875,1.35,1.6,1.275,106.7625,119.0
240.0,1540.6,2008.0375,54.9125,2.0,1.0,2.0875,1.35,1.6,1.275,106.7625,56.0
2714.0,1540.6,2008.0375,54.9125,2.0,1.0,2.0875,1.35,1.6,1.275,106.7625,83.0
2768.0,1540.6,2008.0375,54.9125,2.0,1.0,2.0875,1.35,1.6,1.275,106.7625,119.0
2134.0,1540.6,2008.0375,54.9125,2.0,1.0,2.0875,1.35,1.6,1.275,106.7625,81.0
959.0,1540.6,2008.0375,54.9125,2.0,1.0,2.0875,1.35,1.6,1.275,106.7625,110.0
1315.0,1540.6,2008.0375,54.9125,2.0,1.0,2.0875,1.35,1.6,1.275,106.7625,131.0
2727.0,1540.6,2008.0375,54.9125,2.0,1.0,2.0875,1.35,1.6,1.275,106.7625,148.0
2237.0,1540.6,2008.0375,54.9125,2.0,1.0,2.0875,1.35,1.6,1.275,106.7625,93.0
665.0,1540.6,2008.0375,54.9125,2.0,1.0,2.0875,1.35,1.6,1.275,106.7625,55.0
782.0,1540.6,2008.0375,54.9125,2.0,1.0,2.0875,1.35,1.6,1.275,106.7625,106.0
876.0,1540.6,2008.0375,54.9125,2.0,1.0,2.0875,1.35,1.6,1.275,106.7625,119.0
1983.0,1540.6,2008.0375,54.9125,2.0,1.0,2.0875,1.35,1.6,1.275,106.7625,94.0
1420.0,1540.6,2008.0375,54.9125,2.0,1.0,2.0875,1.35,1.6,1.275,106.7625,32.0
1547.0,1540.6,2008.0375,54.9125,2.0,1.0,2.0875,1.35,1.6,1.275,106.7625,114.0
770.0,1540.6,2008.0375,54.9125,2.0,1.0,2.0875,1.35,1.6,1.275,106.7625,127.0
333.0,1540.6,2008.0375,54.9125,2.0,1.0,2.0875,1.35,1.6,1.275,106.7625,75.0
1353.0,1540.6,2008.0375,54.9125,2.0,1.0,2.0875,1.35,1.6,1.275,106.7625,180.0
635.0,1540.6,2008.0375,54.9125,2.0,1.0,2.0875,1.35,1.6,1.275,106.7625,111.0
1505.0,1540.6,2008.0375,54.9125,2.0,1.0,2.0875,1.35,1.6,1.275,106.7625,108.0
464.0,1540.6,2008.0375,54.9125,2.0,1.0,2.0875,1.35,1.6,1.275,106.7625,139.0
1884.0,1540.6,2008.0375,54.9125,2.0,1.0,2.0875,1.35,1.6,1.275,106.7625,80.0
2135.0,1540.6,2008.0375,54.9125,2.0,1.0,2.0875,1.35,1.6,1.275,106.7625,108.0
1569.0,1540.6,2008.0375,54.9125,2.0,1.0,2.0875,1.35,1.6,1.275,106.7625,119.0
2550.0,1540.6,2008.0375,54.9125,2.0,1.0,2.0875,1.35,1.6,1.275,106.7625,77.0
2155.0,1540.6,2008.0375,54.9125,2.0,1.0,2.0875,1.35,1.6,1.275,106.7625,114.0
1653.0,1540.6,2008.0375,54.9125,2.0,1.0,2.0875,1.35,1.6,1.275,106.7625,135.0
1561.0,1540.6,2008.0375,54.9125,2.0,1.0,2.0875,1.35,1.6,1.275,106.7625,107.0
2861.0,1540.6,2008.0375,54.9125,2.0,1.0,2.0875,1.35,1.6,1.275,106.7625,59.0
1096.0,1540.6,2008.0375,54.9125,2.0,1.0,2.0875,1.35,1.6,1.275,106.7625,122.0
1639.0,1540.6,2008.0375,54.9125,2.0,1.0,2.0875,1.35,1.6,1.275,106.7625,110.0
173.0,1540.6,2008.0375,54.9125,2.0,1.0,2.0875,1.35,1.6,1.275,106.7625,148.0
2934.0,1540.6,2008.0375,54.9125,2.0,1.0,2.0875,1.35,1.6,1.275,106.7625,105.0
2006.0,1540.6,2008.0375,54.9125,2.0,1.0,2.0875,1.35,1.6,1.275,106.7625,129.0
453.0,1540.6,2008.0375,54.9125,2.0,1.0,2.0875,1.35,1.6,1.275,106.7625,120.0
1012.0,1540.6,2008.0375,54.9125,2.0,1.0,2.0875,1.35,1.6,1.275,106.7625,102.0
163.0,1540.6,2008.0375,54.9125,2.0,1.0,2.0875,1.35,1.6,1.275,106.7625,78.0
1742.0,1540.6,2008.0375,54.9125,2.0,1.0,2.0875,1.35,1.6,1.275,106.7625,149.0
1400.0,1540.6,2008.0375,54.9125,2.0,1.0,2.0875,1.35,1.6,1.275,106.7625,142.0
1558.0,1540.6,2008.0375,54.9125,2.0,1.0,2.0875,1.35,1.6,1.275,106.7625,77.0
910.0,1540.6,2008.0375,54.9125,2.0,1.0,2.0875,1.35,1.6,1.275,106.7625,80.0
1023.0,1540.6,2008.0375,54.9125,2.0,1.0,2.0875,1.35,1.6,1.275,106.7625,102.0
2608.0,1540.6,2008.0375,54.9125,2.0,1.0,2.0875,1.35,1.6,1.275,106.7625,148.0
2167.0,1540.6,2008.0375,54.9125,2.0,1.0,2.0875,1.35,1.6,1.275,106.7625,100.0
698.0,1540.6,2008.0375,54.9125,2.0,1.0,2.0875,1.35,1.6,1.275,106.7625,145.0
933.0,1540.6,2008.0375,54.9125,2.0,1.0,2.0875,1.35,1.6,1.275,106.7625,77.0
2776.0,1540.6,2008.0375,54.9125,2.0,1.0,2.0875,1.35,1.6,1.275,106.7625,106.0
1014.0,1540.6,2008.0375,54.9125,2.0,1.0,2.0875,1.35,1.6,1.275,106.7625,133.0
2816.0,1540.6,2008.0375,54.9125,2.0,1.0,2.0875,1.35,1.6,1.275,106.7625,117.0
1965.0,1540.6,2008.0375,54.9125,2.0,1.0,2.0875,1.35,1.6,1.275,106.7625,100.0
2593.0,1540.6,2008.0375,54.9125,2.0,1.0,2.0875,1.35,1.6,1.275,106.7625,110.0
169.0,1540.6,2008.0375,54.9125,2.0,1.0,2.0875,1.35,1.6,1.275,106.7625,85.0
1058.0,1540.6,2008.0375,54.9125,2.0,1.0,2.0875,1.35,1.6,1.275,106.7625,96.0
1826.0,1540.6,2008.0375,54.9125,2.0,1.0,2.0875,1.35,1.6,1.275,106.7625,111.0
2976.0,1540.6,2008.0375,54.9125,2.0,1.0,2.0875,1.35,1.6,1.275,106.7625,101.0
2917.0,1540.6,2008.0375,54.9125,2.0,1.0,2.0875,1.35,1.6,1.275,106.7625,137.0
2787.0,1540.6,2008.0375,54.9125,2.0,1.0,2.0875,1.35,1.6,1.275,106.7625,110.0
2075.0,1540.6,2008.0375,54.9125,2.0,1.0,2.0875,1.35,1.6,1.275,106.7625,106.0
2071.0,1540.6,2008.0375,54.9125,2.0,1.0,2.0875,1.35,1.6,1.275,106.7625,97.0
15.0,1540.6,2008.0375,54.9125,2.0,1.0,2.0875,1.35,1.6,1.275,106.7625,135.0
1721.0,1540.6,2008.0375,54.9125,2.0,1.0,2.0875,1.35,1.6,1.275,106.7625,135.0
2350.0,1540.6,2008.0375,54.9125,2.0,1.0,2.0875,1.35,1.6,1.275,106.7625,91.0
1196.0,1540.6,2008.0375,54.9125,2.0,1.0,2.0875,1.35,1.6,1.275,106.7625,130.0
499.0,1540.6,2008.0375,54.9125,2.0,1.0,2.0875,1.35,1.6,1.275,106.7625,107.0
591.0,1540.6,2008.0375,54.9125,2.0,1.0,2.0875,1.35,1.6,1.275,106.7625,80.0
1929.0,1540.6,2008.0375,54.9125,2.0,1.0,2.0875,1.35,1.6,1.275,106.7625,129.0
1556.0,1540.6,2008.0375,54.9125,2.0,1.0,2.0875,1.35,1.6,1.275,106.7625,83.0
2047.0,1540.6,2008.0375,54.9125,2.0,1.0,2.0875,1.35,1.6,1.275,106.7625,115.0
29.0,1540.6,2008.0375,54.9125,2.0,1.0,2.0875,1.35,1.6,1.275,106.7625,116.0
1526.0,1540.6,2008.0375,54.9125,2.0,1.0,2.0875,1.35,1.6,1.275,106.7625,100.0
1634.0,1540.6,2008.0375,54.9125,2.0,1.0,2.0875,1.35,1.6,1.275,106.7625,105.0
2322.0,1540.6,2008.0375,54.9125,2.0,1.0,2.0875,1.35,1.6,1.275,106.7625,88.0
1598.0,1540.6,2008.0375,54.9125,2.0,1.0,2.0875,1.35,1.6,1.275,106.7625,109.0
1134.0,1540.6,2008.0375,54.9125,2.0,1.0,2.0875,1.35,1.6,1.275,106.7625,108.0
1806.0,1540.6,2008.0375,54.9125,2.0,1.0,2.0875,1.35,1.6,1.275,106.7625,94.0
625.0,1415.4623655913979,2005.8924731182797,43.56989247311828,1.8279569892473118,1.0,1.924731182795699,1.3333333333333333,1.5913978494623655,1.3548387096774193,96.2258064516129,135.0
903.0,1415.4623655913979,2005.8924731182797,43.56989247311828,1.8279569892473118,1.0,1.924731182795699,1.3333333333333333,1.5913978494623655,1.3548387096774193,96.2258064516129,129.0
312.0,1415.4623655913979,2005.8924731182797,43.56989247311828,1.8279569892473118,1.0,1.924731182795699,1.3333333333333333,1.5913978494623655,1.3548387096774193,96.2258064516129,119.0
2256.0,1415.4623655913979,2005.8924731182797,43.56989247311828,1.8279569892473118,1.0,1.924731182795699,1.3333333333333333,1.5913978494623655,1.3548387096774193,96.2258064516129,92.0
690.0,1415.4623655913979,2005.8924731182797,43.56989247311828,1.8279569892473118,1.0,1.924731182795699,1.3333333333333333,1.5913978494623655,1.3548387096774193,96.2258064516129,97.0
161.0,1415.4623655913979,2005.8924731182797,43.56989247311828,1.8279569892473118,1.0,1.924731182795699,1.3333333333333333,1.5913978494623655,1.3548387096774193,96.2258064516129,124.0
2113.0,1415.4623655913979,2005.8924731182797,43.56989247311828,1.8279569892473118,1.0,1.924731182795699,1.3333333333333333,1.5913978494623655,1.3548387096774193,96.2258064516129,88.0
228.0,1415.4623655913979,2005.8924731182797,43.56989247311828,1.8279569892473118,1.0,1.924731182795699,1.3333333333333333,1.5913978494623655,1.3548387096774193,96.2258064516129,95.0
164.0,1415.4623655913979,2005.8924731182797,43.56989247311828,1.8279569892473118,1.0,1.924731182795699,1.3333333333333333,1.5913978494623655,1.3548387096774193,96.2258064516129,74.0
1005.0,1415.4623655913979,2005.8924731182797,43.56989247311828,1.8279569892473118,1.0,1.924731182795699,1.3333333333333333,1.5913978494623655,1.3548387096774193,96.2258064516129,69.0
2756.0,1415.4623655913979,2005.8924731182797,43.56989247311828,1.8279569892473118,1.0,1.924731182795699,1.3333333333333333,1.5913978494623655,1.3548387096774193,96.2258064516129,96.0
1548.0,1415.4623655913979,2005.8924731182797,43.56989247311828,1.8279569892473118,1.0,1.924731182795699,1.3333333333333333,1.5913978494623655,1.3548387096774193,96.2258064516129,65.0
1679.0,1415.4623655913979,2005.8924731182797,43.56989247311828,1.8279569892473118,1.0,1.924731182795699,1.3333333333333333,1.5913978494623655,1.3548387096774193,96.2258064516129,127.0
1358.0,1415.4623655913979,2005.8924731182797,43.56989247311828,1.8279569892473118,1.0,1.924731182795699,1.3333333333333333,1.5913978494623655,1.3548387096774193,96.2258064516129,77.0
1487.0,1415.4623655913979,2005.8924731182797,43.56989247311828,1.8279569892473118,1.0,1.924731182795699,1.3333333333333333,1.5913978494623655,1.3548387096774193,96.2258064516129,112.0
979.0,1415.4623655913979,2005.8924731182797,43.56989247311828,1.8279569892473118,1.0,1.924731182795699,1.3333333333333333,1.5913978494623655,1.3548387096774193,96.2258064516129,94.0
601.0,1415.4623655913979,2005.8924731182797,43.56989247311828,1.8279569892473118,1.0,1.924731182795699,1.3333333333333333,1.5913978494623655,1.3548387096774193,96.2258064516129,90.0
685.0,1415.4623655913979,2005.8924731182797,43.56989247311828,1.8279569892473118,1.0,1.924731182795699,1.3333333333333333,1.5913978494623655,1.3548387096774193,96.2258064516129,59.0
2933.0,1415.4623655913979,2005.8924731182797,43.56989247311828,1.8279569892473118,1.0,1.924731182795699,1.3333333333333333,1.5913978494623655,1.3548387096774193,96.2258064516129,114.0
426.0,1415.4623655913979,2005.8924731182797,43.56989247311828,1.8279569892473118,1.0,1.924731182795699,1.3333333333333333,1.5913978494623655,1.3548387096774193,96.2258064516129,145.0
1664.0,1415.4623655913979,2005.8924731182797,43.56989247311828,1.8279569892473118,1.0,1.924731182795699,1.3333333333333333,1.5913978494623655,1.3548387096774193,96.2258064516129,74.0
2022.0,1415.4623655913979,2005.8924731182797,43.56989247311828,1.8279569892473118,1.0,1.924731182795699,1.3333333333333333,1.5913978494623655,1.3548387096774193,96.2258064516129,103.0
1938.0,1415.4623655913979,2005.8924731182797,43.56989247311828,1.8279569892473118,1.0,1.924731182795699,1.3333333333333333,1.5913978494623655,1.3548387096774193,96.2258064516129,102.0
429.0,1415.4623655913979,2005.8924731182797,43.56989247311828,1.8279569892473118,1.0,1.924731182795699,1.3333333333333333,1.5913978494623655,1.3548387096774193,96.2258064516129,88.0
2826.0,1415.4623655913979,2005.8924731182797,43.56989247311828,1.8279569892473118,1.0,1.924731182795699,1.3333333333333333,1.5913978494623655,1.3548387096774193,96.2258064516129,70.0
1821.0,1415.4623655913979,2005.8924731182797,43.56989247311828,1.8279569892473118,1.0,1.924731182795699,1.3333333333333333,1.5913978494623655,1.3548387096774193,96.2258064516129,103.0
1605.0,1415.4623655913979,2005.8924731182797,43.56989247311828,1.8279569892473118,1.0,1.924731182795699,1.3333333333333333,1.5913978494623655,1.3548387096774193,96.2258064516129,135.0
2730.0,1415.4623655913979,2005.8924731182797,43.56989247311828,1.8279569892473118,1.0,1.924731182795699,1.3333333333333333,1.5913978494623655,1.3548387096774193,96.2258064516129,57.0
2637.0,1415.4623655913979,2005.8924731182797,43.56989247311828,1.8279569892473118,1.0,1.924731182795699,1.3333333333333333,1.5913978494623655,1.3548387096774193,96.2258064516129,37.0
688.0,1415.4623655913979,2005.8924731182797,43.56989247311828,1.8279569892473118,1.0,1.924731182795699,1.3333333333333333,1.5913978494623655,1.3548387096774193,96.2258064516129,71.0
1833.0,1415.4623655913979,2005.8924731182797,43.56989247311828,1.8279569892473118,1.0,1.924731182795699,1.3333333333333333,1.5913978494623655,1.3548387096774193,96.2258064516129,72.0
2845.0,1415.4623655913979,2005.8924731182797,43.56989247311828,1.8279569892473118,1.0,1.924731182795699,1.3333333333333333,1.5913978494623655,1.3548387096774193,96.2258064516129,65.0
1389.0,1415.4623655913979,2005.8924731182797,43.56989247311828,1.8279569892473118,1.0,1.924731182795699,1.3333333333333333,1.5913978494623655,1.3548387096774193,96.2258064516129,111.0
1269.0,1415.4623655913979,2005.8924731182797,43.56989247311828,1.8279569892473118,1.0,1.924731182795699,1.3333333333333333,1.5913978494623655,1.3548387096774193,96.2258064516129,140.0
1158.0,1415.4623655913979,2005.8924731182797,43.56989247311828,1.8279569892473118,1.0,1.924731182795699,1.3333333333333333,1.5913978494623655,1.3548387096774193,96.2258064516129,81.0
80.0,1415.4623655913979,2005.8924731182797,43.56989247311828,1.8279569892473118,1.0,1.924731182795699,1.3333333333333333,1.5913978494623655,1.3548387096774193,96.2258064516129,88.0
423.0,1415.4623655913979,2005.8924731182797,43.56989247311828,1.8279569892473118,1.0,1.924731182795699,1.3333333333333333,1.5913978494623655,1.3548387096774193,96.2258064516129,131.0
1943.0,1415.4623655913979,2005.8924731182797,43.56989247311828,1.8279569892473118,1.0,1.924731182795699,1.3333333333333333,1.5913978494623655,1.3548387096774193,96.2258064516129,74.0
2468.0,1415.4623655913979,2005.8924731182797,43.56989247311828,1.8279569892473118,1.0,1.924731182795699,1.3333333333333333,1.5913978494623655,1.3548387096774193,96.2258064516129,55.0
2192.0,1415.4623655913979,2005.8924731182797,43.56989247311828,1.8279569892473118,1.0,1.924731182795699,1.3333333333333333,1.5913978494623655,1.3548387096774193,96.2258064516129,20.0
2764.0,1415.4623655913979,2005.8924731182797,43.56989247311828,1.8279569892473118,1.0,1.924731182795699,1.3333333333333333,1.5913978494623655,1.3548387096774193,96.2258064516129,74.0
2628.0,1415.4623655913979,2005.8924731182797,43.56989247311828,1.8279569892473118,1.0,1.924731182795699,1.3333333333333333,1.5913978494623655,1.3548387096774193,96.2258064516129,65.0
2649.0,1415.4623655913979,2005.8924731182797,43.56989247311828,1.8279569892473118,1.0,1.924731182795699,1.3333333333333333,1.5913978494623655,1.3548387096774193,96.2258064516129,83.0
2090.0,1415.4623655913979,2005.8924731182797,43.56989247311828,1.8279569892473118,1.0,1.924731182795699,1.3333333333333333,1.5913978494623655,1.3548387096774193,96.2258064516129,119.0
1080.0,1415.4623655913979,2005.8924731182797,43.56989247311828,1.8279569892473118,1.0,1.924731182795699,1.3333333333333333,1.5913978494623655,1.3548387096774193,96.2258064516129,79.0
43.0,1415.4623655913979,2005.8924731182797,43.56989247311828,1.8279569892473118,1.0,1.924731182795699,1.3333333333333333,1.5913978494623655,1.3548387096774193,96.2258064516129,45.0
605.0,1415.4623655913979,2005.8924731182797,43.56989247311828,1.8279569892473118,1.0,1.924731182795699,1.3333333333333333,1.5913978494623655,1.3548387096774193,96.2258064516129,135.0
851.0,1415.4623655913979,2005.8924731182797,43.56989247311828,1.8279569892473118,1.0,1.924731182795699,1.3333333333333333,1.5913978494623655,1.3548387096774193,96.2258064516129,102.0
1644.0,1415.4623655913979,2005.8924731182797,43.56989247311828,1.8279569892473118,1.0,1.924731182795699,1.3333333333333333,1.5913978494623655,1.3548387096774193,96.2258064516129,65.0
2751.0,1415.4623655913979,2005.8924731182797,43.56989247311828,1.8279569892473118,1.0,1.924731182795699,1.3333333333333333,1.5913978494623655,1.3548387096774193,96.2258064516129,80.0
1769.0,1415.4623655913979,2005.8924731182797,43.56989247311828,1.8279569892473118,1.0,1.924731182795699,1.3333333333333333,1.5913978494623655,1.3548387096774193,96.2258064516129,133.0
420.0,1415.4623655913979,2005.8924731182797,43.56989247311828,1.8279569892473118,1.0,1.924731182795699,1.3333333333333333,1.5913978494623655,1.3548387096774193,96.2258064516129,97.0
2773.0,1415.4623655913979,2005.8924731182797,43.56989247311828,1.8279569892473118,1.0,1.924731182795699,1.3333333333333333,1.5913978494623655,1.3548387096774193,96.2258064516129,110.0
2361.0,1415.4623655913979,2005.8924731182797,43.56989247311828,1.8279569892473118,1.0,1.924731182795699,1.3333333333333333,1.5913978494623655,1.3548387096774193,96.2258064516129,110.0
803.0,1415.4623655913979,2005.8924731182797,43.56989247311828,1.8279569892473118,1.0,1.924731182795699,1.3333333333333333,1.5913978494623655,1.3548387096774193,96.2258064516129,116.0
380.0,1415.4623655913979,2005.8924731182797,43.56989247311828,1.8279569892473118,1.0,1.924731182795699,1.3333333333333333,1.5913978494623655,1.3548387096774193,96.2258064516129,94.0
904.0,1415.4623655913979,2005.8924731182797,43.56989247311828,1.8279569892473118,1.0,1.924731182795699,1.3333333333333333,1.5913978494623655,1.3548387096774193,96.2258064516129,96.0
2653.0,1415.4623655913979,2005.8924731182797,43.56989247311828,1.8279569892473118,1.0,1.924731182795699,1.3333333333333333,1.5913978494623655,1.3548387096774193,96.2258064516129,117.0
1667.0,1415.4623655913979,2005.8924731182797,43.56989247311828,1.8279569892473118,1.0,1.924731182795699,1.3333333333333333,1.5913978494623655,1.3548387096774193,96.2258064516129,97.0
1746.0,1415.4623655913979,2005.8924731182797,43.56989247311828,1.8279569892473118,1.0,1.924731182795699,1.3333333333333333,1.5913978494623655,1.3548387096774193,96.2258064516129,119.0
1490.0,1415.4623655913979,2005.8924731182797,43.56989247311828,1.8279569892473118,1.0,1.924731182795699,1.3333333333333333,1.5913978494623655,1.3548387096774193,96.2258064516129,83.0
277.0,1415.4623655913979,2005.8924731182797,43.56989247311828,1.8279569892473118,1.0,1.924731182795699,1.3333333333333333,1.5913978494623655,1.3548387096774193,96.2258064516129,110.0
1029.0,1415.4623655913979,2005.8924731182797,43.56989247311828,1.8279569892473118,1.0,1.924731182795699,1.3333333333333333,1.5913978494623655,1.3548387096774193,96.2258064516129,76.0
2684.0,1415.4623655913979,2005.8924731182797,43.56989247311828,1.8279569892473118,1.0,1.924731182795699,1.3333333333333333,1.5913978494623655,1.3548387096774193,96.2258064516129,88.0
626.0,1415.4623655913979,2005.8924731182797,43.56989247311828,1.8279569892473118,1.0,1.924731182795699,1.3333333333333333,1.5913978494623655,1.3548387096774193,96.2258064516129,44.0
636.0,1415.4623655913979,2005.8924731182797,43.56989247311828,1.8279569892473118,1.0,1.924731182795699,1.3333333333333333,1.5913978494623655,1.3548387096774193,96.2258064516129,148.0
529.0,1415.4623655913979,2005.8924731182797,43.56989247311828,1.8279569892473118,1.0,1.924731182795699,1.3333333333333333,1.5913978494623655,1.3548387096774193,96.2258064516129,74.0
510.0,1415.4623655913979,2005.8924731182797,43.56989247311828,1.8279569892473118,1.0,1.924731182795699,1.3333333333333333,1.5913978494623655,1.3548387096774193,96.2258064516129,119.0
693.0,1415.4623655913979,2005.8924731182797,43.56989247311828,1.8279569892473118,1.0,1.924731182795699,1.3333333333333333,1.5913978494623655,1.3548387096774193,96.2258064516129,81.0
672.0,1415.4623655913979,2005.8924731182797,43.56989247311828,1.8279569892473118,1.0,1.924731182795699,1.3333333333333333,1.5913978494623655,1.3548387096774193,96.2258064516129,50.0
1008.0,1415.4623655913979,2005.8924731182797,43.56989247311828,1.8279569892473118,1.0,1.924731182795699,1.3333333333333333,1.5913978494623655,1.3548387096774193,96.2258064516129,110.0
1632.0,1415.4623655913979,2005.8924731182797,43.56989247311828,1.8279569892473118,1.0,1.924731182795699,1.3333333333333333,1.5913978494623655,1.3548387096774193,96.2258064516129,114.0
476.0,1415.4623655913979,2005.8924731182797,43.56989247311828,1.8279569892473118,1.0,1.924731182795699,1.3333333333333333,1.5913978494623655,1.3548387096774193,96.2258064516129,97.0
1997.0,1415.4623655913979,2005.8924731182797,43.56989247311828,1.8279569892473118,1.0,1.924731182795699,1.3333333333333333,1.5913978494623655,1.3548387096774193,96.2258064516129,105.0
202.0,1415.4623655913979,2005.8924731182797,43.56989247311828,1.8279569892473118,1.0,1.924731182795699,1.3333333333333333,1.5913978494623655,1.3548387096774193,96.2258064516129,127.0
1733.0,1415.4623655913979,2005.8924731182797,43.56989247311828,1.8279569892473118,1.0,1.924731182795699,1.3333333333333333,1.5913978494623655,1.3548387096774193,96.2258064516129,90.0
355.0,1415.4623655913979,2005.8924731182797,43.56989247311828,1.8279569892473118,1.0,1.924731182795699,1.3333333333333333,1.5913978494623655,1.3548387096774193,96.2258064516129,145.0
1523.0,1415.4623655913979,2005.8924731182797,43.56989247311828,1.8279569892473118,1.0,1.924731182795699,1.3333333333333333,1.5913978494623655,1.3548387096774193,96.2258064516129,70.0
2101.0,1415.4623655913979,2005.8924731182797,43.56989247311828,1.8279569892473118,1.0,1.924731182795699,1.3333333333333333,1.5913978494623655,1.3548387096774193,96.2258064516129,88.0
1150.0,1415.4623655913979,2005.8924731182797,43.56989247311828,1.8279569892473118,1.0,1.924731182795699,1.3333333333333333,1.5913978494623655,1.3548387096774193,96.2258064516129,92.0
2859.0,1415.4623655913979,2005.8924731182797,43.56989247311828,1.8279569892473118,1.0,1.924731182795699,1.3333333333333333,1.5913978494623655,1.3548387096774193,96.2258064516129,148.0
497.0,1415.4623655913979,2005.8924731182797,43.56989247311828,1.8279569892473118,1.0,1.924731182795699,1.3333333333333333,1.5913978494623655,1.3548387096774193,96.2258064516129,131.0
603.0,1415.4623655913979,2005.8924731182797,43.56989247311828,1.8279569892473118,1.0,1.924731182795699,1.3333333333333333,1.5913978494623655,1.3548387096774193,96.2258064516129,148.0
1263.0,1415.4623655913979,2005.8924731182797,43.56989247311828,1.8279569892473118,1.0,1.924731182795699,1.3333333333333333,1.5913978494623655,1.3548387096774193,96.2258064516129,81.0
1229.0,1415.4623655913979,2005.8924731182797,43.56989247311828,1.8279569892473118,1.0,1.924731182795699,1.3333333333333333,1.5913978494623655,1.3548387096774193,96.2258064516129,78.0
2132.0,1415.4623655913979,2005.8924731182797,43.56989247311828,1.8279569892473118,1.0,1.924731182795699,1.3333333333333333,1.5913978494623655,1.3548387096774193,96.2258064516129,105.0
27.0,1415.4623655913979,2005.8924731182797,43.56989247311828,1.8279569892473118,1.0,1.924731182795699,1.3333333333333333,1.5913978494623655,1.3548387096774193,96.2258064516129,84.0
2837.0,1415.4623655913979,2005.8924731182797,43.56989247311828,1.8279569892473118,1.0,1.924731182795699,1.3333333333333333,1.5913978494623655,1.3548387096774193,96.2258064516129,135.0
2591.0,1415.4623655913979,2005.8924731182797,43.56989247311828,1.8279569892473118,1.0,1.924731182795699,1.3333333333333333,1.5913978494623655,1.3548387096774193,96.2258064516129,126.0
509.0,1415.4623655913979,2005.8924731182797,43.56989247311828,1.8279569892473118,1.0,1.924731182795699,1.3333333333333333,1.5913978494623655,1.3548387096774193,96.2258064516129,100.0
2602.0,1415.4623655913979,2005.8924731182797,43.56989247311828,1.8279569892473118,1.0,1.924731182795699,1.3333333333333333,1.5913978494623655,1.3548387096774193,96.2258064516129,72.0
1784.0,1415.4623655913979,2005.8924731182797,43.56989247311828,1.8279569892473118,1.0,1.924731182795699,1.3333333333333333,1.5913978494623655,1.3548387096774193,96.2258064516129,95.0
1932.0,1415.4623655913979,2005.8924731182797,43.56989247311828,1.8279569892473118,1.0,1.924731182795699,1.3333333333333333,1.5913978494623655,1.3548387096774193,96.2258064516129,121.0
2048.0,1484.9673913043478,2007.641304347826,29.652173913043477,1.0,1.0,3.6956521739130435,1.5434782608695652,1.8369565217391304,1.2934782608695652,104.90217391304348,81.0
1676.0,1484.9673913043478,2007.641304347826,29.652173913043477,1.0,1.0,3.6956521739130435,1.5434782608695652,1.8369565217391304,1.2934782608695652,104.90217391304348,62.0
2238.0,1484.9673913043478,2007.641304347826,29.652173913043477,1.0,1.0,3.6956521739130435,1.5434782608695652,1.8369565217391304,1.2934782608695652,104.90217391304348,100.0
2970.0,1484.9673913043478,2007.641304347826,29.652173913043477,1.0,1.0,3.6956521739130435,1.5434782608695652,1.8369565217391304,1.2934782608695652,104.90217391304348,78.0
1309.0,1484.9673913043478,2007.641304347826,29.652173913043477,1.0,1.0,3.6956521739130435,1.5434782608695652,1.8369565217391304,1.2934782608695652,104.90217391304348,123.0
769.0,1484.9673913043478,2007.641304347826,29.652173913043477,1.0,1.0,3.6956521739130435,1.5434782608695652,1.8369565217391304,1.2934782608695652,104.90217391304348,131.0
563.0,1484.9673913043478,2007.641304347826,29.652173913043477,1.0,1.0,3.6956521739130435,1.5434782608695652,1.8369565217391304,1.2934782608695652,104.90217391304348,96.0
1718.0,1484.9673913043478,2007.641304347826,29.652173913043477,1.0,1.0,3.6956521739130435,1.5434782608695652,1.8369565217391304,1.2934782608695652,104.90217391304348,114.0
598.0,1484.9673913043478,2007.641304347826,29.652173913043477,1.0,1.0,3.6956521739130435,1.5434782608695652,1.8369565217391304,1.2934782608695652,104.90217391304348,100.0
1716.0,1484.9673913043478,2007.641304347826,29.652173913043477,1.0,1.0,3.6956521739130435,1.5434782608695652,1.8369565217391304,1.2934782608695652,104.90217391304348,102.0
2209.0,1484.9673913043478,2007.641304347826,29.652173913043477,1.0,1.0,3.6956521739130435,1.5434782608695652,1.8369565217391304,1.2934782608695652,104.90217391304348,119.0
2896.0,1484.9673913043478,2007.641304347826,29.652173913043477,1.0,1.0,3.6956521739130435,1.5434782608695652,1.8369565217391304,1.2934782608695652,104.90217391304348,83.0
1077.0,1484.9673913043478,2007.641304347826,29.652173913043477,1.0,1.0,3.6956521739130435,1.5434782608695652,1.8369565217391304,1.2934782608695652,104.90217391304348,81.0
2977.0,1484.9673913043478,2007.641304347826,29.652173913043477,1.0,1.0,3.6956521739130435,1.5434782608695652,1.8369565217391304,1.2934782608695652,104.90217391304348,59.0
33.0,1484.9673913043478,2007.641304347826,29.652173913043477,1.0,1.0,3.6956521739130435,1.5434782608695652,1.8369565217391304,1.2934782608695652,104.90217391304348,81.0
2546.0,1484.9673913043478,2007.641304347826,29.652173913043477,1.0,1.0,3.6956521739130435,1.5434782608695652,1.8369565217391304,1.2934782608695652,104.90217391304348,99.0
2092.0,1484.9673913043478,2007.641304347826,29.652173913043477,1.0,1.0,3.6956521739130435,1.5434782608695652,1.8369565217391304,1.2934782608695652,104.90217391304348,133.0
860.0,1484.9673913043478,2007.641304347826,29.652173913043477,1.0,1.0,3.6956521739130435,1.5434782608695652,1.8369565217391304,1.2934782608695652,104.90217391304348,100.0
624.0,1484.9673913043478,2007.641304347826,29.652173913043477,1.0,1.0,3.6956521739130435,1.5434782608695652,1.8369565217391304,1.2934782608695652,104.90217391304348,100.0
55.0,1484.9673913043478,2007.641304347826,29.652173913043477,1.0,1.0,3.6956521739130435,1.5434782608695652,1.8369565217391304,1.2934782608695652,104.90217391304348,114.0
1966.0,1484.9673913043478,2007.641304347826,29.652173913043477,1.0,1.0,3.6956521739130435,1.5434782608695652,1.8369565217391304,1.2934782608695652,104.90217391304348,90.0
838.0,1484.9673913043478,2007.641304347826,29.652173913043477,1.0,1.0,3.6956521739130435,1.5434782608695652,1.8369565217391304,1.2934782608695652,104.90217391304348,114.0
2542.0,1484.9673913043478,2007.641304347826,29.652173913043477,1.0,1.0,3.6956521739130435,1.5434782608695652,1.8369565217391304,1.2934782608695652,104.90217391304348,110.0
1026.0,1484.9673913043478,2007.641304347826,29.652173913043477,1.0,1.0,3.6956521739130435,1.5434782608695652,1.8369565217391304,1.2934782608695652,104.90217391304348,115.0
2215.0,1484.9673913043478,2007.641304347826,29.652173913043477,1.0,1.0,3.6956521739130435,1.5434782608695652,1.8369565217391304,1.2934782608695652,104.90217391304348,88.0
725.0,1484.9673913043478,2007.641304347826,29.652173913043477,1.0,1.0,3.6956521739130435,1.5434782608695652,1.8369565217391304,1.2934782608695652,104.90217391304348,88.0
391.0,1484.9673913043478,2007.641304347826,29.652173913043477,1.0,1.0,3.6956521739130435,1.5434782608695652,1.8369565217391304,1.2934782608695652,104.90217391304348,103.0
2283.0,1484.9673913043478,2007.641304347826,29.652173913043477,1.0,1.0,3.6956521739130435,1.5434782608695652,1.8369565217391304,1.2934782608695652,104.90217391304348,97.0
1160.0,1484.9673913043478,2007.641304347826,29.652173913043477,1.0,1.0,3.6956521739130435,1.5434782608695652,1.8369565217391304,1.2934782608695652,104.90217391304348,108.0
2689.0,1484.9673913043478,2007.641304347826,29.652173913043477,1.0,1.0,3.6956521739130435,1.5434782608695652,1.8369565217391304,1.2934782608695652,104.90217391304348,100.0
2609.0,1484.9673913043478,2007.641304347826,29.652173913043477,1.0,1.0,3.6956521739130435,1.5434782608695652,1.8369565217391304,1.2934782608695652,104.90217391304348,110.0
1859.0,1484.9673913043478,2007.641304347826,29.652173913043477,1.0,1.0,3.6956521739130435,1.5434782608695652,1.8369565217391304,1.2934782608695652,104.90217391304348,137.0
2990.0,1484.9673913043478,2007.641304347826,29.652173913043477,1.0,1.0,3.6956521739130435,1.5434782608695652,1.8369565217391304,1.2934782608695652,104.90217391304348,148.0
1066.0,1484.9673913043478,2007.641304347826,29.652173913043477,1.0,1.0,3.6956521739130435,1.5434782608695652,1.8369565217391304,1.2934782608695652,104.90217391304348,100.0
1766.0,1484.9673913043478,2007.641304347826,29.652173913043477,1.0,1.0,3.6956521739130435,1.5434782608695652,1.8369565217391304,1.2934782608695652,104.90217391304348,84.0
2292.0,1484.9673913043478,2007.641304347826,29.652173913043477,1.0,1.0,3.6956521739130435,1.5434782608695652,1.8369565217391304,1.2934782608695652,104.90217391304348,109.0
1719.0,1484.9673913043478,2007.641304347826,29.652173913043477,1.0,1.0,3.6956521739130435,1.5434782608695652,1.8369565217391304,1.2934782608695652,104.90217391304348,106.0
2145.0,1484.9673913043478,2007.641304347826,29.652173913043477,1.0,1.0,3.6956521739130435,1.5434782608695652,1.8369565217391304,1.2934782608695652,104.90217391304348,103.0
1117.0,1484.9673913043478,2007.641304347826,29.652173913043477,1.0,1.0,3.6956521739130435,1.5434782608695652,1.8369565217391304,1.2934782608695652,104.90217391304348,104.0
1573.0,1484.9673913043478,2007.641304347826,29.652173913043477,1.0,1.0,3.6956521739130435,1.5434782608695652,1.8369565217391304,1.2934782608695652,104.90217391304348,94.0
2440.0,1484.9673913043478,2007.641304347826,29.652173913043477,1.0,1.0,3.6956521739130435,1.5434782608695652,1.8369565217391304,1.2934782608695652,104.90217391304348,77.0
2790.0,1484.9673913043478,2007.641304347826,29.652173913043477,1.0,1.0,3.6956521739130435,1.5434782608695652,1.8369565217391304,1.2934782608695652,104.90217391304348,182.0
896.0,1484.9673913043478,2007.641304347826,29.652173913043477,1.0,1.0,3.6956521739130435,1.5434782608695652,1.8369565217391304,1.2934782608695652,104.90217391304348,100.0
486.0,1484.9673913043478,2007.641304347826,29.652173913043477,1.0,1.0,3.6956521739130435,1.5434782608695652,1.8369565217391304,1.2934782608695652,104.90217391304348,80.0
227.0,1484.9673913043478,2007.641304347826,29.652173913043477,1.0,1.0,3.6956521739130435,1.5434782608695652,1.8369565217391304,1.2934782608695652,104.90217391304348,94.0
736.0,1484.9673913043478,2007.641304347826,29.652173913043477,1.0,1.0,3.6956521739130435,1.5434782608695652,1.8369565217391304,1.2934782608695652,104.90217391304348,119.0
1247.0,1484.9673913043478,2007.641304347826,29.652173913043477,1.0,1.0,3.6956521739130435,1.5434782608695652,1.8369565217391304,1.2934782608695652,104.90217391304348,74.0
2296.0,1484.9673913043478,2007.641304347826,29.652173913043477,1.0,1.0,3.6956521739130435,1.5434782608695652,1.8369565217391304,1.2934782608695652,104.90217391304348,76.0
2029.0,1484.9673913043478,2007.641304347826,29.652173913043477,1.0,1.0,3.6956521739130435,1.5434782608695652,1.8369565217391304,1.2934782608695652,104.90217391304348,105.0
547.0,1484.9673913043478,2007.641304347826,29.652173913043477,1.0,1.0,3.6956521739130435,1.5434782608695652,1.8369565217391304,1.2934782608695652,104.90217391304348,105.0
1120.0,1484.9673913043478,2007.641304347826,29.652173913043477,1.0,1.0,3.6956521739130435,1.5434782608695652,1.8369565217391304,1.2934782608695652,104.90217391304348,106.0
2074.0,1484.9673913043478,2007.641304347826,29.652173913043477,1.0,1.0,3.6956521739130435,1.5434782608695652,1.8369565217391304,1.2934782608695652,104.90217391304348,57.0
941.0,1484.9673913043478,2007.641304347826,29.652173913043477,1.0,1.0,3.6956521739130435,1.5434782608695652,1.8369565217391304,1.2934782608695652,104.90217391304348,119.0
1831.0,1484.9673913043478,2007.641304347826,29.652173913043477,1.0,1.0,3.6956521739130435,1.5434782608695652,1.8369565217391304,1.2934782608695652,104.90217391304348,104.0
2039.0,1484.9673913043478,2007.641304347826,29.652173913043477,1.0,1.0,3.6956521739130435,1.5434782608695652,1.8369565217391304,1.2934782608695652,104.90217391304348,27.0
172.0,1484.9673913043478,2007.641304347826,29.652173913043477,1.0,1.0,3.6956521739130435,1.5434782608695652,1.8369565217391304,1.2934782608695652,104.90217391304348,77.0
1331.0,1484.9673913043478,2007.641304347826,29.652173913043477,1.0,1.0,3.6956521739130435,1.5434782608695652,1.8369565217391304,1.2934782608695652,104.90217391304348,100.0
42.0,1484.9673913043478,2007.641304347826,29.652173913043477,1.0,1.0,3.6956521739130435,1.5434782608695652,1.8369565217391304,1.2934782608695652,104.90217391304348,110.0
638.0,1484.9673913043478,2007.641304347826,29.652173913043477,1.0,1.0,3.6956521739130435,1.5434782608695652,1.8369565217391304,1.2934782608695652,104.90217391304348,81.0
1824.0,1484.9673913043478,2007.641304347826,29.652173913043477,1.0,1.0,3.6956521739130435,1.5434782608695652,1.8369565217391304,1.2934782608695652,104.90217391304348,114.0
74.0,1484.9673913043478,2007.641304347826,29.652173913043477,1.0,1.0,3.6956521739130435,1.5434782608695652,1.8369565217391304,1.2934782608695652,104.90217391304348,101.0
2752.0,1484.9673913043478,2007.641304347826,29.652173913043477,1.0,1.0,3.6956521739130435,1.5434782608695652,1.8369565217391304,1.2934782608695652,104.90217391304348,50.0
857.0,1484.9673913043478,2007.641304347826,29.652173913043477,1.0,1.0,3.6956521739130435,1.5434782608695652,1.8369565217391304,1.2934782608695652,104.90217391304348,100.0
319.0,1484.9673913043478,2007.641304347826,29.652173913043477,1.0,1.0,3.6956521739130435,1.5434782608695652,1.8369565217391304,1.2934782608695652,104.90217391304348,119.0
2836.0,1484.9673913043478,2007.641304347826,29.652173913043477,1.0,1.0,3.6956521739130435,1.5434782608695652,1.8369565217391304,1.2934782608695652,104.90217391304348,105.0
433.0,1484.9673913043478,2007.641304347826,29.652173913043477,1.0,1.0,3.6956521739130435,1.5434782608695652,1.8369565217391304,1.2934782608695652,104.90217391304348,161.0
656.0,1484.9673913043478,2007.641304347826,29.652173913043477,1.0,1.0,3.6956521739130435,1.5434782608695652,1.8369565217391304,1.2934782608695652,104.90217391304348,117.0
1492.0,1484.9673913043478,2007.641304347826,29.652173913043477,1.0,1.0,3.6956521739130435,1.5434782608695652,1.8369565217391304,1.2934782608695652,104.90217391304348,93.0
850.0,1484.9673913043478,2007.641304347826,29.652173913043477,1.0,1.0,3.6956521739130435,1.5434782608695652,1.8369565217391304,1.2934782608695652,104.90217391304348,196.0
308.0,1484.9673913043478,2007.641304347826,29.652173913043477,1.0,1.0,3.6956521739130435,1.5434782608695652,1.8369565217391304,1.2934782608695652,104.90217391304348,63.0
339.0,1484.9673913043478,2007.641304347826,29.652173913043477,1.0,1.0,3.6956521739130435,1.5434782608695652,1.8369565217391304,1.2934782608695652,104.90217391304348,81.0
1974.0,1484.9673913043478,2007.641304347826,29.652173913043477,1.0,1.0,3.6956521739130435,1.5434782608695652,1.8369565217391304,1.2934782608695652,104.90217391304348,106.0
2021.0,1484.9673913043478,2007.641304347826,29.652173913043477,1.0,1.0,3.6956521739130435,1.5434782608695652,1.8369565217391304,1.2934782608695652,104.90217391304348,114.0
1335.0,1484.9673913043478,2007.641304347826,29.652173913043477,1.0,1.0,3.6956521739130435,1.5434782608695652,1.8369565217391304,1.2934782608695652,104.90217391304348,88.0
696.0,1484.9673913043478,2007.641304347826,29.652173913043477,1.0,1.0,3.6956521739130435,1.5434782608695652,1.8369565217391304,1.2934782608695652,104.90217391304348,88.0
2863.0,1484.9673913043478,2007.641304347826,29.652173913043477,1.0,1.0,3.6956521739130435,1.5434782608695652,1.8369565217391304,1.2934782608695652,104.90217391304348,50.0
2392.0,1484.9673913043478,2007.641304347826,29.652173913043477,1.0,1.0,3.6956521739130435,1.5434782608695652,1.8369565217391304,1.2934782608695652,104.90217391304348,126.0
972.0,1484.9673913043478,2007.641304347826,29.652173913043477,1.0,1.0,3.6956521739130435,1.5434782608695652,1.8369565217391304,1.2934782608695652,104.90217391304348,177.0
577.0,1484.9673913043478,2007.641304347826,29.652173913043477,1.0,1.0,3.6956521739130435,1.5434782608695652,1.8369565217391304,1.2934782608695652,104.90217391304348,88.0
2154.0,1484.9673913043478,2007.641304347826,29.652173913043477,1.0,1.0,3.6956521739130435,1.5434782608695652,1.8369565217391304,1.2934782608695652,104.90217391304348,126.0
2164.0,1484.9673913043478,2007.641304347826,29.652173913043477,1.0,1.0,3.6956521739130435,1.5434782608695652,1.8369565217391304,1.2934782608695652,104.90217391304348,95.0
580.0,1484.9673913043478,2007.641304347826,29.652173913043477,1.0,1.0,3.6956521739130435,1.5434782608695652,1.8369565217391304,1.2934782608695652,104.90217391304348,102.0
2477.0,1484.9673913043478,2007.641304347826,29.652173913043477,1.0,1.0,3.6956521739130435,1.5434782608695652,1.8369565217391304,1.2934782608695652,104.90217391304348,127.0
1636.0,1484.9673913043478,2007.641304347826,29.652173913043477,1.0,1.0,3.6956521739130435,1.5434782608695652,1.8369565217391304,1.2934782608695652,104.90217391304348,277.0
780.0,1484.9673913043478,2007.641304347826,29.652173913043477,1.0,1.0,3.6956521739130435,1.5434782608695652,1.8369565217391304,1.2934782608695652,104.90217391304348,84.0
1447.0,1484.9673913043478,2007.641304347826,29.652173913043477,1.0,1.0,3.6956521739130435,1.5434782608695652,1.8369565217391304,1.2934782608695652,104.90217391304348,100.0
1745.0,1484.9673913043478,2007.641304347826,29.652173913043477,1.0,1.0,3.6956521739130435,1.5434782608695652,1.8369565217391304,1.2934782608695652,104.90217391304348,119.0
2000.0,1484.9673913043478,2007.641304347826,29.652173913043477,1.0,1.0,3.6956521739130435,1.5434782608695652,1.8369565217391304,1.2934782608695652,104.90217391304348,148.0
2633.0,1484.9673913043478,2007.641304347826,29.652173913043477,1.0,1.0,3.6956521739130435,1.5434782608695652,1.8369565217391304,1.2934782608695652,104.90217391304348,179.0
576.0,1484.9673913043478,2007.641304347826,29.652173913043477,1.0,1.0,3.6956521739130435,1.5434782608695652,1.8369565217391304,1.2934782608695652,104.90217391304348,74.0
2206.0,1484.9673913043478,2007.641304347826,29.652173913043477,1.0,1.0,3.6956521739130435,1.5434782608695652,1.8369565217391304,1.2934782608695652,104.90217391304348,126.0
822.0,1484.9673913043478,2007.641304347826,29.652173913043477,1.0,1.0,3.6956521739130435,1.5434782608695652,1.8369565217391304,1.2934782608695652,104.90217391304348,100.0
