1001283.5865384615,2005.9711538461538,42.47115384615385,1.9423076923076923,1.1538461538461537,3.0384615384615383,1.4230769230769231,1.7019230769230769,1.2788461538461537,109
1001283.5865384615,2005.9711538461538,42.47115384615385,1.9423076923076923,1.1538461538461537,3.0384615384615383,1.4230769230769231,1.7019230769230769,1.2788461538461537,133
1001283.5865384615,2005.9711538461538,42.47115384615385,1.9423076923076923,1.1538461538461537,3.0384615384615383,1.4230769230769231,1.7019230769230769,1.2788461538461537,101
1001283.5865384615,2005.9711538461538,42.47115384615385,1.9423076923076923,1.1538461538461537,3.0384615384615383,1.4230769230769231,1.7019230769230769,1.2788461538461537,74
1001283.5865384615,2005.9711538461538,42.47115384615385,1.9423076923076923,1.1538461538461537,3.0384615384615383,1.4230769230769231,1.7019230769230769,1.2788461538461537,63
1001283.5865384615,2005.9711538461538,42.47115384615385,1.9423076923076923,1.1538461538461537,3.0384615384615383,1.4230769230769231,1.7019230769230769,1.2788461538461537,99
1001283.5865384615,2005.9711538461538,42.47115384615385,1.9423076923076923,1.1538461538461537,3.0384615384615383,1.4230769230769231,1.7019230769230769,1.2788461538461537,97
1001283.5865384615,2005.9711538461538,42.47115384615385,1.9423076923076923,1.1538461538461537,3.0384615384615383,1.4230769230769231,1.7019230769230769,1.2788461538461537,81
1001283.5865384615,2005.9711538461538,42.47115384615385,1.9423076923076923,1.1538461538461537,3.0384615384615383,1.4230769230769231,1.7019230769230769,1.2788461538461537,140
1001283.5865384615,2005.9711538461538,42.47115384615385,1.9423076923076923,1.1538461538461537,3.0384615384615383,1.4230769230769231,1.7019230769230769,1.2788461538461537,114
1001283.5865384615,2005.9711538461538,42.47115384615385,1.9423076923076923,1.1538461538461537,3.0384615384615383,1.4230769230769231,1.7019230769230769,1.2788461538461537,272
1001283.5865384615,2005.9711538461538,42.47115384615385,1.9423076923076923,1.1538461538461537,3.0384615384615383,1.4230769230769231,1.7019230769230769,1.2788461538461537,67
1001283.5865384615,2005.9711538461538,42.47115384615385,1.9423076923076923,1.1538461538461537,3.0384615384615383,1.4230769230769231,1.7019230769230769,1.2788461538461537,119
1001283.5865384615,2005.9711538461538,42.47115384615385,1.9423076923076923,1.1538461538461537,3.0384615384615383,1.4230769230769231,1.7019230769230769,1.2788461538461537,88
1001283.5865384615,2005.9711538461538,42.47115384615385,1.9423076923076923,1.1538461538461537,3.0384615384615383,1.4230769230769231,1.7019230769230769,1.2788461538461537,110
1001283.5865384615,2005.9711538461538,42.47115384615385,1.9423076923076923,1.1538461538461537,3.0384615384615383,1.4230769230769231,1.7019230769230769,1.2788461538461537,100
1001283.5865384615,2005.9711538461538,42.47115384615385,1.9423076923076923,1.1538461538461537,3.0384615384615383,1.4230769230769231,1.7019230769230769,1.2788461538461537,142
1001283.5865384615,2005.9711538461538,42.47115384615385,1.9423076923076923,1.1538461538461537,3.0384615384615383,1.4230769230769231,1.7019230769230769,1.2788461538461537,94
1001283.5865384615,2005.9711538461538,42.47115384615385,1.9423076923076923,1.1538461538461537,3.0384615384615383,1.4230769230769231,1.7019230769230769,1.2788461538461537,115
1001283.5865384615,2005.9711538461538,42.47115384615385,1.9423076923076923,1.1538461538461537,3.0384615384615383,1.4230769230769231,1.7019230769230769,1.2788461538461537,121
1001283.5865384615,2005.9711538461538,42.47115384615385,1.9423076923076923,1.1538461538461537,3.0384615384615383,1.4230769230769231,1.7019230769230769,1.2788461538461537,119
1001283.5865384615,2005.9711538461538,42.47115384615385,1.9423076923076923,1.1538461538461537,3.0384615384615383,1.4230769230769231,1.7019230769230769,1.2788461538461537,114
1001283.5865384615,2005.9711538461538,42.47115384615385,1.9423076923076923,1.1538461538461537,3.0384615384615383,1.4230769230769231,1.7019230769230769,1.2788461538461537,135
1001283.5865384615,2005.9711538461538,42.47115384615385,1.9423076923076923,1.1538461538461537,3.0384615384615383,1.4230769230769231,1.7019230769230769,1.2788461538461537,137
1001283.5865384615,2005.9711538461538,42.47115384615385,1.9423076923076923,1.1538461538461537,3.0384615384615383,1.4230769230769231,1.7019230769230769,1.2788461538461537,66
1001283.5865384615,2005.9711538461538,42.47115384615385,1.9423076923076923,1.1538461538461537,3.0384615384615383,1.4230769230769231,1.7019230769230769,1.2788461538461537,88
1001283.5865384615,2005.9711538461538,42.47115384615385,1.9423076923076923,1.1538461538461537,3.0384615384615383,1.4230769230769231,1.7019230769230769,1.2788461538461537,155
1001283.5865384615,2005.9711538461538,42.47115384615385,1.9423076923076923,1.1538461538461537,3.0384615384615383,1.4230769230769231,1.7019230769230769,1.2788461538461537,74
1001283.5865384615,2005.9711538461538,42.47115384615385,1.9423076923076923,1.1538461538461537,3.0384615384615383,1.4230769230769231,1.7019230769230769,1.2788461538461537,81
1001283.5865384615,2005.9711538461538,42.47115384615385,1.9423076923076923,1.1538461538461537,3.0384615384615383,1.4230769230769231,1.7019230769230769,1.2788461538461537,103
1001283.5865384615,2005.9711538461538,42.47115384615385,1.9423076923076923,1.1538461538461537,3.0384615384615383,1.4230769230769231,1.7019230769230769,1.2788461538461537,77
1001283.5865384615,2005.9711538461538,42.47115384615385,1.9423076923076923,1.1538461538461537,3.0384615384615383,1.4230769230769231,1.7019230769230769,1.2788461538461537,100
1001283.5865384615,2005.9711538461538,42.47115384615385,1.9423076923076923,1.1538461538461537,3.0384615384615383,1.4230769230769231,1.7019230769230769,1.2788461538461537,94
1001283.5865384615,2005.9711538461538,42.47115384615385,1.9423076923076923,1.1538461538461537,3.0384615384615383,1.4230769230769231,1.7019230769230769,1.2788461538461537,113
1001283.5865384615,2005.9711538461538,42.47115384615385,1.9423076923076923,1.1538461538461537,3.0384615384615383,1.4230769230769231,1.7019230769230769,1.2788461538461537,138
1001283.5865384615,2005.9711538461538,42.47115384615385,1.9423076923076923,1.1538461538461537,3.0384615384615383,1.4230769230769231,1.7019230769230769,1.2788461538461537,69
1001283.5865384615,2005.9711538461538,42.47115384615385,1.9423076923076923,1.1538461538461537,3.0384615384615383,1.4230769230769231,1.7019230769230769,1.2788461538461537,110
1001283.5865384615,2005.9711538461538,42.47115384615385,1.9423076923076923,1.1538461538461537,3.0384615384615383,1.4230769230769231,1.7019230769230769,1.2788461538461537,126
1001283.5865384615,2005.9711538461538,42.47115384615385,1.9423076923076923,1.1538461538461537,3.0384615384615383,1.4230769230769231,1.7019230769230769,1.2788461538461537,74
1001283.5865384615,2005.9711538461538,42.47115384615385,1.9423076923076923,1.1538461538461537,3.0384615384615383,1.4230769230769231,1.7019230769230769,1.2788461538461537,110
1001283.5865384615,2005.9711538461538,42.47115384615385,1.9423076923076923,1.1538461538461537,3.0384615384615383,1.4230769230769231,1.7019230769230769,1.2788461538461537,164
1001283.5865384615,2005.9711538461538,42.47115384615385,1.9423076923076923,1.1538461538461537,3.0384615384615383,1.4230769230769231,1.7019230769230769,1.2788461538461537,129
1001283.5865384615,2005.9711538461538,42.47115384615385,1.9423076923076923,1.1538461538461537,3.0384615384615383,1.4230769230769231,1.7019230769230769,1.2788461538461537,84
1001283.5865384615,2005.9711538461538,42.47115384615385,1.9423076923076923,1.1538461538461537,3.0384615384615383,1.4230769230769231,1.7019230769230769,1.2788461538461537,81
1001283.5865384615,2005.9711538461538,42.47115384615385,1.9423076923076923,1.1538461538461537,3.0384615384615383,1.4230769230769231,1.7019230769230769,1.2788461538461537,145
1001283.5865384615,2005.9711538461538,42.47115384615385,1.9423076923076923,1.1538461538461537,3.0384615384615383,1.4230769230769231,1.7019230769230769,1.2788461538461537,65
1001283.5865384615,2005.9711538461538,42.47115384615385,1.9423076923076923,1.1538461538461537,3.0384615384615383,1.4230769230769231,1.7019230769230769,1.2788461538461537,105
1001283.5865384615,2005.9711538461538,42.47115384615385,1.9423076923076923,1.1538461538461537,3.0384615384615383,1.4230769230769231,1.7019230769230769,1.2788461538461537,278
1001283.5865384615,2005.9711538461538,42.47115384615385,1.9423076923076923,1.1538461538461537,3.0384615384615383,1.4230769230769231,1.7019230769230769,1.2788461538461537,116
1001283.5865384615,2005.9711538461538,42.47115384615385,1.9423076923076923,1.1538461538461537,3.0384615384615383,1.4230769230769231,1.7019230769230769,1.2788461538461537,111
1001283.5865384615,2005.9711538461538,42.47115384615385,1.9423076923076923,1.1538461538461537,3.0384615384615383,1.4230769230769231,1.7019230769230769,1.2788461538461537,94
1001283.5865384615,2005.9711538461538,42.47115384615385,1.9423076923076923,1.1538461538461537,3.0384615384615383,1.4230769230769231,1.7019230769230769,1.2788461538461537,148
1001283.5865384615,2005.9711538461538,42.47115384615385,1.9423076923076923,1.1538461538461537,3.0384615384615383,1.4230769230769231,1.7019230769230769,1.2788461538461537,114
1001283.5865384615,2005.9711538461538,42.47115384615385,1.9423076923076923,1.1538461538461537,3.0384615384615383,1.4230769230769231,1.7019230769230769,1.2788461538461537,135
1001283.5865384615,2005.9711538461538,42.47115384615385,1.9423076923076923,1.1538461538461537,3.0384615384615383,1.4230769230769231,1.7019230769230769,1.2788461538461537,72
1001283.5865384615,2005.9711538461538,42.47115384615385,1.9423076923076923,1.1538461538461537,3.0384615384615383,1.4230769230769231,1.7019230769230769,1.2788461538461537,152
1001283.5865384615,2005.9711538461538,42.47115384615385,1.9423076923076923,1.1538461538461537,3.0384615384615383,1.4230769230769231,1.7019230769230769,1.2788461538461537,108
1001283.5865384615,2005.9711538461538,42.47115384615385,1.9423076923076923,1.1538461538461537,3.0384615384615383,1.4230769230769231,1.7019230769230769,1.2788461538461537,90
1001283.5865384615,2005.9711538461538,42.47115384615385,1.9423076923076923,1.1538461538461537,3.0384615384615383,1.4230769230769231,1.7019230769230769,1.2788461538461537,80
1001283.5865384615,2005.9711538461538,42.47115384615385,1.9423076923076923,1.1538461538461537,3.0384615384615383,1.4230769230769231,1.7019230769230769,1.2788461538461537,50
1001283.5865384615,2005.9711538461538,42.47115384615385,1.9423076923076923,1.1538461538461537,3.0384615384615383,1.4230769230769231,1.7019230769230769,1.2788461538461537,177
1001283.5865384615,2005.9711538461538,42.47115384615385,1.9423076923076923,1.1538461538461537,3.0384615384615383,1.4230769230769231,1.7019230769230769,1.2788461538461537,117
1001283.5865384615,2005.9711538461538,42.47115384615385,1.9423076923076923,1.1538461538461537,3.0384615384615383,1.4230769230769231,1.7019230769230769,1.2788461538461537,65
1001283.5865384615,2005.9711538461538,42.47115384615385,1.9423076923076923,1.1538461538461537,3.0384615384615383,1.4230769230769231,1.7019230769230769,1.2788461538461537,59
1001283.5865384615,2005.9711538461538,42.47115384615385,1.9423076923076923,1.1538461538461537,3.0384615384615383,1.4230769230769231,1.7019230769230769,1.2788461538461537,161
1001283.5865384615,2005.9711538461538,42.47115384615385,1.9423076923076923,1.1538461538461537,3.0384615384615383,1.4230769230769231,1.7019230769230769,1.2788461538461537,132
1001283.5865384615,2005.9711538461538,42.47115384615385,1.9423076923076923,1.1538461538461537,3.0384615384615383,1.4230769230769231,1.7019230769230769,1.2788461538461537,89
1001283.5865384615,2005.9711538461538,42.47115384615385,1.9423076923076923,1.1538461538461537,3.0384615384615383,1.4230769230769231,1.7019230769230769,1.2788461538461537,148
1001283.5865384615,2005.9711538461538,42.47115384615385,1.9423076923076923,1.1538461538461537,3.0384615384615383,1.4230769230769231,1.7019230769230769,1.2788461538461537,105
1001283.5865384615,2005.9711538461538,42.47115384615385,1.9423076923076923,1.1538461538461537,3.0384615384615383,1.4230769230769231,1.7019230769230769,1.2788461538461537,71
1001283.5865384615,2005.9711538461538,42.47115384615385,1.9423076923076923,1.1538461538461537,3.0384615384615383,1.4230769230769231,1.7019230769230769,1.2788461538461537,127
1001283.5865384615,2005.9711538461538,42.47115384615385,1.9423076923076923,1.1538461538461537,3.0384615384615383,1.4230769230769231,1.7019230769230769,1.2788461538461537,104
1001283.5865384615,2005.9711538461538,42.47115384615385,1.9423076923076923,1.1538461538461537,3.0384615384615383,1.4230769230769231,1.7019230769230769,1.2788461538461537,119
1001283.5865384615,2005.9711538461538,42.47115384615385,1.9423076923076923,1.1538461538461537,3.0384615384615383,1.4230769230769231,1.7019230769230769,1.2788461538461537,100
1001283.5865384615,2005.9711538461538,42.47115384615385,1.9423076923076923,1.1538461538461537,3.0384615384615383,1.4230769230769231,1.7019230769230769,1.2788461538461537,201
1001283.5865384615,2005.9711538461538,42.47115384615385,1.9423076923076923,1.1538461538461537,3.0384615384615383,1.4230769230769231,1.7019230769230769,1.2788461538461537,127
1001283.5865384615,2005.9711538461538,42.47115384615385,1.9423076923076923,1.1538461538461537,3.0384615384615383,1.4230769230769231,1.7019230769230769,1.2788461538461537,93
1001283.5865384615,2005.9711538461538,42.47115384615385,1.9423076923076923,1.1538461538461537,3.0384615384615383,1.4230769230769231,1.7019230769230769,1.2788461538461537,106
1001283.5865384615,2005.9711538461538,42.47115384615385,1.9423076923076923,1.1538461538461537,3.0384615384615383,1.4230769230769231,1.7019230769230769,1.2788461538461537,78
1001283.5865384615,2005.9711538461538,42.47115384615385,1.9423076923076923,1.1538461538461537,3.0384615384615383,1.4230769230769231,1.7019230769230769,1.2788461538461537,85
1001283.5865384615,2005.9711538461538,42.47115384615385,1.9423076923076923,1.1538461538461537,3.0384615384615383,1.4230769230769231,1.7019230769230769,1.2788461538461537,148
1001283.5865384615,2005.9711538461538,42.47115384615385,1.9423076923076923,1.1538461538461537,3.0384615384615383,1.4230769230769231,1.7019230769230769,1.2788461538461537,87
1001283.5865384615,2005.9711538461538,42.47115384615385,1.9423076923076923,1.1538461538461537,3.0384615384615383,1.4230769230769231,1.7019230769230769,1.2788461538461537,88
1001283.5865384615,2005.9711538461538,42.47115384615385,1.9423076923076923,1.1538461538461537,3.0384615384615383,1.4230769230769231,1.7019230769230769,1.2788461538461537,83
1001283.5865384615,2005.9711538461538,42.47115384615385,1.9423076923076923,1.1538461538461537,3.0384615384615383,1.4230769230769231,1.7019230769230769,1.2788461538461537,144
1001283.5865384615,2005.9711538461538,42.47115384615385,1.9423076923076923,1.1538461538461537,3.0384615384615383,1.4230769230769231,1.7019230769230769,1.2788461538461537,112
1001283.5865384615,2005.9711538461538,42.47115384615385,1.9423076923076923,1.1538461538461537,3.0384615384615383,1.4230769230769231,1.7019230769230769,1.2788461538461537,131
1001283.5865384615,2005.9711538461538,42.47115384615385,1.9423076923076923,1.1538461538461537,3.0384615384615383,1.4230769230769231,1.7019230769230769,1.2788461538461537,268
1001283.5865384615,2005.9711538461538,42.47115384615385,1.9423076923076923,1.1538461538461537,3.0384615384615383,1.4230769230769231,1.7019230769230769,1.2788461538461537,102
1001283.5865384615,2005.9711538461538,42.47115384615385,1.9423076923076923,1.1538461538461537,3.0384615384615383,1.4230769230769231,1.7019230769230769,1.2788461538461537,95
1001283.5865384615,2005.9711538461538,42.47115384615385,1.9423076923076923,1.1538461538461537,3.0384615384615383,1.4230769230769231,1.7019230769230769,1.2788461538461537,70
1001283.5865384615,2005.9711538461538,42.47115384615385,1.9423076923076923,1.1538461538461537,3.0384615384615383,1.4230769230769231,1.7019230769230769,1.2788461538461537,61
1001283.5865384615,2005.9711538461538,42.47115384615385,1.9423076923076923,1.1538461538461537,3.0384615384615383,1.4230769230769231,1.7019230769230769,1.2788461538461537,88
1001283.5865384615,2005.9711538461538,42.47115384615385,1.9423076923076923,1.1538461538461537,3.0384615384615383,1.4230769230769231,1.7019230769230769,1.2788461538461537,107
1001283.5865384615,2005.9711538461538,42.47115384615385,1.9423076923076923,1.1538461538461537,3.0384615384615383,1.4230769230769231,1.7019230769230769,1.2788461538461537,96
1001283.5865384615,2005.9711538461538,42.47115384615385,1.9423076923076923,1.1538461538461537,3.0384615384615383,1.4230769230769231,1.7019230769230769,1.2788461538461537,166
1001283.5865384615,2005.9711538461538,42.47115384615385,1.9423076923076923,1.1538461538461537,3.0384615384615383,1.4230769230769231,1.7019230769230769,1.2788461538461537,92
1001283.5865384615,2005.9711538461538,42.47115384615385,1.9423076923076923,1.1538461538461537,3.0384615384615383,1.4230769230769231,1.7019230769230769,1.2788461538461537,55
1001283.5865384615,2005.9711538461538,42.47115384615385,1.9423076923076923,1.1538461538461537,3.0384615384615383,1.4230769230769231,1.7019230769230769,1.2788461538461537,75
1001283.5865384615,2005.9711538461538,42.47115384615385,1.9423076923076923,1.1538461538461537,3.0384615384615383,1.4230769230769231,1.7019230769230769,1.2788461538461537,100
1001283.5865384615,2005.9711538461538,42.47115384615385,1.9423076923076923,1.1538461538461537,3.0384615384615383,1.4230769230769231,1.7019230769230769,1.2788461538461537,123
1001283.5865384615,2005.9711538461538,42.47115384615385,1.9423076923076923,1.1538461538461537,3.0384615384615383,1.4230769230769231,1.7019230769230769,1.2788461538461537,119
1001283.5865384615,2005.9711538461538,42.47115384615385,1.9423076923076923,1.1538461538461537,3.0384615384615383,1.4230769230769231,1.7019230769230769,1.2788461538461537,139
1001283.5865384615,2005.9711538461538,42.47115384615385,1.9423076923076923,1.1538461538461537,3.0384615384615383,1.4230769230769231,1.7019230769230769,1.2788461538461537,131
1012084.0871369295,2005.6721991701245,43.08298755186722,2.0580912863070537,1.2655601659751037,2.904564315352697,1.4937759336099585,1.6763485477178424,1.3029045643153527,75
1012084.0871369295,2005.6721991701245,43.08298755186722,2.0580912863070537,1.2655601659751037,2.904564315352697,1.4937759336099585,1.6763485477178424,1.3029045643153527,78
1012084.0871369295,2005.6721991701245,43.08298755186722,2.0580912863070537,1.2655601659751037,2.904564315352697,1.4937759336099585,1.6763485477178424,1.3029045643153527,74
1012084.0871369295,2005.6721991701245,43.08298755186722,2.0580912863070537,1.2655601659751037,2.904564315352697,1.4937759336099585,1.6763485477178424,1.3029045643153527,67
1012084.0871369295,2005.6721991701245,43.08298755186722,2.0580912863070537,1.2655601659751037,2.904564315352697,1.4937759336099585,1.6763485477178424,1.3029045643153527,148
1012084.0871369295,2005.6721991701245,43.08298755186722,2.0580912863070537,1.2655601659751037,2.904564315352697,1.4937759336099585,1.6763485477178424,1.3029045643153527,102
1012084.0871369295,2005.6721991701245,43.08298755186722,2.0580912863070537,1.2655601659751037,2.904564315352697,1.4937759336099585,1.6763485477178424,1.3029045643153527,140
1012084.0871369295,2005.6721991701245,43.08298755186722,2.0580912863070537,1.2655601659751037,2.904564315352697,1.4937759336099585,1.6763485477178424,1.3029045643153527,61
1012084.0871369295,2005.6721991701245,43.08298755186722,2.0580912863070537,1.2655601659751037,2.904564315352697,1.4937759336099585,1.6763485477178424,1.3029045643153527,268
1012084.0871369295,2005.6721991701245,43.08298755186722,2.0580912863070537,1.2655601659751037,2.904564315352697,1.4937759336099585,1.6763485477178424,1.3029045643153527,97
1012084.0871369295,2005.6721991701245,43.08298755186722,2.0580912863070537,1.2655601659751037,2.904564315352697,1.4937759336099585,1.6763485477178424,1.3029045643153527,147
1012084.0871369295,2005.6721991701245,43.08298755186722,2.0580912863070537,1.2655601659751037,2.904564315352697,1.4937759336099585,1.6763485477178424,1.3029045643153527,95
1012084.0871369295,2005.6721991701245,43.08298755186722,2.0580912863070537,1.2655601659751037,2.904564315352697,1.4937759336099585,1.6763485477178424,1.3029045643153527,85
1012084.0871369295,2005.6721991701245,43.08298755186722,2.0580912863070537,1.2655601659751037,2.904564315352697,1.4937759336099585,1.6763485477178424,1.3029045643153527,99
1012084.0871369295,2005.6721991701245,43.08298755186722,2.0580912863070537,1.2655601659751037,2.904564315352697,1.4937759336099585,1.6763485477178424,1.3029045643153527,69
1012084.0871369295,2005.6721991701245,43.08298755186722,2.0580912863070537,1.2655601659751037,2.904564315352697,1.4937759336099585,1.6763485477178424,1.3029045643153527,79
1012084.0871369295,2005.6721991701245,43.08298755186722,2.0580912863070537,1.2655601659751037,2.904564315352697,1.4937759336099585,1.6763485477178424,1.3029045643153527,83
1012084.0871369295,2005.6721991701245,43.08298755186722,2.0580912863070537,1.2655601659751037,2.904564315352697,1.4937759336099585,1.6763485477178424,1.3029045643153527,105
1012084.0871369295,2005.6721991701245,43.08298755186722,2.0580912863070537,1.2655601659751037,2.904564315352697,1.4937759336099585,1.6763485477178424,1.3029045643153527,62
1012084.0871369295,2005.6721991701245,43.08298755186722,2.0580912863070537,1.2655601659751037,2.904564315352697,1.4937759336099585,1.6763485477178424,1.3029045643153527,77
1012084.0871369295,2005.6721991701245,43.08298755186722,2.0580912863070537,1.2655601659751037,2.904564315352697,1.4937759336099585,1.6763485477178424,1.3029045643153527,157
1012084.0871369295,2005.6721991701245,43.08298755186722,2.0580912863070537,1.2655601659751037,2.904564315352697,1.4937759336099585,1.6763485477178424,1.3029045643153527,139
1012084.0871369295,2005.6721991701245,43.08298755186722,2.0580912863070537,1.2655601659751037,2.904564315352697,1.4937759336099585,1.6763485477178424,1.3029045643153527,119
1012084.0871369295,2005.6721991701245,43.08298755186722,2.0580912863070537,1.2655601659751037,2.904564315352697,1.4937759336099585,1.6763485477178424,1.3029045643153527,94
1012084.0871369295,2005.6721991701245,43.08298755186722,2.0580912863070537,1.2655601659751037,2.904564315352697,1.4937759336099585,1.6763485477178424,1.3029045643153527,48
1012084.0871369295,2005.6721991701245,43.08298755186722,2.0580912863070537,1.2655601659751037,2.904564315352697,1.4937759336099585,1.6763485477178424,1.3029045643153527,158
1012084.0871369295,2005.6721991701245,43.08298755186722,2.0580912863070537,1.2655601659751037,2.904564315352697,1.4937759336099585,1.6763485477178424,1.3029045643153527,131
1012084.0871369295,2005.6721991701245,43.08298755186722,2.0580912863070537,1.2655601659751037,2.904564315352697,1.4937759336099585,1.6763485477178424,1.3029045643153527,65
1012084.0871369295,2005.6721991701245,43.08298755186722,2.0580912863070537,1.2655601659751037,2.904564315352697,1.4937759336099585,1.6763485477178424,1.3029045643153527,170
1012084.0871369295,2005.6721991701245,43.08298755186722,2.0580912863070537,1.2655601659751037,2.904564315352697,1.4937759336099585,1.6763485477178424,1.3029045643153527,88
1012084.0871369295,2005.6721991701245,43.08298755186722,2.0580912863070537,1.2655601659751037,2.904564315352697,1.4937759336099585,1.6763485477178424,1.3029045643153527,100
1012084.0871369295,2005.6721991701245,43.08298755186722,2.0580912863070537,1.2655601659751037,2.904564315352697,1.4937759336099585,1.6763485477178424,1.3029045643153527,81
1012084.0871369295,2005.6721991701245,43.08298755186722,2.0580912863070537,1.2655601659751037,2.904564315352697,1.4937759336099585,1.6763485477178424,1.3029045643153527,114
1012084.0871369295,2005.6721991701245,43.08298755186722,2.0580912863070537,1.2655601659751037,2.904564315352697,1.4937759336099585,1.6763485477178424,1.3029045643153527,122
1012084.0871369295,2005.6721991701245,43.08298755186722,2.0580912863070537,1.2655601659751037,2.904564315352697,1.4937759336099585,1.6763485477178424,1.3029045643153527,110
1012084.0871369295,2005.6721991701245,43.08298755186722,2.0580912863070537,1.2655601659751037,2.904564315352697,1.4937759336099585,1.6763485477178424,1.3029045643153527,135
1012084.0871369295,2005.6721991701245,43.08298755186722,2.0580912863070537,1.2655601659751037,2.904564315352697,1.4937759336099585,1.6763485477178424,1.3029045643153527,107
1012084.0871369295,2005.6721991701245,43.08298755186722,2.0580912863070537,1.2655601659751037,2.904564315352697,1.4937759336099585,1.6763485477178424,1.3029045643153527,106
1012084.0871369295,2005.6721991701245,43.08298755186722,2.0580912863070537,1.2655601659751037,2.904564315352697,1.4937759336099585,1.6763485477178424,1.3029045643153527,101
1012084.0871369295,2005.6721991701245,43.08298755186722,2.0580912863070537,1.2655601659751037,2.904564315352697,1.4937759336099585,1.6763485477178424,1.3029045643153527,119
1012084.0871369295,2005.6721991701245,43.08298755186722,2.0580912863070537,1.2655601659751037,2.904564315352697,1.4937759336099585,1.6763485477178424,1.3029045643153527,66
1012084.0871369295,2005.6721991701245,43.08298755186722,2.0580912863070537,1.2655601659751037,2.904564315352697,1.4937759336099585,1.6763485477178424,1.3029045643153527,83
1012084.0871369295,2005.6721991701245,43.08298755186722,2.0580912863070537,1.2655601659751037,2.904564315352697,1.4937759336099585,1.6763485477178424,1.3029045643153527,125
1012084.0871369295,2005.6721991701245,43.08298755186722,2.0580912863070537,1.2655601659751037,2.904564315352697,1.4937759336099585,1.6763485477178424,1.3029045643153527,106
1012084.0871369295,2005.6721991701245,43.08298755186722,2.0580912863070537,1.2655601659751037,2.904564315352697,1.4937759336099585,1.6763485477178424,1.3029045643153527,55
1012084.0871369295,2005.6721991701245,43.08298755186722,2.0580912863070537,1.2655601659751037,2.904564315352697,1.4937759336099585,1.6763485477178424,1.3029045643153527,135
1012084.0871369295,2005.6721991701245,43.08298755186722,2.0580912863070537,1.2655601659751037,2.904564315352697,1.4937759336099585,1.6763485477178424,1.3029045643153527,180
1012084.0871369295,2005.6721991701245,43.08298755186722,2.0580912863070537,1.2655601659751037,2.904564315352697,1.4937759336099585,1.6763485477178424,1.3029045643153527,81
1012084.0871369295,2005.6721991701245,43.08298755186722,2.0580912863070537,1.2655601659751037,2.904564315352697,1.4937759336099585,1.6763485477178424,1.3029045643153527,32
1012084.0871369295,2005.6721991701245,43.08298755186722,2.0580912863070537,1.2655601659751037,2.904564315352697,1.4937759336099585,1.6763485477178424,1.3029045643153527,65
1012084.0871369295,2005.6721991701245,43.08298755186722,2.0580912863070537,1.2655601659751037,2.904564315352697,1.4937759336099585,1.6763485477178424,1.3029045643153527,102
1012084.0871369295,2005.6721991701245,43.08298755186722,2.0580912863070537,1.2655601659751037,2.904564315352697,1.4937759336099585,1.6763485477178424,1.3029045643153527,114
1012084.0871369295,2005.6721991701245,43.08298755186722,2.0580912863070537,1.2655601659751037,2.904564315352697,1.4937759336099585,1.6763485477178424,1.3029045643153527,97
1012084.0871369295,2005.6721991701245,43.08298755186722,2.0580912863070537,1.2655601659751037,2.904564315352697,1.4937759336099585,1.6763485477178424,1.3029045643153527,85
1012084.0871369295,2005.6721991701245,43.08298755186722,2.0580912863070537,1.2655601659751037,2.904564315352697,1.4937759336099585,1.6763485477178424,1.3029045643153527,107
1012084.0871369295,2005.6721991701245,43.08298755186722,2.0580912863070537,1.2655601659751037,2.904564315352697,1.4937759336099585,1.6763485477178424,1.3029045643153527,272
1012084.0871369295,2005.6721991701245,43.08298755186722,2.0580912863070537,1.2655601659751037,2.904564315352697,1.4937759336099585,1.6763485477178424,1.3029045643153527,119
1012084.0871369295,2005.6721991701245,43.08298755186722,2.0580912863070537,1.2655601659751037,2.904564315352697,1.4937759336099585,1.6763485477178424,1.3029045643153527,119
1012084.0871369295,2005.6721991701245,43.08298755186722,2.0580912863070537,1.2655601659751037,2.904564315352697,1.4937759336099585,1.6763485477178424,1.3029045643153527,94
1012084.0871369295,2005.6721991701245,43.08298755186722,2.0580912863070537,1.2655601659751037,2.904564315352697,1.4937759336099585,1.6763485477178424,1.3029045643153527,146
1012084.0871369295,2005.6721991701245,43.08298755186722,2.0580912863070537,1.2655601659751037,2.904564315352697,1.4937759336099585,1.6763485477178424,1.3029045643153527,120
1012084.0871369295,2005.6721991701245,43.08298755186722,2.0580912863070537,1.2655601659751037,2.904564315352697,1.4937759336099585,1.6763485477178424,1.3029045643153527,63
1012084.0871369295,2005.6721991701245,43.08298755186722,2.0580912863070537,1.2655601659751037,2.904564315352697,1.4937759336099585,1.6763485477178424,1.3029045643153527,138
1012084.0871369295,2005.6721991701245,43.08298755186722,2.0580912863070537,1.2655601659751037,2.904564315352697,1.4937759336099585,1.6763485477178424,1.3029045643153527,105
1012084.0871369295,2005.6721991701245,43.08298755186722,2.0580912863070537,1.2655601659751037,2.904564315352697,1.4937759336099585,1.6763485477178424,1.3029045643153527,142
1012084.0871369295,2005.6721991701245,43.08298755186722,2.0580912863070537,1.2655601659751037,2.904564315352697,1.4937759336099585,1.6763485477178424,1.3029045643153527,100
1012084.0871369295,2005.6721991701245,43.08298755186722,2.0580912863070537,1.2655601659751037,2.904564315352697,1.4937759336099585,1.6763485477178424,1.3029045643153527,148
1012084.0871369295,2005.6721991701245,43.08298755186722,2.0580912863070537,1.2655601659751037,2.904564315352697,1.4937759336099585,1.6763485477178424,1.3029045643153527,131
1012084.0871369295,2005.6721991701245,43.08298755186722,2.0580912863070537,1.2655601659751037,2.904564315352697,1.4937759336099585,1.6763485477178424,1.3029045643153527,88
1012084.0871369295,2005.6721991701245,43.08298755186722,2.0580912863070537,1.2655601659751037,2.904564315352697,1.4937759336099585,1.6763485477178424,1.3029045643153527,74
1012084.0871369295,2005.6721991701245,43.08298755186722,2.0580912863070537,1.2655601659751037,2.904564315352697,1.4937759336099585,1.6763485477178424,1.3029045643153527,115
1012084.0871369295,2005.6721991701245,43.08298755186722,2.0580912863070537,1.2655601659751037,2.904564315352697,1.4937759336099585,1.6763485477178424,1.3029045643153527,96
1012084.0871369295,2005.6721991701245,43.08298755186722,2.0580912863070537,1.2655601659751037,2.904564315352697,1.4937759336099585,1.6763485477178424,1.3029045643153527,88
1012084.0871369295,2005.6721991701245,43.08298755186722,2.0580912863070537,1.2655601659751037,2.904564315352697,1.4937759336099585,1.6763485477178424,1.3029045643153527,127
1012084.0871369295,2005.6721991701245,43.08298755186722,2.0580912863070537,1.2655601659751037,2.904564315352697,1.4937759336099585,1.6763485477178424,1.3029045643153527,110
1012084.0871369295,2005.6721991701245,43.08298755186722,2.0580912863070537,1.2655601659751037,2.904564315352697,1.4937759336099585,1.6763485477178424,1.3029045643153527,100
1012084.0871369295,2005.6721991701245,43.08298755186722,2.0580912863070537,1.2655601659751037,2.904564315352697,1.4937759336099585,1.6763485477178424,1.3029045643153527,278
1012084.0871369295,2005.6721991701245,43.08298755186722,2.0580912863070537,1.2655601659751037,2.904564315352697,1.4937759336099585,1.6763485477178424,1.3029045643153527,110
1012084.0871369295,2005.6721991701245,43.08298755186722,2.0580912863070537,1.2655601659751037,2.904564315352697,1.4937759336099585,1.6763485477178424,1.3029045643153527,177
1012084.0871369295,2005.6721991701245,43.08298755186722,2.0580912863070537,1.2655601659751037,2.904564315352697,1.4937759336099585,1.6763485477178424,1.3029045643153527,161
1012084.0871369295,2005.6721991701245,43.08298755186722,2.0580912863070537,1.2655601659751037,2.904564315352697,1.4937759336099585,1.6763485477178424,1.3029045643153527,59
1012084.0871369295,2005.6721991701245,43.08298755186722,2.0580912863070537,1.2655601659751037,2.904564315352697,1.4937759336099585,1.6763485477178424,1.3029045643153527,114
1012084.0871369295,2005.6721991701245,43.08298755186722,2.0580912863070537,1.2655601659751037,2.904564315352697,1.4937759336099585,1.6763485477178424,1.3029045643153527,126
1012084.0871369295,2005.6721991701245,43.08298755186722,2.0580912863070537,1.2655601659751037,2.904564315352697,1.4937759336099585,1.6763485477178424,1.3029045643153527,94
1012084.0871369295,2005.6721991701245,43.08298755186722,2.0580912863070537,1.2655601659751037,2.904564315352697,1.4937759336099585,1.6763485477178424,1.3029045643153527,96
1012084.0871369295,2005.6721991701245,43.08298755186722,2.0580912863070537,1.2655601659751037,2.904564315352697,1.4937759336099585,1.6763485477178424,1.3029045643153527,148
1012084.0871369295,2005.6721991701245,43.08298755186722,2.0580912863070537,1.2655601659751037,2.904564315352697,1.4937759336099585,1.6763485477178424,1.3029045643153527,130
1012084.0871369295,2005.6721991701245,43.08298755186722,2.0580912863070537,1.2655601659751037,2.904564315352697,1.4937759336099585,1.6763485477178424,1.3029045643153527,136
1012084.0871369295,2005.6721991701245,43.08298755186722,2.0580912863070537,1.2655601659751037,2.904564315352697,1.4937759336099585,1.6763485477178424,1.3029045643153527,155
1012084.0871369295,2005.6721991701245,43.08298755186722,2.0580912863070537,1.2655601659751037,2.904564315352697,1.4937759336099585,1.6763485477178424,1.3029045643153527,164
1012084.0871369295,2005.6721991701245,43.08298755186722,2.0580912863070537,1.2655601659751037,2.904564315352697,1.4937759336099585,1.6763485477178424,1.3029045643153527,108
1012084.0871369295,2005.6721991701245,43.08298755186722,2.0580912863070537,1.2655601659751037,2.904564315352697,1.4937759336099585,1.6763485477178424,1.3029045643153527,128
1012084.0871369295,2005.6721991701245,43.08298755186722,2.0580912863070537,1.2655601659751037,2.904564315352697,1.4937759336099585,1.6763485477178424,1.3029045643153527,100
1012084.0871369295,2005.6721991701245,43.08298755186722,2.0580912863070537,1.2655601659751037,2.904564315352697,1.4937759336099585,1.6763485477178424,1.3029045643153527,112
1012084.0871369295,2005.6721991701245,43.08298755186722,2.0580912863070537,1.2655601659751037,2.904564315352697,1.4937759336099585,1.6763485477178424,1.3029045643153527,105
1012084.0871369295,2005.6721991701245,43.08298755186722,2.0580912863070537,1.2655601659751037,2.904564315352697,1.4937759336099585,1.6763485477178424,1.3029045643153527,111
1012084.0871369295,2005.6721991701245,43.08298755186722,2.0580912863070537,1.2655601659751037,2.904564315352697,1.4937759336099585,1.6763485477178424,1.3029045643153527,138
1012084.0871369295,2005.6721991701245,43.08298755186722,2.0580912863070537,1.2655601659751037,2.904564315352697,1.4937759336099585,1.6763485477178424,1.3029045643153527,172
1012084.0871369295,2005.6721991701245,43.08298755186722,2.0580912863070537,1.2655601659751037,2.904564315352697,1.4937759336099585,1.6763485477178424,1.3029045643153527,81
1012084.0871369295,2005.6721991701245,43.08298755186722,2.0580912863070537,1.2655601659751037,2.904564315352697,1.4937759336099585,1.6763485477178424,1.3029045643153527,55
1012084.0871369295,2005.6721991701245,43.08298755186722,2.0580912863070537,1.2655601659751037,2.904564315352697,1.4937759336099585,1.6763485477178424,1.3029045643153527,115
1012084.0871369295,2005.6721991701245,43.08298755186722,2.0580912863070537,1.2655601659751037,2.904564315352697,1.4937759336099585,1.6763485477178424,1.3029045643153527,47
1012084.0871369295,2005.6721991701245,43.08298755186722,2.0580912863070537,1.2655601659751037,2.904564315352697,1.4937759336099585,1.6763485477178424,1.3029045643153527,196
1012084.0871369295,2005.6721991701245,43.08298755186722,2.0580912863070537,1.2655601659751037,2.904564315352697,1.4937759336099585,1.6763485477178424,1.3029045643153527,88
1012084.0871369295,2005.6721991701245,43.08298755186722,2.0580912863070537,1.2655601659751037,2.904564315352697,1.4937759336099585,1.6763485477178424,1.3029045643153527,74
1012084.0871369295,2005.6721991701245,43.08298755186722,2.0580912863070537,1.2655601659751037,2.904564315352697,1.4937759336099585,1.6763485477178424,1.3029045643153527,116
1012084.0871369295,2005.6721991701245,43.08298755186722,2.0580912863070537,1.2655601659751037,2.904564315352697,1.4937759336099585,1.6763485477178424,1.3029045643153527,119
1012084.0871369295,2005.6721991701245,43.08298755186722,2.0580912863070537,1.2655601659751037,2.904564315352697,1.4937759336099585,1.6763485477178424,1.3029045643153527,117
1012084.0871369295,2005.6721991701245,43.08298755186722,2.0580912863070537,1.2655601659751037,2.904564315352697,1.4937759336099585,1.6763485477178424,1.3029045643153527,127
1012084.0871369295,2005.6721991701245,43.08298755186722,2.0580912863070537,1.2655601659751037,2.904564315352697,1.4937759336099585,1.6763485477178424,1.3029045643153527,35
1012084.0871369295,2005.6721991701245,43.08298755186722,2.0580912863070537,1.2655601659751037,2.904564315352697,1.4937759336099585,1.6763485477178424,1.3029045643153527,113
1012084.0871369295,2005.6721991701245,43.08298755186722,2.0580912863070537,1.2655601659751037,2.904564315352697,1.4937759336099585,1.6763485477178424,1.3029045643153527,149
1012084.0871369295,2005.6721991701245,43.08298755186722,2.0580912863070537,1.2655601659751037,2.904564315352697,1.4937759336099585,1.6763485477178424,1.3029045643153527,142
1012084.0871369295,2005.6721991701245,43.08298755186722,2.0580912863070537,1.2655601659751037,2.904564315352697,1.4937759336099585,1.6763485477178424,1.3029045643153527,137
1012084.0871369295,2005.6721991701245,43.08298755186722,2.0580912863070537,1.2655601659751037,2.904564315352697,1.4937759336099585,1.6763485477178424,1.3029045643153527,187
1012084.0871369295,2005.6721991701245,43.08298755186722,2.0580912863070537,1.2655601659751037,2.904564315352697,1.4937759336099585,1.6763485477178424,1.3029045643153527,90
1012084.0871369295,2005.6721991701245,43.08298755186722,2.0580912863070537,1.2655601659751037,2.904564315352697,1.4937759336099585,1.6763485477178424,1.3029045643153527,132
1012084.0871369295,2005.6721991701245,43.08298755186722,2.0580912863070537,1.2655601659751037,2.904564315352697,1.4937759336099585,1.6763485477178424,1.3029045643153527,74
1012084.0871369295,2005.6721991701245,43.08298755186722,2.0580912863070537,1.2655601659751037,2.904564315352697,1.4937759336099585,1.6763485477178424,1.3029045643153527,161
1012084.0871369295,2005.6721991701245,43.08298755186722,2.0580912863070537,1.2655601659751037,2.904564315352697,1.4937759336099585,1.6763485477178424,1.3029045643153527,121
1012084.0871369295,2005.6721991701245,43.08298755186722,2.0580912863070537,1.2655601659751037,2.904564315352697,1.4937759336099585,1.6763485477178424,1.3029045643153527,100
1012084.0871369295,2005.6721991701245,43.08298755186722,2.0580912863070537,1.2655601659751037,2.904564315352697,1.4937759336099585,1.6763485477178424,1.3029045643153527,103
1012084.0871369295,2005.6721991701245,43.08298755186722,2.0580912863070537,1.2655601659751037,2.904564315352697,1.4937759336099585,1.6763485477178424,1.3029045643153527,177
1012084.0871369295,2005.6721991701245,43.08298755186722,2.0580912863070537,1.2655601659751037,2.904564315352697,1.4937759336099585,1.6763485477178424,1.3029045643153527,155
1012084.0871369295,2005.6721991701245,43.08298755186722,2.0580912863070537,1.2655601659751037,2.904564315352697,1.4937759336099585,1.6763485477178424,1.3029045643153527,192
1012084.0871369295,2005.6721991701245,43.08298755186722,2.0580912863070537,1.2655601659751037,2.904564315352697,1.4937759336099585,1.6763485477178424,1.3029045643153527,89
1012084.0871369295,2005.6721991701245,43.08298755186722,2.0580912863070537,1.2655601659751037,2.904564315352697,1.4937759336099585,1.6763485477178424,1.3029045643153527,108
1012084.0871369295,2005.6721991701245,43.08298755186722,2.0580912863070537,1.2655601659751037,2.904564315352697,1.4937759336099585,1.6763485477178424,1.3029045643153527,110
1012084.0871369295,2005.6721991701245,43.08298755186722,2.0580912863070537,1.2655601659751037,2.904564315352697,1.4937759336099585,1.6763485477178424,1.3029045643153527,52
1012084.0871369295,2005.6721991701245,43.08298755186722,2.0580912863070537,1.2655601659751037,2.904564315352697,1.4937759336099585,1.6763485477178424,1.3029045643153527,129
1012084.0871369295,2005.6721991701245,43.08298755186722,2.0580912863070537,1.2655601659751037,2.904564315352697,1.4937759336099585,1.6763485477178424,1.3029045643153527,54
1012084.0871369295,2005.6721991701245,43.08298755186722,2.0580912863070537,1.2655601659751037,2.904564315352697,1.4937759336099585,1.6763485477178424,1.3029045643153527,50
1012084.0871369295,2005.6721991701245,43.08298755186722,2.0580912863070537,1.2655601659751037,2.904564315352697,1.4937759336099585,1.6763485477178424,1.3029045643153527,142
1012084.0871369295,2005.6721991701245,43.08298755186722,2.0580912863070537,1.2655601659751037,2.904564315352697,1.4937759336099585,1.6763485477178424,1.3029045643153527,112
1012084.0871369295,2005.6721991701245,43.08298755186722,2.0580912863070537,1.2655601659751037,2.904564315352697,1.4937759336099585,1.6763485477178424,1.3029045643153527,282
1012084.0871369295,2005.6721991701245,43.08298755186722,2.0580912863070537,1.2655601659751037,2.904564315352697,1.4937759336099585,1.6763485477178424,1.3029045643153527,127
1012084.0871369295,2005.6721991701245,43.08298755186722,2.0580912863070537,1.2655601659751037,2.904564315352697,1.4937759336099585,1.6763485477178424,1.3029045643153527,100
1012084.0871369295,2005.6721991701245,43.08298755186722,2.0580912863070537,1.2655601659751037,2.904564315352697,1.4937759336099585,1.6763485477178424,1.3029045643153527,93
1012084.0871369295,2005.6721991701245,43.08298755186722,2.0580912863070537,1.2655601659751037,2.904564315352697,1.4937759336099585,1.6763485477178424,1.3029045643153527,88
1012084.0871369295,2005.6721991701245,43.08298755186722,2.0580912863070537,1.2655601659751037,2.904564315352697,1.4937759336099585,1.6763485477178424,1.3029045643153527,91
1012084.0871369295,2005.6721991701245,43.08298755186722,2.0580912863070537,1.2655601659751037,2.904564315352697,1.4937759336099585,1.6763485477178424,1.3029045643153527,119
1012084.0871369295,2005.6721991701245,43.08298755186722,2.0580912863070537,1.2655601659751037,2.904564315352697,1.4937759336099585,1.6763485477178424,1.3029045643153527,148
1012084.0871369295,2005.6721991701245,43.08298755186722,2.0580912863070537,1.2655601659751037,2.904564315352697,1.4937759336099585,1.6763485477178424,1.3029045643153527,153
1012084.0871369295,2005.6721991701245,43.08298755186722,2.0580912863070537,1.2655601659751037,2.904564315352697,1.4937759336099585,1.6763485477178424,1.3029045643153527,145
1012084.0871369295,2005.6721991701245,43.08298755186722,2.0580912863070537,1.2655601659751037,2.904564315352697,1.4937759336099585,1.6763485477178424,1.3029045643153527,37
1012084.0871369295,2005.6721991701245,43.08298755186722,2.0580912863070537,1.2655601659751037,2.904564315352697,1.4937759336099585,1.6763485477178424,1.3029045643153527,117
1012084.0871369295,2005.6721991701245,43.08298755186722,2.0580912863070537,1.2655601659751037,2.904564315352697,1.4937759336099585,1.6763485477178424,1.3029045643153527,94
1012084.0871369295,2005.6721991701245,43.08298755186722,2.0580912863070537,1.2655601659751037,2.904564315352697,1.4937759336099585,1.6763485477178424,1.3029045643153527,82
1012084.0871369295,2005.6721991701245,43.08298755186722,2.0580912863070537,1.2655601659751037,2.904564315352697,1.4937759336099585,1.6763485477178424,1.3029045643153527,81
1012084.0871369295,2005.6721991701245,43.08298755186722,2.0580912863070537,1.2655601659751037,2.904564315352697,1.4937759336099585,1.6763485477178424,1.3029045643153527,80
1012084.0871369295,2005.6721991701245,43.08298755186722,2.0580912863070537,1.2655601659751037,2.904564315352697,1.4937759336099585,1.6763485477178424,1.3029045643153527,71
1012084.0871369295,2005.6721991701245,43.08298755186722,2.0580912863070537,1.2655601659751037,2.904564315352697,1.4937759336099585,1.6763485477178424,1.3029045643153527,114
1012084.0871369295,2005.6721991701245,43.08298755186722,2.0580912863070537,1.2655601659751037,2.904564315352697,1.4937759336099585,1.6763485477178424,1.3029045643153527,123
1012084.0871369295,2005.6721991701245,43.08298755186722,2.0580912863070537,1.2655601659751037,2.904564315352697,1.4937759336099585,1.6763485477178424,1.3029045643153527,90
1012084.0871369295,2005.6721991701245,43.08298755186722,2.0580912863070537,1.2655601659751037,2.904564315352697,1.4937759336099585,1.6763485477178424,1.3029045643153527,89
1012084.0871369295,2005.6721991701245,43.08298755186722,2.0580912863070537,1.2655601659751037,2.904564315352697,1.4937759336099585,1.6763485477178424,1.3029045643153527,88
1012084.0871369295,2005.6721991701245,43.08298755186722,2.0580912863070537,1.2655601659751037,2.904564315352697,1.4937759336099585,1.6763485477178424,1.3029045643153527,93
1012084.0871369295,2005.6721991701245,43.08298755186722,2.0580912863070537,1.2655601659751037,2.904564315352697,1.4937759336099585,1.6763485477178424,1.3029045643153527,40
1012084.0871369295,2005.6721991701245,43.08298755186722,2.0580912863070537,1.2655601659751037,2.904564315352697,1.4937759336099585,1.6763485477178424,1.3029045643153527,87
1012084.0871369295,2005.6721991701245,43.08298755186722,2.0580912863070537,1.2655601659751037,2.904564315352697,1.4937759336099585,1.6763485477178424,1.3029045643153527,74
1012084.0871369295,2005.6721991701245,43.08298755186722,2.0580912863070537,1.2655601659751037,2.904564315352697,1.4937759336099585,1.6763485477178424,1.3029045643153527,95
1012084.0871369295,2005.6721991701245,43.08298755186722,2.0580912863070537,1.2655601659751037,2.904564315352697,1.4937759336099585,1.6763485477178424,1.3029045643153527,105
1012084.0871369295,2005.6721991701245,43.08298755186722,2.0580912863070537,1.2655601659751037,2.904564315352697,1.4937759336099585,1.6763485477178424,1.3029045643153527,100
1012084.0871369295,2005.6721991701245,43.08298755186722,2.0580912863070537,1.2655601659751037,2.904564315352697,1.4937759336099585,1.6763485477178424,1.3029045643153527,104
1012084.0871369295,2005.6721991701245,43.08298755186722,2.0580912863070537,1.2655601659751037,2.904564315352697,1.4937759336099585,1.6763485477178424,1.3029045643153527,123
1012084.0871369295,2005.6721991701245,43.08298755186722,2.0580912863070537,1.2655601659751037,2.904564315352697,1.4937759336099585,1.6763485477178424,1.3029045643153527,129
1012084.0871369295,2005.6721991701245,43.08298755186722,2.0580912863070537,1.2655601659751037,2.904564315352697,1.4937759336099585,1.6763485477178424,1.3029045643153527,64
1012084.0871369295,2005.6721991701245,43.08298755186722,2.0580912863070537,1.2655601659751037,2.904564315352697,1.4937759336099585,1.6763485477178424,1.3029045643153527,84
1012084.0871369295,2005.6721991701245,43.08298755186722,2.0580912863070537,1.2655601659751037,2.904564315352697,1.4937759336099585,1.6763485477178424,1.3029045643153527,145
1012084.0871369295,2005.6721991701245,43.08298755186722,2.0580912863070537,1.2655601659751037,2.904564315352697,1.4937759336099585,1.6763485477178424,1.3029045643153527,94
1012084.0871369295,2005.6721991701245,43.08298755186722,2.0580912863070537,1.2655601659751037,2.904564315352697,1.4937759336099585,1.6763485477178424,1.3029045643153527,70
1012084.0871369295,2005.6721991701245,43.08298755186722,2.0580912863070537,1.2655601659751037,2.904564315352697,1.4937759336099585,1.6763485477178424,1.3029045643153527,177
1012084.0871369295,2005.6721991701245,43.08298755186722,2.0580912863070537,1.2655601659751037,2.904564315352697,1.4937759336099585,1.6763485477178424,1.3029045643153527,161
1012084.0871369295,2005.6721991701245,43.08298755186722,2.0580912863070537,1.2655601659751037,2.904564315352697,1.4937759336099585,1.6763485477178424,1.3029045643153527,110
1012084.0871369295,2005.6721991701245,43.08298755186722,2.0580912863070537,1.2655601659751037,2.904564315352697,1.4937759336099585,1.6763485477178424,1.3029045643153527,75
1012084.0871369295,2005.6721991701245,43.08298755186722,2.0580912863070537,1.2655601659751037,2.904564315352697,1.4937759336099585,1.6763485477178424,1.3029045643153527,189
1012084.0871369295,2005.6721991701245,43.08298755186722,2.0580912863070537,1.2655601659751037,2.904564315352697,1.4937759336099585,1.6763485477178424,1.3029045643153527,80
1012084.0871369295,2005.6721991701245,43.08298755186722,2.0580912863070537,1.2655601659751037,2.904564315352697,1.4937759336099585,1.6763485477178424,1.3029045643153527,103
1012084.0871369295,2005.6721991701245,43.08298755186722,2.0580912863070537,1.2655601659751037,2.904564315352697,1.4937759336099585,1.6763485477178424,1.3029045643153527,57
1012084.0871369295,2005.6721991701245,43.08298755186722,2.0580912863070537,1.2655601659751037,2.904564315352697,1.4937759336099585,1.6763485477178424,1.3029045643153527,114
1012084.0871369295,2005.6721991701245,43.08298755186722,2.0580912863070537,1.2655601659751037,2.904564315352697,1.4937759336099585,1.6763485477178424,1.3029045643153527,81
1012084.0871369295,2005.6721991701245,43.08298755186722,2.0580912863070537,1.2655601659751037,2.904564315352697,1.4937759336099585,1.6763485477178424,1.3029045643153527,86
1012084.0871369295,2005.6721991701245,43.08298755186722,2.0580912863070537,1.2655601659751037,2.904564315352697,1.4937759336099585,1.6763485477178424,1.3029045643153527,127
1012084.0871369295,2005.6721991701245,43.08298755186722,2.0580912863070537,1.2655601659751037,2.904564315352697,1.4937759336099585,1.6763485477178424,1.3029045643153527,72
1012084.0871369295,2005.6721991701245,43.08298755186722,2.0580912863070537,1.2655601659751037,2.904564315352697,1.4937759336099585,1.6763485477178424,1.3029045643153527,144
1012084.0871369295,2005.6721991701245,43.08298755186722,2.0580912863070537,1.2655601659751037,2.904564315352697,1.4937759336099585,1.6763485477178424,1.3029045643153527,152
1012084.0871369295,2005.6721991701245,43.08298755186722,2.0580912863070537,1.2655601659751037,2.904564315352697,1.4937759336099585,1.6763485477178424,1.3029045643153527,60
1012084.0871369295,2005.6721991701245,43.08298755186722,2.0580912863070537,1.2655601659751037,2.904564315352697,1.4937759336099585,1.6763485477178424,1.3029045643153527,119
1012084.0871369295,2005.6721991701245,43.08298755186722,2.0580912863070537,1.2655601659751037,2.904564315352697,1.4937759336099585,1.6763485477178424,1.3029045643153527,92
1012084.0871369295,2005.6721991701245,43.08298755186722,2.0580912863070537,1.2655601659751037,2.904564315352697,1.4937759336099585,1.6763485477178424,1.3029045643153527,201
1012084.0871369295,2005.6721991701245,43.08298755186722,2.0580912863070537,1.2655601659751037,2.904564315352697,1.4937759336099585,1.6763485477178424,1.3029045643153527,148
1012084.0871369295,2005.6721991701245,43.08298755186722,2.0580912863070537,1.2655601659751037,2.904564315352697,1.4937759336099585,1.6763485477178424,1.3029045643153527,121
1012084.0871369295,2005.6721991701245,43.08298755186722,2.0580912863070537,1.2655601659751037,2.904564315352697,1.4937759336099585,1.6763485477178424,1.3029045643153527,143
1012084.0871369295,2005.6721991701245,43.08298755186722,2.0580912863070537,1.2655601659751037,2.904564315352697,1.4937759336099585,1.6763485477178424,1.3029045643153527,129
1012084.0871369295,2005.6721991701245,43.08298755186722,2.0580912863070537,1.2655601659751037,2.904564315352697,1.4937759336099585,1.6763485477178424,1.3029045643153527,131
1012084.0871369295,2005.6721991701245,43.08298755186722,2.0580912863070537,1.2655601659751037,2.904564315352697,1.4937759336099585,1.6763485477178424,1.3029045643153527,277
1012084.0871369295,2005.6721991701245,43.08298755186722,2.0580912863070537,1.2655601659751037,2.904564315352697,1.4937759336099585,1.6763485477178424,1.3029045643153527,110
1012084.0871369295,2005.6721991701245,43.08298755186722,2.0580912863070537,1.2655601659751037,2.904564315352697,1.4937759336099585,1.6763485477178424,1.3029045643153527,179
1012084.0871369295,2005.6721991701245,43.08298755186722,2.0580912863070537,1.2655601659751037,2.904564315352697,1.4937759336099585,1.6763485477178424,1.3029045643153527,72
1012084.0871369295,2005.6721991701245,43.08298755186722,2.0580912863070537,1.2655601659751037,2.904564315352697,1.4937759336099585,1.6763485477178424,1.3029045643153527,77
1012084.0871369295,2005.6721991701245,43.08298755186722,2.0580912863070537,1.2655601659751037,2.904564315352697,1.4937759336099585,1.6763485477178424,1.3029045643153527,70
1012084.0871369295,2005.6721991701245,43.08298755186722,2.0580912863070537,1.2655601659751037,2.904564315352697,1.4937759336099585,1.6763485477178424,1.3029045643153527,198
1012084.0871369295,2005.6721991701245,43.08298755186722,2.0580912863070537,1.2655601659751037,2.904564315352697,1.4937759336099585,1.6763485477178424,1.3029045643153527,73
1012084.0871369295,2005.6721991701245,43.08298755186722,2.0580912863070537,1.2655601659751037,2.904564315352697,1.4937759336099585,1.6763485477178424,1.3029045643153527,27
1012084.0871369295,2005.6721991701245,43.08298755186722,2.0580912863070537,1.2655601659751037,2.904564315352697,1.4937759336099585,1.6763485477178424,1.3029045643153527,118
1012084.0871369295,2005.6721991701245,43.08298755186722,2.0580912863070537,1.2655601659751037,2.904564315352697,1.4937759336099585,1.6763485477178424,1.3029045643153527,44
1012084.0871369295,2005.6721991701245,43.08298755186722,2.0580912863070537,1.2655601659751037,2.904564315352697,1.4937759336099585,1.6763485477178424,1.3029045643153527,76
1012084.0871369295,2005.6721991701245,43.08298755186722,2.0580912863070537,1.2655601659751037,2.904564315352697,1.4937759336099585,1.6763485477178424,1.3029045643153527,80
1012084.0871369295,2005.6721991701245,43.08298755186722,2.0580912863070537,1.2655601659751037,2.904564315352697,1.4937759336099585,1.6763485477178424,1.3029045643153527,182
1012084.0871369295,2005.6721991701245,43.08298755186722,2.0580912863070537,1.2655601659751037,2.904564315352697,1.4937759336099585,1.6763485477178424,1.3029045643153527,97
1012084.0871369295,2005.6721991701245,43.08298755186722,2.0580912863070537,1.2655601659751037,2.904564315352697,1.4937759336099585,1.6763485477178424,1.3029045643153527,105
1012084.0871369295,2005.6721991701245,43.08298755186722,2.0580912863070537,1.2655601659751037,2.904564315352697,1.4937759336099585,1.6763485477178424,1.3029045643153527,68
1012084.0871369295,2005.6721991701245,43.08298755186722,2.0580912863070537,1.2655601659751037,2.904564315352697,1.4937759336099585,1.6763485477178424,1.3029045643153527,119
1012084.0871369295,2005.6721991701245,43.08298755186722,2.0580912863070537,1.2655601659751037,2.904564315352697,1.4937759336099585,1.6763485477178424,1.3029045643153527,84
1012084.0871369295,2005.6721991701245,43.08298755186722,2.0580912863070537,1.2655601659751037,2.904564315352697,1.4937759336099585,1.6763485477178424,1.3029045643153527,134
1012084.0871369295,2005.6721991701245,43.08298755186722,2.0580912863070537,1.2655601659751037,2.904564315352697,1.4937759336099585,1.6763485477178424,1.3029045643153527,100
1012084.0871369295,2005.6721991701245,43.08298755186722,2.0580912863070537,1.2655601659751037,2.904564315352697,1.4937759336099585,1.6763485477178424,1.3029045643153527,81
1012084.0871369295,2005.6721991701245,43.08298755186722,2.0580912863070537,1.2655601659751037,2.904564315352697,1.4937759336099585,1.6763485477178424,1.3029045643153527,110
1012084.0871369295,2005.6721991701245,43.08298755186722,2.0580912863070537,1.2655601659751037,2.904564315352697,1.4937759336099585,1.6763485477178424,1.3029045643153527,94
1012084.0871369295,2005.6721991701245,43.08298755186722,2.0580912863070537,1.2655601659751037,2.904564315352697,1.4937759336099585,1.6763485477178424,1.3029045643153527,135
1012084.0871369295,2005.6721991701245,43.08298755186722,2.0580912863070537,1.2655601659751037,2.904564315352697,1.4937759336099585,1.6763485477178424,1.3029045643153527,88
1012084.0871369295,2005.6721991701245,43.08298755186722,2.0580912863070537,1.2655601659751037,2.904564315352697,1.4937759336099585,1.6763485477178424,1.3029045643153527,90
1012084.0871369295,2005.6721991701245,43.08298755186722,2.0580912863070537,1.2655601659751037,2.904564315352697,1.4937759336099585,1.6763485477178424,1.3029045643153527,148
1012084.0871369295,2005.6721991701245,43.08298755186722,2.0580912863070537,1.2655601659751037,2.904564315352697,1.4937759336099585,1.6763485477178424,1.3029045643153527,85
1012084.0871369295,2005.6721991701245,43.08298755186722,2.0580912863070537,1.2655601659751037,2.904564315352697,1.4937759336099585,1.6763485477178424,1.3029045643153527,123
1012084.0871369295,2005.6721991701245,43.08298755186722,2.0580912863070537,1.2655601659751037,2.904564315352697,1.4937759336099585,1.6763485477178424,1.3029045643153527,65
1012084.0871369295,2005.6721991701245,43.08298755186722,2.0580912863070537,1.2655601659751037,2.904564315352697,1.4937759336099585,1.6763485477178424,1.3029045643153527,92
1012084.0871369295,2005.6721991701245,43.08298755186722,2.0580912863070537,1.2655601659751037,2.904564315352697,1.4937759336099585,1.6763485477178424,1.3029045643153527,109
1012084.0871369295,2005.6721991701245,43.08298755186722,2.0580912863070537,1.2655601659751037,2.904564315352697,1.4937759336099585,1.6763485477178424,1.3029045643153527,75
1012084.0871369295,2005.6721991701245,43.08298755186722,2.0580912863070537,1.2655601659751037,2.904564315352697,1.4937759336099585,1.6763485477178424,1.3029045643153527,169
1012084.0871369295,2005.6721991701245,43.08298755186722,2.0580912863070537,1.2655601659751037,2.904564315352697,1.4937759336099585,1.6763485477178424,1.3029045643153527,268
1012084.0871369295,2005.6721991701245,43.08298755186722,2.0580912863070537,1.2655601659751037,2.904564315352697,1.4937759336099585,1.6763485477178424,1.3029045643153527,83
1012084.0871369295,2005.6721991701245,43.08298755186722,2.0580912863070537,1.2655601659751037,2.904564315352697,1.4937759336099585,1.6763485477178424,1.3029045643153527,166
1012084.0871369295,2005.6721991701245,43.08298755186722,2.0580912863070537,1.2655601659751037,2.904564315352697,1.4937759336099585,1.6763485477178424,1.3029045643153527,78
1012084.0871369295,2005.6721991701245,43.08298755186722,2.0580912863070537,1.2655601659751037,2.904564315352697,1.4937759336099585,1.6763485477178424,1.3029045643153527,124
1012084.0871369295,2005.6721991701245,43.08298755186722,2.0580912863070537,1.2655601659751037,2.904564315352697,1.4937759336099585,1.6763485477178424,1.3029045643153527,56
1012084.0871369295,2005.6721991701245,43.08298755186722,2.0580912863070537,1.2655601659751037,2.904564315352697,1.4937759336099585,1.6763485477178424,1.3029045643153527,165
1012084.0871369295,2005.6721991701245,43.08298755186722,2.0580912863070537,1.2655601659751037,2.904564315352697,1.4937759336099585,1.6763485477178424,1.3029045643153527,102
1012084.0871369295,2005.6721991701245,43.08298755186722,2.0580912863070537,1.2655601659751037,2.904564315352697,1.4937759336099585,1.6763485477178424,1.3029045643153527,133
1012084.0871369295,2005.6721991701245,43.08298755186722,2.0580912863070537,1.2655601659751037,2.904564315352697,1.4937759336099585,1.6763485477178424,1.3029045643153527,150
1012084.0871369295,2005.6721991701245,43.08298755186722,2.0580912863070537,1.2655601659751037,2.904564315352697,1.4937759336099585,1.6763485477178424,1.3029045643153527,95
955239.6481481482,2005.9074074074074,41.94444444444444,2.0185185185185186,1.2592592592592593,2.611111111111111,1.462962962962963,1.6851851851851851,1.3333333333333333,110
955239.6481481482,2005.9074074074074,41.94444444444444,2.0185185185185186,1.2592592592592593,2.611111111111111,1.462962962962963,1.6851851851851851,1.3333333333333333,148
955239.6481481482,2005.9074074074074,41.94444444444444,2.0185185185185186,1.2592592592592593,2.611111111111111,1.462962962962963,1.6851851851851851,1.3333333333333333,81
955239.6481481482,2005.9074074074074,41.94444444444444,2.0185185185185186,1.2592592592592593,2.611111111111111,1.462962962962963,1.6851851851851851,1.3333333333333333,97
955239.6481481482,2005.9074074074074,41.94444444444444,2.0185185185185186,1.2592592592592593,2.611111111111111,1.462962962962963,1.6851851851851851,1.3333333333333333,142
955239.6481481482,2005.9074074074074,41.94444444444444,2.0185185185185186,1.2592592592592593,2.611111111111111,1.462962962962963,1.6851851851851851,1.3333333333333333,88
955239.6481481482,2005.9074074074074,41.94444444444444,2.0185185185185186,1.2592592592592593,2.611111111111111,1.462962962962963,1.6851851851851851,1.3333333333333333,123
955239.6481481482,2005.9074074074074,41.94444444444444,2.0185185185185186,1.2592592592592593,2.611111111111111,1.462962962962963,1.6851851851851851,1.3333333333333333,119
955239.6481481482,2005.9074074074074,41.94444444444444,2.0185185185185186,1.2592592592592593,2.611111111111111,1.462962962962963,1.6851851851851851,1.3333333333333333,77
955239.6481481482,2005.9074074074074,41.94444444444444,2.0185185185185186,1.2592592592592593,2.611111111111111,1.462962962962963,1.6851851851851851,1.3333333333333333,81
955239.6481481482,2005.9074074074074,41.94444444444444,2.0185185185185186,1.2592592592592593,2.611111111111111,1.462962962962963,1.6851851851851851,1.3333333333333333,127
955239.6481481482,2005.9074074074074,41.94444444444444,2.0185185185185186,1.2592592592592593,2.611111111111111,1.462962962962963,1.6851851851851851,1.3333333333333333,138
955239.6481481482,2005.9074074074074,41.94444444444444,2.0185185185185186,1.2592592592592593,2.611111111111111,1.462962962962963,1.6851851851851851,1.3333333333333333,119
955239.6481481482,2005.9074074074074,41.94444444444444,2.0185185185185186,1.2592592592592593,2.611111111111111,1.462962962962963,1.6851851851851851,1.3333333333333333,135
955239.6481481482,2005.9074074074074,41.94444444444444,2.0185185185185186,1.2592592592592593,2.611111111111111,1.462962962962963,1.6851851851851851,1.3333333333333333,110
955239.6481481482,2005.9074074074074,41.94444444444444,2.0185185185185186,1.2592592592592593,2.611111111111111,1.462962962962963,1.6851851851851851,1.3333333333333333,117
955239.6481481482,2005.9074074074074,41.94444444444444,2.0185185185185186,1.2592592592592593,2.611111111111111,1.462962962962963,1.6851851851851851,1.3333333333333333,81
955239.6481481482,2005.9074074074074,41.94444444444444,2.0185185185185186,1.2592592592592593,2.611111111111111,1.462962962962963,1.6851851851851851,1.3333333333333333,100
955239.6481481482,2005.9074074074074,41.94444444444444,2.0185185185185186,1.2592592592592593,2.611111111111111,1.462962962962963,1.6851851851851851,1.3333333333333333,119
955239.6481481482,2005.9074074074074,41.94444444444444,2.0185185185185186,1.2592592592592593,2.611111111111111,1.462962962962963,1.6851851851851851,1.3333333333333333,129
955239.6481481482,2005.9074074074074,41.94444444444444,2.0185185185185186,1.2592592592592593,2.611111111111111,1.462962962962963,1.6851851851851851,1.3333333333333333,108
955239.6481481482,2005.9074074074074,41.94444444444444,2.0185185185185186,1.2592592592592593,2.611111111111111,1.462962962962963,1.6851851851851851,1.3333333333333333,65
955239.6481481482,2005.9074074074074,41.94444444444444,2.0185185185185186,1.2592592592592593,2.611111111111111,1.462962962962963,1.6851851851851851,1.3333333333333333,127
955239.6481481482,2005.9074074074074,41.94444444444444,2.0185185185185186,1.2592592592592593,2.611111111111111,1.462962962962963,1.6851851851851851,1.3333333333333333,110
955239.6481481482,2005.9074074074074,41.94444444444444,2.0185185185185186,1.2592592592592593,2.611111111111111,1.462962962962963,1.6851851851851851,1.3333333333333333,177
955239.6481481482,2005.9074074074074,41.94444444444444,2.0185185185185186,1.2592592592592593,2.611111111111111,1.462962962962963,1.6851851851851851,1.3333333333333333,94
955239.6481481482,2005.9074074074074,41.94444444444444,2.0185185185185186,1.2592592592592593,2.611111111111111,1.462962962962963,1.6851851851851851,1.3333333333333333,90
955239.6481481482,2005.9074074074074,41.94444444444444,2.0185185185185186,1.2592592592592593,2.611111111111111,1.462962962962963,1.6851851851851851,1.3333333333333333,161
955239.6481481482,2005.9074074074074,41.94444444444444,2.0185185185185186,1.2592592592592593,2.611111111111111,1.462962962962963,1.6851851851851851,1.3333333333333333,80
955239.6481481482,2005.9074074074074,41.94444444444444,2.0185185185185186,1.2592592592592593,2.611111111111111,1.462962962962963,1.6851851851851851,1.3333333333333333,100
955239.6481481482,2005.9074074074074,41.94444444444444,2.0185185185185186,1.2592592592592593,2.611111111111111,1.462962962962963,1.6851851851851851,1.3333333333333333,74
955239.6481481482,2005.9074074074074,41.94444444444444,2.0185185185185186,1.2592592592592593,2.611111111111111,1.462962962962963,1.6851851851851851,1.3333333333333333,114
955239.6481481482,2005.9074074074074,41.94444444444444,2.0185185185185186,1.2592592592592593,2.611111111111111,1.462962962962963,1.6851851851851851,1.3333333333333333,93
955239.6481481482,2005.9074074074074,41.94444444444444,2.0185185185185186,1.2592592592592593,2.611111111111111,1.462962962962963,1.6851851851851851,1.3333333333333333,89
955239.6481481482,2005.9074074074074,41.94444444444444,2.0185185185185186,1.2592592592592593,2.611111111111111,1.462962962962963,1.6851851851851851,1.3333333333333333,119
955239.6481481482,2005.9074074074074,41.94444444444444,2.0185185185185186,1.2592592592592593,2.611111111111111,1.462962962962963,1.6851851851851851,1.3333333333333333,102
955239.6481481482,2005.9074074074074,41.94444444444444,2.0185185185185186,1.2592592592592593,2.611111111111111,1.462962962962963,1.6851851851851851,1.3333333333333333,131
955239.6481481482,2005.9074074074074,41.94444444444444,2.0185185185185186,1.2592592592592593,2.611111111111111,1.462962962962963,1.6851851851851851,1.3333333333333333,112
955239.6481481482,2005.9074074074074,41.94444444444444,2.0185185185185186,1.2592592592592593,2.611111111111111,1.462962962962963,1.6851851851851851,1.3333333333333333,85
955239.6481481482,2005.9074074074074,41.94444444444444,2.0185185185185186,1.2592592592592593,2.611111111111111,1.462962962962963,1.6851851851851851,1.3333333333333333,74
955239.6481481482,2005.9074074074074,41.94444444444444,2.0185185185185186,1.2592592592592593,2.611111111111111,1.462962962962963,1.6851851851851851,1.3333333333333333,100
955239.6481481482,2005.9074074074074,41.94444444444444,2.0185185185185186,1.2592592592592593,2.611111111111111,1.462962962962963,1.6851851851851851,1.3333333333333333,88
955239.6481481482,2005.9074074074074,41.94444444444444,2.0185185185185186,1.2592592592592593,2.611111111111111,1.462962962962963,1.6851851851851851,1.3333333333333333,105
955239.6481481482,2005.9074074074074,41.94444444444444,2.0185185185185186,1.2592592592592593,2.611111111111111,1.462962962962963,1.6851851851851851,1.3333333333333333,70
955239.6481481482,2005.9074074074074,41.94444444444444,2.0185185185185186,1.2592592592592593,2.611111111111111,1.462962962962963,1.6851851851851851,1.3333333333333333,94
955239.6481481482,2005.9074074074074,41.94444444444444,2.0185185185185186,1.2592592592592593,2.611111111111111,1.462962962962963,1.6851851851851851,1.3333333333333333,114
955239.6481481482,2005.9074074074074,41.94444444444444,2.0185185185185186,1.2592592592592593,2.611111111111111,1.462962962962963,1.6851851851851851,1.3333333333333333,92
955239.6481481482,2005.9074074074074,41.94444444444444,2.0185185185185186,1.2592592592592593,2.611111111111111,1.462962962962963,1.6851851851851851,1.3333333333333333,95
955239.6481481482,2005.9074074074074,41.94444444444444,2.0185185185185186,1.2592592592592593,2.611111111111111,1.462962962962963,1.6851851851851851,1.3333333333333333,83
955239.6481481482,2005.9074074074074,41.94444444444444,2.0185185185185186,1.2592592592592593,2.611111111111111,1.462962962962963,1.6851851851851851,1.3333333333333333,105
955239.6481481482,2005.9074074074074,41.94444444444444,2.0185185185185186,1.2592592592592593,2.611111111111111,1.462962962962963,1.6851851851851851,1.3333333333333333,148
955239.6481481482,2005.9074074074074,41.94444444444444,2.0185185185185186,1.2592592592592593,2.611111111111111,1.462962962962963,1.6851851851851851,1.3333333333333333,88
955239.6481481482,2005.9074074074074,41.94444444444444,2.0185185185185186,1.2592592592592593,2.611111111111111,1.462962962962963,1.6851851851851851,1.3333333333333333,75
955239.6481481482,2005.9074074074074,41.94444444444444,2.0185185185185186,1.2592592592592593,2.611111111111111,1.462962962962963,1.6851851851851851,1.3333333333333333,100
