1041312.8114754099,2005.7677595628415,41.986338797814206,1.9918032786885247,1.3032786885245902,3.0027322404371586,1.453551912568306,1.7185792349726776,1.3169398907103824,109
1041312.8114754099,2005.7677595628415,41.986338797814206,1.9918032786885247,1.3032786885245902,3.0027322404371586,1.453551912568306,1.7185792349726776,1.3169398907103824,90
1041312.8114754099,2005.7677595628415,41.986338797814206,1.9918032786885247,1.3032786885245902,3.0027322404371586,1.453551912568306,1.7185792349726776,1.3169398907103824,127
1041312.8114754099,2005.7677595628415,41.986338797814206,1.9918032786885247,1.3032786885245902,3.0027322404371586,1.453551912568306,1.7185792349726776,1.3169398907103824,73
1041312.8114754099,2005.7677595628415,41.986338797814206,1.9918032786885247,1.3032786885245902,3.0027322404371586,1.453551912568306,1.7185792349726776,1.3169398907103824,159
1041312.8114754099,2005.7677595628415,41.986338797814206,1.9918032786885247,1.3032786885245902,3.0027322404371586,1.453551912568306,1.7185792349726776,1.3169398907103824,100
1041312.8114754099,2005.7677595628415,41.986338797814206,1.9918032786885247,1.3032786885245902,3.0027322404371586,1.453551912568306,1.7185792349726776,1.3169398907103824,166
1041312.8114754099,2005.7677595628415,41.986338797814206,1.9918032786885247,1.3032786885245902,3.0027322404371586,1.453551912568306,1.7185792349726776,1.3169398907103824,95
1041312.8114754099,2005.7677595628415,41.986338797814206,1.9918032786885247,1.3032786885245902,3.0027322404371586,1.453551912568306,1.7185792349726776,1.3169398907103824,94
1041312.8114754099,2005.7677595628415,41.986338797814206,1.9918032786885247,1.3032786885245902,3.0027322404371586,1.453551912568306,1.7185792349726776,1.3169398907103824,177
1041312.8114754099,2005.7677595628415,41.986338797814206,1.9918032786885247,1.3032786885245902,3.0027322404371586,1.453551912568306,1.7185792349726776,1.3169398907103824,107
1041312.8114754099,2005.7677595628415,41.986338797814206,1.9918032786885247,1.3032786885245902,3.0027322404371586,1.453551912568306,1.7185792349726776,1.3169398907103824,117
1041312.8114754099,2005.7677595628415,41.986338797814206,1.9918032786885247,1.3032786885245902,3.0027322404371586,1.453551912568306,1.7185792349726776,1.3169398907103824,88
1041312.8114754099,2005.7677595628415,41.986338797814206,1.9918032786885247,1.3032786885245902,3.0027322404371586,1.453551912568306,1.7185792349726776,1.3169398907103824,127
1041312.8114754099,2005.7677595628415,41.986338797814206,1.9918032786885247,1.3032786885245902,3.0027322404371586,1.453551912568306,1.7185792349726776,1.3169398907103824,92
1041312.8114754099,2005.7677595628415,41.986338797814206,1.9918032786885247,1.3032786885245902,3.0027322404371586,1.453551912568306,1.7185792349726776,1.3169398907103824,90
1041312.8114754099,2005.7677595628415,41.986338797814206,1.9918032786885247,1.3032786885245902,3.0027322404371586,1.453551912568306,1.7185792349726776,1.3169398907103824,55
1041312.8114754099,2005.7677595628415,41.986338797814206,1.9918032786885247,1.3032786885245902,3.0027322404371586,1.453551912568306,1.7185792349726776,1.3169398907103824,94
1041312.8114754099,2005.7677595628415,41.986338797814206,1.9918032786885247,1.3032786885245902,3.0027322404371586,1.453551912568306,1.7185792349726776,1.3169398907103824,68
1041312.8114754099,2005.7677595628415,41.986338797814206,1.9918032786885247,1.3032786885245902,3.0027322404371586,1.453551912568306,1.7185792349726776,1.3169398907103824,102
1041312.8114754099,2005.7677595628415,41.986338797814206,1.9918032786885247,1.3032786885245902,3.0027322404371586,1.453551912568306,1.7185792349726776,1.3169398907103824,94
1041312.8114754099,2005.7677595628415,41.986338797814206,1.9918032786885247,1.3032786885245902,3.0027322404371586,1.453551912568306,1.7185792349726776,1.3169398907103824,102
1041312.8114754099,2005.7677595628415,41.986338797814206,1.9918032786885247,1.3032786885245902,3.0027322404371586,1.453551912568306,1.7185792349726776,1.3169398907103824,91
1041312.8114754099,2005.7677595628415,41.986338797814206,1.9918032786885247,1.3032786885245902,3.0027322404371586,1.453551912568306,1.7185792349726776,1.3169398907103824,152
1041312.8114754099,2005.7677595628415,41.986338797814206,1.9918032786885247,1.3032786885245902,3.0027322404371586,1.453551912568306,1.7185792349726776,1.3169398907103824,94
1041312.8114754099,2005.7677595628415,41.986338797814206,1.9918032786885247,1.3032786885245902,3.0027322404371586,1.453551912568306,1.7185792349726776,1.3169398907103824,107
1041312.8114754099,2005.7677595628415,41.986338797814206,1.9918032786885247,1.3032786885245902,3.0027322404371586,1.453551912568306,1.7185792349726776,1.3169398907103824,127
1041312.8114754099,2005.7677595628415,41.986338797814206,1.9918032786885247,1.3032786885245902,3.0027322404371586,1.453551912568306,1.7185792349726776,1.3169398907103824,35
1041312.8114754099,2005.7677595628415,41.986338797814206,1.9918032786885247,1.3032786885245902,3.0027322404371586,1.453551912568306,1.7185792349726776,1.3169398907103824,94
1041312.8114754099,2005.7677595628415,41.986338797814206,1.9918032786885247,1.3032786885245902,3.0027322404371586,1.453551912568306,1.7185792349726776,1.3169398907103824,100
1041312.8114754099,2005.7677595628415,41.986338797814206,1.9918032786885247,1.3032786885245902,3.0027322404371586,1.453551912568306,1.7185792349726776,1.3169398907103824,166
1041312.8114754099,2005.7677595628415,41.986338797814206,1.9918032786885247,1.3032786885245902,3.0027322404371586,1.453551912568306,1.7185792349726776,1.3169398907103824,277
1041312.8114754099,2005.7677595628415,41.986338797814206,1.9918032786885247,1.3032786885245902,3.0027322404371586,1.453551912568306,1.7185792349726776,1.3169398907103824,94
1041312.8114754099,2005.7677595628415,41.986338797814206,1.9918032786885247,1.3032786885245902,3.0027322404371586,1.453551912568306,1.7185792349726776,1.3169398907103824,100
1041312.8114754099,2005.7677595628415,41.986338797814206,1.9918032786885247,1.3032786885245902,3.0027322404371586,1.453551912568306,1.7185792349726776,1.3169398907103824,94
1041312.8114754099,2005.7677595628415,41.986338797814206,1.9918032786885247,1.3032786885245902,3.0027322404371586,1.453551912568306,1.7185792349726776,1.3169398907103824,72
1041312.8114754099,2005.7677595628415,41.986338797814206,1.9918032786885247,1.3032786885245902,3.0027322404371586,1.453551912568306,1.7185792349726776,1.3169398907103824,77
1041312.8114754099,2005.7677595628415,41.986338797814206,1.9918032786885247,1.3032786885245902,3.0027322404371586,1.453551912568306,1.7185792349726776,1.3169398907103824,50
1041312.8114754099,2005.7677595628415,41.986338797814206,1.9918032786885247,1.3032786885245902,3.0027322404371586,1.453551912568306,1.7185792349726776,1.3169398907103824,88
1041312.8114754099,2005.7677595628415,41.986338797814206,1.9918032786885247,1.3032786885245902,3.0027322404371586,1.453551912568306,1.7185792349726776,1.3169398907103824,100
1041312.8114754099,2005.7677595628415,41.986338797814206,1.9918032786885247,1.3032786885245902,3.0027322404371586,1.453551912568306,1.7185792349726776,1.3169398907103824,127
1041312.8114754099,2005.7677595628415,41.986338797814206,1.9918032786885247,1.3032786885245902,3.0027322404371586,1.453551912568306,1.7185792349726776,1.3169398907103824,135
1041312.8114754099,2005.7677595628415,41.986338797814206,1.9918032786885247,1.3032786885245902,3.0027322404371586,1.453551912568306,1.7185792349726776,1.3169398907103824,164
1041312.8114754099,2005.7677595628415,41.986338797814206,1.9918032786885247,1.3032786885245902,3.0027322404371586,1.453551912568306,1.7185792349726776,1.3169398907103824,135
1041312.8114754099,2005.7677595628415,41.986338797814206,1.9918032786885247,1.3032786885245902,3.0027322404371586,1.453551912568306,1.7185792349726776,1.3169398907103824,102
1041312.8114754099,2005.7677595628415,41.986338797814206,1.9918032786885247,1.3032786885245902,3.0027322404371586,1.453551912568306,1.7185792349726776,1.3169398907103824,100
1041312.8114754099,2005.7677595628415,41.986338797814206,1.9918032786885247,1.3032786885245902,3.0027322404371586,1.453551912568306,1.7185792349726776,1.3169398907103824,102
1041312.8114754099,2005.7677595628415,41.986338797814206,1.9918032786885247,1.3032786885245902,3.0027322404371586,1.453551912568306,1.7185792349726776,1.3169398907103824,72
1041312.8114754099,2005.7677595628415,41.986338797814206,1.9918032786885247,1.3032786885245902,3.0027322404371586,1.453551912568306,1.7185792349726776,1.3169398907103824,74
1041312.8114754099,2005.7677595628415,41.986338797814206,1.9918032786885247,1.3032786885245902,3.0027322404371586,1.453551912568306,1.7185792349726776,1.3169398907103824,109
1041312.8114754099,2005.7677595628415,41.986338797814206,1.9918032786885247,1.3032786885245902,3.0027322404371586,1.453551912568306,1.7185792349726776,1.3169398907103824,124
1041312.8114754099,2005.7677595628415,41.986338797814206,1.9918032786885247,1.3032786885245902,3.0027322404371586,1.453551912568306,1.7185792349726776,1.3169398907103824,135
1041312.8114754099,2005.7677595628415,41.986338797814206,1.9918032786885247,1.3032786885245902,3.0027322404371586,1.453551912568306,1.7185792349726776,1.3169398907103824,135
1041312.8114754099,2005.7677595628415,41.986338797814206,1.9918032786885247,1.3032786885245902,3.0027322404371586,1.453551912568306,1.7185792349726776,1.3169398907103824,95
1041312.8114754099,2005.7677595628415,41.986338797814206,1.9918032786885247,1.3032786885245902,3.0027322404371586,1.453551912568306,1.7185792349726776,1.3169398907103824,92
1041312.8114754099,2005.7677595628415,41.986338797814206,1.9918032786885247,1.3032786885245902,3.0027322404371586,1.453551912568306,1.7185792349726776,1.3169398907103824,94
1041312.8114754099,2005.7677595628415,41.986338797814206,1.9918032786885247,1.3032786885245902,3.0027322404371586,1.453551912568306,1.7185792349726776,1.3169398907103824,55
1041312.8114754099,2005.7677595628415,41.986338797814206,1.9918032786885247,1.3032786885245902,3.0027322404371586,1.453551912568306,1.7185792349726776,1.3169398907103824,95
1041312.8114754099,2005.7677595628415,41.986338797814206,1.9918032786885247,1.3032786885245902,3.0027322404371586,1.453551912568306,1.7185792349726776,1.3169398907103824,127
1041312.8114754099,2005.7677595628415,41.986338797814206,1.9918032786885247,1.3032786885245902,3.0027322404371586,1.453551912568306,1.7185792349726776,1.3169398907103824,100
1041312.8114754099,2005.7677595628415,41.986338797814206,1.9918032786885247,1.3032786885245902,3.0027322404371586,1.453551912568306,1.7185792349726776,1.3169398907103824,50
1041312.8114754099,2005.7677595628415,41.986338797814206,1.9918032786885247,1.3032786885245902,3.0027322404371586,1.453551912568306,1.7185792349726776,1.3169398907103824,133
1041312.8114754099,2005.7677595628415,41.986338797814206,1.9918032786885247,1.3032786885245902,3.0027322404371586,1.453551912568306,1.7185792349726776,1.3169398907103824,127
1041312.8114754099,2005.7677595628415,41.986338797814206,1.9918032786885247,1.3032786885245902,3.0027322404371586,1.453551912568306,1.7185792349726776,1.3169398907103824,95
1041312.8114754099,2005.7677595628415,41.986338797814206,1.9918032786885247,1.3032786885245902,3.0027322404371586,1.453551912568306,1.7185792349726776,1.3169398907103824,107
1041312.8114754099,2005.7677595628415,41.986338797814206,1.9918032786885247,1.3032786885245902,3.0027322404371586,1.453551912568306,1.7185792349726776,1.3169398907103824,95
1041312.8114754099,2005.7677595628415,41.986338797814206,1.9918032786885247,1.3032786885245902,3.0027322404371586,1.453551912568306,1.7185792349726776,1.3169398907103824,94
1041312.8114754099,2005.7677595628415,41.986338797814206,1.9918032786885247,1.3032786885245902,3.0027322404371586,1.453551912568306,1.7185792349726776,1.3169398907103824,102
1041312.8114754099,2005.7677595628415,41.986338797814206,1.9918032786885247,1.3032786885245902,3.0027322404371586,1.453551912568306,1.7185792349726776,1.3169398907103824,72
1041312.8114754099,2005.7677595628415,41.986338797814206,1.9918032786885247,1.3032786885245902,3.0027322404371586,1.453551912568306,1.7185792349726776,1.3169398907103824,55
1041312.8114754099,2005.7677595628415,41.986338797814206,1.9918032786885247,1.3032786885245902,3.0027322404371586,1.453551912568306,1.7185792349726776,1.3169398907103824,277
1041312.8114754099,2005.7677595628415,41.986338797814206,1.9918032786885247,1.3032786885245902,3.0027322404371586,1.453551912568306,1.7185792349726776,1.3169398907103824,90
1041312.8114754099,2005.7677595628415,41.986338797814206,1.9918032786885247,1.3032786885245902,3.0027322404371586,1.453551912568306,1.7185792349726776,1.3169398907103824,77
1041312.8114754099,2005.7677595628415,41.986338797814206,1.9918032786885247,1.3032786885245902,3.0027322404371586,1.453551912568306,1.7185792349726776,1.3169398907103824,127
1041312.8114754099,2005.7677595628415,41.986338797814206,1.9918032786885247,1.3032786885245902,3.0027322404371586,1.453551912568306,1.7185792349726776,1.3169398907103824,102
1041312.8114754099,2005.7677595628415,41.986338797814206,1.9918032786885247,1.3032786885245902,3.0027322404371586,1.453551912568306,1.7185792349726776,1.3169398907103824,124
1041312.8114754099,2005.7677595628415,41.986338797814206,1.9918032786885247,1.3032786885245902,3.0027322404371586,1.453551912568306,1.7185792349726776,1.3169398907103824,94
1041312.8114754099,2005.7677595628415,41.986338797814206,1.9918032786885247,1.3032786885245902,3.0027322404371586,1.453551912568306,1.7185792349726776,1.3169398907103824,90
1041312.8114754099,2005.7677595628415,41.986338797814206,1.9918032786885247,1.3032786885245902,3.0027322404371586,1.453551912568306,1.7185792349726776,1.3169398907103824,95
1041312.8114754099,2005.7677595628415,41.986338797814206,1.9918032786885247,1.3032786885245902,3.0027322404371586,1.453551912568306,1.7185792349726776,1.3169398907103824,127
1041312.8114754099,2005.7677595628415,41.986338797814206,1.9918032786885247,1.3032786885245902,3.0027322404371586,1.453551912568306,1.7185792349726776,1.3169398907103824,102
1041312.8114754099,2005.7677595628415,41.986338797814206,1.9918032786885247,1.3032786885245902,3.0027322404371586,1.453551912568306,1.7185792349726776,1.3169398907103824,94
1041312.8114754099,2005.7677595628415,41.986338797814206,1.9918032786885247,1.3032786885245902,3.0027322404371586,1.453551912568306,1.7185792349726776,1.3169398907103824,74
1041312.8114754099,2005.7677595628415,41.986338797814206,1.9918032786885247,1.3032786885245902,3.0027322404371586,1.453551912568306,1.7185792349726776,1.3169398907103824,107
1041312.8114754099,2005.7677595628415,41.986338797814206,1.9918032786885247,1.3032786885245902,3.0027322404371586,1.453551912568306,1.7185792349726776,1.3169398907103824,88
1041312.8114754099,2005.7677595628415,41.986338797814206,1.9918032786885247,1.3032786885245902,3.0027322404371586,1.453551912568306,1.7185792349726776,1.3169398907103824,166
1041312.8114754099,2005.7677595628415,41.986338797814206,1.9918032786885247,1.3032786885245902,3.0027322404371586,1.453551912568306,1.7185792349726776,1.3169398907103824,177
1041312.8114754099,2005.7677595628415,41.986338797814206,1.9918032786885247,1.3032786885245902,3.0027322404371586,1.453551912568306,1.7185792349726776,1.3169398907103824,91
1041312.8114754099,2005.7677595628415,41.986338797814206,1.9918032786885247,1.3032786885245902,3.0027322404371586,1.453551912568306,1.7185792349726776,1.3169398907103824,40
1041312.8114754099,2005.7677595628415,41.986338797814206,1.9918032786885247,1.3032786885245902,3.0027322404371586,1.453551912568306,1.7185792349726776,1.3169398907103824,135
1041312.8114754099,2005.7677595628415,41.986338797814206,1.9918032786885247,1.3032786885245902,3.0027322404371586,1.453551912568306,1.7185792349726776,1.3169398907103824,68
1041312.8114754099,2005.7677595628415,41.986338797814206,1.9918032786885247,1.3032786885245902,3.0027322404371586,1.453551912568306,1.7185792349726776,1.3169398907103824,88
1041312.8114754099,2005.7677595628415,41.986338797814206,1.9918032786885247,1.3032786885245902,3.0027322404371586,1.453551912568306,1.7185792349726776,1.3169398907103824,164
1041312.8114754099,2005.7677595628415,41.986338797814206,1.9918032786885247,1.3032786885245902,3.0027322404371586,1.453551912568306,1.7185792349726776,1.3169398907103824,100
1041312.8114754099,2005.7677595628415,41.986338797814206,1.9918032786885247,1.3032786885245902,3.0027322404371586,1.453551912568306,1.7185792349726776,1.3169398907103824,143
1041312.8114754099,2005.7677595628415,41.986338797814206,1.9918032786885247,1.3032786885245902,3.0027322404371586,1.453551912568306,1.7185792349726776,1.3169398907103824,117
1041312.8114754099,2005.7677595628415,41.986338797814206,1.9918032786885247,1.3032786885245902,3.0027322404371586,1.453551912568306,1.7185792349726776,1.3169398907103824,94
1041312.8114754099,2005.7677595628415,41.986338797814206,1.9918032786885247,1.3032786885245902,3.0027322404371586,1.453551912568306,1.7185792349726776,1.3169398907103824,109
1041312.8114754099,2005.7677595628415,41.986338797814206,1.9918032786885247,1.3032786885245902,3.0027322404371586,1.453551912568306,1.7185792349726776,1.3169398907103824,94
1041312.8114754099,2005.7677595628415,41.986338797814206,1.9918032786885247,1.3032786885245902,3.0027322404371586,1.453551912568306,1.7185792349726776,1.3169398907103824,135
1041312.8114754099,2005.7677595628415,41.986338797814206,1.9918032786885247,1.3032786885245902,3.0027322404371586,1.453551912568306,1.7185792349726776,1.3169398907103824,152
1041312.8114754099,2005.7677595628415,41.986338797814206,1.9918032786885247,1.3032786885245902,3.0027322404371586,1.453551912568306,1.7185792349726776,1.3169398907103824,127
1041312.8114754099,2005.7677595628415,41.986338797814206,1.9918032786885247,1.3032786885245902,3.0027322404371586,1.453551912568306,1.7185792349726776,1.3169398907103824,100
1041312.8114754099,2005.7677595628415,41.986338797814206,1.9918032786885247,1.3032786885245902,3.0027322404371586,1.453551912568306,1.7185792349726776,1.3169398907103824,100
1041312.8114754099,2005.7677595628415,41.986338797814206,1.9918032786885247,1.3032786885245902,3.0027322404371586,1.453551912568306,1.7185792349726776,1.3169398907103824,92
1041312.8114754099,2005.7677595628415,41.986338797814206,1.9918032786885247,1.3032786885245902,3.0027322404371586,1.453551912568306,1.7185792349726776,1.3169398907103824,135
1041312.8114754099,2005.7677595628415,41.986338797814206,1.9918032786885247,1.3032786885245902,3.0027322404371586,1.453551912568306,1.7185792349726776,1.3169398907103824,159
1041312.8114754099,2005.7677595628415,41.986338797814206,1.9918032786885247,1.3032786885245902,3.0027322404371586,1.453551912568306,1.7185792349726776,1.3169398907103824,135
1041312.8114754099,2005.7677595628415,41.986338797814206,1.9918032786885247,1.3032786885245902,3.0027322404371586,1.453551912568306,1.7185792349726776,1.3169398907103824,272
1041312.8114754099,2005.7677595628415,41.986338797814206,1.9918032786885247,1.3032786885245902,3.0027322404371586,1.453551912568306,1.7185792349726776,1.3169398907103824,100
1041312.8114754099,2005.7677595628415,41.986338797814206,1.9918032786885247,1.3032786885245902,3.0027322404371586,1.453551912568306,1.7185792349726776,1.3169398907103824,94
1041312.8114754099,2005.7677595628415,41.986338797814206,1.9918032786885247,1.3032786885245902,3.0027322404371586,1.453551912568306,1.7185792349726776,1.3169398907103824,127
1041312.8114754099,2005.7677595628415,41.986338797814206,1.9918032786885247,1.3032786885245902,3.0027322404371586,1.453551912568306,1.7185792349726776,1.3169398907103824,72
1041312.8114754099,2005.7677595628415,41.986338797814206,1.9918032786885247,1.3032786885245902,3.0027322404371586,1.453551912568306,1.7185792349726776,1.3169398907103824,94
1041312.8114754099,2005.7677595628415,41.986338797814206,1.9918032786885247,1.3032786885245902,3.0027322404371586,1.453551912568306,1.7185792349726776,1.3169398907103824,92
1041312.8114754099,2005.7677595628415,41.986338797814206,1.9918032786885247,1.3032786885245902,3.0027322404371586,1.453551912568306,1.7185792349726776,1.3169398907103824,55
1041312.8114754099,2005.7677595628415,41.986338797814206,1.9918032786885247,1.3032786885245902,3.0027322404371586,1.453551912568306,1.7185792349726776,1.3169398907103824,102
1041312.8114754099,2005.7677595628415,41.986338797814206,1.9918032786885247,1.3032786885245902,3.0027322404371586,1.453551912568306,1.7185792349726776,1.3169398907103824,127
1041312.8114754099,2005.7677595628415,41.986338797814206,1.9918032786885247,1.3032786885245902,3.0027322404371586,1.453551912568306,1.7185792349726776,1.3169398907103824,88
1041312.8114754099,2005.7677595628415,41.986338797814206,1.9918032786885247,1.3032786885245902,3.0027322404371586,1.453551912568306,1.7185792349726776,1.3169398907103824,72
1041312.8114754099,2005.7677595628415,41.986338797814206,1.9918032786885247,1.3032786885245902,3.0027322404371586,1.453551912568306,1.7185792349726776,1.3169398907103824,102
1041312.8114754099,2005.7677595628415,41.986338797814206,1.9918032786885247,1.3032786885245902,3.0027322404371586,1.453551912568306,1.7185792349726776,1.3169398907103824,127
1041312.8114754099,2005.7677595628415,41.986338797814206,1.9918032786885247,1.3032786885245902,3.0027322404371586,1.453551912568306,1.7185792349726776,1.3169398907103824,55
1041312.8114754099,2005.7677595628415,41.986338797814206,1.9918032786885247,1.3032786885245902,3.0027322404371586,1.453551912568306,1.7185792349726776,1.3169398907103824,135
1041312.8114754099,2005.7677595628415,41.986338797814206,1.9918032786885247,1.3032786885245902,3.0027322404371586,1.453551912568306,1.7185792349726776,1.3169398907103824,164
1041312.8114754099,2005.7677595628415,41.986338797814206,1.9918032786885247,1.3032786885245902,3.0027322404371586,1.453551912568306,1.7185792349726776,1.3169398907103824,127
1041312.8114754099,2005.7677595628415,41.986338797814206,1.9918032786885247,1.3032786885245902,3.0027322404371586,1.453551912568306,1.7185792349726776,1.3169398907103824,84
1041312.8114754099,2005.7677595628415,41.986338797814206,1.9918032786885247,1.3032786885245902,3.0027322404371586,1.453551912568306,1.7185792349726776,1.3169398907103824,94
1041312.8114754099,2005.7677595628415,41.986338797814206,1.9918032786885247,1.3032786885245902,3.0027322404371586,1.453551912568306,1.7185792349726776,1.3169398907103824,124
1041312.8114754099,2005.7677595628415,41.986338797814206,1.9918032786885247,1.3032786885245902,3.0027322404371586,1.453551912568306,1.7185792349726776,1.3169398907103824,50
1041312.8114754099,2005.7677595628415,41.986338797814206,1.9918032786885247,1.3032786885245902,3.0027322404371586,1.453551912568306,1.7185792349726776,1.3169398907103824,198
1041312.8114754099,2005.7677595628415,41.986338797814206,1.9918032786885247,1.3032786885245902,3.0027322404371586,1.453551912568306,1.7185792349726776,1.3169398907103824,102
1041312.8114754099,2005.7677595628415,41.986338797814206,1.9918032786885247,1.3032786885245902,3.0027322404371586,1.453551912568306,1.7185792349726776,1.3169398907103824,102
1041312.8114754099,2005.7677595628415,41.986338797814206,1.9918032786885247,1.3032786885245902,3.0027322404371586,1.453551912568306,1.7185792349726776,1.3169398907103824,94
1041312.8114754099,2005.7677595628415,41.986338797814206,1.9918032786885247,1.3032786885245902,3.0027322404371586,1.453551912568306,1.7185792349726776,1.3169398907103824,127
1041312.8114754099,2005.7677595628415,41.986338797814206,1.9918032786885247,1.3032786885245902,3.0027322404371586,1.453551912568306,1.7185792349726776,1.3169398907103824,95
1041312.8114754099,2005.7677595628415,41.986338797814206,1.9918032786885247,1.3032786885245902,3.0027322404371586,1.453551912568306,1.7185792349726776,1.3169398907103824,140
1041312.8114754099,2005.7677595628415,41.986338797814206,1.9918032786885247,1.3032786885245902,3.0027322404371586,1.453551912568306,1.7185792349726776,1.3169398907103824,272
1041312.8114754099,2005.7677595628415,41.986338797814206,1.9918032786885247,1.3032786885245902,3.0027322404371586,1.453551912568306,1.7185792349726776,1.3169398907103824,107
1041312.8114754099,2005.7677595628415,41.986338797814206,1.9918032786885247,1.3032786885245902,3.0027322404371586,1.453551912568306,1.7185792349726776,1.3169398907103824,90
1041312.8114754099,2005.7677595628415,41.986338797814206,1.9918032786885247,1.3032786885245902,3.0027322404371586,1.453551912568306,1.7185792349726776,1.3169398907103824,92
1041312.8114754099,2005.7677595628415,41.986338797814206,1.9918032786885247,1.3032786885245902,3.0027322404371586,1.453551912568306,1.7185792349726776,1.3169398907103824,102
1041312.8114754099,2005.7677595628415,41.986338797814206,1.9918032786885247,1.3032786885245902,3.0027322404371586,1.453551912568306,1.7185792349726776,1.3169398907103824,72
1041312.8114754099,2005.7677595628415,41.986338797814206,1.9918032786885247,1.3032786885245902,3.0027322404371586,1.453551912568306,1.7185792349726776,1.3169398907103824,135
1041312.8114754099,2005.7677595628415,41.986338797814206,1.9918032786885247,1.3032786885245902,3.0027322404371586,1.453551912568306,1.7185792349726776,1.3169398907103824,94
1041312.8114754099,2005.7677595628415,41.986338797814206,1.9918032786885247,1.3032786885245902,3.0027322404371586,1.453551912568306,1.7185792349726776,1.3169398907103824,117
1041312.8114754099,2005.7677595628415,41.986338797814206,1.9918032786885247,1.3032786885245902,3.0027322404371586,1.453551912568306,1.7185792349726776,1.3169398907103824,90
1041312.8114754099,2005.7677595628415,41.986338797814206,1.9918032786885247,1.3032786885245902,3.0027322404371586,1.453551912568306,1.7185792349726776,1.3169398907103824,88
1041312.8114754099,2005.7677595628415,41.986338797814206,1.9918032786885247,1.3032786885245902,3.0027322404371586,1.453551912568306,1.7185792349726776,1.3169398907103824,95
1041312.8114754099,2005.7677595628415,41.986338797814206,1.9918032786885247,1.3032786885245902,3.0027322404371586,1.453551912568306,1.7185792349726776,1.3169398907103824,77
1041312.8114754099,2005.7677595628415,41.986338797814206,1.9918032786885247,1.3032786885245902,3.0027322404371586,1.453551912568306,1.7185792349726776,1.3169398907103824,68
1041312.8114754099,2005.7677595628415,41.986338797814206,1.9918032786885247,1.3032786885245902,3.0027322404371586,1.453551912568306,1.7185792349726776,1.3169398907103824,74
1041312.8114754099,2005.7677595628415,41.986338797814206,1.9918032786885247,1.3032786885245902,3.0027322404371586,1.453551912568306,1.7185792349726776,1.3169398907103824,109
1041312.8114754099,2005.7677595628415,41.986338797814206,1.9918032786885247,1.3032786885245902,3.0027322404371586,1.453551912568306,1.7185792349726776,1.3169398907103824,55
1041312.8114754099,2005.7677595628415,41.986338797814206,1.9918032786885247,1.3032786885245902,3.0027322404371586,1.453551912568306,1.7185792349726776,1.3169398907103824,135
1041312.8114754099,2005.7677595628415,41.986338797814206,1.9918032786885247,1.3032786885245902,3.0027322404371586,1.453551912568306,1.7185792349726776,1.3169398907103824,100
1041312.8114754099,2005.7677595628415,41.986338797814206,1.9918032786885247,1.3032786885245902,3.0027322404371586,1.453551912568306,1.7185792349726776,1.3169398907103824,185
1041312.8114754099,2005.7677595628415,41.986338797814206,1.9918032786885247,1.3032786885245902,3.0027322404371586,1.453551912568306,1.7185792349726776,1.3169398907103824,127
1041312.8114754099,2005.7677595628415,41.986338797814206,1.9918032786885247,1.3032786885245902,3.0027322404371586,1.453551912568306,1.7185792349726776,1.3169398907103824,133
1041312.8114754099,2005.7677595628415,41.986338797814206,1.9918032786885247,1.3032786885245902,3.0027322404371586,1.453551912568306,1.7185792349726776,1.3169398907103824,94
1041312.8114754099,2005.7677595628415,41.986338797814206,1.9918032786885247,1.3032786885245902,3.0027322404371586,1.453551912568306,1.7185792349726776,1.3169398907103824,152
1041312.8114754099,2005.7677595628415,41.986338797814206,1.9918032786885247,1.3032786885245902,3.0027322404371586,1.453551912568306,1.7185792349726776,1.3169398907103824,143
1041312.8114754099,2005.7677595628415,41.986338797814206,1.9918032786885247,1.3032786885245902,3.0027322404371586,1.453551912568306,1.7185792349726776,1.3169398907103824,72
1041312.8114754099,2005.7677595628415,41.986338797814206,1.9918032786885247,1.3032786885245902,3.0027322404371586,1.453551912568306,1.7185792349726776,1.3169398907103824,100
1041312.8114754099,2005.7677595628415,41.986338797814206,1.9918032786885247,1.3032786885245902,3.0027322404371586,1.453551912568306,1.7185792349726776,1.3169398907103824,100
1041312.8114754099,2005.7677595628415,41.986338797814206,1.9918032786885247,1.3032786885245902,3.0027322404371586,1.453551912568306,1.7185792349726776,1.3169398907103824,166
1041312.8114754099,2005.7677595628415,41.986338797814206,1.9918032786885247,1.3032786885245902,3.0027322404371586,1.453551912568306,1.7185792349726776,1.3169398907103824,94
1041312.8114754099,2005.7677595628415,41.986338797814206,1.9918032786885247,1.3032786885245902,3.0027322404371586,1.453551912568306,1.7185792349726776,1.3169398907103824,256
1041312.8114754099,2005.7677595628415,41.986338797814206,1.9918032786885247,1.3032786885245902,3.0027322404371586,1.453551912568306,1.7185792349726776,1.3169398907103824,94
1041312.8114754099,2005.7677595628415,41.986338797814206,1.9918032786885247,1.3032786885245902,3.0027322404371586,1.453551912568306,1.7185792349726776,1.3169398907103824,100
1041312.8114754099,2005.7677595628415,41.986338797814206,1.9918032786885247,1.3032786885245902,3.0027322404371586,1.453551912568306,1.7185792349726776,1.3169398907103824,90
1041312.8114754099,2005.7677595628415,41.986338797814206,1.9918032786885247,1.3032786885245902,3.0027322404371586,1.453551912568306,1.7185792349726776,1.3169398907103824,92
1041312.8114754099,2005.7677595628415,41.986338797814206,1.9918032786885247,1.3032786885245902,3.0027322404371586,1.453551912568306,1.7185792349726776,1.3169398907103824,95
1041312.8114754099,2005.7677595628415,41.986338797814206,1.9918032786885247,1.3032786885245902,3.0027322404371586,1.453551912568306,1.7185792349726776,1.3169398907103824,135
1041312.8114754099,2005.7677595628415,41.986338797814206,1.9918032786885247,1.3032786885245902,3.0027322404371586,1.453551912568306,1.7185792349726776,1.3169398907103824,100
1041312.8114754099,2005.7677595628415,41.986338797814206,1.9918032786885247,1.3032786885245902,3.0027322404371586,1.453551912568306,1.7185792349726776,1.3169398907103824,152
1041312.8114754099,2005.7677595628415,41.986338797814206,1.9918032786885247,1.3032786885245902,3.0027322404371586,1.453551912568306,1.7185792349726776,1.3169398907103824,177
1041312.8114754099,2005.7677595628415,41.986338797814206,1.9918032786885247,1.3032786885245902,3.0027322404371586,1.453551912568306,1.7185792349726776,1.3169398907103824,107
1041312.8114754099,2005.7677595628415,41.986338797814206,1.9918032786885247,1.3032786885245902,3.0027322404371586,1.453551912568306,1.7185792349726776,1.3169398907103824,94
1041312.8114754099,2005.7677595628415,41.986338797814206,1.9918032786885247,1.3032786885245902,3.0027322404371586,1.453551912568306,1.7185792349726776,1.3169398907103824,51
1041312.8114754099,2005.7677595628415,41.986338797814206,1.9918032786885247,1.3032786885245902,3.0027322404371586,1.453551912568306,1.7185792349726776,1.3169398907103824,92
1041312.8114754099,2005.7677595628415,41.986338797814206,1.9918032786885247,1.3032786885245902,3.0027322404371586,1.453551912568306,1.7185792349726776,1.3169398907103824,131
1041312.8114754099,2005.7677595628415,41.986338797814206,1.9918032786885247,1.3032786885245902,3.0027322404371586,1.453551912568306,1.7185792349726776,1.3169398907103824,94
1041312.8114754099,2005.7677595628415,41.986338797814206,1.9918032786885247,1.3032786885245902,3.0027322404371586,1.453551912568306,1.7185792349726776,1.3169398907103824,95
1041312.8114754099,2005.7677595628415,41.986338797814206,1.9918032786885247,1.3032786885245902,3.0027322404371586,1.453551912568306,1.7185792349726776,1.3169398907103824,109
1041312.8114754099,2005.7677595628415,41.986338797814206,1.9918032786885247,1.3032786885245902,3.0027322404371586,1.453551912568306,1.7185792349726776,1.3169398907103824,100
1041312.8114754099,2005.7677595628415,41.986338797814206,1.9918032786885247,1.3032786885245902,3.0027322404371586,1.453551912568306,1.7185792349726776,1.3169398907103824,72
1041312.8114754099,2005.7677595628415,41.986338797814206,1.9918032786885247,1.3032786885245902,3.0027322404371586,1.453551912568306,1.7185792349726776,1.3169398907103824,50
1041312.8114754099,2005.7677595628415,41.986338797814206,1.9918032786885247,1.3032786885245902,3.0027322404371586,1.453551912568306,1.7185792349726776,1.3169398907103824,52
1041312.8114754099,2005.7677595628415,41.986338797814206,1.9918032786885247,1.3032786885245902,3.0027322404371586,1.453551912568306,1.7185792349726776,1.3169398907103824,272
1041312.8114754099,2005.7677595628415,41.986338797814206,1.9918032786885247,1.3032786885245902,3.0027322404371586,1.453551912568306,1.7185792349726776,1.3169398907103824,100
1041312.8114754099,2005.7677595628415,41.986338797814206,1.9918032786885247,1.3032786885245902,3.0027322404371586,1.453551912568306,1.7185792349726776,1.3169398907103824,102
1041312.8114754099,2005.7677595628415,41.986338797814206,1.9918032786885247,1.3032786885245902,3.0027322404371586,1.453551912568306,1.7185792349726776,1.3169398907103824,102
1041312.8114754099,2005.7677595628415,41.986338797814206,1.9918032786885247,1.3032786885245902,3.0027322404371586,1.453551912568306,1.7185792349726776,1.3169398907103824,177
1041312.8114754099,2005.7677595628415,41.986338797814206,1.9918032786885247,1.3032786885245902,3.0027322404371586,1.453551912568306,1.7185792349726776,1.3169398907103824,102
1041312.8114754099,2005.7677595628415,41.986338797814206,1.9918032786885247,1.3032786885245902,3.0027322404371586,1.453551912568306,1.7185792349726776,1.3169398907103824,94
1041312.8114754099,2005.7677595628415,41.986338797814206,1.9918032786885247,1.3032786885245902,3.0027322404371586,1.453551912568306,1.7185792349726776,1.3169398907103824,135
1041312.8114754099,2005.7677595628415,41.986338797814206,1.9918032786885247,1.3032786885245902,3.0027322404371586,1.453551912568306,1.7185792349726776,1.3169398907103824,62
1041312.8114754099,2005.7677595628415,41.986338797814206,1.9918032786885247,1.3032786885245902,3.0027322404371586,1.453551912568306,1.7185792349726776,1.3169398907103824,94
1041312.8114754099,2005.7677595628415,41.986338797814206,1.9918032786885247,1.3032786885245902,3.0027322404371586,1.453551912568306,1.7185792349726776,1.3169398907103824,55
1041312.8114754099,2005.7677595628415,41.986338797814206,1.9918032786885247,1.3032786885245902,3.0027322404371586,1.453551912568306,1.7185792349726776,1.3169398907103824,100
1041312.8114754099,2005.7677595628415,41.986338797814206,1.9918032786885247,1.3032786885245902,3.0027322404371586,1.453551912568306,1.7185792349726776,1.3169398907103824,88
1041312.8114754099,2005.7677595628415,41.986338797814206,1.9918032786885247,1.3032786885245902,3.0027322404371586,1.453551912568306,1.7185792349726776,1.3169398907103824,94
1041312.8114754099,2005.7677595628415,41.986338797814206,1.9918032786885247,1.3032786885245902,3.0027322404371586,1.453551912568306,1.7185792349726776,1.3169398907103824,94
1041312.8114754099,2005.7677595628415,41.986338797814206,1.9918032786885247,1.3032786885245902,3.0027322404371586,1.453551912568306,1.7185792349726776,1.3169398907103824,88
1041312.8114754099,2005.7677595628415,41.986338797814206,1.9918032786885247,1.3032786885245902,3.0027322404371586,1.453551912568306,1.7185792349726776,1.3169398907103824,90
1041312.8114754099,2005.7677595628415,41.986338797814206,1.9918032786885247,1.3032786885245902,3.0027322404371586,1.453551912568306,1.7185792349726776,1.3169398907103824,143
1041312.8114754099,2005.7677595628415,41.986338797814206,1.9918032786885247,1.3032786885245902,3.0027322404371586,1.453551912568306,1.7185792349726776,1.3169398907103824,109
1041312.8114754099,2005.7677595628415,41.986338797814206,1.9918032786885247,1.3032786885245902,3.0027322404371586,1.453551912568306,1.7185792349726776,1.3169398907103824,152
1041312.8114754099,2005.7677595628415,41.986338797814206,1.9918032786885247,1.3032786885245902,3.0027322404371586,1.453551912568306,1.7185792349726776,1.3169398907103824,94
1041312.8114754099,2005.7677595628415,41.986338797814206,1.9918032786885247,1.3032786885245902,3.0027322404371586,1.453551912568306,1.7185792349726776,1.3169398907103824,94
1041312.8114754099,2005.7677595628415,41.986338797814206,1.9918032786885247,1.3032786885245902,3.0027322404371586,1.453551912568306,1.7185792349726776,1.3169398907103824,152
1041312.8114754099,2005.7677595628415,41.986338797814206,1.9918032786885247,1.3032786885245902,3.0027322404371586,1.453551912568306,1.7185792349726776,1.3169398907103824,127
1041312.8114754099,2005.7677595628415,41.986338797814206,1.9918032786885247,1.3032786885245902,3.0027322404371586,1.453551912568306,1.7185792349726776,1.3169398907103824,90
1041312.8114754099,2005.7677595628415,41.986338797814206,1.9918032786885247,1.3032786885245902,3.0027322404371586,1.453551912568306,1.7185792349726776,1.3169398907103824,92
1041312.8114754099,2005.7677595628415,41.986338797814206,1.9918032786885247,1.3032786885245902,3.0027322404371586,1.453551912568306,1.7185792349726776,1.3169398907103824,198
1041312.8114754099,2005.7677595628415,41.986338797814206,1.9918032786885247,1.3032786885245902,3.0027322404371586,1.453551912568306,1.7185792349726776,1.3169398907103824,127
1041312.8114754099,2005.7677595628415,41.986338797814206,1.9918032786885247,1.3032786885245902,3.0027322404371586,1.453551912568306,1.7185792349726776,1.3169398907103824,68
1041312.8114754099,2005.7677595628415,41.986338797814206,1.9918032786885247,1.3032786885245902,3.0027322404371586,1.453551912568306,1.7185792349726776,1.3169398907103824,95
1041312.8114754099,2005.7677595628415,41.986338797814206,1.9918032786885247,1.3032786885245902,3.0027322404371586,1.453551912568306,1.7185792349726776,1.3169398907103824,135
1041312.8114754099,2005.7677595628415,41.986338797814206,1.9918032786885247,1.3032786885245902,3.0027322404371586,1.453551912568306,1.7185792349726776,1.3169398907103824,127
1041312.8114754099,2005.7677595628415,41.986338797814206,1.9918032786885247,1.3032786885245902,3.0027322404371586,1.453551912568306,1.7185792349726776,1.3169398907103824,100
1041312.8114754099,2005.7677595628415,41.986338797814206,1.9918032786885247,1.3032786885245902,3.0027322404371586,1.453551912568306,1.7185792349726776,1.3169398907103824,74
1041312.8114754099,2005.7677595628415,41.986338797814206,1.9918032786885247,1.3032786885245902,3.0027322404371586,1.453551912568306,1.7185792349726776,1.3169398907103824,107
1041312.8114754099,2005.7677595628415,41.986338797814206,1.9918032786885247,1.3032786885245902,3.0027322404371586,1.453551912568306,1.7185792349726776,1.3169398907103824,135
1041312.8114754099,2005.7677595628415,41.986338797814206,1.9918032786885247,1.3032786885245902,3.0027322404371586,1.453551912568306,1.7185792349726776,1.3169398907103824,72
1041312.8114754099,2005.7677595628415,41.986338797814206,1.9918032786885247,1.3032786885245902,3.0027322404371586,1.453551912568306,1.7185792349726776,1.3169398907103824,94
1041312.8114754099,2005.7677595628415,41.986338797814206,1.9918032786885247,1.3032786885245902,3.0027322404371586,1.453551912568306,1.7185792349726776,1.3169398907103824,95
1041312.8114754099,2005.7677595628415,41.986338797814206,1.9918032786885247,1.3032786885245902,3.0027322404371586,1.453551912568306,1.7185792349726776,1.3169398907103824,107
1041312.8114754099,2005.7677595628415,41.986338797814206,1.9918032786885247,1.3032786885245902,3.0027322404371586,1.453551912568306,1.7185792349726776,1.3169398907103824,102
1041312.8114754099,2005.7677595628415,41.986338797814206,1.9918032786885247,1.3032786885245902,3.0027322404371586,1.453551912568306,1.7185792349726776,1.3169398907103824,127
1041312.8114754099,2005.7677595628415,41.986338797814206,1.9918032786885247,1.3032786885245902,3.0027322404371586,1.453551912568306,1.7185792349726776,1.3169398907103824,55
1041312.8114754099,2005.7677595628415,41.986338797814206,1.9918032786885247,1.3032786885245902,3.0027322404371586,1.453551912568306,1.7185792349726776,1.3169398907103824,166
1041312.8114754099,2005.7677595628415,41.986338797814206,1.9918032786885247,1.3032786885245902,3.0027322404371586,1.453551912568306,1.7185792349726776,1.3169398907103824,133
1041312.8114754099,2005.7677595628415,41.986338797814206,1.9918032786885247,1.3032786885245902,3.0027322404371586,1.453551912568306,1.7185792349726776,1.3169398907103824,100
1041312.8114754099,2005.7677595628415,41.986338797814206,1.9918032786885247,1.3032786885245902,3.0027322404371586,1.453551912568306,1.7185792349726776,1.3169398907103824,140
1041312.8114754099,2005.7677595628415,41.986338797814206,1.9918032786885247,1.3032786885245902,3.0027322404371586,1.453551912568306,1.7185792349726776,1.3169398907103824,256
1041312.8114754099,2005.7677595628415,41.986338797814206,1.9918032786885247,1.3032786885245902,3.0027322404371586,1.453551912568306,1.7185792349726776,1.3169398907103824,100
1041312.8114754099,2005.7677595628415,41.986338797814206,1.9918032786885247,1.3032786885245902,3.0027322404371586,1.453551912568306,1.7185792349726776,1.3169398907103824,164
1041312.8114754099,2005.7677595628415,41.986338797814206,1.9918032786885247,1.3032786885245902,3.0027322404371586,1.453551912568306,1.7185792349726776,1.3169398907103824,127
1041312.8114754099,2005.7677595628415,41.986338797814206,1.9918032786885247,1.3032786885245902,3.0027322404371586,1.453551912568306,1.7185792349726776,1.3169398907103824,90
1041312.8114754099,2005.7677595628415,41.986338797814206,1.9918032786885247,1.3032786885245902,3.0027322404371586,1.453551912568306,1.7185792349726776,1.3169398907103824,84
1041312.8114754099,2005.7677595628415,41.986338797814206,1.9918032786885247,1.3032786885245902,3.0027322404371586,1.453551912568306,1.7185792349726776,1.3169398907103824,46
1041312.8114754099,2005.7677595628415,41.986338797814206,1.9918032786885247,1.3032786885245902,3.0027322404371586,1.453551912568306,1.7185792349726776,1.3169398907103824,117
1041312.8114754099,2005.7677595628415,41.986338797814206,1.9918032786885247,1.3032786885245902,3.0027322404371586,1.453551912568306,1.7185792349726776,1.3169398907103824,102
1041312.8114754099,2005.7677595628415,41.986338797814206,1.9918032786885247,1.3032786885245902,3.0027322404371586,1.453551912568306,1.7185792349726776,1.3169398907103824,94
1041312.8114754099,2005.7677595628415,41.986338797814206,1.9918032786885247,1.3032786885245902,3.0027322404371586,1.453551912568306,1.7185792349726776,1.3169398907103824,166
1041312.8114754099,2005.7677595628415,41.986338797814206,1.9918032786885247,1.3032786885245902,3.0027322404371586,1.453551912568306,1.7185792349726776,1.3169398907103824,95
1041312.8114754099,2005.7677595628415,41.986338797814206,1.9918032786885247,1.3032786885245902,3.0027322404371586,1.453551912568306,1.7185792349726776,1.3169398907103824,100
1041312.8114754099,2005.7677595628415,41.986338797814206,1.9918032786885247,1.3032786885245902,3.0027322404371586,1.453551912568306,1.7185792349726776,1.3169398907103824,88
1041312.8114754099,2005.7677595628415,41.986338797814206,1.9918032786885247,1.3032786885245902,3.0027322404371586,1.453551912568306,1.7185792349726776,1.3169398907103824,94
1041312.8114754099,2005.7677595628415,41.986338797814206,1.9918032786885247,1.3032786885245902,3.0027322404371586,1.453551912568306,1.7185792349726776,1.3169398907103824,100
1041312.8114754099,2005.7677595628415,41.986338797814206,1.9918032786885247,1.3032786885245902,3.0027322404371586,1.453551912568306,1.7185792349726776,1.3169398907103824,143
1041312.8114754099,2005.7677595628415,41.986338797814206,1.9918032786885247,1.3032786885245902,3.0027322404371586,1.453551912568306,1.7185792349726776,1.3169398907103824,92
1041312.8114754099,2005.7677595628415,41.986338797814206,1.9918032786885247,1.3032786885245902,3.0027322404371586,1.453551912568306,1.7185792349726776,1.3169398907103824,55
1041312.8114754099,2005.7677595628415,41.986338797814206,1.9918032786885247,1.3032786885245902,3.0027322404371586,1.453551912568306,1.7185792349726776,1.3169398907103824,279
1041312.8114754099,2005.7677595628415,41.986338797814206,1.9918032786885247,1.3032786885245902,3.0027322404371586,1.453551912568306,1.7185792349726776,1.3169398907103824,84
1041312.8114754099,2005.7677595628415,41.986338797814206,1.9918032786885247,1.3032786885245902,3.0027322404371586,1.453551912568306,1.7185792349726776,1.3169398907103824,94
1041312.8114754099,2005.7677595628415,41.986338797814206,1.9918032786885247,1.3032786885245902,3.0027322404371586,1.453551912568306,1.7185792349726776,1.3169398907103824,79
1041312.8114754099,2005.7677595628415,41.986338797814206,1.9918032786885247,1.3032786885245902,3.0027322404371586,1.453551912568306,1.7185792349726776,1.3169398907103824,272
1041312.8114754099,2005.7677595628415,41.986338797814206,1.9918032786885247,1.3032786885245902,3.0027322404371586,1.453551912568306,1.7185792349726776,1.3169398907103824,117
1041312.8114754099,2005.7677595628415,41.986338797814206,1.9918032786885247,1.3032786885245902,3.0027322404371586,1.453551912568306,1.7185792349726776,1.3169398907103824,164
1041312.8114754099,2005.7677595628415,41.986338797814206,1.9918032786885247,1.3032786885245902,3.0027322404371586,1.453551912568306,1.7185792349726776,1.3169398907103824,107
1041312.8114754099,2005.7677595628415,41.986338797814206,1.9918032786885247,1.3032786885245902,3.0027322404371586,1.453551912568306,1.7185792349726776,1.3169398907103824,92
1041312.8114754099,2005.7677595628415,41.986338797814206,1.9918032786885247,1.3032786885245902,3.0027322404371586,1.453551912568306,1.7185792349726776,1.3169398907103824,90
1041312.8114754099,2005.7677595628415,41.986338797814206,1.9918032786885247,1.3032786885245902,3.0027322404371586,1.453551912568306,1.7185792349726776,1.3169398907103824,152
1041312.8114754099,2005.7677595628415,41.986338797814206,1.9918032786885247,1.3032786885245902,3.0027322404371586,1.453551912568306,1.7185792349726776,1.3169398907103824,100
1041312.8114754099,2005.7677595628415,41.986338797814206,1.9918032786885247,1.3032786885245902,3.0027322404371586,1.453551912568306,1.7185792349726776,1.3169398907103824,102
1041312.8114754099,2005.7677595628415,41.986338797814206,1.9918032786885247,1.3032786885245902,3.0027322404371586,1.453551912568306,1.7185792349726776,1.3169398907103824,133
1041312.8114754099,2005.7677595628415,41.986338797814206,1.9918032786885247,1.3032786885245902,3.0027322404371586,1.453551912568306,1.7185792349726776,1.3169398907103824,109
1041312.8114754099,2005.7677595628415,41.986338797814206,1.9918032786885247,1.3032786885245902,3.0027322404371586,1.453551912568306,1.7185792349726776,1.3169398907103824,72
1041312.8114754099,2005.7677595628415,41.986338797814206,1.9918032786885247,1.3032786885245902,3.0027322404371586,1.453551912568306,1.7185792349726776,1.3169398907103824,95
1041312.8114754099,2005.7677595628415,41.986338797814206,1.9918032786885247,1.3032786885245902,3.0027322404371586,1.453551912568306,1.7185792349726776,1.3169398907103824,102
1041312.8114754099,2005.7677595628415,41.986338797814206,1.9918032786885247,1.3032786885245902,3.0027322404371586,1.453551912568306,1.7185792349726776,1.3169398907103824,95
1041312.8114754099,2005.7677595628415,41.986338797814206,1.9918032786885247,1.3032786885245902,3.0027322404371586,1.453551912568306,1.7185792349726776,1.3169398907103824,177
1041312.8114754099,2005.7677595628415,41.986338797814206,1.9918032786885247,1.3032786885245902,3.0027322404371586,1.453551912568306,1.7185792349726776,1.3169398907103824,140
1041312.8114754099,2005.7677595628415,41.986338797814206,1.9918032786885247,1.3032786885245902,3.0027322404371586,1.453551912568306,1.7185792349726776,1.3169398907103824,109
1041312.8114754099,2005.7677595628415,41.986338797814206,1.9918032786885247,1.3032786885245902,3.0027322404371586,1.453551912568306,1.7185792349726776,1.3169398907103824,94
1041312.8114754099,2005.7677595628415,41.986338797814206,1.9918032786885247,1.3032786885245902,3.0027322404371586,1.453551912568306,1.7185792349726776,1.3169398907103824,127
1041312.8114754099,2005.7677595628415,41.986338797814206,1.9918032786885247,1.3032786885245902,3.0027322404371586,1.453551912568306,1.7185792349726776,1.3169398907103824,127
1041312.8114754099,2005.7677595628415,41.986338797814206,1.9918032786885247,1.3032786885245902,3.0027322404371586,1.453551912568306,1.7185792349726776,1.3169398907103824,94
1041312.8114754099,2005.7677595628415,41.986338797814206,1.9918032786885247,1.3032786885245902,3.0027322404371586,1.453551912568306,1.7185792349726776,1.3169398907103824,94
1041312.8114754099,2005.7677595628415,41.986338797814206,1.9918032786885247,1.3032786885245902,3.0027322404371586,1.453551912568306,1.7185792349726776,1.3169398907103824,35
1041312.8114754099,2005.7677595628415,41.986338797814206,1.9918032786885247,1.3032786885245902,3.0027322404371586,1.453551912568306,1.7185792349726776,1.3169398907103824,107
1041312.8114754099,2005.7677595628415,41.986338797814206,1.9918032786885247,1.3032786885245902,3.0027322404371586,1.453551912568306,1.7185792349726776,1.3169398907103824,94
1041312.8114754099,2005.7677595628415,41.986338797814206,1.9918032786885247,1.3032786885245902,3.0027322404371586,1.453551912568306,1.7185792349726776,1.3169398907103824,32
1041312.8114754099,2005.7677595628415,41.986338797814206,1.9918032786885247,1.3032786885245902,3.0027322404371586,1.453551912568306,1.7185792349726776,1.3169398907103824,127
1041312.8114754099,2005.7677595628415,41.986338797814206,1.9918032786885247,1.3032786885245902,3.0027322404371586,1.453551912568306,1.7185792349726776,1.3169398907103824,94
1041312.8114754099,2005.7677595628415,41.986338797814206,1.9918032786885247,1.3032786885245902,3.0027322404371586,1.453551912568306,1.7185792349726776,1.3169398907103824,135
1041312.8114754099,2005.7677595628415,41.986338797814206,1.9918032786885247,1.3032786885245902,3.0027322404371586,1.453551912568306,1.7185792349726776,1.3169398907103824,68
1041312.8114754099,2005.7677595628415,41.986338797814206,1.9918032786885247,1.3032786885245902,3.0027322404371586,1.453551912568306,1.7185792349726776,1.3169398907103824,90
1041312.8114754099,2005.7677595628415,41.986338797814206,1.9918032786885247,1.3032786885245902,3.0027322404371586,1.453551912568306,1.7185792349726776,1.3169398907103824,131
1041312.8114754099,2005.7677595628415,41.986338797814206,1.9918032786885247,1.3032786885245902,3.0027322404371586,1.453551912568306,1.7185792349726776,1.3169398907103824,88
1041312.8114754099,2005.7677595628415,41.986338797814206,1.9918032786885247,1.3032786885245902,3.0027322404371586,1.453551912568306,1.7185792349726776,1.3169398907103824,100
1041312.8114754099,2005.7677595628415,41.986338797814206,1.9918032786885247,1.3032786885245902,3.0027322404371586,1.453551912568306,1.7185792349726776,1.3169398907103824,102
1041312.8114754099,2005.7677595628415,41.986338797814206,1.9918032786885247,1.3032786885245902,3.0027322404371586,1.453551912568306,1.7185792349726776,1.3169398907103824,74
1041312.8114754099,2005.7677595628415,41.986338797814206,1.9918032786885247,1.3032786885245902,3.0027322404371586,1.453551912568306,1.7185792349726776,1.3169398907103824,169
1041312.8114754099,2005.7677595628415,41.986338797814206,1.9918032786885247,1.3032786885245902,3.0027322404371586,1.453551912568306,1.7185792349726776,1.3169398907103824,100
1041312.8114754099,2005.7677595628415,41.986338797814206,1.9918032786885247,1.3032786885245902,3.0027322404371586,1.453551912568306,1.7185792349726776,1.3169398907103824,90
1041312.8114754099,2005.7677595628415,41.986338797814206,1.9918032786885247,1.3032786885245902,3.0027322404371586,1.453551912568306,1.7185792349726776,1.3169398907103824,135
1041312.8114754099,2005.7677595628415,41.986338797814206,1.9918032786885247,1.3032786885245902,3.0027322404371586,1.453551912568306,1.7185792349726776,1.3169398907103824,55
1041312.8114754099,2005.7677595628415,41.986338797814206,1.9918032786885247,1.3032786885245902,3.0027322404371586,1.453551912568306,1.7185792349726776,1.3169398907103824,127
1041312.8114754099,2005.7677595628415,41.986338797814206,1.9918032786885247,1.3032786885245902,3.0027322404371586,1.453551912568306,1.7185792349726776,1.3169398907103824,88
1041312.8114754099,2005.7677595628415,41.986338797814206,1.9918032786885247,1.3032786885245902,3.0027322404371586,1.453551912568306,1.7185792349726776,1.3169398907103824,127
1041312.8114754099,2005.7677595628415,41.986338797814206,1.9918032786885247,1.3032786885245902,3.0027322404371586,1.453551912568306,1.7185792349726776,1.3169398907103824,135
1041312.8114754099,2005.7677595628415,41.986338797814206,1.9918032786885247,1.3032786885245902,3.0027322404371586,1.453551912568306,1.7185792349726776,1.3169398907103824,72
1041312.8114754099,2005.7677595628415,41.986338797814206,1.9918032786885247,1.3032786885245902,3.0027322404371586,1.453551912568306,1.7185792349726776,1.3169398907103824,73
1041312.8114754099,2005.7677595628415,41.986338797814206,1.9918032786885247,1.3032786885245902,3.0027322404371586,1.453551912568306,1.7185792349726776,1.3169398907103824,88
1041312.8114754099,2005.7677595628415,41.986338797814206,1.9918032786885247,1.3032786885245902,3.0027322404371586,1.453551912568306,1.7185792349726776,1.3169398907103824,177
1041312.8114754099,2005.7677595628415,41.986338797814206,1.9918032786885247,1.3032786885245902,3.0027322404371586,1.453551912568306,1.7185792349726776,1.3169398907103824,72
1041312.8114754099,2005.7677595628415,41.986338797814206,1.9918032786885247,1.3032786885245902,3.0027322404371586,1.453551912568306,1.7185792349726776,1.3169398907103824,90
1041312.8114754099,2005.7677595628415,41.986338797814206,1.9918032786885247,1.3032786885245902,3.0027322404371586,1.453551912568306,1.7185792349726776,1.3169398907103824,94
1041312.8114754099,2005.7677595628415,41.986338797814206,1.9918032786885247,1.3032786885245902,3.0027322404371586,1.453551912568306,1.7185792349726776,1.3169398907103824,55
1041312.8114754099,2005.7677595628415,41.986338797814206,1.9918032786885247,1.3032786885245902,3.0027322404371586,1.453551912568306,1.7185792349726776,1.3169398907103824,102
1041312.8114754099,2005.7677595628415,41.986338797814206,1.9918032786885247,1.3032786885245902,3.0027322404371586,1.453551912568306,1.7185792349726776,1.3169398907103824,90
1041312.8114754099,2005.7677595628415,41.986338797814206,1.9918032786885247,1.3032786885245902,3.0027322404371586,1.453551912568306,1.7185792349726776,1.3169398907103824,94
1041312.8114754099,2005.7677595628415,41.986338797814206,1.9918032786885247,1.3032786885245902,3.0027322404371586,1.453551912568306,1.7185792349726776,1.3169398907103824,90
1041312.8114754099,2005.7677595628415,41.986338797814206,1.9918032786885247,1.3032786885245902,3.0027322404371586,1.453551912568306,1.7185792349726776,1.3169398907103824,127
1041312.8114754099,2005.7677595628415,41.986338797814206,1.9918032786885247,1.3032786885245902,3.0027322404371586,1.453551912568306,1.7185792349726776,1.3169398907103824,143
1041312.8114754099,2005.7677595628415,41.986338797814206,1.9918032786885247,1.3032786885245902,3.0027322404371586,1.453551912568306,1.7185792349726776,1.3169398907103824,68
1041312.8114754099,2005.7677595628415,41.986338797814206,1.9918032786885247,1.3032786885245902,3.0027322404371586,1.453551912568306,1.7185792349726776,1.3169398907103824,94
1041312.8114754099,2005.7677595628415,41.986338797814206,1.9918032786885247,1.3032786885245902,3.0027322404371586,1.453551912568306,1.7185792349726776,1.3169398907103824,92
1041312.8114754099,2005.7677595628415,41.986338797814206,1.9918032786885247,1.3032786885245902,3.0027322404371586,1.453551912568306,1.7185792349726776,1.3169398907103824,35
1041312.8114754099,2005.7677595628415,41.986338797814206,1.9918032786885247,1.3032786885245902,3.0027322404371586,1.453551912568306,1.7185792349726776,1.3169398907103824,127
1041312.8114754099,2005.7677595628415,41.986338797814206,1.9918032786885247,1.3032786885245902,3.0027322404371586,1.453551912568306,1.7185792349726776,1.3169398907103824,100
1041312.8114754099,2005.7677595628415,41.986338797814206,1.9918032786885247,1.3032786885245902,3.0027322404371586,1.453551912568306,1.7185792349726776,1.3169398907103824,109
1041312.8114754099,2005.7677595628415,41.986338797814206,1.9918032786885247,1.3032786885245902,3.0027322404371586,1.453551912568306,1.7185792349726776,1.3169398907103824,95
1041312.8114754099,2005.7677595628415,41.986338797814206,1.9918032786885247,1.3032786885245902,3.0027322404371586,1.453551912568306,1.7185792349726776,1.3169398907103824,95
1041312.8114754099,2005.7677595628415,41.986338797814206,1.9918032786885247,1.3032786885245902,3.0027322404371586,1.453551912568306,1.7185792349726776,1.3169398907103824,100
1041312.8114754099,2005.7677595628415,41.986338797814206,1.9918032786885247,1.3032786885245902,3.0027322404371586,1.453551912568306,1.7185792349726776,1.3169398907103824,109
1041312.8114754099,2005.7677595628415,41.986338797814206,1.9918032786885247,1.3032786885245902,3.0027322404371586,1.453551912568306,1.7185792349726776,1.3169398907103824,140
1041312.8114754099,2005.7677595628415,41.986338797814206,1.9918032786885247,1.3032786885245902,3.0027322404371586,1.453551912568306,1.7185792349726776,1.3169398907103824,135
1041312.8114754099,2005.7677595628415,41.986338797814206,1.9918032786885247,1.3032786885245902,3.0027322404371586,1.453551912568306,1.7185792349726776,1.3169398907103824,102
1041312.8114754099,2005.7677595628415,41.986338797814206,1.9918032786885247,1.3032786885245902,3.0027322404371586,1.453551912568306,1.7185792349726776,1.3169398907103824,117
1041312.8114754099,2005.7677595628415,41.986338797814206,1.9918032786885247,1.3032786885245902,3.0027322404371586,1.453551912568306,1.7185792349726776,1.3169398907103824,100
1041312.8114754099,2005.7677595628415,41.986338797814206,1.9918032786885247,1.3032786885245902,3.0027322404371586,1.453551912568306,1.7185792349726776,1.3169398907103824,92
1041312.8114754099,2005.7677595628415,41.986338797814206,1.9918032786885247,1.3032786885245902,3.0027322404371586,1.453551912568306,1.7185792349726776,1.3169398907103824,94
1041312.8114754099,2005.7677595628415,41.986338797814206,1.9918032786885247,1.3032786885245902,3.0027322404371586,1.453551912568306,1.7185792349726776,1.3169398907103824,94
1041312.8114754099,2005.7677595628415,41.986338797814206,1.9918032786885247,1.3032786885245902,3.0027322404371586,1.453551912568306,1.7185792349726776,1.3169398907103824,127
1041312.8114754099,2005.7677595628415,41.986338797814206,1.9918032786885247,1.3032786885245902,3.0027322404371586,1.453551912568306,1.7185792349726776,1.3169398907103824,152
1041312.8114754099,2005.7677595628415,41.986338797814206,1.9918032786885247,1.3032786885245902,3.0027322404371586,1.453551912568306,1.7185792349726776,1.3169398907103824,95
1041312.8114754099,2005.7677595628415,41.986338797814206,1.9918032786885247,1.3032786885245902,3.0027322404371586,1.453551912568306,1.7185792349726776,1.3169398907103824,164
1041312.8114754099,2005.7677595628415,41.986338797814206,1.9918032786885247,1.3032786885245902,3.0027322404371586,1.453551912568306,1.7185792349726776,1.3169398907103824,107
1041312.8114754099,2005.7677595628415,41.986338797814206,1.9918032786885247,1.3032786885245902,3.0027322404371586,1.453551912568306,1.7185792349726776,1.3169398907103824,84
1041312.8114754099,2005.7677595628415,41.986338797814206,1.9918032786885247,1.3032786885245902,3.0027322404371586,1.453551912568306,1.7185792349726776,1.3169398907103824,133
1041312.8114754099,2005.7677595628415,41.986338797814206,1.9918032786885247,1.3032786885245902,3.0027322404371586,1.453551912568306,1.7185792349726776,1.3169398907103824,32
1041312.8114754099,2005.7677595628415,41.986338797814206,1.9918032786885247,1.3032786885245902,3.0027322404371586,1.453551912568306,1.7185792349726776,1.3169398907103824,135
1041312.8114754099,2005.7677595628415,41.986338797814206,1.9918032786885247,1.3032786885245902,3.0027322404371586,1.453551912568306,1.7185792349726776,1.3169398907103824,88
1041312.8114754099,2005.7677595628415,41.986338797814206,1.9918032786885247,1.3032786885245902,3.0027322404371586,1.453551912568306,1.7185792349726776,1.3169398907103824,94
1041312.8114754099,2005.7677595628415,41.986338797814206,1.9918032786885247,1.3032786885245902,3.0027322404371586,1.453551912568306,1.7185792349726776,1.3169398907103824,94
1041312.8114754099,2005.7677595628415,41.986338797814206,1.9918032786885247,1.3032786885245902,3.0027322404371586,1.453551912568306,1.7185792349726776,1.3169398907103824,102
1041312.8114754099,2005.7677595628415,41.986338797814206,1.9918032786885247,1.3032786885245902,3.0027322404371586,1.453551912568306,1.7185792349726776,1.3169398907103824,127
1041312.8114754099,2005.7677595628415,41.986338797814206,1.9918032786885247,1.3032786885245902,3.0027322404371586,1.453551912568306,1.7185792349726776,1.3169398907103824,124
1041312.8114754099,2005.7677595628415,41.986338797814206,1.9918032786885247,1.3032786885245902,3.0027322404371586,1.453551912568306,1.7185792349726776,1.3169398907103824,74
1041312.8114754099,2005.7677595628415,41.986338797814206,1.9918032786885247,1.3032786885245902,3.0027322404371586,1.453551912568306,1.7185792349726776,1.3169398907103824,169
1041312.8114754099,2005.7677595628415,41.986338797814206,1.9918032786885247,1.3032786885245902,3.0027322404371586,1.453551912568306,1.7185792349726776,1.3169398907103824,127
1041312.8114754099,2005.7677595628415,41.986338797814206,1.9918032786885247,1.3032786885245902,3.0027322404371586,1.453551912568306,1.7185792349726776,1.3169398907103824,102
1041312.8114754099,2005.7677595628415,41.986338797814206,1.9918032786885247,1.3032786885245902,3.0027322404371586,1.453551912568306,1.7185792349726776,1.3169398907103824,100
1041312.8114754099,2005.7677595628415,41.986338797814206,1.9918032786885247,1.3032786885245902,3.0027322404371586,1.453551912568306,1.7185792349726776,1.3169398907103824,272
1041312.8114754099,2005.7677595628415,41.986338797814206,1.9918032786885247,1.3032786885245902,3.0027322404371586,1.453551912568306,1.7185792349726776,1.3169398907103824,135
1041312.8114754099,2005.7677595628415,41.986338797814206,1.9918032786885247,1.3032786885245902,3.0027322404371586,1.453551912568306,1.7185792349726776,1.3169398907103824,72
1041312.8114754099,2005.7677595628415,41.986338797814206,1.9918032786885247,1.3032786885245902,3.0027322404371586,1.453551912568306,1.7185792349726776,1.3169398907103824,94
1041312.8114754099,2005.7677595628415,41.986338797814206,1.9918032786885247,1.3032786885245902,3.0027322404371586,1.453551912568306,1.7185792349726776,1.3169398907103824,166
1041312.8114754099,2005.7677595628415,41.986338797814206,1.9918032786885247,1.3032786885245902,3.0027322404371586,1.453551912568306,1.7185792349726776,1.3169398907103824,88
1041312.8114754099,2005.7677595628415,41.986338797814206,1.9918032786885247,1.3032786885245902,3.0027322404371586,1.453551912568306,1.7185792349726776,1.3169398907103824,107
1041312.8114754099,2005.7677595628415,41.986338797814206,1.9918032786885247,1.3032786885245902,3.0027322404371586,1.453551912568306,1.7185792349726776,1.3169398907103824,100
