1008317.337696335,2005.7565445026178,42.47643979057592,1.9973821989528795,1.2591623036649215,3.0916230366492146,1.4607329842931938,1.7539267015706805,1.2486910994764397,88
1008317.337696335,2005.7565445026178,42.47643979057592,1.9973821989528795,1.2591623036649215,3.0916230366492146,1.4607329842931938,1.7539267015706805,1.2486910994764397,85
1008317.337696335,2005.7565445026178,42.47643979057592,1.9973821989528795,1.2591623036649215,3.0916230366492146,1.4607329842931938,1.7539267015706805,1.2486910994764397,84
1008317.337696335,2005.7565445026178,42.47643979057592,1.9973821989528795,1.2591623036649215,3.0916230366492146,1.4607329842931938,1.7539267015706805,1.2486910994764397,119
1008317.337696335,2005.7565445026178,42.47643979057592,1.9973821989528795,1.2591623036649215,3.0916230366492146,1.4607329842931938,1.7539267015706805,1.2486910994764397,84
1008317.337696335,2005.7565445026178,42.47643979057592,1.9973821989528795,1.2591623036649215,3.0916230366492146,1.4607329842931938,1.7539267015706805,1.2486910994764397,69
1008317.337696335,2005.7565445026178,42.47643979057592,1.9973821989528795,1.2591623036649215,3.0916230366492146,1.4607329842931938,1.7539267015706805,1.2486910994764397,110
1008317.337696335,2005.7565445026178,42.47643979057592,1.9973821989528795,1.2591623036649215,3.0916230366492146,1.4607329842931938,1.7539267015706805,1.2486910994764397,110
1008317.337696335,2005.7565445026178,42.47643979057592,1.9973821989528795,1.2591623036649215,3.0916230366492146,1.4607329842931938,1.7539267015706805,1.2486910994764397,88
1008317.337696335,2005.7565445026178,42.47643979057592,1.9973821989528795,1.2591623036649215,3.0916230366492146,1.4607329842931938,1.7539267015706805,1.2486910994764397,119
1008317.337696335,2005.7565445026178,42.47643979057592,1.9973821989528795,1.2591623036649215,3.0916230366492146,1.4607329842931938,1.7539267015706805,1.2486910994764397,180
1008317.337696335,2005.7565445026178,42.47643979057592,1.9973821989528795,1.2591623036649215,3.0916230366492146,1.4607329842931938,1.7539267015706805,1.2486910994764397,108
1008317.337696335,2005.7565445026178,42.47643979057592,1.9973821989528795,1.2591623036649215,3.0916230366492146,1.4607329842931938,1.7539267015706805,1.2486910994764397,104
1008317.337696335,2005.7565445026178,42.47643979057592,1.9973821989528795,1.2591623036649215,3.0916230366492146,1.4607329842931938,1.7539267015706805,1.2486910994764397,161
1008317.337696335,2005.7565445026178,42.47643979057592,1.9973821989528795,1.2591623036649215,3.0916230366492146,1.4607329842931938,1.7539267015706805,1.2486910994764397,171
1008317.337696335,2005.7565445026178,42.47643979057592,1.9973821989528795,1.2591623036649215,3.0916230366492146,1.4607329842931938,1.7539267015706805,1.2486910994764397,63
1008317.337696335,2005.7565445026178,42.47643979057592,1.9973821989528795,1.2591623036649215,3.0916230366492146,1.4607329842931938,1.7539267015706805,1.2486910994764397,77
1008317.337696335,2005.7565445026178,42.47643979057592,1.9973821989528795,1.2591623036649215,3.0916230366492146,1.4607329842931938,1.7539267015706805,1.2486910994764397,114
1008317.337696335,2005.7565445026178,42.47643979057592,1.9973821989528795,1.2591623036649215,3.0916230366492146,1.4607329842931938,1.7539267015706805,1.2486910994764397,85
1008317.337696335,2005.7565445026178,42.47643979057592,1.9973821989528795,1.2591623036649215,3.0916230366492146,1.4607329842931938,1.7539267015706805,1.2486910994764397,144
1008317.337696335,2005.7565445026178,42.47643979057592,1.9973821989528795,1.2591623036649215,3.0916230366492146,1.4607329842931938,1.7539267015706805,1.2486910994764397,108
1008317.337696335,2005.7565445026178,42.47643979057592,1.9973821989528795,1.2591623036649215,3.0916230366492146,1.4607329842931938,1.7539267015706805,1.2486910994764397,85
1008317.337696335,2005.7565445026178,42.47643979057592,1.9973821989528795,1.2591623036649215,3.0916230366492146,1.4607329842931938,1.7539267015706805,1.2486910994764397,135
1008317.337696335,2005.7565445026178,42.47643979057592,1.9973821989528795,1.2591623036649215,3.0916230366492146,1.4607329842931938,1.7539267015706805,1.2486910994764397,110
1008317.337696335,2005.7565445026178,42.47643979057592,1.9973821989528795,1.2591623036649215,3.0916230366492146,1.4607329842931938,1.7539267015706805,1.2486910994764397,110
1008317.337696335,2005.7565445026178,42.47643979057592,1.9973821989528795,1.2591623036649215,3.0916230366492146,1.4607329842931938,1.7539267015706805,1.2486910994764397,114
1008317.337696335,2005.7565445026178,42.47643979057592,1.9973821989528795,1.2591623036649215,3.0916230366492146,1.4607329842931938,1.7539267015706805,1.2486910994764397,110
1008317.337696335,2005.7565445026178,42.47643979057592,1.9973821989528795,1.2591623036649215,3.0916230366492146,1.4607329842931938,1.7539267015706805,1.2486910994764397,134
1008317.337696335,2005.7565445026178,42.47643979057592,1.9973821989528795,1.2591623036649215,3.0916230366492146,1.4607329842931938,1.7539267015706805,1.2486910994764397,108
1008317.337696335,2005.7565445026178,42.47643979057592,1.9973821989528795,1.2591623036649215,3.0916230366492146,1.4607329842931938,1.7539267015706805,1.2486910994764397,77
1008317.337696335,2005.7565445026178,42.47643979057592,1.9973821989528795,1.2591623036649215,3.0916230366492146,1.4607329842931938,1.7539267015706805,1.2486910994764397,118
1008317.337696335,2005.7565445026178,42.47643979057592,1.9973821989528795,1.2591623036649215,3.0916230366492146,1.4607329842931938,1.7539267015706805,1.2486910994764397,69
1008317.337696335,2005.7565445026178,42.47643979057592,1.9973821989528795,1.2591623036649215,3.0916230366492146,1.4607329842931938,1.7539267015706805,1.2486910994764397,161
1008317.337696335,2005.7565445026178,42.47643979057592,1.9973821989528795,1.2591623036649215,3.0916230366492146,1.4607329842931938,1.7539267015706805,1.2486910994764397,145
1008317.337696335,2005.7565445026178,42.47643979057592,1.9973821989528795,1.2591623036649215,3.0916230366492146,1.4607329842931938,1.7539267015706805,1.2486910994764397,87
1008317.337696335,2005.7565445026178,42.47643979057592,1.9973821989528795,1.2591623036649215,3.0916230366492146,1.4607329842931938,1.7539267015706805,1.2486910994764397,135
1008317.337696335,2005.7565445026178,42.47643979057592,1.9973821989528795,1.2591623036649215,3.0916230366492146,1.4607329842931938,1.7539267015706805,1.2486910994764397,161
1008317.337696335,2005.7565445026178,42.47643979057592,1.9973821989528795,1.2591623036649215,3.0916230366492146,1.4607329842931938,1.7539267015706805,1.2486910994764397,114
1008317.337696335,2005.7565445026178,42.47643979057592,1.9973821989528795,1.2591623036649215,3.0916230366492146,1.4607329842931938,1.7539267015706805,1.2486910994764397,135
1008317.337696335,2005.7565445026178,42.47643979057592,1.9973821989528795,1.2591623036649215,3.0916230366492146,1.4607329842931938,1.7539267015706805,1.2486910994764397,78
1008317.337696335,2005.7565445026178,42.47643979057592,1.9973821989528795,1.2591623036649215,3.0916230366492146,1.4607329842931938,1.7539267015706805,1.2486910994764397,135
1008317.337696335,2005.7565445026178,42.47643979057592,1.9973821989528795,1.2591623036649215,3.0916230366492146,1.4607329842931938,1.7539267015706805,1.2486910994764397,76
1008317.337696335,2005.7565445026178,42.47643979057592,1.9973821989528795,1.2591623036649215,3.0916230366492146,1.4607329842931938,1.7539267015706805,1.2486910994764397,78
1008317.337696335,2005.7565445026178,42.47643979057592,1.9973821989528795,1.2591623036649215,3.0916230366492146,1.4607329842931938,1.7539267015706805,1.2486910994764397,114
1008317.337696335,2005.7565445026178,42.47643979057592,1.9973821989528795,1.2591623036649215,3.0916230366492146,1.4607329842931938,1.7539267015706805,1.2486910994764397,77
1008317.337696335,2005.7565445026178,42.47643979057592,1.9973821989528795,1.2591623036649215,3.0916230366492146,1.4607329842931938,1.7539267015706805,1.2486910994764397,119
1008317.337696335,2005.7565445026178,42.47643979057592,1.9973821989528795,1.2591623036649215,3.0916230366492146,1.4607329842931938,1.7539267015706805,1.2486910994764397,114
1008317.337696335,2005.7565445026178,42.47643979057592,1.9973821989528795,1.2591623036649215,3.0916230366492146,1.4607329842931938,1.7539267015706805,1.2486910994764397,61
1008317.337696335,2005.7565445026178,42.47643979057592,1.9973821989528795,1.2591623036649215,3.0916230366492146,1.4607329842931938,1.7539267015706805,1.2486910994764397,110
1008317.337696335,2005.7565445026178,42.47643979057592,1.9973821989528795,1.2591623036649215,3.0916230366492146,1.4607329842931938,1.7539267015706805,1.2486910994764397,84
1008317.337696335,2005.7565445026178,42.47643979057592,1.9973821989528795,1.2591623036649215,3.0916230366492146,1.4607329842931938,1.7539267015706805,1.2486910994764397,119
1008317.337696335,2005.7565445026178,42.47643979057592,1.9973821989528795,1.2591623036649215,3.0916230366492146,1.4607329842931938,1.7539267015706805,1.2486910994764397,144
1008317.337696335,2005.7565445026178,42.47643979057592,1.9973821989528795,1.2591623036649215,3.0916230366492146,1.4607329842931938,1.7539267015706805,1.2486910994764397,119
1008317.337696335,2005.7565445026178,42.47643979057592,1.9973821989528795,1.2591623036649215,3.0916230366492146,1.4607329842931938,1.7539267015706805,1.2486910994764397,145
1008317.337696335,2005.7565445026178,42.47643979057592,1.9973821989528795,1.2591623036649215,3.0916230366492146,1.4607329842931938,1.7539267015706805,1.2486910994764397,161
1008317.337696335,2005.7565445026178,42.47643979057592,1.9973821989528795,1.2591623036649215,3.0916230366492146,1.4607329842931938,1.7539267015706805,1.2486910994764397,227
1008317.337696335,2005.7565445026178,42.47643979057592,1.9973821989528795,1.2591623036649215,3.0916230366492146,1.4607329842931938,1.7539267015706805,1.2486910994764397,110
1008317.337696335,2005.7565445026178,42.47643979057592,1.9973821989528795,1.2591623036649215,3.0916230366492146,1.4607329842931938,1.7539267015706805,1.2486910994764397,142
1008317.337696335,2005.7565445026178,42.47643979057592,1.9973821989528795,1.2591623036649215,3.0916230366492146,1.4607329842931938,1.7539267015706805,1.2486910994764397,119
1008317.337696335,2005.7565445026178,42.47643979057592,1.9973821989528795,1.2591623036649215,3.0916230366492146,1.4607329842931938,1.7539267015706805,1.2486910994764397,146
1008317.337696335,2005.7565445026178,42.47643979057592,1.9973821989528795,1.2591623036649215,3.0916230366492146,1.4607329842931938,1.7539267015706805,1.2486910994764397,114
1008317.337696335,2005.7565445026178,42.47643979057592,1.9973821989528795,1.2591623036649215,3.0916230366492146,1.4607329842931938,1.7539267015706805,1.2486910994764397,81
1008317.337696335,2005.7565445026178,42.47643979057592,1.9973821989528795,1.2591623036649215,3.0916230366492146,1.4607329842931938,1.7539267015706805,1.2486910994764397,63
1008317.337696335,2005.7565445026178,42.47643979057592,1.9973821989528795,1.2591623036649215,3.0916230366492146,1.4607329842931938,1.7539267015706805,1.2486910994764397,152
1008317.337696335,2005.7565445026178,42.47643979057592,1.9973821989528795,1.2591623036649215,3.0916230366492146,1.4607329842931938,1.7539267015706805,1.2486910994764397,187
1008317.337696335,2005.7565445026178,42.47643979057592,1.9973821989528795,1.2591623036649215,3.0916230366492146,1.4607329842931938,1.7539267015706805,1.2486910994764397,85
1008317.337696335,2005.7565445026178,42.47643979057592,1.9973821989528795,1.2591623036649215,3.0916230366492146,1.4607329842931938,1.7539267015706805,1.2486910994764397,147
1008317.337696335,2005.7565445026178,42.47643979057592,1.9973821989528795,1.2591623036649215,3.0916230366492146,1.4607329842931938,1.7539267015706805,1.2486910994764397,152
1008317.337696335,2005.7565445026178,42.47643979057592,1.9973821989528795,1.2591623036649215,3.0916230366492146,1.4607329842931938,1.7539267015706805,1.2486910994764397,187
1008317.337696335,2005.7565445026178,42.47643979057592,1.9973821989528795,1.2591623036649215,3.0916230366492146,1.4607329842931938,1.7539267015706805,1.2486910994764397,108
1008317.337696335,2005.7565445026178,42.47643979057592,1.9973821989528795,1.2591623036649215,3.0916230366492146,1.4607329842931938,1.7539267015706805,1.2486910994764397,69
1008317.337696335,2005.7565445026178,42.47643979057592,1.9973821989528795,1.2591623036649215,3.0916230366492146,1.4607329842931938,1.7539267015706805,1.2486910994764397,171
1008317.337696335,2005.7565445026178,42.47643979057592,1.9973821989528795,1.2591623036649215,3.0916230366492146,1.4607329842931938,1.7539267015706805,1.2486910994764397,63
1008317.337696335,2005.7565445026178,42.47643979057592,1.9973821989528795,1.2591623036649215,3.0916230366492146,1.4607329842931938,1.7539267015706805,1.2486910994764397,110
1008317.337696335,2005.7565445026178,42.47643979057592,1.9973821989528795,1.2591623036649215,3.0916230366492146,1.4607329842931938,1.7539267015706805,1.2486910994764397,110
1008317.337696335,2005.7565445026178,42.47643979057592,1.9973821989528795,1.2591623036649215,3.0916230366492146,1.4607329842931938,1.7539267015706805,1.2486910994764397,76
1008317.337696335,2005.7565445026178,42.47643979057592,1.9973821989528795,1.2591623036649215,3.0916230366492146,1.4607329842931938,1.7539267015706805,1.2486910994764397,110
1008317.337696335,2005.7565445026178,42.47643979057592,1.9973821989528795,1.2591623036649215,3.0916230366492146,1.4607329842931938,1.7539267015706805,1.2486910994764397,77
1008317.337696335,2005.7565445026178,42.47643979057592,1.9973821989528795,1.2591623036649215,3.0916230366492146,1.4607329842931938,1.7539267015706805,1.2486910994764397,119
1008317.337696335,2005.7565445026178,42.47643979057592,1.9973821989528795,1.2591623036649215,3.0916230366492146,1.4607329842931938,1.7539267015706805,1.2486910994764397,135
1008317.337696335,2005.7565445026178,42.47643979057592,1.9973821989528795,1.2591623036649215,3.0916230366492146,1.4607329842931938,1.7539267015706805,1.2486910994764397,110
1008317.337696335,2005.7565445026178,42.47643979057592,1.9973821989528795,1.2591623036649215,3.0916230366492146,1.4607329842931938,1.7539267015706805,1.2486910994764397,145
1008317.337696335,2005.7565445026178,42.47643979057592,1.9973821989528795,1.2591623036649215,3.0916230366492146,1.4607329842931938,1.7539267015706805,1.2486910994764397,108
1008317.337696335,2005.7565445026178,42.47643979057592,1.9973821989528795,1.2591623036649215,3.0916230366492146,1.4607329842931938,1.7539267015706805,1.2486910994764397,114
1008317.337696335,2005.7565445026178,42.47643979057592,1.9973821989528795,1.2591623036649215,3.0916230366492146,1.4607329842931938,1.7539267015706805,1.2486910994764397,84
1008317.337696335,2005.7565445026178,42.47643979057592,1.9973821989528795,1.2591623036649215,3.0916230366492146,1.4607329842931938,1.7539267015706805,1.2486910994764397,161
1008317.337696335,2005.7565445026178,42.47643979057592,1.9973821989528795,1.2591623036649215,3.0916230366492146,1.4607329842931938,1.7539267015706805,1.2486910994764397,84
1008317.337696335,2005.7565445026178,42.47643979057592,1.9973821989528795,1.2591623036649215,3.0916230366492146,1.4607329842931938,1.7539267015706805,1.2486910994764397,119
1008317.337696335,2005.7565445026178,42.47643979057592,1.9973821989528795,1.2591623036649215,3.0916230366492146,1.4607329842931938,1.7539267015706805,1.2486910994764397,114
1008317.337696335,2005.7565445026178,42.47643979057592,1.9973821989528795,1.2591623036649215,3.0916230366492146,1.4607329842931938,1.7539267015706805,1.2486910994764397,119
1008317.337696335,2005.7565445026178,42.47643979057592,1.9973821989528795,1.2591623036649215,3.0916230366492146,1.4607329842931938,1.7539267015706805,1.2486910994764397,135
1008317.337696335,2005.7565445026178,42.47643979057592,1.9973821989528795,1.2591623036649215,3.0916230366492146,1.4607329842931938,1.7539267015706805,1.2486910994764397,110
1008317.337696335,2005.7565445026178,42.47643979057592,1.9973821989528795,1.2591623036649215,3.0916230366492146,1.4607329842931938,1.7539267015706805,1.2486910994764397,156
1008317.337696335,2005.7565445026178,42.47643979057592,1.9973821989528795,1.2591623036649215,3.0916230366492146,1.4607329842931938,1.7539267015706805,1.2486910994764397,110
1008317.337696335,2005.7565445026178,42.47643979057592,1.9973821989528795,1.2591623036649215,3.0916230366492146,1.4607329842931938,1.7539267015706805,1.2486910994764397,88
1008317.337696335,2005.7565445026178,42.47643979057592,1.9973821989528795,1.2591623036649215,3.0916230366492146,1.4607329842931938,1.7539267015706805,1.2486910994764397,161
1008317.337696335,2005.7565445026178,42.47643979057592,1.9973821989528795,1.2591623036649215,3.0916230366492146,1.4607329842931938,1.7539267015706805,1.2486910994764397,61
1008317.337696335,2005.7565445026178,42.47643979057592,1.9973821989528795,1.2591623036649215,3.0916230366492146,1.4607329842931938,1.7539267015706805,1.2486910994764397,145
1008317.337696335,2005.7565445026178,42.47643979057592,1.9973821989528795,1.2591623036649215,3.0916230366492146,1.4607329842931938,1.7539267015706805,1.2486910994764397,119
1008317.337696335,2005.7565445026178,42.47643979057592,1.9973821989528795,1.2591623036649215,3.0916230366492146,1.4607329842931938,1.7539267015706805,1.2486910994764397,135
1008317.337696335,2005.7565445026178,42.47643979057592,1.9973821989528795,1.2591623036649215,3.0916230366492146,1.4607329842931938,1.7539267015706805,1.2486910994764397,85
1008317.337696335,2005.7565445026178,42.47643979057592,1.9973821989528795,1.2591623036649215,3.0916230366492146,1.4607329842931938,1.7539267015706805,1.2486910994764397,114
1008317.337696335,2005.7565445026178,42.47643979057592,1.9973821989528795,1.2591623036649215,3.0916230366492146,1.4607329842931938,1.7539267015706805,1.2486910994764397,134
1008317.337696335,2005.7565445026178,42.47643979057592,1.9973821989528795,1.2591623036649215,3.0916230366492146,1.4607329842931938,1.7539267015706805,1.2486910994764397,63
1008317.337696335,2005.7565445026178,42.47643979057592,1.9973821989528795,1.2591623036649215,3.0916230366492146,1.4607329842931938,1.7539267015706805,1.2486910994764397,85
1008317.337696335,2005.7565445026178,42.47643979057592,1.9973821989528795,1.2591623036649215,3.0916230366492146,1.4607329842931938,1.7539267015706805,1.2486910994764397,104
1008317.337696335,2005.7565445026178,42.47643979057592,1.9973821989528795,1.2591623036649215,3.0916230366492146,1.4607329842931938,1.7539267015706805,1.2486910994764397,77
1008317.337696335,2005.7565445026178,42.47643979057592,1.9973821989528795,1.2591623036649215,3.0916230366492146,1.4607329842931938,1.7539267015706805,1.2486910994764397,119
1008317.337696335,2005.7565445026178,42.47643979057592,1.9973821989528795,1.2591623036649215,3.0916230366492146,1.4607329842931938,1.7539267015706805,1.2486910994764397,78
1008317.337696335,2005.7565445026178,42.47643979057592,1.9973821989528795,1.2591623036649215,3.0916230366492146,1.4607329842931938,1.7539267015706805,1.2486910994764397,161
1008317.337696335,2005.7565445026178,42.47643979057592,1.9973821989528795,1.2591623036649215,3.0916230366492146,1.4607329842931938,1.7539267015706805,1.2486910994764397,110
1008317.337696335,2005.7565445026178,42.47643979057592,1.9973821989528795,1.2591623036649215,3.0916230366492146,1.4607329842931938,1.7539267015706805,1.2486910994764397,144
1008317.337696335,2005.7565445026178,42.47643979057592,1.9973821989528795,1.2591623036649215,3.0916230366492146,1.4607329842931938,1.7539267015706805,1.2486910994764397,172
1008317.337696335,2005.7565445026178,42.47643979057592,1.9973821989528795,1.2591623036649215,3.0916230366492146,1.4607329842931938,1.7539267015706805,1.2486910994764397,84
1008317.337696335,2005.7565445026178,42.47643979057592,1.9973821989528795,1.2591623036649215,3.0916230366492146,1.4607329842931938,1.7539267015706805,1.2486910994764397,114
1008317.337696335,2005.7565445026178,42.47643979057592,1.9973821989528795,1.2591623036649215,3.0916230366492146,1.4607329842931938,1.7539267015706805,1.2486910994764397,78
1008317.337696335,2005.7565445026178,42.47643979057592,1.9973821989528795,1.2591623036649215,3.0916230366492146,1.4607329842931938,1.7539267015706805,1.2486910994764397,114
1008317.337696335,2005.7565445026178,42.47643979057592,1.9973821989528795,1.2591623036649215,3.0916230366492146,1.4607329842931938,1.7539267015706805,1.2486910994764397,161
1008317.337696335,2005.7565445026178,42.47643979057592,1.9973821989528795,1.2591623036649215,3.0916230366492146,1.4607329842931938,1.7539267015706805,1.2486910994764397,77
1008317.337696335,2005.7565445026178,42.47643979057592,1.9973821989528795,1.2591623036649215,3.0916230366492146,1.4607329842931938,1.7539267015706805,1.2486910994764397,114
1008317.337696335,2005.7565445026178,42.47643979057592,1.9973821989528795,1.2591623036649215,3.0916230366492146,1.4607329842931938,1.7539267015706805,1.2486910994764397,142
1008317.337696335,2005.7565445026178,42.47643979057592,1.9973821989528795,1.2591623036649215,3.0916230366492146,1.4607329842931938,1.7539267015706805,1.2486910994764397,119
1008317.337696335,2005.7565445026178,42.47643979057592,1.9973821989528795,1.2591623036649215,3.0916230366492146,1.4607329842931938,1.7539267015706805,1.2486910994764397,87
1008317.337696335,2005.7565445026178,42.47643979057592,1.9973821989528795,1.2591623036649215,3.0916230366492146,1.4607329842931938,1.7539267015706805,1.2486910994764397,69
1008317.337696335,2005.7565445026178,42.47643979057592,1.9973821989528795,1.2591623036649215,3.0916230366492146,1.4607329842931938,1.7539267015706805,1.2486910994764397,135
1008317.337696335,2005.7565445026178,42.47643979057592,1.9973821989528795,1.2591623036649215,3.0916230366492146,1.4607329842931938,1.7539267015706805,1.2486910994764397,117
1008317.337696335,2005.7565445026178,42.47643979057592,1.9973821989528795,1.2591623036649215,3.0916230366492146,1.4607329842931938,1.7539267015706805,1.2486910994764397,88
1008317.337696335,2005.7565445026178,42.47643979057592,1.9973821989528795,1.2591623036649215,3.0916230366492146,1.4607329842931938,1.7539267015706805,1.2486910994764397,144
1008317.337696335,2005.7565445026178,42.47643979057592,1.9973821989528795,1.2591623036649215,3.0916230366492146,1.4607329842931938,1.7539267015706805,1.2486910994764397,144
1008317.337696335,2005.7565445026178,42.47643979057592,1.9973821989528795,1.2591623036649215,3.0916230366492146,1.4607329842931938,1.7539267015706805,1.2486910994764397,135
1008317.337696335,2005.7565445026178,42.47643979057592,1.9973821989528795,1.2591623036649215,3.0916230366492146,1.4607329842931938,1.7539267015706805,1.2486910994764397,78
1008317.337696335,2005.7565445026178,42.47643979057592,1.9973821989528795,1.2591623036649215,3.0916230366492146,1.4607329842931938,1.7539267015706805,1.2486910994764397,85
1008317.337696335,2005.7565445026178,42.47643979057592,1.9973821989528795,1.2591623036649215,3.0916230366492146,1.4607329842931938,1.7539267015706805,1.2486910994764397,161
1008317.337696335,2005.7565445026178,42.47643979057592,1.9973821989528795,1.2591623036649215,3.0916230366492146,1.4607329842931938,1.7539267015706805,1.2486910994764397,135
1008317.337696335,2005.7565445026178,42.47643979057592,1.9973821989528795,1.2591623036649215,3.0916230366492146,1.4607329842931938,1.7539267015706805,1.2486910994764397,104
1008317.337696335,2005.7565445026178,42.47643979057592,1.9973821989528795,1.2591623036649215,3.0916230366492146,1.4607329842931938,1.7539267015706805,1.2486910994764397,85
1008317.337696335,2005.7565445026178,42.47643979057592,1.9973821989528795,1.2591623036649215,3.0916230366492146,1.4607329842931938,1.7539267015706805,1.2486910994764397,88
1008317.337696335,2005.7565445026178,42.47643979057592,1.9973821989528795,1.2591623036649215,3.0916230366492146,1.4607329842931938,1.7539267015706805,1.2486910994764397,77
1008317.337696335,2005.7565445026178,42.47643979057592,1.9973821989528795,1.2591623036649215,3.0916230366492146,1.4607329842931938,1.7539267015706805,1.2486910994764397,114
1008317.337696335,2005.7565445026178,42.47643979057592,1.9973821989528795,1.2591623036649215,3.0916230366492146,1.4607329842931938,1.7539267015706805,1.2486910994764397,161
1008317.337696335,2005.7565445026178,42.47643979057592,1.9973821989528795,1.2591623036649215,3.0916230366492146,1.4607329842931938,1.7539267015706805,1.2486910994764397,114
1008317.337696335,2005.7565445026178,42.47643979057592,1.9973821989528795,1.2591623036649215,3.0916230366492146,1.4607329842931938,1.7539267015706805,1.2486910994764397,110
1008317.337696335,2005.7565445026178,42.47643979057592,1.9973821989528795,1.2591623036649215,3.0916230366492146,1.4607329842931938,1.7539267015706805,1.2486910994764397,144
1008317.337696335,2005.7565445026178,42.47643979057592,1.9973821989528795,1.2591623036649215,3.0916230366492146,1.4607329842931938,1.7539267015706805,1.2486910994764397,63
1008317.337696335,2005.7565445026178,42.47643979057592,1.9973821989528795,1.2591623036649215,3.0916230366492146,1.4607329842931938,1.7539267015706805,1.2486910994764397,114
1008317.337696335,2005.7565445026178,42.47643979057592,1.9973821989528795,1.2591623036649215,3.0916230366492146,1.4607329842931938,1.7539267015706805,1.2486910994764397,119
1008317.337696335,2005.7565445026178,42.47643979057592,1.9973821989528795,1.2591623036649215,3.0916230366492146,1.4607329842931938,1.7539267015706805,1.2486910994764397,63
1008317.337696335,2005.7565445026178,42.47643979057592,1.9973821989528795,1.2591623036649215,3.0916230366492146,1.4607329842931938,1.7539267015706805,1.2486910994764397,87
1008317.337696335,2005.7565445026178,42.47643979057592,1.9973821989528795,1.2591623036649215,3.0916230366492146,1.4607329842931938,1.7539267015706805,1.2486910994764397,201
1008317.337696335,2005.7565445026178,42.47643979057592,1.9973821989528795,1.2591623036649215,3.0916230366492146,1.4607329842931938,1.7539267015706805,1.2486910994764397,119
1008317.337696335,2005.7565445026178,42.47643979057592,1.9973821989528795,1.2591623036649215,3.0916230366492146,1.4607329842931938,1.7539267015706805,1.2486910994764397,84
1008317.337696335,2005.7565445026178,42.47643979057592,1.9973821989528795,1.2591623036649215,3.0916230366492146,1.4607329842931938,1.7539267015706805,1.2486910994764397,110
1008317.337696335,2005.7565445026178,42.47643979057592,1.9973821989528795,1.2591623036649215,3.0916230366492146,1.4607329842931938,1.7539267015706805,1.2486910994764397,145
1008317.337696335,2005.7565445026178,42.47643979057592,1.9973821989528795,1.2591623036649215,3.0916230366492146,1.4607329842931938,1.7539267015706805,1.2486910994764397,119
1008317.337696335,2005.7565445026178,42.47643979057592,1.9973821989528795,1.2591623036649215,3.0916230366492146,1.4607329842931938,1.7539267015706805,1.2486910994764397,114
1008317.337696335,2005.7565445026178,42.47643979057592,1.9973821989528795,1.2591623036649215,3.0916230366492146,1.4607329842931938,1.7539267015706805,1.2486910994764397,77
1008317.337696335,2005.7565445026178,42.47643979057592,1.9973821989528795,1.2591623036649215,3.0916230366492146,1.4607329842931938,1.7539267015706805,1.2486910994764397,84
1008317.337696335,2005.7565445026178,42.47643979057592,1.9973821989528795,1.2591623036649215,3.0916230366492146,1.4607329842931938,1.7539267015706805,1.2486910994764397,147
1008317.337696335,2005.7565445026178,42.47643979057592,1.9973821989528795,1.2591623036649215,3.0916230366492146,1.4607329842931938,1.7539267015706805,1.2486910994764397,114
1008317.337696335,2005.7565445026178,42.47643979057592,1.9973821989528795,1.2591623036649215,3.0916230366492146,1.4607329842931938,1.7539267015706805,1.2486910994764397,153
1008317.337696335,2005.7565445026178,42.47643979057592,1.9973821989528795,1.2591623036649215,3.0916230366492146,1.4607329842931938,1.7539267015706805,1.2486910994764397,161
1008317.337696335,2005.7565445026178,42.47643979057592,1.9973821989528795,1.2591623036649215,3.0916230366492146,1.4607329842931938,1.7539267015706805,1.2486910994764397,119
1008317.337696335,2005.7565445026178,42.47643979057592,1.9973821989528795,1.2591623036649215,3.0916230366492146,1.4607329842931938,1.7539267015706805,1.2486910994764397,120
1008317.337696335,2005.7565445026178,42.47643979057592,1.9973821989528795,1.2591623036649215,3.0916230366492146,1.4607329842931938,1.7539267015706805,1.2486910994764397,110
1008317.337696335,2005.7565445026178,42.47643979057592,1.9973821989528795,1.2591623036649215,3.0916230366492146,1.4607329842931938,1.7539267015706805,1.2486910994764397,142
1008317.337696335,2005.7565445026178,42.47643979057592,1.9973821989528795,1.2591623036649215,3.0916230366492146,1.4607329842931938,1.7539267015706805,1.2486910994764397,108
1008317.337696335,2005.7565445026178,42.47643979057592,1.9973821989528795,1.2591623036649215,3.0916230366492146,1.4607329842931938,1.7539267015706805,1.2486910994764397,98
1008317.337696335,2005.7565445026178,42.47643979057592,1.9973821989528795,1.2591623036649215,3.0916230366492146,1.4607329842931938,1.7539267015706805,1.2486910994764397,110
1008317.337696335,2005.7565445026178,42.47643979057592,1.9973821989528795,1.2591623036649215,3.0916230366492146,1.4607329842931938,1.7539267015706805,1.2486910994764397,119
1008317.337696335,2005.7565445026178,42.47643979057592,1.9973821989528795,1.2591623036649215,3.0916230366492146,1.4607329842931938,1.7539267015706805,1.2486910994764397,114
1008317.337696335,2005.7565445026178,42.47643979057592,1.9973821989528795,1.2591623036649215,3.0916230366492146,1.4607329842931938,1.7539267015706805,1.2486910994764397,114
1008317.337696335,2005.7565445026178,42.47643979057592,1.9973821989528795,1.2591623036649215,3.0916230366492146,1.4607329842931938,1.7539267015706805,1.2486910994764397,110
1008317.337696335,2005.7565445026178,42.47643979057592,1.9973821989528795,1.2591623036649215,3.0916230366492146,1.4607329842931938,1.7539267015706805,1.2486910994764397,119
1008317.337696335,2005.7565445026178,42.47643979057592,1.9973821989528795,1.2591623036649215,3.0916230366492146,1.4607329842931938,1.7539267015706805,1.2486910994764397,58
1008317.337696335,2005.7565445026178,42.47643979057592,1.9973821989528795,1.2591623036649215,3.0916230366492146,1.4607329842931938,1.7539267015706805,1.2486910994764397,108
1008317.337696335,2005.7565445026178,42.47643979057592,1.9973821989528795,1.2591623036649215,3.0916230366492146,1.4607329842931938,1.7539267015706805,1.2486910994764397,135
1008317.337696335,2005.7565445026178,42.47643979057592,1.9973821989528795,1.2591623036649215,3.0916230366492146,1.4607329842931938,1.7539267015706805,1.2486910994764397,76
1008317.337696335,2005.7565445026178,42.47643979057592,1.9973821989528795,1.2591623036649215,3.0916230366492146,1.4607329842931938,1.7539267015706805,1.2486910994764397,85
1008317.337696335,2005.7565445026178,42.47643979057592,1.9973821989528795,1.2591623036649215,3.0916230366492146,1.4607329842931938,1.7539267015706805,1.2486910994764397,81
1008317.337696335,2005.7565445026178,42.47643979057592,1.9973821989528795,1.2591623036649215,3.0916230366492146,1.4607329842931938,1.7539267015706805,1.2486910994764397,145
1008317.337696335,2005.7565445026178,42.47643979057592,1.9973821989528795,1.2591623036649215,3.0916230366492146,1.4607329842931938,1.7539267015706805,1.2486910994764397,69
1008317.337696335,2005.7565445026178,42.47643979057592,1.9973821989528795,1.2591623036649215,3.0916230366492146,1.4607329842931938,1.7539267015706805,1.2486910994764397,77
1008317.337696335,2005.7565445026178,42.47643979057592,1.9973821989528795,1.2591623036649215,3.0916230366492146,1.4607329842931938,1.7539267015706805,1.2486910994764397,117
1008317.337696335,2005.7565445026178,42.47643979057592,1.9973821989528795,1.2591623036649215,3.0916230366492146,1.4607329842931938,1.7539267015706805,1.2486910994764397,77
1008317.337696335,2005.7565445026178,42.47643979057592,1.9973821989528795,1.2591623036649215,3.0916230366492146,1.4607329842931938,1.7539267015706805,1.2486910994764397,119
1008317.337696335,2005.7565445026178,42.47643979057592,1.9973821989528795,1.2591623036649215,3.0916230366492146,1.4607329842931938,1.7539267015706805,1.2486910994764397,78
1008317.337696335,2005.7565445026178,42.47643979057592,1.9973821989528795,1.2591623036649215,3.0916230366492146,1.4607329842931938,1.7539267015706805,1.2486910994764397,172
1008317.337696335,2005.7565445026178,42.47643979057592,1.9973821989528795,1.2591623036649215,3.0916230366492146,1.4607329842931938,1.7539267015706805,1.2486910994764397,134
1008317.337696335,2005.7565445026178,42.47643979057592,1.9973821989528795,1.2591623036649215,3.0916230366492146,1.4607329842931938,1.7539267015706805,1.2486910994764397,110
1008317.337696335,2005.7565445026178,42.47643979057592,1.9973821989528795,1.2591623036649215,3.0916230366492146,1.4607329842931938,1.7539267015706805,1.2486910994764397,61
1008317.337696335,2005.7565445026178,42.47643979057592,1.9973821989528795,1.2591623036649215,3.0916230366492146,1.4607329842931938,1.7539267015706805,1.2486910994764397,135
1008317.337696335,2005.7565445026178,42.47643979057592,1.9973821989528795,1.2591623036649215,3.0916230366492146,1.4607329842931938,1.7539267015706805,1.2486910994764397,161
1008317.337696335,2005.7565445026178,42.47643979057592,1.9973821989528795,1.2591623036649215,3.0916230366492146,1.4607329842931938,1.7539267015706805,1.2486910994764397,78
1008317.337696335,2005.7565445026178,42.47643979057592,1.9973821989528795,1.2591623036649215,3.0916230366492146,1.4607329842931938,1.7539267015706805,1.2486910994764397,85
1008317.337696335,2005.7565445026178,42.47643979057592,1.9973821989528795,1.2591623036649215,3.0916230366492146,1.4607329842931938,1.7539267015706805,1.2486910994764397,108
1008317.337696335,2005.7565445026178,42.47643979057592,1.9973821989528795,1.2591623036649215,3.0916230366492146,1.4607329842931938,1.7539267015706805,1.2486910994764397,161
1008317.337696335,2005.7565445026178,42.47643979057592,1.9973821989528795,1.2591623036649215,3.0916230366492146,1.4607329842931938,1.7539267015706805,1.2486910994764397,110
1008317.337696335,2005.7565445026178,42.47643979057592,1.9973821989528795,1.2591623036649215,3.0916230366492146,1.4607329842931938,1.7539267015706805,1.2486910994764397,77
1008317.337696335,2005.7565445026178,42.47643979057592,1.9973821989528795,1.2591623036649215,3.0916230366492146,1.4607329842931938,1.7539267015706805,1.2486910994764397,135
1008317.337696335,2005.7565445026178,42.47643979057592,1.9973821989528795,1.2591623036649215,3.0916230366492146,1.4607329842931938,1.7539267015706805,1.2486910994764397,87
1008317.337696335,2005.7565445026178,42.47643979057592,1.9973821989528795,1.2591623036649215,3.0916230366492146,1.4607329842931938,1.7539267015706805,1.2486910994764397,85
1008317.337696335,2005.7565445026178,42.47643979057592,1.9973821989528795,1.2591623036649215,3.0916230366492146,1.4607329842931938,1.7539267015706805,1.2486910994764397,76
1008317.337696335,2005.7565445026178,42.47643979057592,1.9973821989528795,1.2591623036649215,3.0916230366492146,1.4607329842931938,1.7539267015706805,1.2486910994764397,135
1008317.337696335,2005.7565445026178,42.47643979057592,1.9973821989528795,1.2591623036649215,3.0916230366492146,1.4607329842931938,1.7539267015706805,1.2486910994764397,114
1008317.337696335,2005.7565445026178,42.47643979057592,1.9973821989528795,1.2591623036649215,3.0916230366492146,1.4607329842931938,1.7539267015706805,1.2486910994764397,110
1008317.337696335,2005.7565445026178,42.47643979057592,1.9973821989528795,1.2591623036649215,3.0916230366492146,1.4607329842931938,1.7539267015706805,1.2486910994764397,145
1008317.337696335,2005.7565445026178,42.47643979057592,1.9973821989528795,1.2591623036649215,3.0916230366492146,1.4607329842931938,1.7539267015706805,1.2486910994764397,110
1008317.337696335,2005.7565445026178,42.47643979057592,1.9973821989528795,1.2591623036649215,3.0916230366492146,1.4607329842931938,1.7539267015706805,1.2486910994764397,161
1008317.337696335,2005.7565445026178,42.47643979057592,1.9973821989528795,1.2591623036649215,3.0916230366492146,1.4607329842931938,1.7539267015706805,1.2486910994764397,63
1008317.337696335,2005.7565445026178,42.47643979057592,1.9973821989528795,1.2591623036649215,3.0916230366492146,1.4607329842931938,1.7539267015706805,1.2486910994764397,153
1008317.337696335,2005.7565445026178,42.47643979057592,1.9973821989528795,1.2591623036649215,3.0916230366492146,1.4607329842931938,1.7539267015706805,1.2486910994764397,110
1008317.337696335,2005.7565445026178,42.47643979057592,1.9973821989528795,1.2591623036649215,3.0916230366492146,1.4607329842931938,1.7539267015706805,1.2486910994764397,172
1008317.337696335,2005.7565445026178,42.47643979057592,1.9973821989528795,1.2591623036649215,3.0916230366492146,1.4607329842931938,1.7539267015706805,1.2486910994764397,104
1008317.337696335,2005.7565445026178,42.47643979057592,1.9973821989528795,1.2591623036649215,3.0916230366492146,1.4607329842931938,1.7539267015706805,1.2486910994764397,88
1008317.337696335,2005.7565445026178,42.47643979057592,1.9973821989528795,1.2591623036649215,3.0916230366492146,1.4607329842931938,1.7539267015706805,1.2486910994764397,114
1008317.337696335,2005.7565445026178,42.47643979057592,1.9973821989528795,1.2591623036649215,3.0916230366492146,1.4607329842931938,1.7539267015706805,1.2486910994764397,98
1008317.337696335,2005.7565445026178,42.47643979057592,1.9973821989528795,1.2591623036649215,3.0916230366492146,1.4607329842931938,1.7539267015706805,1.2486910994764397,84
1008317.337696335,2005.7565445026178,42.47643979057592,1.9973821989528795,1.2591623036649215,3.0916230366492146,1.4607329842931938,1.7539267015706805,1.2486910994764397,81
1008317.337696335,2005.7565445026178,42.47643979057592,1.9973821989528795,1.2591623036649215,3.0916230366492146,1.4607329842931938,1.7539267015706805,1.2486910994764397,135
1008317.337696335,2005.7565445026178,42.47643979057592,1.9973821989528795,1.2591623036649215,3.0916230366492146,1.4607329842931938,1.7539267015706805,1.2486910994764397,110
1008317.337696335,2005.7565445026178,42.47643979057592,1.9973821989528795,1.2591623036649215,3.0916230366492146,1.4607329842931938,1.7539267015706805,1.2486910994764397,61
1008317.337696335,2005.7565445026178,42.47643979057592,1.9973821989528795,1.2591623036649215,3.0916230366492146,1.4607329842931938,1.7539267015706805,1.2486910994764397,77
1008317.337696335,2005.7565445026178,42.47643979057592,1.9973821989528795,1.2591623036649215,3.0916230366492146,1.4607329842931938,1.7539267015706805,1.2486910994764397,147
1008317.337696335,2005.7565445026178,42.47643979057592,1.9973821989528795,1.2591623036649215,3.0916230366492146,1.4607329842931938,1.7539267015706805,1.2486910994764397,117
1008317.337696335,2005.7565445026178,42.47643979057592,1.9973821989528795,1.2591623036649215,3.0916230366492146,1.4607329842931938,1.7539267015706805,1.2486910994764397,119
1008317.337696335,2005.7565445026178,42.47643979057592,1.9973821989528795,1.2591623036649215,3.0916230366492146,1.4607329842931938,1.7539267015706805,1.2486910994764397,114
1008317.337696335,2005.7565445026178,42.47643979057592,1.9973821989528795,1.2591623036649215,3.0916230366492146,1.4607329842931938,1.7539267015706805,1.2486910994764397,108
1008317.337696335,2005.7565445026178,42.47643979057592,1.9973821989528795,1.2591623036649215,3.0916230366492146,1.4607329842931938,1.7539267015706805,1.2486910994764397,119
1008317.337696335,2005.7565445026178,42.47643979057592,1.9973821989528795,1.2591623036649215,3.0916230366492146,1.4607329842931938,1.7539267015706805,1.2486910994764397,110
1008317.337696335,2005.7565445026178,42.47643979057592,1.9973821989528795,1.2591623036649215,3.0916230366492146,1.4607329842931938,1.7539267015706805,1.2486910994764397,201
1008317.337696335,2005.7565445026178,42.47643979057592,1.9973821989528795,1.2591623036649215,3.0916230366492146,1.4607329842931938,1.7539267015706805,1.2486910994764397,135
1008317.337696335,2005.7565445026178,42.47643979057592,1.9973821989528795,1.2591623036649215,3.0916230366492146,1.4607329842931938,1.7539267015706805,1.2486910994764397,114
1008317.337696335,2005.7565445026178,42.47643979057592,1.9973821989528795,1.2591623036649215,3.0916230366492146,1.4607329842931938,1.7539267015706805,1.2486910994764397,119
1008317.337696335,2005.7565445026178,42.47643979057592,1.9973821989528795,1.2591623036649215,3.0916230366492146,1.4607329842931938,1.7539267015706805,1.2486910994764397,69
1008317.337696335,2005.7565445026178,42.47643979057592,1.9973821989528795,1.2591623036649215,3.0916230366492146,1.4607329842931938,1.7539267015706805,1.2486910994764397,114
1008317.337696335,2005.7565445026178,42.47643979057592,1.9973821989528795,1.2591623036649215,3.0916230366492146,1.4607329842931938,1.7539267015706805,1.2486910994764397,77
1008317.337696335,2005.7565445026178,42.47643979057592,1.9973821989528795,1.2591623036649215,3.0916230366492146,1.4607329842931938,1.7539267015706805,1.2486910994764397,119
1008317.337696335,2005.7565445026178,42.47643979057592,1.9973821989528795,1.2591623036649215,3.0916230366492146,1.4607329842931938,1.7539267015706805,1.2486910994764397,144
1008317.337696335,2005.7565445026178,42.47643979057592,1.9973821989528795,1.2591623036649215,3.0916230366492146,1.4607329842931938,1.7539267015706805,1.2486910994764397,84
1008317.337696335,2005.7565445026178,42.47643979057592,1.9973821989528795,1.2591623036649215,3.0916230366492146,1.4607329842931938,1.7539267015706805,1.2486910994764397,85
1008317.337696335,2005.7565445026178,42.47643979057592,1.9973821989528795,1.2591623036649215,3.0916230366492146,1.4607329842931938,1.7539267015706805,1.2486910994764397,119
1008317.337696335,2005.7565445026178,42.47643979057592,1.9973821989528795,1.2591623036649215,3.0916230366492146,1.4607329842931938,1.7539267015706805,1.2486910994764397,82
1008317.337696335,2005.7565445026178,42.47643979057592,1.9973821989528795,1.2591623036649215,3.0916230366492146,1.4607329842931938,1.7539267015706805,1.2486910994764397,110
1008317.337696335,2005.7565445026178,42.47643979057592,1.9973821989528795,1.2591623036649215,3.0916230366492146,1.4607329842931938,1.7539267015706805,1.2486910994764397,58
1008317.337696335,2005.7565445026178,42.47643979057592,1.9973821989528795,1.2591623036649215,3.0916230366492146,1.4607329842931938,1.7539267015706805,1.2486910994764397,77
1008317.337696335,2005.7565445026178,42.47643979057592,1.9973821989528795,1.2591623036649215,3.0916230366492146,1.4607329842931938,1.7539267015706805,1.2486910994764397,161
1008317.337696335,2005.7565445026178,42.47643979057592,1.9973821989528795,1.2591623036649215,3.0916230366492146,1.4607329842931938,1.7539267015706805,1.2486910994764397,85
1008317.337696335,2005.7565445026178,42.47643979057592,1.9973821989528795,1.2591623036649215,3.0916230366492146,1.4607329842931938,1.7539267015706805,1.2486910994764397,114
1008317.337696335,2005.7565445026178,42.47643979057592,1.9973821989528795,1.2591623036649215,3.0916230366492146,1.4607329842931938,1.7539267015706805,1.2486910994764397,78
1008317.337696335,2005.7565445026178,42.47643979057592,1.9973821989528795,1.2591623036649215,3.0916230366492146,1.4607329842931938,1.7539267015706805,1.2486910994764397,145
1008317.337696335,2005.7565445026178,42.47643979057592,1.9973821989528795,1.2591623036649215,3.0916230366492146,1.4607329842931938,1.7539267015706805,1.2486910994764397,119
1008317.337696335,2005.7565445026178,42.47643979057592,1.9973821989528795,1.2591623036649215,3.0916230366492146,1.4607329842931938,1.7539267015706805,1.2486910994764397,85
1008317.337696335,2005.7565445026178,42.47643979057592,1.9973821989528795,1.2591623036649215,3.0916230366492146,1.4607329842931938,1.7539267015706805,1.2486910994764397,104
1008317.337696335,2005.7565445026178,42.47643979057592,1.9973821989528795,1.2591623036649215,3.0916230366492146,1.4607329842931938,1.7539267015706805,1.2486910994764397,119
1008317.337696335,2005.7565445026178,42.47643979057592,1.9973821989528795,1.2591623036649215,3.0916230366492146,1.4607329842931938,1.7539267015706805,1.2486910994764397,78
1008317.337696335,2005.7565445026178,42.47643979057592,1.9973821989528795,1.2591623036649215,3.0916230366492146,1.4607329842931938,1.7539267015706805,1.2486910994764397,180
1008317.337696335,2005.7565445026178,42.47643979057592,1.9973821989528795,1.2591623036649215,3.0916230366492146,1.4607329842931938,1.7539267015706805,1.2486910994764397,82
1008317.337696335,2005.7565445026178,42.47643979057592,1.9973821989528795,1.2591623036649215,3.0916230366492146,1.4607329842931938,1.7539267015706805,1.2486910994764397,85
1008317.337696335,2005.7565445026178,42.47643979057592,1.9973821989528795,1.2591623036649215,3.0916230366492146,1.4607329842931938,1.7539267015706805,1.2486910994764397,78
1008317.337696335,2005.7565445026178,42.47643979057592,1.9973821989528795,1.2591623036649215,3.0916230366492146,1.4607329842931938,1.7539267015706805,1.2486910994764397,77
1008317.337696335,2005.7565445026178,42.47643979057592,1.9973821989528795,1.2591623036649215,3.0916230366492146,1.4607329842931938,1.7539267015706805,1.2486910994764397,135
1008317.337696335,2005.7565445026178,42.47643979057592,1.9973821989528795,1.2591623036649215,3.0916230366492146,1.4607329842931938,1.7539267015706805,1.2486910994764397,119
1008317.337696335,2005.7565445026178,42.47643979057592,1.9973821989528795,1.2591623036649215,3.0916230366492146,1.4607329842931938,1.7539267015706805,1.2486910994764397,145
1008317.337696335,2005.7565445026178,42.47643979057592,1.9973821989528795,1.2591623036649215,3.0916230366492146,1.4607329842931938,1.7539267015706805,1.2486910994764397,85
1008317.337696335,2005.7565445026178,42.47643979057592,1.9973821989528795,1.2591623036649215,3.0916230366492146,1.4607329842931938,1.7539267015706805,1.2486910994764397,69
1008317.337696335,2005.7565445026178,42.47643979057592,1.9973821989528795,1.2591623036649215,3.0916230366492146,1.4607329842931938,1.7539267015706805,1.2486910994764397,153
1008317.337696335,2005.7565445026178,42.47643979057592,1.9973821989528795,1.2591623036649215,3.0916230366492146,1.4607329842931938,1.7539267015706805,1.2486910994764397,108
1008317.337696335,2005.7565445026178,42.47643979057592,1.9973821989528795,1.2591623036649215,3.0916230366492146,1.4607329842931938,1.7539267015706805,1.2486910994764397,61
1008317.337696335,2005.7565445026178,42.47643979057592,1.9973821989528795,1.2591623036649215,3.0916230366492146,1.4607329842931938,1.7539267015706805,1.2486910994764397,161
1008317.337696335,2005.7565445026178,42.47643979057592,1.9973821989528795,1.2591623036649215,3.0916230366492146,1.4607329842931938,1.7539267015706805,1.2486910994764397,84
1008317.337696335,2005.7565445026178,42.47643979057592,1.9973821989528795,1.2591623036649215,3.0916230366492146,1.4607329842931938,1.7539267015706805,1.2486910994764397,119
1008317.337696335,2005.7565445026178,42.47643979057592,1.9973821989528795,1.2591623036649215,3.0916230366492146,1.4607329842931938,1.7539267015706805,1.2486910994764397,158
1008317.337696335,2005.7565445026178,42.47643979057592,1.9973821989528795,1.2591623036649215,3.0916230366492146,1.4607329842931938,1.7539267015706805,1.2486910994764397,114
1008317.337696335,2005.7565445026178,42.47643979057592,1.9973821989528795,1.2591623036649215,3.0916230366492146,1.4607329842931938,1.7539267015706805,1.2486910994764397,110
1008317.337696335,2005.7565445026178,42.47643979057592,1.9973821989528795,1.2591623036649215,3.0916230366492146,1.4607329842931938,1.7539267015706805,1.2486910994764397,114
1008317.337696335,2005.7565445026178,42.47643979057592,1.9973821989528795,1.2591623036649215,3.0916230366492146,1.4607329842931938,1.7539267015706805,1.2486910994764397,84
1008317.337696335,2005.7565445026178,42.47643979057592,1.9973821989528795,1.2591623036649215,3.0916230366492146,1.4607329842931938,1.7539267015706805,1.2486910994764397,77
1008317.337696335,2005.7565445026178,42.47643979057592,1.9973821989528795,1.2591623036649215,3.0916230366492146,1.4607329842931938,1.7539267015706805,1.2486910994764397,119
1008317.337696335,2005.7565445026178,42.47643979057592,1.9973821989528795,1.2591623036649215,3.0916230366492146,1.4607329842931938,1.7539267015706805,1.2486910994764397,201
1008317.337696335,2005.7565445026178,42.47643979057592,1.9973821989528795,1.2591623036649215,3.0916230366492146,1.4607329842931938,1.7539267015706805,1.2486910994764397,119
1008317.337696335,2005.7565445026178,42.47643979057592,1.9973821989528795,1.2591623036649215,3.0916230366492146,1.4607329842931938,1.7539267015706805,1.2486910994764397,161
1008317.337696335,2005.7565445026178,42.47643979057592,1.9973821989528795,1.2591623036649215,3.0916230366492146,1.4607329842931938,1.7539267015706805,1.2486910994764397,135
1008317.337696335,2005.7565445026178,42.47643979057592,1.9973821989528795,1.2591623036649215,3.0916230366492146,1.4607329842931938,1.7539267015706805,1.2486910994764397,161
1008317.337696335,2005.7565445026178,42.47643979057592,1.9973821989528795,1.2591623036649215,3.0916230366492146,1.4607329842931938,1.7539267015706805,1.2486910994764397,144
1008317.337696335,2005.7565445026178,42.47643979057592,1.9973821989528795,1.2591623036649215,3.0916230366492146,1.4607329842931938,1.7539267015706805,1.2486910994764397,110
1008317.337696335,2005.7565445026178,42.47643979057592,1.9973821989528795,1.2591623036649215,3.0916230366492146,1.4607329842931938,1.7539267015706805,1.2486910994764397,145
1008317.337696335,2005.7565445026178,42.47643979057592,1.9973821989528795,1.2591623036649215,3.0916230366492146,1.4607329842931938,1.7539267015706805,1.2486910994764397,144
1008317.337696335,2005.7565445026178,42.47643979057592,1.9973821989528795,1.2591623036649215,3.0916230366492146,1.4607329842931938,1.7539267015706805,1.2486910994764397,172
1008317.337696335,2005.7565445026178,42.47643979057592,1.9973821989528795,1.2591623036649215,3.0916230366492146,1.4607329842931938,1.7539267015706805,1.2486910994764397,135
1008317.337696335,2005.7565445026178,42.47643979057592,1.9973821989528795,1.2591623036649215,3.0916230366492146,1.4607329842931938,1.7539267015706805,1.2486910994764397,114
1008317.337696335,2005.7565445026178,42.47643979057592,1.9973821989528795,1.2591623036649215,3.0916230366492146,1.4607329842931938,1.7539267015706805,1.2486910994764397,196
1008317.337696335,2005.7565445026178,42.47643979057592,1.9973821989528795,1.2591623036649215,3.0916230366492146,1.4607329842931938,1.7539267015706805,1.2486910994764397,114
1008317.337696335,2005.7565445026178,42.47643979057592,1.9973821989528795,1.2591623036649215,3.0916230366492146,1.4607329842931938,1.7539267015706805,1.2486910994764397,119
1008317.337696335,2005.7565445026178,42.47643979057592,1.9973821989528795,1.2591623036649215,3.0916230366492146,1.4607329842931938,1.7539267015706805,1.2486910994764397,135
1008317.337696335,2005.7565445026178,42.47643979057592,1.9973821989528795,1.2591623036649215,3.0916230366492146,1.4607329842931938,1.7539267015706805,1.2486910994764397,108
1008317.337696335,2005.7565445026178,42.47643979057592,1.9973821989528795,1.2591623036649215,3.0916230366492146,1.4607329842931938,1.7539267015706805,1.2486910994764397,108
1008317.337696335,2005.7565445026178,42.47643979057592,1.9973821989528795,1.2591623036649215,3.0916230366492146,1.4607329842931938,1.7539267015706805,1.2486910994764397,81
1008317.337696335,2005.7565445026178,42.47643979057592,1.9973821989528795,1.2591623036649215,3.0916230366492146,1.4607329842931938,1.7539267015706805,1.2486910994764397,147
1008317.337696335,2005.7565445026178,42.47643979057592,1.9973821989528795,1.2591623036649215,3.0916230366492146,1.4607329842931938,1.7539267015706805,1.2486910994764397,117
1008317.337696335,2005.7565445026178,42.47643979057592,1.9973821989528795,1.2591623036649215,3.0916230366492146,1.4607329842931938,1.7539267015706805,1.2486910994764397,110
1008317.337696335,2005.7565445026178,42.47643979057592,1.9973821989528795,1.2591623036649215,3.0916230366492146,1.4607329842931938,1.7539267015706805,1.2486910994764397,161
1008317.337696335,2005.7565445026178,42.47643979057592,1.9973821989528795,1.2591623036649215,3.0916230366492146,1.4607329842931938,1.7539267015706805,1.2486910994764397,104
1008317.337696335,2005.7565445026178,42.47643979057592,1.9973821989528795,1.2591623036649215,3.0916230366492146,1.4607329842931938,1.7539267015706805,1.2486910994764397,77
1008317.337696335,2005.7565445026178,42.47643979057592,1.9973821989528795,1.2591623036649215,3.0916230366492146,1.4607329842931938,1.7539267015706805,1.2486910994764397,114
1008317.337696335,2005.7565445026178,42.47643979057592,1.9973821989528795,1.2591623036649215,3.0916230366492146,1.4607329842931938,1.7539267015706805,1.2486910994764397,110
1008317.337696335,2005.7565445026178,42.47643979057592,1.9973821989528795,1.2591623036649215,3.0916230366492146,1.4607329842931938,1.7539267015706805,1.2486910994764397,110
1008317.337696335,2005.7565445026178,42.47643979057592,1.9973821989528795,1.2591623036649215,3.0916230366492146,1.4607329842931938,1.7539267015706805,1.2486910994764397,110
1008317.337696335,2005.7565445026178,42.47643979057592,1.9973821989528795,1.2591623036649215,3.0916230366492146,1.4607329842931938,1.7539267015706805,1.2486910994764397,88
1008317.337696335,2005.7565445026178,42.47643979057592,1.9973821989528795,1.2591623036649215,3.0916230366492146,1.4607329842931938,1.7539267015706805,1.2486910994764397,77
1008317.337696335,2005.7565445026178,42.47643979057592,1.9973821989528795,1.2591623036649215,3.0916230366492146,1.4607329842931938,1.7539267015706805,1.2486910994764397,118
1008317.337696335,2005.7565445026178,42.47643979057592,1.9973821989528795,1.2591623036649215,3.0916230366492146,1.4607329842931938,1.7539267015706805,1.2486910994764397,110
1008317.337696335,2005.7565445026178,42.47643979057592,1.9973821989528795,1.2591623036649215,3.0916230366492146,1.4607329842931938,1.7539267015706805,1.2486910994764397,63
1008317.337696335,2005.7565445026178,42.47643979057592,1.9973821989528795,1.2591623036649215,3.0916230366492146,1.4607329842931938,1.7539267015706805,1.2486910994764397,84
1008317.337696335,2005.7565445026178,42.47643979057592,1.9973821989528795,1.2591623036649215,3.0916230366492146,1.4607329842931938,1.7539267015706805,1.2486910994764397,114
1008317.337696335,2005.7565445026178,42.47643979057592,1.9973821989528795,1.2591623036649215,3.0916230366492146,1.4607329842931938,1.7539267015706805,1.2486910994764397,85
1008317.337696335,2005.7565445026178,42.47643979057592,1.9973821989528795,1.2591623036649215,3.0916230366492146,1.4607329842931938,1.7539267015706805,1.2486910994764397,114
1008317.337696335,2005.7565445026178,42.47643979057592,1.9973821989528795,1.2591623036649215,3.0916230366492146,1.4607329842931938,1.7539267015706805,1.2486910994764397,194
1008317.337696335,2005.7565445026178,42.47643979057592,1.9973821989528795,1.2591623036649215,3.0916230366492146,1.4607329842931938,1.7539267015706805,1.2486910994764397,77
1008317.337696335,2005.7565445026178,42.47643979057592,1.9973821989528795,1.2591623036649215,3.0916230366492146,1.4607329842931938,1.7539267015706805,1.2486910994764397,142
1008317.337696335,2005.7565445026178,42.47643979057592,1.9973821989528795,1.2591623036649215,3.0916230366492146,1.4607329842931938,1.7539267015706805,1.2486910994764397,69
1008317.337696335,2005.7565445026178,42.47643979057592,1.9973821989528795,1.2591623036649215,3.0916230366492146,1.4607329842931938,1.7539267015706805,1.2486910994764397,152
1008317.337696335,2005.7565445026178,42.47643979057592,1.9973821989528795,1.2591623036649215,3.0916230366492146,1.4607329842931938,1.7539267015706805,1.2486910994764397,161
1008317.337696335,2005.7565445026178,42.47643979057592,1.9973821989528795,1.2591623036649215,3.0916230366492146,1.4607329842931938,1.7539267015706805,1.2486910994764397,144
1008317.337696335,2005.7565445026178,42.47643979057592,1.9973821989528795,1.2591623036649215,3.0916230366492146,1.4607329842931938,1.7539267015706805,1.2486910994764397,161
1008317.337696335,2005.7565445026178,42.47643979057592,1.9973821989528795,1.2591623036649215,3.0916230366492146,1.4607329842931938,1.7539267015706805,1.2486910994764397,110
1008317.337696335,2005.7565445026178,42.47643979057592,1.9973821989528795,1.2591623036649215,3.0916230366492146,1.4607329842931938,1.7539267015706805,1.2486910994764397,196
1008317.337696335,2005.7565445026178,42.47643979057592,1.9973821989528795,1.2591623036649215,3.0916230366492146,1.4607329842931938,1.7539267015706805,1.2486910994764397,81
1008317.337696335,2005.7565445026178,42.47643979057592,1.9973821989528795,1.2591623036649215,3.0916230366492146,1.4607329842931938,1.7539267015706805,1.2486910994764397,104
1008317.337696335,2005.7565445026178,42.47643979057592,1.9973821989528795,1.2591623036649215,3.0916230366492146,1.4607329842931938,1.7539267015706805,1.2486910994764397,110
1008317.337696335,2005.7565445026178,42.47643979057592,1.9973821989528795,1.2591623036649215,3.0916230366492146,1.4607329842931938,1.7539267015706805,1.2486910994764397,82
1008317.337696335,2005.7565445026178,42.47643979057592,1.9973821989528795,1.2591623036649215,3.0916230366492146,1.4607329842931938,1.7539267015706805,1.2486910994764397,85
1008317.337696335,2005.7565445026178,42.47643979057592,1.9973821989528795,1.2591623036649215,3.0916230366492146,1.4607329842931938,1.7539267015706805,1.2486910994764397,104
1008317.337696335,2005.7565445026178,42.47643979057592,1.9973821989528795,1.2591623036649215,3.0916230366492146,1.4607329842931938,1.7539267015706805,1.2486910994764397,114
1008317.337696335,2005.7565445026178,42.47643979057592,1.9973821989528795,1.2591623036649215,3.0916230366492146,1.4607329842931938,1.7539267015706805,1.2486910994764397,78
1008317.337696335,2005.7565445026178,42.47643979057592,1.9973821989528795,1.2591623036649215,3.0916230366492146,1.4607329842931938,1.7539267015706805,1.2486910994764397,145
1008317.337696335,2005.7565445026178,42.47643979057592,1.9973821989528795,1.2591623036649215,3.0916230366492146,1.4607329842931938,1.7539267015706805,1.2486910994764397,85
1008317.337696335,2005.7565445026178,42.47643979057592,1.9973821989528795,1.2591623036649215,3.0916230366492146,1.4607329842931938,1.7539267015706805,1.2486910994764397,84
1008317.337696335,2005.7565445026178,42.47643979057592,1.9973821989528795,1.2591623036649215,3.0916230366492146,1.4607329842931938,1.7539267015706805,1.2486910994764397,110
1008317.337696335,2005.7565445026178,42.47643979057592,1.9973821989528795,1.2591623036649215,3.0916230366492146,1.4607329842931938,1.7539267015706805,1.2486910994764397,180
1008317.337696335,2005.7565445026178,42.47643979057592,1.9973821989528795,1.2591623036649215,3.0916230366492146,1.4607329842931938,1.7539267015706805,1.2486910994764397,119
1008317.337696335,2005.7565445026178,42.47643979057592,1.9973821989528795,1.2591623036649215,3.0916230366492146,1.4607329842931938,1.7539267015706805,1.2486910994764397,84
1008317.337696335,2005.7565445026178,42.47643979057592,1.9973821989528795,1.2591623036649215,3.0916230366492146,1.4607329842931938,1.7539267015706805,1.2486910994764397,118
1008317.337696335,2005.7565445026178,42.47643979057592,1.9973821989528795,1.2591623036649215,3.0916230366492146,1.4607329842931938,1.7539267015706805,1.2486910994764397,161
1008317.337696335,2005.7565445026178,42.47643979057592,1.9973821989528795,1.2591623036649215,3.0916230366492146,1.4607329842931938,1.7539267015706805,1.2486910994764397,110
1008317.337696335,2005.7565445026178,42.47643979057592,1.9973821989528795,1.2591623036649215,3.0916230366492146,1.4607329842931938,1.7539267015706805,1.2486910994764397,135
1008317.337696335,2005.7565445026178,42.47643979057592,1.9973821989528795,1.2591623036649215,3.0916230366492146,1.4607329842931938,1.7539267015706805,1.2486910994764397,114
1008317.337696335,2005.7565445026178,42.47643979057592,1.9973821989528795,1.2591623036649215,3.0916230366492146,1.4607329842931938,1.7539267015706805,1.2486910994764397,161
1008317.337696335,2005.7565445026178,42.47643979057592,1.9973821989528795,1.2591623036649215,3.0916230366492146,1.4607329842931938,1.7539267015706805,1.2486910994764397,77
1008317.337696335,2005.7565445026178,42.47643979057592,1.9973821989528795,1.2591623036649215,3.0916230366492146,1.4607329842931938,1.7539267015706805,1.2486910994764397,84
1008317.337696335,2005.7565445026178,42.47643979057592,1.9973821989528795,1.2591623036649215,3.0916230366492146,1.4607329842931938,1.7539267015706805,1.2486910994764397,135
1008317.337696335,2005.7565445026178,42.47643979057592,1.9973821989528795,1.2591623036649215,3.0916230366492146,1.4607329842931938,1.7539267015706805,1.2486910994764397,39
1008317.337696335,2005.7565445026178,42.47643979057592,1.9973821989528795,1.2591623036649215,3.0916230366492146,1.4607329842931938,1.7539267015706805,1.2486910994764397,135
1008317.337696335,2005.7565445026178,42.47643979057592,1.9973821989528795,1.2591623036649215,3.0916230366492146,1.4607329842931938,1.7539267015706805,1.2486910994764397,114
1008317.337696335,2005.7565445026178,42.47643979057592,1.9973821989528795,1.2591623036649215,3.0916230366492146,1.4607329842931938,1.7539267015706805,1.2486910994764397,110
1008317.337696335,2005.7565445026178,42.47643979057592,1.9973821989528795,1.2591623036649215,3.0916230366492146,1.4607329842931938,1.7539267015706805,1.2486910994764397,110
1008317.337696335,2005.7565445026178,42.47643979057592,1.9973821989528795,1.2591623036649215,3.0916230366492146,1.4607329842931938,1.7539267015706805,1.2486910994764397,144
1008317.337696335,2005.7565445026178,42.47643979057592,1.9973821989528795,1.2591623036649215,3.0916230366492146,1.4607329842931938,1.7539267015706805,1.2486910994764397,145
1008317.337696335,2005.7565445026178,42.47643979057592,1.9973821989528795,1.2591623036649215,3.0916230366492146,1.4607329842931938,1.7539267015706805,1.2486910994764397,114
1008317.337696335,2005.7565445026178,42.47643979057592,1.9973821989528795,1.2591623036649215,3.0916230366492146,1.4607329842931938,1.7539267015706805,1.2486910994764397,146
1008317.337696335,2005.7565445026178,42.47643979057592,1.9973821989528795,1.2591623036649215,3.0916230366492146,1.4607329842931938,1.7539267015706805,1.2486910994764397,119
1008317.337696335,2005.7565445026178,42.47643979057592,1.9973821989528795,1.2591623036649215,3.0916230366492146,1.4607329842931938,1.7539267015706805,1.2486910994764397,119
1008317.337696335,2005.7565445026178,42.47643979057592,1.9973821989528795,1.2591623036649215,3.0916230366492146,1.4607329842931938,1.7539267015706805,1.2486910994764397,111
1008317.337696335,2005.7565445026178,42.47643979057592,1.9973821989528795,1.2591623036649215,3.0916230366492146,1.4607329842931938,1.7539267015706805,1.2486910994764397,119
1008317.337696335,2005.7565445026178,42.47643979057592,1.9973821989528795,1.2591623036649215,3.0916230366492146,1.4607329842931938,1.7539267015706805,1.2486910994764397,145
1008317.337696335,2005.7565445026178,42.47643979057592,1.9973821989528795,1.2591623036649215,3.0916230366492146,1.4607329842931938,1.7539267015706805,1.2486910994764397,61
1008317.337696335,2005.7565445026178,42.47643979057592,1.9973821989528795,1.2591623036649215,3.0916230366492146,1.4607329842931938,1.7539267015706805,1.2486910994764397,108
1008317.337696335,2005.7565445026178,42.47643979057592,1.9973821989528795,1.2591623036649215,3.0916230366492146,1.4607329842931938,1.7539267015706805,1.2486910994764397,85
1008317.337696335,2005.7565445026178,42.47643979057592,1.9973821989528795,1.2591623036649215,3.0916230366492146,1.4607329842931938,1.7539267015706805,1.2486910994764397,77
1008317.337696335,2005.7565445026178,42.47643979057592,1.9973821989528795,1.2591623036649215,3.0916230366492146,1.4607329842931938,1.7539267015706805,1.2486910994764397,119
1008317.337696335,2005.7565445026178,42.47643979057592,1.9973821989528795,1.2591623036649215,3.0916230366492146,1.4607329842931938,1.7539267015706805,1.2486910994764397,108
1008317.337696335,2005.7565445026178,42.47643979057592,1.9973821989528795,1.2591623036649215,3.0916230366492146,1.4607329842931938,1.7539267015706805,1.2486910994764397,114
1008317.337696335,2005.7565445026178,42.47643979057592,1.9973821989528795,1.2591623036649215,3.0916230366492146,1.4607329842931938,1.7539267015706805,1.2486910994764397,158
1008317.337696335,2005.7565445026178,42.47643979057592,1.9973821989528795,1.2591623036649215,3.0916230366492146,1.4607329842931938,1.7539267015706805,1.2486910994764397,77
1008317.337696335,2005.7565445026178,42.47643979057592,1.9973821989528795,1.2591623036649215,3.0916230366492146,1.4607329842931938,1.7539267015706805,1.2486910994764397,85
1008317.337696335,2005.7565445026178,42.47643979057592,1.9973821989528795,1.2591623036649215,3.0916230366492146,1.4607329842931938,1.7539267015706805,1.2486910994764397,63
1008317.337696335,2005.7565445026178,42.47643979057592,1.9973821989528795,1.2591623036649215,3.0916230366492146,1.4607329842931938,1.7539267015706805,1.2486910994764397,78
1008317.337696335,2005.7565445026178,42.47643979057592,1.9973821989528795,1.2591623036649215,3.0916230366492146,1.4607329842931938,1.7539267015706805,1.2486910994764397,135
1008317.337696335,2005.7565445026178,42.47643979057592,1.9973821989528795,1.2591623036649215,3.0916230366492146,1.4607329842931938,1.7539267015706805,1.2486910994764397,119
1008317.337696335,2005.7565445026178,42.47643979057592,1.9973821989528795,1.2591623036649215,3.0916230366492146,1.4607329842931938,1.7539267015706805,1.2486910994764397,108
1008317.337696335,2005.7565445026178,42.47643979057592,1.9973821989528795,1.2591623036649215,3.0916230366492146,1.4607329842931938,1.7539267015706805,1.2486910994764397,110
1008317.337696335,2005.7565445026178,42.47643979057592,1.9973821989528795,1.2591623036649215,3.0916230366492146,1.4607329842931938,1.7539267015706805,1.2486910994764397,76
1008317.337696335,2005.7565445026178,42.47643979057592,1.9973821989528795,1.2591623036649215,3.0916230366492146,1.4607329842931938,1.7539267015706805,1.2486910994764397,88
