1023283.10626703,2005.8882833787466,42.25068119891008,1.9346049046321525,1.2752043596730245,2.9209809264305178,1.5095367847411445,1.6948228882833787,1.326975476839237,172
1023283.10626703,2005.8882833787466,42.25068119891008,1.9346049046321525,1.2752043596730245,2.9209809264305178,1.5095367847411445,1.6948228882833787,1.326975476839237,78
1023283.10626703,2005.8882833787466,42.25068119891008,1.9346049046321525,1.2752043596730245,2.9209809264305178,1.5095367847411445,1.6948228882833787,1.326975476839237,81
1023283.10626703,2005.8882833787466,42.25068119891008,1.9346049046321525,1.2752043596730245,2.9209809264305178,1.5095367847411445,1.6948228882833787,1.326975476839237,119
1023283.10626703,2005.8882833787466,42.25068119891008,1.9346049046321525,1.2752043596730245,2.9209809264305178,1.5095367847411445,1.6948228882833787,1.326975476839237,112
1023283.10626703,2005.8882833787466,42.25068119891008,1.9346049046321525,1.2752043596730245,2.9209809264305178,1.5095367847411445,1.6948228882833787,1.326975476839237,83
1023283.10626703,2005.8882833787466,42.25068119891008,1.9346049046321525,1.2752043596730245,2.9209809264305178,1.5095367847411445,1.6948228882833787,1.326975476839237,136
1023283.10626703,2005.8882833787466,42.25068119891008,1.9346049046321525,1.2752043596730245,2.9209809264305178,1.5095367847411445,1.6948228882833787,1.326975476839237,201
1023283.10626703,2005.8882833787466,42.25068119891008,1.9346049046321525,1.2752043596730245,2.9209809264305178,1.5095367847411445,1.6948228882833787,1.326975476839237,145
1023283.10626703,2005.8882833787466,42.25068119891008,1.9346049046321525,1.2752043596730245,2.9209809264305178,1.5095367847411445,1.6948228882833787,1.326975476839237,126
1023283.10626703,2005.8882833787466,42.25068119891008,1.9346049046321525,1.2752043596730245,2.9209809264305178,1.5095367847411445,1.6948228882833787,1.326975476839237,65
1023283.10626703,2005.8882833787466,42.25068119891008,1.9346049046321525,1.2752043596730245,2.9209809264305178,1.5095367847411445,1.6948228882833787,1.326975476839237,65
1023283.10626703,2005.8882833787466,42.25068119891008,1.9346049046321525,1.2752043596730245,2.9209809264305178,1.5095367847411445,1.6948228882833787,1.326975476839237,74
1023283.10626703,2005.8882833787466,42.25068119891008,1.9346049046321525,1.2752043596730245,2.9209809264305178,1.5095367847411445,1.6948228882833787,1.326975476839237,97
1023283.10626703,2005.8882833787466,42.25068119891008,1.9346049046321525,1.2752043596730245,2.9209809264305178,1.5095367847411445,1.6948228882833787,1.326975476839237,50
1023283.10626703,2005.8882833787466,42.25068119891008,1.9346049046321525,1.2752043596730245,2.9209809264305178,1.5095367847411445,1.6948228882833787,1.326975476839237,119
1023283.10626703,2005.8882833787466,42.25068119891008,1.9346049046321525,1.2752043596730245,2.9209809264305178,1.5095367847411445,1.6948228882833787,1.326975476839237,155
1023283.10626703,2005.8882833787466,42.25068119891008,1.9346049046321525,1.2752043596730245,2.9209809264305178,1.5095367847411445,1.6948228882833787,1.326975476839237,74
1023283.10626703,2005.8882833787466,42.25068119891008,1.9346049046321525,1.2752043596730245,2.9209809264305178,1.5095367847411445,1.6948228882833787,1.326975476839237,74
1023283.10626703,2005.8882833787466,42.25068119891008,1.9346049046321525,1.2752043596730245,2.9209809264305178,1.5095367847411445,1.6948228882833787,1.326975476839237,119
1023283.10626703,2005.8882833787466,42.25068119891008,1.9346049046321525,1.2752043596730245,2.9209809264305178,1.5095367847411445,1.6948228882833787,1.326975476839237,74
1023283.10626703,2005.8882833787466,42.25068119891008,1.9346049046321525,1.2752043596730245,2.9209809264305178,1.5095367847411445,1.6948228882833787,1.326975476839237,81
1023283.10626703,2005.8882833787466,42.25068119891008,1.9346049046321525,1.2752043596730245,2.9209809264305178,1.5095367847411445,1.6948228882833787,1.326975476839237,81
1023283.10626703,2005.8882833787466,42.25068119891008,1.9346049046321525,1.2752043596730245,2.9209809264305178,1.5095367847411445,1.6948228882833787,1.326975476839237,81
1023283.10626703,2005.8882833787466,42.25068119891008,1.9346049046321525,1.2752043596730245,2.9209809264305178,1.5095367847411445,1.6948228882833787,1.326975476839237,89
1023283.10626703,2005.8882833787466,42.25068119891008,1.9346049046321525,1.2752043596730245,2.9209809264305178,1.5095367847411445,1.6948228882833787,1.326975476839237,81
1023283.10626703,2005.8882833787466,42.25068119891008,1.9346049046321525,1.2752043596730245,2.9209809264305178,1.5095367847411445,1.6948228882833787,1.326975476839237,92
1023283.10626703,2005.8882833787466,42.25068119891008,1.9346049046321525,1.2752043596730245,2.9209809264305178,1.5095367847411445,1.6948228882833787,1.326975476839237,47
1023283.10626703,2005.8882833787466,42.25068119891008,1.9346049046321525,1.2752043596730245,2.9209809264305178,1.5095367847411445,1.6948228882833787,1.326975476839237,121
1023283.10626703,2005.8882833787466,42.25068119891008,1.9346049046321525,1.2752043596730245,2.9209809264305178,1.5095367847411445,1.6948228882833787,1.326975476839237,104
1023283.10626703,2005.8882833787466,42.25068119891008,1.9346049046321525,1.2752043596730245,2.9209809264305178,1.5095367847411445,1.6948228882833787,1.326975476839237,97
1023283.10626703,2005.8882833787466,42.25068119891008,1.9346049046321525,1.2752043596730245,2.9209809264305178,1.5095367847411445,1.6948228882833787,1.326975476839237,81
1023283.10626703,2005.8882833787466,42.25068119891008,1.9346049046321525,1.2752043596730245,2.9209809264305178,1.5095367847411445,1.6948228882833787,1.326975476839237,121
1023283.10626703,2005.8882833787466,42.25068119891008,1.9346049046321525,1.2752043596730245,2.9209809264305178,1.5095367847411445,1.6948228882833787,1.326975476839237,119
1023283.10626703,2005.8882833787466,42.25068119891008,1.9346049046321525,1.2752043596730245,2.9209809264305178,1.5095367847411445,1.6948228882833787,1.326975476839237,81
1023283.10626703,2005.8882833787466,42.25068119891008,1.9346049046321525,1.2752043596730245,2.9209809264305178,1.5095367847411445,1.6948228882833787,1.326975476839237,119
1023283.10626703,2005.8882833787466,42.25068119891008,1.9346049046321525,1.2752043596730245,2.9209809264305178,1.5095367847411445,1.6948228882833787,1.326975476839237,74
1023283.10626703,2005.8882833787466,42.25068119891008,1.9346049046321525,1.2752043596730245,2.9209809264305178,1.5095367847411445,1.6948228882833787,1.326975476839237,50
1023283.10626703,2005.8882833787466,42.25068119891008,1.9346049046321525,1.2752043596730245,2.9209809264305178,1.5095367847411445,1.6948228882833787,1.326975476839237,140
1023283.10626703,2005.8882833787466,42.25068119891008,1.9346049046321525,1.2752043596730245,2.9209809264305178,1.5095367847411445,1.6948228882833787,1.326975476839237,83
1023283.10626703,2005.8882833787466,42.25068119891008,1.9346049046321525,1.2752043596730245,2.9209809264305178,1.5095367847411445,1.6948228882833787,1.326975476839237,65
1023283.10626703,2005.8882833787466,42.25068119891008,1.9346049046321525,1.2752043596730245,2.9209809264305178,1.5095367847411445,1.6948228882833787,1.326975476839237,65
1023283.10626703,2005.8882833787466,42.25068119891008,1.9346049046321525,1.2752043596730245,2.9209809264305178,1.5095367847411445,1.6948228882833787,1.326975476839237,89
1023283.10626703,2005.8882833787466,42.25068119891008,1.9346049046321525,1.2752043596730245,2.9209809264305178,1.5095367847411445,1.6948228882833787,1.326975476839237,92
1023283.10626703,2005.8882833787466,42.25068119891008,1.9346049046321525,1.2752043596730245,2.9209809264305178,1.5095367847411445,1.6948228882833787,1.326975476839237,140
1023283.10626703,2005.8882833787466,42.25068119891008,1.9346049046321525,1.2752043596730245,2.9209809264305178,1.5095367847411445,1.6948228882833787,1.326975476839237,155
1023283.10626703,2005.8882833787466,42.25068119891008,1.9346049046321525,1.2752043596730245,2.9209809264305178,1.5095367847411445,1.6948228882833787,1.326975476839237,119
1023283.10626703,2005.8882833787466,42.25068119891008,1.9346049046321525,1.2752043596730245,2.9209809264305178,1.5095367847411445,1.6948228882833787,1.326975476839237,83
1023283.10626703,2005.8882833787466,42.25068119891008,1.9346049046321525,1.2752043596730245,2.9209809264305178,1.5095367847411445,1.6948228882833787,1.326975476839237,104
1023283.10626703,2005.8882833787466,42.25068119891008,1.9346049046321525,1.2752043596730245,2.9209809264305178,1.5095367847411445,1.6948228882833787,1.326975476839237,119
1023283.10626703,2005.8882833787466,42.25068119891008,1.9346049046321525,1.2752043596730245,2.9209809264305178,1.5095367847411445,1.6948228882833787,1.326975476839237,74
1023283.10626703,2005.8882833787466,42.25068119891008,1.9346049046321525,1.2752043596730245,2.9209809264305178,1.5095367847411445,1.6948228882833787,1.326975476839237,92
1023283.10626703,2005.8882833787466,42.25068119891008,1.9346049046321525,1.2752043596730245,2.9209809264305178,1.5095367847411445,1.6948228882833787,1.326975476839237,175
1023283.10626703,2005.8882833787466,42.25068119891008,1.9346049046321525,1.2752043596730245,2.9209809264305178,1.5095367847411445,1.6948228882833787,1.326975476839237,83
1023283.10626703,2005.8882833787466,42.25068119891008,1.9346049046321525,1.2752043596730245,2.9209809264305178,1.5095367847411445,1.6948228882833787,1.326975476839237,97
1023283.10626703,2005.8882833787466,42.25068119891008,1.9346049046321525,1.2752043596730245,2.9209809264305178,1.5095367847411445,1.6948228882833787,1.326975476839237,103
1023283.10626703,2005.8882833787466,42.25068119891008,1.9346049046321525,1.2752043596730245,2.9209809264305178,1.5095367847411445,1.6948228882833787,1.326975476839237,162
1023283.10626703,2005.8882833787466,42.25068119891008,1.9346049046321525,1.2752043596730245,2.9209809264305178,1.5095367847411445,1.6948228882833787,1.326975476839237,137
1023283.10626703,2005.8882833787466,42.25068119891008,1.9346049046321525,1.2752043596730245,2.9209809264305178,1.5095367847411445,1.6948228882833787,1.326975476839237,201
1023283.10626703,2005.8882833787466,42.25068119891008,1.9346049046321525,1.2752043596730245,2.9209809264305178,1.5095367847411445,1.6948228882833787,1.326975476839237,119
1023283.10626703,2005.8882833787466,42.25068119891008,1.9346049046321525,1.2752043596730245,2.9209809264305178,1.5095367847411445,1.6948228882833787,1.326975476839237,81
1023283.10626703,2005.8882833787466,42.25068119891008,1.9346049046321525,1.2752043596730245,2.9209809264305178,1.5095367847411445,1.6948228882833787,1.326975476839237,140
1023283.10626703,2005.8882833787466,42.25068119891008,1.9346049046321525,1.2752043596730245,2.9209809264305178,1.5095367847411445,1.6948228882833787,1.326975476839237,89
1023283.10626703,2005.8882833787466,42.25068119891008,1.9346049046321525,1.2752043596730245,2.9209809264305178,1.5095367847411445,1.6948228882833787,1.326975476839237,119
1023283.10626703,2005.8882833787466,42.25068119891008,1.9346049046321525,1.2752043596730245,2.9209809264305178,1.5095367847411445,1.6948228882833787,1.326975476839237,119
1023283.10626703,2005.8882833787466,42.25068119891008,1.9346049046321525,1.2752043596730245,2.9209809264305178,1.5095367847411445,1.6948228882833787,1.326975476839237,81
1023283.10626703,2005.8882833787466,42.25068119891008,1.9346049046321525,1.2752043596730245,2.9209809264305178,1.5095367847411445,1.6948228882833787,1.326975476839237,65
1023283.10626703,2005.8882833787466,42.25068119891008,1.9346049046321525,1.2752043596730245,2.9209809264305178,1.5095367847411445,1.6948228882833787,1.326975476839237,83
1023283.10626703,2005.8882833787466,42.25068119891008,1.9346049046321525,1.2752043596730245,2.9209809264305178,1.5095367847411445,1.6948228882833787,1.326975476839237,119
1023283.10626703,2005.8882833787466,42.25068119891008,1.9346049046321525,1.2752043596730245,2.9209809264305178,1.5095367847411445,1.6948228882833787,1.326975476839237,97
1023283.10626703,2005.8882833787466,42.25068119891008,1.9346049046321525,1.2752043596730245,2.9209809264305178,1.5095367847411445,1.6948228882833787,1.326975476839237,83
1023283.10626703,2005.8882833787466,42.25068119891008,1.9346049046321525,1.2752043596730245,2.9209809264305178,1.5095367847411445,1.6948228882833787,1.326975476839237,119
1023283.10626703,2005.8882833787466,42.25068119891008,1.9346049046321525,1.2752043596730245,2.9209809264305178,1.5095367847411445,1.6948228882833787,1.326975476839237,83
1023283.10626703,2005.8882833787466,42.25068119891008,1.9346049046321525,1.2752043596730245,2.9209809264305178,1.5095367847411445,1.6948228882833787,1.326975476839237,65
1023283.10626703,2005.8882833787466,42.25068119891008,1.9346049046321525,1.2752043596730245,2.9209809264305178,1.5095367847411445,1.6948228882833787,1.326975476839237,103
1023283.10626703,2005.8882833787466,42.25068119891008,1.9346049046321525,1.2752043596730245,2.9209809264305178,1.5095367847411445,1.6948228882833787,1.326975476839237,140
1023283.10626703,2005.8882833787466,42.25068119891008,1.9346049046321525,1.2752043596730245,2.9209809264305178,1.5095367847411445,1.6948228882833787,1.326975476839237,81
1023283.10626703,2005.8882833787466,42.25068119891008,1.9346049046321525,1.2752043596730245,2.9209809264305178,1.5095367847411445,1.6948228882833787,1.326975476839237,145
1023283.10626703,2005.8882833787466,42.25068119891008,1.9346049046321525,1.2752043596730245,2.9209809264305178,1.5095367847411445,1.6948228882833787,1.326975476839237,136
1023283.10626703,2005.8882833787466,42.25068119891008,1.9346049046321525,1.2752043596730245,2.9209809264305178,1.5095367847411445,1.6948228882833787,1.326975476839237,121
1023283.10626703,2005.8882833787466,42.25068119891008,1.9346049046321525,1.2752043596730245,2.9209809264305178,1.5095367847411445,1.6948228882833787,1.326975476839237,201
1023283.10626703,2005.8882833787466,42.25068119891008,1.9346049046321525,1.2752043596730245,2.9209809264305178,1.5095367847411445,1.6948228882833787,1.326975476839237,92
1023283.10626703,2005.8882833787466,42.25068119891008,1.9346049046321525,1.2752043596730245,2.9209809264305178,1.5095367847411445,1.6948228882833787,1.326975476839237,104
1023283.10626703,2005.8882833787466,42.25068119891008,1.9346049046321525,1.2752043596730245,2.9209809264305178,1.5095367847411445,1.6948228882833787,1.326975476839237,81
1023283.10626703,2005.8882833787466,42.25068119891008,1.9346049046321525,1.2752043596730245,2.9209809264305178,1.5095367847411445,1.6948228882833787,1.326975476839237,83
1023283.10626703,2005.8882833787466,42.25068119891008,1.9346049046321525,1.2752043596730245,2.9209809264305178,1.5095367847411445,1.6948228882833787,1.326975476839237,81
1023283.10626703,2005.8882833787466,42.25068119891008,1.9346049046321525,1.2752043596730245,2.9209809264305178,1.5095367847411445,1.6948228882833787,1.326975476839237,155
1023283.10626703,2005.8882833787466,42.25068119891008,1.9346049046321525,1.2752043596730245,2.9209809264305178,1.5095367847411445,1.6948228882833787,1.326975476839237,78
1023283.10626703,2005.8882833787466,42.25068119891008,1.9346049046321525,1.2752043596730245,2.9209809264305178,1.5095367847411445,1.6948228882833787,1.326975476839237,172
1023283.10626703,2005.8882833787466,42.25068119891008,1.9346049046321525,1.2752043596730245,2.9209809264305178,1.5095367847411445,1.6948228882833787,1.326975476839237,74
1023283.10626703,2005.8882833787466,42.25068119891008,1.9346049046321525,1.2752043596730245,2.9209809264305178,1.5095367847411445,1.6948228882833787,1.326975476839237,50
1023283.10626703,2005.8882833787466,42.25068119891008,1.9346049046321525,1.2752043596730245,2.9209809264305178,1.5095367847411445,1.6948228882833787,1.326975476839237,104
1023283.10626703,2005.8882833787466,42.25068119891008,1.9346049046321525,1.2752043596730245,2.9209809264305178,1.5095367847411445,1.6948228882833787,1.326975476839237,74
1023283.10626703,2005.8882833787466,42.25068119891008,1.9346049046321525,1.2752043596730245,2.9209809264305178,1.5095367847411445,1.6948228882833787,1.326975476839237,92
1023283.10626703,2005.8882833787466,42.25068119891008,1.9346049046321525,1.2752043596730245,2.9209809264305178,1.5095367847411445,1.6948228882833787,1.326975476839237,112
1023283.10626703,2005.8882833787466,42.25068119891008,1.9346049046321525,1.2752043596730245,2.9209809264305178,1.5095367847411445,1.6948228882833787,1.326975476839237,74
1023283.10626703,2005.8882833787466,42.25068119891008,1.9346049046321525,1.2752043596730245,2.9209809264305178,1.5095367847411445,1.6948228882833787,1.326975476839237,97
1023283.10626703,2005.8882833787466,42.25068119891008,1.9346049046321525,1.2752043596730245,2.9209809264305178,1.5095367847411445,1.6948228882833787,1.326975476839237,65
1023283.10626703,2005.8882833787466,42.25068119891008,1.9346049046321525,1.2752043596730245,2.9209809264305178,1.5095367847411445,1.6948228882833787,1.326975476839237,74
1023283.10626703,2005.8882833787466,42.25068119891008,1.9346049046321525,1.2752043596730245,2.9209809264305178,1.5095367847411445,1.6948228882833787,1.326975476839237,65
1023283.10626703,2005.8882833787466,42.25068119891008,1.9346049046321525,1.2752043596730245,2.9209809264305178,1.5095367847411445,1.6948228882833787,1.326975476839237,81
1023283.10626703,2005.8882833787466,42.25068119891008,1.9346049046321525,1.2752043596730245,2.9209809264305178,1.5095367847411445,1.6948228882833787,1.326975476839237,126
1023283.10626703,2005.8882833787466,42.25068119891008,1.9346049046321525,1.2752043596730245,2.9209809264305178,1.5095367847411445,1.6948228882833787,1.326975476839237,119
1023283.10626703,2005.8882833787466,42.25068119891008,1.9346049046321525,1.2752043596730245,2.9209809264305178,1.5095367847411445,1.6948228882833787,1.326975476839237,97
1023283.10626703,2005.8882833787466,42.25068119891008,1.9346049046321525,1.2752043596730245,2.9209809264305178,1.5095367847411445,1.6948228882833787,1.326975476839237,81
1023283.10626703,2005.8882833787466,42.25068119891008,1.9346049046321525,1.2752043596730245,2.9209809264305178,1.5095367847411445,1.6948228882833787,1.326975476839237,81
1023283.10626703,2005.8882833787466,42.25068119891008,1.9346049046321525,1.2752043596730245,2.9209809264305178,1.5095367847411445,1.6948228882833787,1.326975476839237,191
1023283.10626703,2005.8882833787466,42.25068119891008,1.9346049046321525,1.2752043596730245,2.9209809264305178,1.5095367847411445,1.6948228882833787,1.326975476839237,137
1023283.10626703,2005.8882833787466,42.25068119891008,1.9346049046321525,1.2752043596730245,2.9209809264305178,1.5095367847411445,1.6948228882833787,1.326975476839237,89
1023283.10626703,2005.8882833787466,42.25068119891008,1.9346049046321525,1.2752043596730245,2.9209809264305178,1.5095367847411445,1.6948228882833787,1.326975476839237,119
1023283.10626703,2005.8882833787466,42.25068119891008,1.9346049046321525,1.2752043596730245,2.9209809264305178,1.5095367847411445,1.6948228882833787,1.326975476839237,74
1023283.10626703,2005.8882833787466,42.25068119891008,1.9346049046321525,1.2752043596730245,2.9209809264305178,1.5095367847411445,1.6948228882833787,1.326975476839237,74
1023283.10626703,2005.8882833787466,42.25068119891008,1.9346049046321525,1.2752043596730245,2.9209809264305178,1.5095367847411445,1.6948228882833787,1.326975476839237,92
1023283.10626703,2005.8882833787466,42.25068119891008,1.9346049046321525,1.2752043596730245,2.9209809264305178,1.5095367847411445,1.6948228882833787,1.326975476839237,201
1023283.10626703,2005.8882833787466,42.25068119891008,1.9346049046321525,1.2752043596730245,2.9209809264305178,1.5095367847411445,1.6948228882833787,1.326975476839237,121
1023283.10626703,2005.8882833787466,42.25068119891008,1.9346049046321525,1.2752043596730245,2.9209809264305178,1.5095367847411445,1.6948228882833787,1.326975476839237,146
1023283.10626703,2005.8882833787466,42.25068119891008,1.9346049046321525,1.2752043596730245,2.9209809264305178,1.5095367847411445,1.6948228882833787,1.326975476839237,81
1023283.10626703,2005.8882833787466,42.25068119891008,1.9346049046321525,1.2752043596730245,2.9209809264305178,1.5095367847411445,1.6948228882833787,1.326975476839237,74
1023283.10626703,2005.8882833787466,42.25068119891008,1.9346049046321525,1.2752043596730245,2.9209809264305178,1.5095367847411445,1.6948228882833787,1.326975476839237,97
1023283.10626703,2005.8882833787466,42.25068119891008,1.9346049046321525,1.2752043596730245,2.9209809264305178,1.5095367847411445,1.6948228882833787,1.326975476839237,81
1023283.10626703,2005.8882833787466,42.25068119891008,1.9346049046321525,1.2752043596730245,2.9209809264305178,1.5095367847411445,1.6948228882833787,1.326975476839237,65
1023283.10626703,2005.8882833787466,42.25068119891008,1.9346049046321525,1.2752043596730245,2.9209809264305178,1.5095367847411445,1.6948228882833787,1.326975476839237,83
1023283.10626703,2005.8882833787466,42.25068119891008,1.9346049046321525,1.2752043596730245,2.9209809264305178,1.5095367847411445,1.6948228882833787,1.326975476839237,119
1023283.10626703,2005.8882833787466,42.25068119891008,1.9346049046321525,1.2752043596730245,2.9209809264305178,1.5095367847411445,1.6948228882833787,1.326975476839237,119
1023283.10626703,2005.8882833787466,42.25068119891008,1.9346049046321525,1.2752043596730245,2.9209809264305178,1.5095367847411445,1.6948228882833787,1.326975476839237,74
1023283.10626703,2005.8882833787466,42.25068119891008,1.9346049046321525,1.2752043596730245,2.9209809264305178,1.5095367847411445,1.6948228882833787,1.326975476839237,146
1023283.10626703,2005.8882833787466,42.25068119891008,1.9346049046321525,1.2752043596730245,2.9209809264305178,1.5095367847411445,1.6948228882833787,1.326975476839237,112
1023283.10626703,2005.8882833787466,42.25068119891008,1.9346049046321525,1.2752043596730245,2.9209809264305178,1.5095367847411445,1.6948228882833787,1.326975476839237,97
1023283.10626703,2005.8882833787466,42.25068119891008,1.9346049046321525,1.2752043596730245,2.9209809264305178,1.5095367847411445,1.6948228882833787,1.326975476839237,65
1023283.10626703,2005.8882833787466,42.25068119891008,1.9346049046321525,1.2752043596730245,2.9209809264305178,1.5095367847411445,1.6948228882833787,1.326975476839237,78
1023283.10626703,2005.8882833787466,42.25068119891008,1.9346049046321525,1.2752043596730245,2.9209809264305178,1.5095367847411445,1.6948228882833787,1.326975476839237,50
1023283.10626703,2005.8882833787466,42.25068119891008,1.9346049046321525,1.2752043596730245,2.9209809264305178,1.5095367847411445,1.6948228882833787,1.326975476839237,187
1023283.10626703,2005.8882833787466,42.25068119891008,1.9346049046321525,1.2752043596730245,2.9209809264305178,1.5095367847411445,1.6948228882833787,1.326975476839237,74
1023283.10626703,2005.8882833787466,42.25068119891008,1.9346049046321525,1.2752043596730245,2.9209809264305178,1.5095367847411445,1.6948228882833787,1.326975476839237,119
1023283.10626703,2005.8882833787466,42.25068119891008,1.9346049046321525,1.2752043596730245,2.9209809264305178,1.5095367847411445,1.6948228882833787,1.326975476839237,201
1023283.10626703,2005.8882833787466,42.25068119891008,1.9346049046321525,1.2752043596730245,2.9209809264305178,1.5095367847411445,1.6948228882833787,1.326975476839237,182
1023283.10626703,2005.8882833787466,42.25068119891008,1.9346049046321525,1.2752043596730245,2.9209809264305178,1.5095367847411445,1.6948228882833787,1.326975476839237,126
1023283.10626703,2005.8882833787466,42.25068119891008,1.9346049046321525,1.2752043596730245,2.9209809264305178,1.5095367847411445,1.6948228882833787,1.326975476839237,29
1023283.10626703,2005.8882833787466,42.25068119891008,1.9346049046321525,1.2752043596730245,2.9209809264305178,1.5095367847411445,1.6948228882833787,1.326975476839237,81
1023283.10626703,2005.8882833787466,42.25068119891008,1.9346049046321525,1.2752043596730245,2.9209809264305178,1.5095367847411445,1.6948228882833787,1.326975476839237,81
1023283.10626703,2005.8882833787466,42.25068119891008,1.9346049046321525,1.2752043596730245,2.9209809264305178,1.5095367847411445,1.6948228882833787,1.326975476839237,119
1023283.10626703,2005.8882833787466,42.25068119891008,1.9346049046321525,1.2752043596730245,2.9209809264305178,1.5095367847411445,1.6948228882833787,1.326975476839237,81
1023283.10626703,2005.8882833787466,42.25068119891008,1.9346049046321525,1.2752043596730245,2.9209809264305178,1.5095367847411445,1.6948228882833787,1.326975476839237,83
1023283.10626703,2005.8882833787466,42.25068119891008,1.9346049046321525,1.2752043596730245,2.9209809264305178,1.5095367847411445,1.6948228882833787,1.326975476839237,155
1023283.10626703,2005.8882833787466,42.25068119891008,1.9346049046321525,1.2752043596730245,2.9209809264305178,1.5095367847411445,1.6948228882833787,1.326975476839237,145
1023283.10626703,2005.8882833787466,42.25068119891008,1.9346049046321525,1.2752043596730245,2.9209809264305178,1.5095367847411445,1.6948228882833787,1.326975476839237,137
1023283.10626703,2005.8882833787466,42.25068119891008,1.9346049046321525,1.2752043596730245,2.9209809264305178,1.5095367847411445,1.6948228882833787,1.326975476839237,136
1023283.10626703,2005.8882833787466,42.25068119891008,1.9346049046321525,1.2752043596730245,2.9209809264305178,1.5095367847411445,1.6948228882833787,1.326975476839237,74
1023283.10626703,2005.8882833787466,42.25068119891008,1.9346049046321525,1.2752043596730245,2.9209809264305178,1.5095367847411445,1.6948228882833787,1.326975476839237,97
1023283.10626703,2005.8882833787466,42.25068119891008,1.9346049046321525,1.2752043596730245,2.9209809264305178,1.5095367847411445,1.6948228882833787,1.326975476839237,278
1023283.10626703,2005.8882833787466,42.25068119891008,1.9346049046321525,1.2752043596730245,2.9209809264305178,1.5095367847411445,1.6948228882833787,1.326975476839237,154
1023283.10626703,2005.8882833787466,42.25068119891008,1.9346049046321525,1.2752043596730245,2.9209809264305178,1.5095367847411445,1.6948228882833787,1.326975476839237,81
1023283.10626703,2005.8882833787466,42.25068119891008,1.9346049046321525,1.2752043596730245,2.9209809264305178,1.5095367847411445,1.6948228882833787,1.326975476839237,74
1023283.10626703,2005.8882833787466,42.25068119891008,1.9346049046321525,1.2752043596730245,2.9209809264305178,1.5095367847411445,1.6948228882833787,1.326975476839237,89
1023283.10626703,2005.8882833787466,42.25068119891008,1.9346049046321525,1.2752043596730245,2.9209809264305178,1.5095367847411445,1.6948228882833787,1.326975476839237,103
1023283.10626703,2005.8882833787466,42.25068119891008,1.9346049046321525,1.2752043596730245,2.9209809264305178,1.5095367847411445,1.6948228882833787,1.326975476839237,121
1023283.10626703,2005.8882833787466,42.25068119891008,1.9346049046321525,1.2752043596730245,2.9209809264305178,1.5095367847411445,1.6948228882833787,1.326975476839237,119
1023283.10626703,2005.8882833787466,42.25068119891008,1.9346049046321525,1.2752043596730245,2.9209809264305178,1.5095367847411445,1.6948228882833787,1.326975476839237,172
1023283.10626703,2005.8882833787466,42.25068119891008,1.9346049046321525,1.2752043596730245,2.9209809264305178,1.5095367847411445,1.6948228882833787,1.326975476839237,119
1023283.10626703,2005.8882833787466,42.25068119891008,1.9346049046321525,1.2752043596730245,2.9209809264305178,1.5095367847411445,1.6948228882833787,1.326975476839237,140
1023283.10626703,2005.8882833787466,42.25068119891008,1.9346049046321525,1.2752043596730245,2.9209809264305178,1.5095367847411445,1.6948228882833787,1.326975476839237,119
1023283.10626703,2005.8882833787466,42.25068119891008,1.9346049046321525,1.2752043596730245,2.9209809264305178,1.5095367847411445,1.6948228882833787,1.326975476839237,104
1023283.10626703,2005.8882833787466,42.25068119891008,1.9346049046321525,1.2752043596730245,2.9209809264305178,1.5095367847411445,1.6948228882833787,1.326975476839237,201
1023283.10626703,2005.8882833787466,42.25068119891008,1.9346049046321525,1.2752043596730245,2.9209809264305178,1.5095367847411445,1.6948228882833787,1.326975476839237,81
1023283.10626703,2005.8882833787466,42.25068119891008,1.9346049046321525,1.2752043596730245,2.9209809264305178,1.5095367847411445,1.6948228882833787,1.326975476839237,74
1023283.10626703,2005.8882833787466,42.25068119891008,1.9346049046321525,1.2752043596730245,2.9209809264305178,1.5095367847411445,1.6948228882833787,1.326975476839237,130
1023283.10626703,2005.8882833787466,42.25068119891008,1.9346049046321525,1.2752043596730245,2.9209809264305178,1.5095367847411445,1.6948228882833787,1.326975476839237,92
1023283.10626703,2005.8882833787466,42.25068119891008,1.9346049046321525,1.2752043596730245,2.9209809264305178,1.5095367847411445,1.6948228882833787,1.326975476839237,65
1023283.10626703,2005.8882833787466,42.25068119891008,1.9346049046321525,1.2752043596730245,2.9209809264305178,1.5095367847411445,1.6948228882833787,1.326975476839237,89
1023283.10626703,2005.8882833787466,42.25068119891008,1.9346049046321525,1.2752043596730245,2.9209809264305178,1.5095367847411445,1.6948228882833787,1.326975476839237,81
1023283.10626703,2005.8882833787466,42.25068119891008,1.9346049046321525,1.2752043596730245,2.9209809264305178,1.5095367847411445,1.6948228882833787,1.326975476839237,83
1023283.10626703,2005.8882833787466,42.25068119891008,1.9346049046321525,1.2752043596730245,2.9209809264305178,1.5095367847411445,1.6948228882833787,1.326975476839237,97
1023283.10626703,2005.8882833787466,42.25068119891008,1.9346049046321525,1.2752043596730245,2.9209809264305178,1.5095367847411445,1.6948228882833787,1.326975476839237,140
1023283.10626703,2005.8882833787466,42.25068119891008,1.9346049046321525,1.2752043596730245,2.9209809264305178,1.5095367847411445,1.6948228882833787,1.326975476839237,92
1023283.10626703,2005.8882833787466,42.25068119891008,1.9346049046321525,1.2752043596730245,2.9209809264305178,1.5095367847411445,1.6948228882833787,1.326975476839237,92
1023283.10626703,2005.8882833787466,42.25068119891008,1.9346049046321525,1.2752043596730245,2.9209809264305178,1.5095367847411445,1.6948228882833787,1.326975476839237,83
1023283.10626703,2005.8882833787466,42.25068119891008,1.9346049046321525,1.2752043596730245,2.9209809264305178,1.5095367847411445,1.6948228882833787,1.326975476839237,97
1023283.10626703,2005.8882833787466,42.25068119891008,1.9346049046321525,1.2752043596730245,2.9209809264305178,1.5095367847411445,1.6948228882833787,1.326975476839237,81
1023283.10626703,2005.8882833787466,42.25068119891008,1.9346049046321525,1.2752043596730245,2.9209809264305178,1.5095367847411445,1.6948228882833787,1.326975476839237,81
1023283.10626703,2005.8882833787466,42.25068119891008,1.9346049046321525,1.2752043596730245,2.9209809264305178,1.5095367847411445,1.6948228882833787,1.326975476839237,136
1023283.10626703,2005.8882833787466,42.25068119891008,1.9346049046321525,1.2752043596730245,2.9209809264305178,1.5095367847411445,1.6948228882833787,1.326975476839237,81
1023283.10626703,2005.8882833787466,42.25068119891008,1.9346049046321525,1.2752043596730245,2.9209809264305178,1.5095367847411445,1.6948228882833787,1.326975476839237,65
1023283.10626703,2005.8882833787466,42.25068119891008,1.9346049046321525,1.2752043596730245,2.9209809264305178,1.5095367847411445,1.6948228882833787,1.326975476839237,74
1023283.10626703,2005.8882833787466,42.25068119891008,1.9346049046321525,1.2752043596730245,2.9209809264305178,1.5095367847411445,1.6948228882833787,1.326975476839237,89
1023283.10626703,2005.8882833787466,42.25068119891008,1.9346049046321525,1.2752043596730245,2.9209809264305178,1.5095367847411445,1.6948228882833787,1.326975476839237,119
1023283.10626703,2005.8882833787466,42.25068119891008,1.9346049046321525,1.2752043596730245,2.9209809264305178,1.5095367847411445,1.6948228882833787,1.326975476839237,74
1023283.10626703,2005.8882833787466,42.25068119891008,1.9346049046321525,1.2752043596730245,2.9209809264305178,1.5095367847411445,1.6948228882833787,1.326975476839237,172
1023283.10626703,2005.8882833787466,42.25068119891008,1.9346049046321525,1.2752043596730245,2.9209809264305178,1.5095367847411445,1.6948228882833787,1.326975476839237,201
1023283.10626703,2005.8882833787466,42.25068119891008,1.9346049046321525,1.2752043596730245,2.9209809264305178,1.5095367847411445,1.6948228882833787,1.326975476839237,104
1023283.10626703,2005.8882833787466,42.25068119891008,1.9346049046321525,1.2752043596730245,2.9209809264305178,1.5095367847411445,1.6948228882833787,1.326975476839237,74
1023283.10626703,2005.8882833787466,42.25068119891008,1.9346049046321525,1.2752043596730245,2.9209809264305178,1.5095367847411445,1.6948228882833787,1.326975476839237,146
1023283.10626703,2005.8882833787466,42.25068119891008,1.9346049046321525,1.2752043596730245,2.9209809264305178,1.5095367847411445,1.6948228882833787,1.326975476839237,92
1023283.10626703,2005.8882833787466,42.25068119891008,1.9346049046321525,1.2752043596730245,2.9209809264305178,1.5095367847411445,1.6948228882833787,1.326975476839237,122
1023283.10626703,2005.8882833787466,42.25068119891008,1.9346049046321525,1.2752043596730245,2.9209809264305178,1.5095367847411445,1.6948228882833787,1.326975476839237,81
1023283.10626703,2005.8882833787466,42.25068119891008,1.9346049046321525,1.2752043596730245,2.9209809264305178,1.5095367847411445,1.6948228882833787,1.326975476839237,97
1023283.10626703,2005.8882833787466,42.25068119891008,1.9346049046321525,1.2752043596730245,2.9209809264305178,1.5095367847411445,1.6948228882833787,1.326975476839237,119
1023283.10626703,2005.8882833787466,42.25068119891008,1.9346049046321525,1.2752043596730245,2.9209809264305178,1.5095367847411445,1.6948228882833787,1.326975476839237,121
1023283.10626703,2005.8882833787466,42.25068119891008,1.9346049046321525,1.2752043596730245,2.9209809264305178,1.5095367847411445,1.6948228882833787,1.326975476839237,83
1023283.10626703,2005.8882833787466,42.25068119891008,1.9346049046321525,1.2752043596730245,2.9209809264305178,1.5095367847411445,1.6948228882833787,1.326975476839237,154
1023283.10626703,2005.8882833787466,42.25068119891008,1.9346049046321525,1.2752043596730245,2.9209809264305178,1.5095367847411445,1.6948228882833787,1.326975476839237,89
1023283.10626703,2005.8882833787466,42.25068119891008,1.9346049046321525,1.2752043596730245,2.9209809264305178,1.5095367847411445,1.6948228882833787,1.326975476839237,92
1023283.10626703,2005.8882833787466,42.25068119891008,1.9346049046321525,1.2752043596730245,2.9209809264305178,1.5095367847411445,1.6948228882833787,1.326975476839237,74
1023283.10626703,2005.8882833787466,42.25068119891008,1.9346049046321525,1.2752043596730245,2.9209809264305178,1.5095367847411445,1.6948228882833787,1.326975476839237,126
1023283.10626703,2005.8882833787466,42.25068119891008,1.9346049046321525,1.2752043596730245,2.9209809264305178,1.5095367847411445,1.6948228882833787,1.326975476839237,81
1023283.10626703,2005.8882833787466,42.25068119891008,1.9346049046321525,1.2752043596730245,2.9209809264305178,1.5095367847411445,1.6948228882833787,1.326975476839237,83
1023283.10626703,2005.8882833787466,42.25068119891008,1.9346049046321525,1.2752043596730245,2.9209809264305178,1.5095367847411445,1.6948228882833787,1.326975476839237,187
1023283.10626703,2005.8882833787466,42.25068119891008,1.9346049046321525,1.2752043596730245,2.9209809264305178,1.5095367847411445,1.6948228882833787,1.326975476839237,74
1023283.10626703,2005.8882833787466,42.25068119891008,1.9346049046321525,1.2752043596730245,2.9209809264305178,1.5095367847411445,1.6948228882833787,1.326975476839237,182
1023283.10626703,2005.8882833787466,42.25068119891008,1.9346049046321525,1.2752043596730245,2.9209809264305178,1.5095367847411445,1.6948228882833787,1.326975476839237,97
1023283.10626703,2005.8882833787466,42.25068119891008,1.9346049046321525,1.2752043596730245,2.9209809264305178,1.5095367847411445,1.6948228882833787,1.326975476839237,81
1023283.10626703,2005.8882833787466,42.25068119891008,1.9346049046321525,1.2752043596730245,2.9209809264305178,1.5095367847411445,1.6948228882833787,1.326975476839237,103
1023283.10626703,2005.8882833787466,42.25068119891008,1.9346049046321525,1.2752043596730245,2.9209809264305178,1.5095367847411445,1.6948228882833787,1.326975476839237,137
1023283.10626703,2005.8882833787466,42.25068119891008,1.9346049046321525,1.2752043596730245,2.9209809264305178,1.5095367847411445,1.6948228882833787,1.326975476839237,83
1023283.10626703,2005.8882833787466,42.25068119891008,1.9346049046321525,1.2752043596730245,2.9209809264305178,1.5095367847411445,1.6948228882833787,1.326975476839237,81
1023283.10626703,2005.8882833787466,42.25068119891008,1.9346049046321525,1.2752043596730245,2.9209809264305178,1.5095367847411445,1.6948228882833787,1.326975476839237,65
1023283.10626703,2005.8882833787466,42.25068119891008,1.9346049046321525,1.2752043596730245,2.9209809264305178,1.5095367847411445,1.6948228882833787,1.326975476839237,119
1023283.10626703,2005.8882833787466,42.25068119891008,1.9346049046321525,1.2752043596730245,2.9209809264305178,1.5095367847411445,1.6948228882833787,1.326975476839237,119
1023283.10626703,2005.8882833787466,42.25068119891008,1.9346049046321525,1.2752043596730245,2.9209809264305178,1.5095367847411445,1.6948228882833787,1.326975476839237,140
1023283.10626703,2005.8882833787466,42.25068119891008,1.9346049046321525,1.2752043596730245,2.9209809264305178,1.5095367847411445,1.6948228882833787,1.326975476839237,50
1023283.10626703,2005.8882833787466,42.25068119891008,1.9346049046321525,1.2752043596730245,2.9209809264305178,1.5095367847411445,1.6948228882833787,1.326975476839237,65
1023283.10626703,2005.8882833787466,42.25068119891008,1.9346049046321525,1.2752043596730245,2.9209809264305178,1.5095367847411445,1.6948228882833787,1.326975476839237,97
1023283.10626703,2005.8882833787466,42.25068119891008,1.9346049046321525,1.2752043596730245,2.9209809264305178,1.5095367847411445,1.6948228882833787,1.326975476839237,112
1023283.10626703,2005.8882833787466,42.25068119891008,1.9346049046321525,1.2752043596730245,2.9209809264305178,1.5095367847411445,1.6948228882833787,1.326975476839237,140
1023283.10626703,2005.8882833787466,42.25068119891008,1.9346049046321525,1.2752043596730245,2.9209809264305178,1.5095367847411445,1.6948228882833787,1.326975476839237,112
1023283.10626703,2005.8882833787466,42.25068119891008,1.9346049046321525,1.2752043596730245,2.9209809264305178,1.5095367847411445,1.6948228882833787,1.326975476839237,278
1023283.10626703,2005.8882833787466,42.25068119891008,1.9346049046321525,1.2752043596730245,2.9209809264305178,1.5095367847411445,1.6948228882833787,1.326975476839237,201
1023283.10626703,2005.8882833787466,42.25068119891008,1.9346049046321525,1.2752043596730245,2.9209809264305178,1.5095367847411445,1.6948228882833787,1.326975476839237,119
1023283.10626703,2005.8882833787466,42.25068119891008,1.9346049046321525,1.2752043596730245,2.9209809264305178,1.5095367847411445,1.6948228882833787,1.326975476839237,131
1023283.10626703,2005.8882833787466,42.25068119891008,1.9346049046321525,1.2752043596730245,2.9209809264305178,1.5095367847411445,1.6948228882833787,1.326975476839237,78
1023283.10626703,2005.8882833787466,42.25068119891008,1.9346049046321525,1.2752043596730245,2.9209809264305178,1.5095367847411445,1.6948228882833787,1.326975476839237,92
1023283.10626703,2005.8882833787466,42.25068119891008,1.9346049046321525,1.2752043596730245,2.9209809264305178,1.5095367847411445,1.6948228882833787,1.326975476839237,130
1023283.10626703,2005.8882833787466,42.25068119891008,1.9346049046321525,1.2752043596730245,2.9209809264305178,1.5095367847411445,1.6948228882833787,1.326975476839237,145
1023283.10626703,2005.8882833787466,42.25068119891008,1.9346049046321525,1.2752043596730245,2.9209809264305178,1.5095367847411445,1.6948228882833787,1.326975476839237,83
1023283.10626703,2005.8882833787466,42.25068119891008,1.9346049046321525,1.2752043596730245,2.9209809264305178,1.5095367847411445,1.6948228882833787,1.326975476839237,74
1023283.10626703,2005.8882833787466,42.25068119891008,1.9346049046321525,1.2752043596730245,2.9209809264305178,1.5095367847411445,1.6948228882833787,1.326975476839237,119
1023283.10626703,2005.8882833787466,42.25068119891008,1.9346049046321525,1.2752043596730245,2.9209809264305178,1.5095367847411445,1.6948228882833787,1.326975476839237,155
1023283.10626703,2005.8882833787466,42.25068119891008,1.9346049046321525,1.2752043596730245,2.9209809264305178,1.5095367847411445,1.6948228882833787,1.326975476839237,119
1023283.10626703,2005.8882833787466,42.25068119891008,1.9346049046321525,1.2752043596730245,2.9209809264305178,1.5095367847411445,1.6948228882833787,1.326975476839237,119
1023283.10626703,2005.8882833787466,42.25068119891008,1.9346049046321525,1.2752043596730245,2.9209809264305178,1.5095367847411445,1.6948228882833787,1.326975476839237,81
1023283.10626703,2005.8882833787466,42.25068119891008,1.9346049046321525,1.2752043596730245,2.9209809264305178,1.5095367847411445,1.6948228882833787,1.326975476839237,74
1023283.10626703,2005.8882833787466,42.25068119891008,1.9346049046321525,1.2752043596730245,2.9209809264305178,1.5095367847411445,1.6948228882833787,1.326975476839237,119
1023283.10626703,2005.8882833787466,42.25068119891008,1.9346049046321525,1.2752043596730245,2.9209809264305178,1.5095367847411445,1.6948228882833787,1.326975476839237,65
1023283.10626703,2005.8882833787466,42.25068119891008,1.9346049046321525,1.2752043596730245,2.9209809264305178,1.5095367847411445,1.6948228882833787,1.326975476839237,89
1023283.10626703,2005.8882833787466,42.25068119891008,1.9346049046321525,1.2752043596730245,2.9209809264305178,1.5095367847411445,1.6948228882833787,1.326975476839237,121
1023283.10626703,2005.8882833787466,42.25068119891008,1.9346049046321525,1.2752043596730245,2.9209809264305178,1.5095367847411445,1.6948228882833787,1.326975476839237,136
1023283.10626703,2005.8882833787466,42.25068119891008,1.9346049046321525,1.2752043596730245,2.9209809264305178,1.5095367847411445,1.6948228882833787,1.326975476839237,65
1023283.10626703,2005.8882833787466,42.25068119891008,1.9346049046321525,1.2752043596730245,2.9209809264305178,1.5095367847411445,1.6948228882833787,1.326975476839237,97
1023283.10626703,2005.8882833787466,42.25068119891008,1.9346049046321525,1.2752043596730245,2.9209809264305178,1.5095367847411445,1.6948228882833787,1.326975476839237,65
1023283.10626703,2005.8882833787466,42.25068119891008,1.9346049046321525,1.2752043596730245,2.9209809264305178,1.5095367847411445,1.6948228882833787,1.326975476839237,119
1023283.10626703,2005.8882833787466,42.25068119891008,1.9346049046321525,1.2752043596730245,2.9209809264305178,1.5095367847411445,1.6948228882833787,1.326975476839237,119
1023283.10626703,2005.8882833787466,42.25068119891008,1.9346049046321525,1.2752043596730245,2.9209809264305178,1.5095367847411445,1.6948228882833787,1.326975476839237,193
1023283.10626703,2005.8882833787466,42.25068119891008,1.9346049046321525,1.2752043596730245,2.9209809264305178,1.5095367847411445,1.6948228882833787,1.326975476839237,81
1023283.10626703,2005.8882833787466,42.25068119891008,1.9346049046321525,1.2752043596730245,2.9209809264305178,1.5095367847411445,1.6948228882833787,1.326975476839237,179
1023283.10626703,2005.8882833787466,42.25068119891008,1.9346049046321525,1.2752043596730245,2.9209809264305178,1.5095367847411445,1.6948228882833787,1.326975476839237,81
1023283.10626703,2005.8882833787466,42.25068119891008,1.9346049046321525,1.2752043596730245,2.9209809264305178,1.5095367847411445,1.6948228882833787,1.326975476839237,119
1023283.10626703,2005.8882833787466,42.25068119891008,1.9346049046321525,1.2752043596730245,2.9209809264305178,1.5095367847411445,1.6948228882833787,1.326975476839237,74
1023283.10626703,2005.8882833787466,42.25068119891008,1.9346049046321525,1.2752043596730245,2.9209809264305178,1.5095367847411445,1.6948228882833787,1.326975476839237,74
1023283.10626703,2005.8882833787466,42.25068119891008,1.9346049046321525,1.2752043596730245,2.9209809264305178,1.5095367847411445,1.6948228882833787,1.326975476839237,81
1023283.10626703,2005.8882833787466,42.25068119891008,1.9346049046321525,1.2752043596730245,2.9209809264305178,1.5095367847411445,1.6948228882833787,1.326975476839237,97
1023283.10626703,2005.8882833787466,42.25068119891008,1.9346049046321525,1.2752043596730245,2.9209809264305178,1.5095367847411445,1.6948228882833787,1.326975476839237,97
1023283.10626703,2005.8882833787466,42.25068119891008,1.9346049046321525,1.2752043596730245,2.9209809264305178,1.5095367847411445,1.6948228882833787,1.326975476839237,81
1023283.10626703,2005.8882833787466,42.25068119891008,1.9346049046321525,1.2752043596730245,2.9209809264305178,1.5095367847411445,1.6948228882833787,1.326975476839237,97
1023283.10626703,2005.8882833787466,42.25068119891008,1.9346049046321525,1.2752043596730245,2.9209809264305178,1.5095367847411445,1.6948228882833787,1.326975476839237,92
1023283.10626703,2005.8882833787466,42.25068119891008,1.9346049046321525,1.2752043596730245,2.9209809264305178,1.5095367847411445,1.6948228882833787,1.326975476839237,81
1023283.10626703,2005.8882833787466,42.25068119891008,1.9346049046321525,1.2752043596730245,2.9209809264305178,1.5095367847411445,1.6948228882833787,1.326975476839237,137
1023283.10626703,2005.8882833787466,42.25068119891008,1.9346049046321525,1.2752043596730245,2.9209809264305178,1.5095367847411445,1.6948228882833787,1.326975476839237,81
1023283.10626703,2005.8882833787466,42.25068119891008,1.9346049046321525,1.2752043596730245,2.9209809264305178,1.5095367847411445,1.6948228882833787,1.326975476839237,92
1023283.10626703,2005.8882833787466,42.25068119891008,1.9346049046321525,1.2752043596730245,2.9209809264305178,1.5095367847411445,1.6948228882833787,1.326975476839237,122
1023283.10626703,2005.8882833787466,42.25068119891008,1.9346049046321525,1.2752043596730245,2.9209809264305178,1.5095367847411445,1.6948228882833787,1.326975476839237,83
1023283.10626703,2005.8882833787466,42.25068119891008,1.9346049046321525,1.2752043596730245,2.9209809264305178,1.5095367847411445,1.6948228882833787,1.326975476839237,112
1023283.10626703,2005.8882833787466,42.25068119891008,1.9346049046321525,1.2752043596730245,2.9209809264305178,1.5095367847411445,1.6948228882833787,1.326975476839237,81
1023283.10626703,2005.8882833787466,42.25068119891008,1.9346049046321525,1.2752043596730245,2.9209809264305178,1.5095367847411445,1.6948228882833787,1.326975476839237,78
1023283.10626703,2005.8882833787466,42.25068119891008,1.9346049046321525,1.2752043596730245,2.9209809264305178,1.5095367847411445,1.6948228882833787,1.326975476839237,83
1023283.10626703,2005.8882833787466,42.25068119891008,1.9346049046321525,1.2752043596730245,2.9209809264305178,1.5095367847411445,1.6948228882833787,1.326975476839237,119
1023283.10626703,2005.8882833787466,42.25068119891008,1.9346049046321525,1.2752043596730245,2.9209809264305178,1.5095367847411445,1.6948228882833787,1.326975476839237,104
1023283.10626703,2005.8882833787466,42.25068119891008,1.9346049046321525,1.2752043596730245,2.9209809264305178,1.5095367847411445,1.6948228882833787,1.326975476839237,119
1023283.10626703,2005.8882833787466,42.25068119891008,1.9346049046321525,1.2752043596730245,2.9209809264305178,1.5095367847411445,1.6948228882833787,1.326975476839237,83
1023283.10626703,2005.8882833787466,42.25068119891008,1.9346049046321525,1.2752043596730245,2.9209809264305178,1.5095367847411445,1.6948228882833787,1.326975476839237,146
1023283.10626703,2005.8882833787466,42.25068119891008,1.9346049046321525,1.2752043596730245,2.9209809264305178,1.5095367847411445,1.6948228882833787,1.326975476839237,126
1023283.10626703,2005.8882833787466,42.25068119891008,1.9346049046321525,1.2752043596730245,2.9209809264305178,1.5095367847411445,1.6948228882833787,1.326975476839237,74
1023283.10626703,2005.8882833787466,42.25068119891008,1.9346049046321525,1.2752043596730245,2.9209809264305178,1.5095367847411445,1.6948228882833787,1.326975476839237,83
1023283.10626703,2005.8882833787466,42.25068119891008,1.9346049046321525,1.2752043596730245,2.9209809264305178,1.5095367847411445,1.6948228882833787,1.326975476839237,47
1023283.10626703,2005.8882833787466,42.25068119891008,1.9346049046321525,1.2752043596730245,2.9209809264305178,1.5095367847411445,1.6948228882833787,1.326975476839237,119
1023283.10626703,2005.8882833787466,42.25068119891008,1.9346049046321525,1.2752043596730245,2.9209809264305178,1.5095367847411445,1.6948228882833787,1.326975476839237,81
1023283.10626703,2005.8882833787466,42.25068119891008,1.9346049046321525,1.2752043596730245,2.9209809264305178,1.5095367847411445,1.6948228882833787,1.326975476839237,74
1023283.10626703,2005.8882833787466,42.25068119891008,1.9346049046321525,1.2752043596730245,2.9209809264305178,1.5095367847411445,1.6948228882833787,1.326975476839237,41
1023283.10626703,2005.8882833787466,42.25068119891008,1.9346049046321525,1.2752043596730245,2.9209809264305178,1.5095367847411445,1.6948228882833787,1.326975476839237,92
1023283.10626703,2005.8882833787466,42.25068119891008,1.9346049046321525,1.2752043596730245,2.9209809264305178,1.5095367847411445,1.6948228882833787,1.326975476839237,140
1023283.10626703,2005.8882833787466,42.25068119891008,1.9346049046321525,1.2752043596730245,2.9209809264305178,1.5095367847411445,1.6948228882833787,1.326975476839237,65
1023283.10626703,2005.8882833787466,42.25068119891008,1.9346049046321525,1.2752043596730245,2.9209809264305178,1.5095367847411445,1.6948228882833787,1.326975476839237,74
1023283.10626703,2005.8882833787466,42.25068119891008,1.9346049046321525,1.2752043596730245,2.9209809264305178,1.5095367847411445,1.6948228882833787,1.326975476839237,128
1023283.10626703,2005.8882833787466,42.25068119891008,1.9346049046321525,1.2752043596730245,2.9209809264305178,1.5095367847411445,1.6948228882833787,1.326975476839237,145
1023283.10626703,2005.8882833787466,42.25068119891008,1.9346049046321525,1.2752043596730245,2.9209809264305178,1.5095367847411445,1.6948228882833787,1.326975476839237,50
1023283.10626703,2005.8882833787466,42.25068119891008,1.9346049046321525,1.2752043596730245,2.9209809264305178,1.5095367847411445,1.6948228882833787,1.326975476839237,103
1023283.10626703,2005.8882833787466,42.25068119891008,1.9346049046321525,1.2752043596730245,2.9209809264305178,1.5095367847411445,1.6948228882833787,1.326975476839237,89
1023283.10626703,2005.8882833787466,42.25068119891008,1.9346049046321525,1.2752043596730245,2.9209809264305178,1.5095367847411445,1.6948228882833787,1.326975476839237,119
1023283.10626703,2005.8882833787466,42.25068119891008,1.9346049046321525,1.2752043596730245,2.9209809264305178,1.5095367847411445,1.6948228882833787,1.326975476839237,155
1023283.10626703,2005.8882833787466,42.25068119891008,1.9346049046321525,1.2752043596730245,2.9209809264305178,1.5095367847411445,1.6948228882833787,1.326975476839237,201
1023283.10626703,2005.8882833787466,42.25068119891008,1.9346049046321525,1.2752043596730245,2.9209809264305178,1.5095367847411445,1.6948228882833787,1.326975476839237,187
1023283.10626703,2005.8882833787466,42.25068119891008,1.9346049046321525,1.2752043596730245,2.9209809264305178,1.5095367847411445,1.6948228882833787,1.326975476839237,278
1023283.10626703,2005.8882833787466,42.25068119891008,1.9346049046321525,1.2752043596730245,2.9209809264305178,1.5095367847411445,1.6948228882833787,1.326975476839237,112
1023283.10626703,2005.8882833787466,42.25068119891008,1.9346049046321525,1.2752043596730245,2.9209809264305178,1.5095367847411445,1.6948228882833787,1.326975476839237,50
1023283.10626703,2005.8882833787466,42.25068119891008,1.9346049046321525,1.2752043596730245,2.9209809264305178,1.5095367847411445,1.6948228882833787,1.326975476839237,278
1023283.10626703,2005.8882833787466,42.25068119891008,1.9346049046321525,1.2752043596730245,2.9209809264305178,1.5095367847411445,1.6948228882833787,1.326975476839237,179
1023283.10626703,2005.8882833787466,42.25068119891008,1.9346049046321525,1.2752043596730245,2.9209809264305178,1.5095367847411445,1.6948228882833787,1.326975476839237,97
1023283.10626703,2005.8882833787466,42.25068119891008,1.9346049046321525,1.2752043596730245,2.9209809264305178,1.5095367847411445,1.6948228882833787,1.326975476839237,81
1023283.10626703,2005.8882833787466,42.25068119891008,1.9346049046321525,1.2752043596730245,2.9209809264305178,1.5095367847411445,1.6948228882833787,1.326975476839237,56
1023283.10626703,2005.8882833787466,42.25068119891008,1.9346049046321525,1.2752043596730245,2.9209809264305178,1.5095367847411445,1.6948228882833787,1.326975476839237,74
1023283.10626703,2005.8882833787466,42.25068119891008,1.9346049046321525,1.2752043596730245,2.9209809264305178,1.5095367847411445,1.6948228882833787,1.326975476839237,89
1023283.10626703,2005.8882833787466,42.25068119891008,1.9346049046321525,1.2752043596730245,2.9209809264305178,1.5095367847411445,1.6948228882833787,1.326975476839237,140
1023283.10626703,2005.8882833787466,42.25068119891008,1.9346049046321525,1.2752043596730245,2.9209809264305178,1.5095367847411445,1.6948228882833787,1.326975476839237,103
1023283.10626703,2005.8882833787466,42.25068119891008,1.9346049046321525,1.2752043596730245,2.9209809264305178,1.5095367847411445,1.6948228882833787,1.326975476839237,119
1023283.10626703,2005.8882833787466,42.25068119891008,1.9346049046321525,1.2752043596730245,2.9209809264305178,1.5095367847411445,1.6948228882833787,1.326975476839237,92
1023283.10626703,2005.8882833787466,42.25068119891008,1.9346049046321525,1.2752043596730245,2.9209809264305178,1.5095367847411445,1.6948228882833787,1.326975476839237,65
1023283.10626703,2005.8882833787466,42.25068119891008,1.9346049046321525,1.2752043596730245,2.9209809264305178,1.5095367847411445,1.6948228882833787,1.326975476839237,119
1023283.10626703,2005.8882833787466,42.25068119891008,1.9346049046321525,1.2752043596730245,2.9209809264305178,1.5095367847411445,1.6948228882833787,1.326975476839237,74
1023283.10626703,2005.8882833787466,42.25068119891008,1.9346049046321525,1.2752043596730245,2.9209809264305178,1.5095367847411445,1.6948228882833787,1.326975476839237,137
1023283.10626703,2005.8882833787466,42.25068119891008,1.9346049046321525,1.2752043596730245,2.9209809264305178,1.5095367847411445,1.6948228882833787,1.326975476839237,74
1023283.10626703,2005.8882833787466,42.25068119891008,1.9346049046321525,1.2752043596730245,2.9209809264305178,1.5095367847411445,1.6948228882833787,1.326975476839237,112
1023283.10626703,2005.8882833787466,42.25068119891008,1.9346049046321525,1.2752043596730245,2.9209809264305178,1.5095367847411445,1.6948228882833787,1.326975476839237,89
1023283.10626703,2005.8882833787466,42.25068119891008,1.9346049046321525,1.2752043596730245,2.9209809264305178,1.5095367847411445,1.6948228882833787,1.326975476839237,128
1023283.10626703,2005.8882833787466,42.25068119891008,1.9346049046321525,1.2752043596730245,2.9209809264305178,1.5095367847411445,1.6948228882833787,1.326975476839237,74
1023283.10626703,2005.8882833787466,42.25068119891008,1.9346049046321525,1.2752043596730245,2.9209809264305178,1.5095367847411445,1.6948228882833787,1.326975476839237,65
1023283.10626703,2005.8882833787466,42.25068119891008,1.9346049046321525,1.2752043596730245,2.9209809264305178,1.5095367847411445,1.6948228882833787,1.326975476839237,92
1023283.10626703,2005.8882833787466,42.25068119891008,1.9346049046321525,1.2752043596730245,2.9209809264305178,1.5095367847411445,1.6948228882833787,1.326975476839237,103
1023283.10626703,2005.8882833787466,42.25068119891008,1.9346049046321525,1.2752043596730245,2.9209809264305178,1.5095367847411445,1.6948228882833787,1.326975476839237,201
1023283.10626703,2005.8882833787466,42.25068119891008,1.9346049046321525,1.2752043596730245,2.9209809264305178,1.5095367847411445,1.6948228882833787,1.326975476839237,97
1023283.10626703,2005.8882833787466,42.25068119891008,1.9346049046321525,1.2752043596730245,2.9209809264305178,1.5095367847411445,1.6948228882833787,1.326975476839237,92
1023283.10626703,2005.8882833787466,42.25068119891008,1.9346049046321525,1.2752043596730245,2.9209809264305178,1.5095367847411445,1.6948228882833787,1.326975476839237,83
1023283.10626703,2005.8882833787466,42.25068119891008,1.9346049046321525,1.2752043596730245,2.9209809264305178,1.5095367847411445,1.6948228882833787,1.326975476839237,155
1023283.10626703,2005.8882833787466,42.25068119891008,1.9346049046321525,1.2752043596730245,2.9209809264305178,1.5095367847411445,1.6948228882833787,1.326975476839237,83
1023283.10626703,2005.8882833787466,42.25068119891008,1.9346049046321525,1.2752043596730245,2.9209809264305178,1.5095367847411445,1.6948228882833787,1.326975476839237,78
1023283.10626703,2005.8882833787466,42.25068119891008,1.9346049046321525,1.2752043596730245,2.9209809264305178,1.5095367847411445,1.6948228882833787,1.326975476839237,81
1023283.10626703,2005.8882833787466,42.25068119891008,1.9346049046321525,1.2752043596730245,2.9209809264305178,1.5095367847411445,1.6948228882833787,1.326975476839237,47
1023283.10626703,2005.8882833787466,42.25068119891008,1.9346049046321525,1.2752043596730245,2.9209809264305178,1.5095367847411445,1.6948228882833787,1.326975476839237,65
1023283.10626703,2005.8882833787466,42.25068119891008,1.9346049046321525,1.2752043596730245,2.9209809264305178,1.5095367847411445,1.6948228882833787,1.326975476839237,119
1023283.10626703,2005.8882833787466,42.25068119891008,1.9346049046321525,1.2752043596730245,2.9209809264305178,1.5095367847411445,1.6948228882833787,1.326975476839237,172
1023283.10626703,2005.8882833787466,42.25068119891008,1.9346049046321525,1.2752043596730245,2.9209809264305178,1.5095367847411445,1.6948228882833787,1.326975476839237,74
1023283.10626703,2005.8882833787466,42.25068119891008,1.9346049046321525,1.2752043596730245,2.9209809264305178,1.5095367847411445,1.6948228882833787,1.326975476839237,119
1023283.10626703,2005.8882833787466,42.25068119891008,1.9346049046321525,1.2752043596730245,2.9209809264305178,1.5095367847411445,1.6948228882833787,1.326975476839237,119
1023283.10626703,2005.8882833787466,42.25068119891008,1.9346049046321525,1.2752043596730245,2.9209809264305178,1.5095367847411445,1.6948228882833787,1.326975476839237,81
1023283.10626703,2005.8882833787466,42.25068119891008,1.9346049046321525,1.2752043596730245,2.9209809264305178,1.5095367847411445,1.6948228882833787,1.326975476839237,81
1023283.10626703,2005.8882833787466,42.25068119891008,1.9346049046321525,1.2752043596730245,2.9209809264305178,1.5095367847411445,1.6948228882833787,1.326975476839237,104
1023283.10626703,2005.8882833787466,42.25068119891008,1.9346049046321525,1.2752043596730245,2.9209809264305178,1.5095367847411445,1.6948228882833787,1.326975476839237,136
1023283.10626703,2005.8882833787466,42.25068119891008,1.9346049046321525,1.2752043596730245,2.9209809264305178,1.5095367847411445,1.6948228882833787,1.326975476839237,83
1023283.10626703,2005.8882833787466,42.25068119891008,1.9346049046321525,1.2752043596730245,2.9209809264305178,1.5095367847411445,1.6948228882833787,1.326975476839237,119
1023283.10626703,2005.8882833787466,42.25068119891008,1.9346049046321525,1.2752043596730245,2.9209809264305178,1.5095367847411445,1.6948228882833787,1.326975476839237,81
1023283.10626703,2005.8882833787466,42.25068119891008,1.9346049046321525,1.2752043596730245,2.9209809264305178,1.5095367847411445,1.6948228882833787,1.326975476839237,121
1023283.10626703,2005.8882833787466,42.25068119891008,1.9346049046321525,1.2752043596730245,2.9209809264305178,1.5095367847411445,1.6948228882833787,1.326975476839237,97
1023283.10626703,2005.8882833787466,42.25068119891008,1.9346049046321525,1.2752043596730245,2.9209809264305178,1.5095367847411445,1.6948228882833787,1.326975476839237,126
1023283.10626703,2005.8882833787466,42.25068119891008,1.9346049046321525,1.2752043596730245,2.9209809264305178,1.5095367847411445,1.6948228882833787,1.326975476839237,89
1023283.10626703,2005.8882833787466,42.25068119891008,1.9346049046321525,1.2752043596730245,2.9209809264305178,1.5095367847411445,1.6948228882833787,1.326975476839237,50
1023283.10626703,2005.8882833787466,42.25068119891008,1.9346049046321525,1.2752043596730245,2.9209809264305178,1.5095367847411445,1.6948228882833787,1.326975476839237,83
1023283.10626703,2005.8882833787466,42.25068119891008,1.9346049046321525,1.2752043596730245,2.9209809264305178,1.5095367847411445,1.6948228882833787,1.326975476839237,64
1023283.10626703,2005.8882833787466,42.25068119891008,1.9346049046321525,1.2752043596730245,2.9209809264305178,1.5095367847411445,1.6948228882833787,1.326975476839237,65
1023283.10626703,2005.8882833787466,42.25068119891008,1.9346049046321525,1.2752043596730245,2.9209809264305178,1.5095367847411445,1.6948228882833787,1.326975476839237,74
1023283.10626703,2005.8882833787466,42.25068119891008,1.9346049046321525,1.2752043596730245,2.9209809264305178,1.5095367847411445,1.6948228882833787,1.326975476839237,81
1023283.10626703,2005.8882833787466,42.25068119891008,1.9346049046321525,1.2752043596730245,2.9209809264305178,1.5095367847411445,1.6948228882833787,1.326975476839237,193
1023283.10626703,2005.8882833787466,42.25068119891008,1.9346049046321525,1.2752043596730245,2.9209809264305178,1.5095367847411445,1.6948228882833787,1.326975476839237,97
1023283.10626703,2005.8882833787466,42.25068119891008,1.9346049046321525,1.2752043596730245,2.9209809264305178,1.5095367847411445,1.6948228882833787,1.326975476839237,145
1023283.10626703,2005.8882833787466,42.25068119891008,1.9346049046321525,1.2752043596730245,2.9209809264305178,1.5095367847411445,1.6948228882833787,1.326975476839237,201
1023283.10626703,2005.8882833787466,42.25068119891008,1.9346049046321525,1.2752043596730245,2.9209809264305178,1.5095367847411445,1.6948228882833787,1.326975476839237,81
1023283.10626703,2005.8882833787466,42.25068119891008,1.9346049046321525,1.2752043596730245,2.9209809264305178,1.5095367847411445,1.6948228882833787,1.326975476839237,41
1023283.10626703,2005.8882833787466,42.25068119891008,1.9346049046321525,1.2752043596730245,2.9209809264305178,1.5095367847411445,1.6948228882833787,1.326975476839237,119
1023283.10626703,2005.8882833787466,42.25068119891008,1.9346049046321525,1.2752043596730245,2.9209809264305178,1.5095367847411445,1.6948228882833787,1.326975476839237,119
1023283.10626703,2005.8882833787466,42.25068119891008,1.9346049046321525,1.2752043596730245,2.9209809264305178,1.5095367847411445,1.6948228882833787,1.326975476839237,50
1023283.10626703,2005.8882833787466,42.25068119891008,1.9346049046321525,1.2752043596730245,2.9209809264305178,1.5095367847411445,1.6948228882833787,1.326975476839237,122
