1001283.5865384615,2005.9711538461538,42.47115384615385,1.9423076923076923,1.1538461538461537,3.0384615384615383,1.4230769230769231,1.7019230769230769,1.2788461538461537,103
1001283.5865384615,2005.9711538461538,42.47115384615385,1.9423076923076923,1.1538461538461537,3.0384615384615383,1.4230769230769231,1.7019230769230769,1.2788461538461537,74
1001283.5865384615,2005.9711538461538,42.47115384615385,1.9423076923076923,1.1538461538461537,3.0384615384615383,1.4230769230769231,1.7019230769230769,1.2788461538461537,104
1001283.5865384615,2005.9711538461538,42.47115384615385,1.9423076923076923,1.1538461538461537,3.0384615384615383,1.4230769230769231,1.7019230769230769,1.2788461538461537,63
1001283.5865384615,2005.9711538461538,42.47115384615385,1.9423076923076923,1.1538461538461537,3.0384615384615383,1.4230769230769231,1.7019230769230769,1.2788461538461537,161
1001283.5865384615,2005.9711538461538,42.47115384615385,1.9423076923076923,1.1538461538461537,3.0384615384615383,1.4230769230769231,1.7019230769230769,1.2788461538461537,108
1001283.5865384615,2005.9711538461538,42.47115384615385,1.9423076923076923,1.1538461538461537,3.0384615384615383,1.4230769230769231,1.7019230769230769,1.2788461538461537,105
1001283.5865384615,2005.9711538461538,42.47115384615385,1.9423076923076923,1.1538461538461537,3.0384615384615383,1.4230769230769231,1.7019230769230769,1.2788461538461537,135
1001283.5865384615,2005.9711538461538,42.47115384615385,1.9423076923076923,1.1538461538461537,3.0384615384615383,1.4230769230769231,1.7019230769230769,1.2788461538461537,88
1001283.5865384615,2005.9711538461538,42.47115384615385,1.9423076923076923,1.1538461538461537,3.0384615384615383,1.4230769230769231,1.7019230769230769,1.2788461538461537,177
1001283.5865384615,2005.9711538461538,42.47115384615385,1.9423076923076923,1.1538461538461537,3.0384615384615383,1.4230769230769231,1.7019230769230769,1.2788461538461537,110
1001283.5865384615,2005.9711538461538,42.47115384615385,1.9423076923076923,1.1538461538461537,3.0384615384615383,1.4230769230769231,1.7019230769230769,1.2788461538461537,142
1001283.5865384615,2005.9711538461538,42.47115384615385,1.9423076923076923,1.1538461538461537,3.0384615384615383,1.4230769230769231,1.7019230769230769,1.2788461538461537,94
1001283.5865384615,2005.9711538461538,42.47115384615385,1.9423076923076923,1.1538461538461537,3.0384615384615383,1.4230769230769231,1.7019230769230769,1.2788461538461537,114
1001283.5865384615,2005.9711538461538,42.47115384615385,1.9423076923076923,1.1538461538461537,3.0384615384615383,1.4230769230769231,1.7019230769230769,1.2788461538461537,100
1001283.5865384615,2005.9711538461538,42.47115384615385,1.9423076923076923,1.1538461538461537,3.0384615384615383,1.4230769230769231,1.7019230769230769,1.2788461538461537,119
1001283.5865384615,2005.9711538461538,42.47115384615385,1.9423076923076923,1.1538461538461537,3.0384615384615383,1.4230769230769231,1.7019230769230769,1.2788461538461537,135
1001283.5865384615,2005.9711538461538,42.47115384615385,1.9423076923076923,1.1538461538461537,3.0384615384615383,1.4230769230769231,1.7019230769230769,1.2788461538461537,66
1001283.5865384615,2005.9711538461538,42.47115384615385,1.9423076923076923,1.1538461538461537,3.0384615384615383,1.4230769230769231,1.7019230769230769,1.2788461538461537,114
1001283.5865384615,2005.9711538461538,42.47115384615385,1.9423076923076923,1.1538461538461537,3.0384615384615383,1.4230769230769231,1.7019230769230769,1.2788461538461537,88
1001283.5865384615,2005.9711538461538,42.47115384615385,1.9423076923076923,1.1538461538461537,3.0384615384615383,1.4230769230769231,1.7019230769230769,1.2788461538461537,131
1001283.5865384615,2005.9711538461538,42.47115384615385,1.9423076923076923,1.1538461538461537,3.0384615384615383,1.4230769230769231,1.7019230769230769,1.2788461538461537,144
1001283.5865384615,2005.9711538461538,42.47115384615385,1.9423076923076923,1.1538461538461537,3.0384615384615383,1.4230769230769231,1.7019230769230769,1.2788461538461537,87
1001283.5865384615,2005.9711538461538,42.47115384615385,1.9423076923076923,1.1538461538461537,3.0384615384615383,1.4230769230769231,1.7019230769230769,1.2788461538461537,74
1001283.5865384615,2005.9711538461538,42.47115384615385,1.9423076923076923,1.1538461538461537,3.0384615384615383,1.4230769230769231,1.7019230769230769,1.2788461538461537,201
1001283.5865384615,2005.9711538461538,42.47115384615385,1.9423076923076923,1.1538461538461537,3.0384615384615383,1.4230769230769231,1.7019230769230769,1.2788461538461537,78
1001283.5865384615,2005.9711538461538,42.47115384615385,1.9423076923076923,1.1538461538461537,3.0384615384615383,1.4230769230769231,1.7019230769230769,1.2788461538461537,93
1001283.5865384615,2005.9711538461538,42.47115384615385,1.9423076923076923,1.1538461538461537,3.0384615384615383,1.4230769230769231,1.7019230769230769,1.2788461538461537,77
1001283.5865384615,2005.9711538461538,42.47115384615385,1.9423076923076923,1.1538461538461537,3.0384615384615383,1.4230769230769231,1.7019230769230769,1.2788461538461537,94
1001283.5865384615,2005.9711538461538,42.47115384615385,1.9423076923076923,1.1538461538461537,3.0384615384615383,1.4230769230769231,1.7019230769230769,1.2788461538461537,113
1001283.5865384615,2005.9711538461538,42.47115384615385,1.9423076923076923,1.1538461538461537,3.0384615384615383,1.4230769230769231,1.7019230769230769,1.2788461538461537,138
1001283.5865384615,2005.9711538461538,42.47115384615385,1.9423076923076923,1.1538461538461537,3.0384615384615383,1.4230769230769231,1.7019230769230769,1.2788461538461537,123
1001283.5865384615,2005.9711538461538,42.47115384615385,1.9423076923076923,1.1538461538461537,3.0384615384615383,1.4230769230769231,1.7019230769230769,1.2788461538461537,69
1001283.5865384615,2005.9711538461538,42.47115384615385,1.9423076923076923,1.1538461538461537,3.0384615384615383,1.4230769230769231,1.7019230769230769,1.2788461538461537,92
1001283.5865384615,2005.9711538461538,42.47115384615385,1.9423076923076923,1.1538461538461537,3.0384615384615383,1.4230769230769231,1.7019230769230769,1.2788461538461537,110
1001283.5865384615,2005.9711538461538,42.47115384615385,1.9423076923076923,1.1538461538461537,3.0384615384615383,1.4230769230769231,1.7019230769230769,1.2788461538461537,74
1001283.5865384615,2005.9711538461538,42.47115384615385,1.9423076923076923,1.1538461538461537,3.0384615384615383,1.4230769230769231,1.7019230769230769,1.2788461538461537,110
1001283.5865384615,2005.9711538461538,42.47115384615385,1.9423076923076923,1.1538461538461537,3.0384615384615383,1.4230769230769231,1.7019230769230769,1.2788461538461537,164
1001283.5865384615,2005.9711538461538,42.47115384615385,1.9423076923076923,1.1538461538461537,3.0384615384615383,1.4230769230769231,1.7019230769230769,1.2788461538461537,84
1001283.5865384615,2005.9711538461538,42.47115384615385,1.9423076923076923,1.1538461538461537,3.0384615384615383,1.4230769230769231,1.7019230769230769,1.2788461538461537,114
1001283.5865384615,2005.9711538461538,42.47115384615385,1.9423076923076923,1.1538461538461537,3.0384615384615383,1.4230769230769231,1.7019230769230769,1.2788461538461537,145
1001283.5865384615,2005.9711538461538,42.47115384615385,1.9423076923076923,1.1538461538461537,3.0384615384615383,1.4230769230769231,1.7019230769230769,1.2788461538461537,100
1001283.5865384615,2005.9711538461538,42.47115384615385,1.9423076923076923,1.1538461538461537,3.0384615384615383,1.4230769230769231,1.7019230769230769,1.2788461538461537,75
1001283.5865384615,2005.9711538461538,42.47115384615385,1.9423076923076923,1.1538461538461537,3.0384615384615383,1.4230769230769231,1.7019230769230769,1.2788461538461537,116
1001283.5865384615,2005.9711538461538,42.47115384615385,1.9423076923076923,1.1538461538461537,3.0384615384615383,1.4230769230769231,1.7019230769230769,1.2788461538461537,107
1001283.5865384615,2005.9711538461538,42.47115384615385,1.9423076923076923,1.1538461538461537,3.0384615384615383,1.4230769230769231,1.7019230769230769,1.2788461538461537,109
1001283.5865384615,2005.9711538461538,42.47115384615385,1.9423076923076923,1.1538461538461537,3.0384615384615383,1.4230769230769231,1.7019230769230769,1.2788461538461537,131
1001283.5865384615,2005.9711538461538,42.47115384615385,1.9423076923076923,1.1538461538461537,3.0384615384615383,1.4230769230769231,1.7019230769230769,1.2788461538461537,94
1001283.5865384615,2005.9711538461538,42.47115384615385,1.9423076923076923,1.1538461538461537,3.0384615384615383,1.4230769230769231,1.7019230769230769,1.2788461538461537,148
1001283.5865384615,2005.9711538461538,42.47115384615385,1.9423076923076923,1.1538461538461537,3.0384615384615383,1.4230769230769231,1.7019230769230769,1.2788461538461537,50
1001283.5865384615,2005.9711538461538,42.47115384615385,1.9423076923076923,1.1538461538461537,3.0384615384615383,1.4230769230769231,1.7019230769230769,1.2788461538461537,139
1001283.5865384615,2005.9711538461538,42.47115384615385,1.9423076923076923,1.1538461538461537,3.0384615384615383,1.4230769230769231,1.7019230769230769,1.2788461538461537,119
1001283.5865384615,2005.9711538461538,42.47115384615385,1.9423076923076923,1.1538461538461537,3.0384615384615383,1.4230769230769231,1.7019230769230769,1.2788461538461537,152
1001283.5865384615,2005.9711538461538,42.47115384615385,1.9423076923076923,1.1538461538461537,3.0384615384615383,1.4230769230769231,1.7019230769230769,1.2788461538461537,59
1001283.5865384615,2005.9711538461538,42.47115384615385,1.9423076923076923,1.1538461538461537,3.0384615384615383,1.4230769230769231,1.7019230769230769,1.2788461538461537,72
1001283.5865384615,2005.9711538461538,42.47115384615385,1.9423076923076923,1.1538461538461537,3.0384615384615383,1.4230769230769231,1.7019230769230769,1.2788461538461537,112
1001283.5865384615,2005.9711538461538,42.47115384615385,1.9423076923076923,1.1538461538461537,3.0384615384615383,1.4230769230769231,1.7019230769230769,1.2788461538461537,81
1001283.5865384615,2005.9711538461538,42.47115384615385,1.9423076923076923,1.1538461538461537,3.0384615384615383,1.4230769230769231,1.7019230769230769,1.2788461538461537,71
1001283.5865384615,2005.9711538461538,42.47115384615385,1.9423076923076923,1.1538461538461537,3.0384615384615383,1.4230769230769231,1.7019230769230769,1.2788461538461537,90
1001283.5865384615,2005.9711538461538,42.47115384615385,1.9423076923076923,1.1538461538461537,3.0384615384615383,1.4230769230769231,1.7019230769230769,1.2788461538461537,140
1001283.5865384615,2005.9711538461538,42.47115384615385,1.9423076923076923,1.1538461538461537,3.0384615384615383,1.4230769230769231,1.7019230769230769,1.2788461538461537,117
1001283.5865384615,2005.9711538461538,42.47115384615385,1.9423076923076923,1.1538461538461537,3.0384615384615383,1.4230769230769231,1.7019230769230769,1.2788461538461537,100
1001283.5865384615,2005.9711538461538,42.47115384615385,1.9423076923076923,1.1538461538461537,3.0384615384615383,1.4230769230769231,1.7019230769230769,1.2788461538461537,67
1001283.5865384615,2005.9711538461538,42.47115384615385,1.9423076923076923,1.1538461538461537,3.0384615384615383,1.4230769230769231,1.7019230769230769,1.2788461538461537,80
1001283.5865384615,2005.9711538461538,42.47115384615385,1.9423076923076923,1.1538461538461537,3.0384615384615383,1.4230769230769231,1.7019230769230769,1.2788461538461537,268
1001283.5865384615,2005.9711538461538,42.47115384615385,1.9423076923076923,1.1538461538461537,3.0384615384615383,1.4230769230769231,1.7019230769230769,1.2788461538461537,119
1001283.5865384615,2005.9711538461538,42.47115384615385,1.9423076923076923,1.1538461538461537,3.0384615384615383,1.4230769230769231,1.7019230769230769,1.2788461538461537,132
1001283.5865384615,2005.9711538461538,42.47115384615385,1.9423076923076923,1.1538461538461537,3.0384615384615383,1.4230769230769231,1.7019230769230769,1.2788461538461537,85
1001283.5865384615,2005.9711538461538,42.47115384615385,1.9423076923076923,1.1538461538461537,3.0384615384615383,1.4230769230769231,1.7019230769230769,1.2788461538461537,166
1001283.5865384615,2005.9711538461538,42.47115384615385,1.9423076923076923,1.1538461538461537,3.0384615384615383,1.4230769230769231,1.7019230769230769,1.2788461538461537,89
1001283.5865384615,2005.9711538461538,42.47115384615385,1.9423076923076923,1.1538461538461537,3.0384615384615383,1.4230769230769231,1.7019230769230769,1.2788461538461537,133
1001283.5865384615,2005.9711538461538,42.47115384615385,1.9423076923076923,1.1538461538461537,3.0384615384615383,1.4230769230769231,1.7019230769230769,1.2788461538461537,272
1001283.5865384615,2005.9711538461538,42.47115384615385,1.9423076923076923,1.1538461538461537,3.0384615384615383,1.4230769230769231,1.7019230769230769,1.2788461538461537,148
1001283.5865384615,2005.9711538461538,42.47115384615385,1.9423076923076923,1.1538461538461537,3.0384615384615383,1.4230769230769231,1.7019230769230769,1.2788461538461537,127
1001283.5865384615,2005.9711538461538,42.47115384615385,1.9423076923076923,1.1538461538461537,3.0384615384615383,1.4230769230769231,1.7019230769230769,1.2788461538461537,119
1001283.5865384615,2005.9711538461538,42.47115384615385,1.9423076923076923,1.1538461538461537,3.0384615384615383,1.4230769230769231,1.7019230769230769,1.2788461538461537,100
1001283.5865384615,2005.9711538461538,42.47115384615385,1.9423076923076923,1.1538461538461537,3.0384615384615383,1.4230769230769231,1.7019230769230769,1.2788461538461537,121
1001283.5865384615,2005.9711538461538,42.47115384615385,1.9423076923076923,1.1538461538461537,3.0384615384615383,1.4230769230769231,1.7019230769230769,1.2788461538461537,127
1001283.5865384615,2005.9711538461538,42.47115384615385,1.9423076923076923,1.1538461538461537,3.0384615384615383,1.4230769230769231,1.7019230769230769,1.2788461538461537,106
1001283.5865384615,2005.9711538461538,42.47115384615385,1.9423076923076923,1.1538461538461537,3.0384615384615383,1.4230769230769231,1.7019230769230769,1.2788461538461537,155
1001283.5865384615,2005.9711538461538,42.47115384615385,1.9423076923076923,1.1538461538461537,3.0384615384615383,1.4230769230769231,1.7019230769230769,1.2788461538461537,148
1001283.5865384615,2005.9711538461538,42.47115384615385,1.9423076923076923,1.1538461538461537,3.0384615384615383,1.4230769230769231,1.7019230769230769,1.2788461538461537,137
1001283.5865384615,2005.9711538461538,42.47115384615385,1.9423076923076923,1.1538461538461537,3.0384615384615383,1.4230769230769231,1.7019230769230769,1.2788461538461537,88
1001283.5865384615,2005.9711538461538,42.47115384615385,1.9423076923076923,1.1538461538461537,3.0384615384615383,1.4230769230769231,1.7019230769230769,1.2788461538461537,126
1001283.5865384615,2005.9711538461538,42.47115384615385,1.9423076923076923,1.1538461538461537,3.0384615384615383,1.4230769230769231,1.7019230769230769,1.2788461538461537,278
1001283.5865384615,2005.9711538461538,42.47115384615385,1.9423076923076923,1.1538461538461537,3.0384615384615383,1.4230769230769231,1.7019230769230769,1.2788461538461537,83
1001283.5865384615,2005.9711538461538,42.47115384615385,1.9423076923076923,1.1538461538461537,3.0384615384615383,1.4230769230769231,1.7019230769230769,1.2788461538461537,102
1001283.5865384615,2005.9711538461538,42.47115384615385,1.9423076923076923,1.1538461538461537,3.0384615384615383,1.4230769230769231,1.7019230769230769,1.2788461538461537,115
1001283.5865384615,2005.9711538461538,42.47115384615385,1.9423076923076923,1.1538461538461537,3.0384615384615383,1.4230769230769231,1.7019230769230769,1.2788461538461537,95
1001283.5865384615,2005.9711538461538,42.47115384615385,1.9423076923076923,1.1538461538461537,3.0384615384615383,1.4230769230769231,1.7019230769230769,1.2788461538461537,81
1001283.5865384615,2005.9711538461538,42.47115384615385,1.9423076923076923,1.1538461538461537,3.0384615384615383,1.4230769230769231,1.7019230769230769,1.2788461538461537,65
1001283.5865384615,2005.9711538461538,42.47115384615385,1.9423076923076923,1.1538461538461537,3.0384615384615383,1.4230769230769231,1.7019230769230769,1.2788461538461537,111
1001283.5865384615,2005.9711538461538,42.47115384615385,1.9423076923076923,1.1538461538461537,3.0384615384615383,1.4230769230769231,1.7019230769230769,1.2788461538461537,65
1001283.5865384615,2005.9711538461538,42.47115384615385,1.9423076923076923,1.1538461538461537,3.0384615384615383,1.4230769230769231,1.7019230769230769,1.2788461538461537,70
1001283.5865384615,2005.9711538461538,42.47115384615385,1.9423076923076923,1.1538461538461537,3.0384615384615383,1.4230769230769231,1.7019230769230769,1.2788461538461537,101
1001283.5865384615,2005.9711538461538,42.47115384615385,1.9423076923076923,1.1538461538461537,3.0384615384615383,1.4230769230769231,1.7019230769230769,1.2788461538461537,61
1001283.5865384615,2005.9711538461538,42.47115384615385,1.9423076923076923,1.1538461538461537,3.0384615384615383,1.4230769230769231,1.7019230769230769,1.2788461538461537,105
1001283.5865384615,2005.9711538461538,42.47115384615385,1.9423076923076923,1.1538461538461537,3.0384615384615383,1.4230769230769231,1.7019230769230769,1.2788461538461537,88
1001283.5865384615,2005.9711538461538,42.47115384615385,1.9423076923076923,1.1538461538461537,3.0384615384615383,1.4230769230769231,1.7019230769230769,1.2788461538461537,96
1001283.5865384615,2005.9711538461538,42.47115384615385,1.9423076923076923,1.1538461538461537,3.0384615384615383,1.4230769230769231,1.7019230769230769,1.2788461538461537,55
1001283.5865384615,2005.9711538461538,42.47115384615385,1.9423076923076923,1.1538461538461537,3.0384615384615383,1.4230769230769231,1.7019230769230769,1.2788461538461537,97
1001283.5865384615,2005.9711538461538,42.47115384615385,1.9423076923076923,1.1538461538461537,3.0384615384615383,1.4230769230769231,1.7019230769230769,1.2788461538461537,99
1001283.5865384615,2005.9711538461538,42.47115384615385,1.9423076923076923,1.1538461538461537,3.0384615384615383,1.4230769230769231,1.7019230769230769,1.2788461538461537,129
1001283.5865384615,2005.9711538461538,42.47115384615385,1.9423076923076923,1.1538461538461537,3.0384615384615383,1.4230769230769231,1.7019230769230769,1.2788461538461537,81
1008110.9256198347,2005.6776859504132,43.14462809917355,2.0661157024793386,1.2644628099173554,2.9132231404958677,1.5,1.677685950413223,1.3057851239669422,155
1008110.9256198347,2005.6776859504132,43.14462809917355,2.0661157024793386,1.2644628099173554,2.9132231404958677,1.5,1.677685950413223,1.3057851239669422,79
1008110.9256198347,2005.6776859504132,43.14462809917355,2.0661157024793386,1.2644628099173554,2.9132231404958677,1.5,1.677685950413223,1.3057851239669422,100
1008110.9256198347,2005.6776859504132,43.14462809917355,2.0661157024793386,1.2644628099173554,2.9132231404958677,1.5,1.677685950413223,1.3057851239669422,74
1008110.9256198347,2005.6776859504132,43.14462809917355,2.0661157024793386,1.2644628099173554,2.9132231404958677,1.5,1.677685950413223,1.3057851239669422,91
1008110.9256198347,2005.6776859504132,43.14462809917355,2.0661157024793386,1.2644628099173554,2.9132231404958677,1.5,1.677685950413223,1.3057851239669422,187
1008110.9256198347,2005.6776859504132,43.14462809917355,2.0661157024793386,1.2644628099173554,2.9132231404958677,1.5,1.677685950413223,1.3057851239669422,148
1008110.9256198347,2005.6776859504132,43.14462809917355,2.0661157024793386,1.2644628099173554,2.9132231404958677,1.5,1.677685950413223,1.3057851239669422,129
1008110.9256198347,2005.6776859504132,43.14462809917355,2.0661157024793386,1.2644628099173554,2.9132231404958677,1.5,1.677685950413223,1.3057851239669422,102
1008110.9256198347,2005.6776859504132,43.14462809917355,2.0661157024793386,1.2644628099173554,2.9132231404958677,1.5,1.677685950413223,1.3057851239669422,52
1008110.9256198347,2005.6776859504132,43.14462809917355,2.0661157024793386,1.2644628099173554,2.9132231404958677,1.5,1.677685950413223,1.3057851239669422,92
1008110.9256198347,2005.6776859504132,43.14462809917355,2.0661157024793386,1.2644628099173554,2.9132231404958677,1.5,1.677685950413223,1.3057851239669422,61
1008110.9256198347,2005.6776859504132,43.14462809917355,2.0661157024793386,1.2644628099173554,2.9132231404958677,1.5,1.677685950413223,1.3057851239669422,115
1008110.9256198347,2005.6776859504132,43.14462809917355,2.0661157024793386,1.2644628099173554,2.9132231404958677,1.5,1.677685950413223,1.3057851239669422,97
1008110.9256198347,2005.6776859504132,43.14462809917355,2.0661157024793386,1.2644628099173554,2.9132231404958677,1.5,1.677685950413223,1.3057851239669422,95
1008110.9256198347,2005.6776859504132,43.14462809917355,2.0661157024793386,1.2644628099173554,2.9132231404958677,1.5,1.677685950413223,1.3057851239669422,85
1008110.9256198347,2005.6776859504132,43.14462809917355,2.0661157024793386,1.2644628099173554,2.9132231404958677,1.5,1.677685950413223,1.3057851239669422,69
1008110.9256198347,2005.6776859504132,43.14462809917355,2.0661157024793386,1.2644628099173554,2.9132231404958677,1.5,1.677685950413223,1.3057851239669422,123
1008110.9256198347,2005.6776859504132,43.14462809917355,2.0661157024793386,1.2644628099173554,2.9132231404958677,1.5,1.677685950413223,1.3057851239669422,177
1008110.9256198347,2005.6776859504132,43.14462809917355,2.0661157024793386,1.2644628099173554,2.9132231404958677,1.5,1.677685950413223,1.3057851239669422,81
1008110.9256198347,2005.6776859504132,43.14462809917355,2.0661157024793386,1.2644628099173554,2.9132231404958677,1.5,1.677685950413223,1.3057851239669422,104
1008110.9256198347,2005.6776859504132,43.14462809917355,2.0661157024793386,1.2644628099173554,2.9132231404958677,1.5,1.677685950413223,1.3057851239669422,83
1008110.9256198347,2005.6776859504132,43.14462809917355,2.0661157024793386,1.2644628099173554,2.9132231404958677,1.5,1.677685950413223,1.3057851239669422,62
1008110.9256198347,2005.6776859504132,43.14462809917355,2.0661157024793386,1.2644628099173554,2.9132231404958677,1.5,1.677685950413223,1.3057851239669422,57
1008110.9256198347,2005.6776859504132,43.14462809917355,2.0661157024793386,1.2644628099173554,2.9132231404958677,1.5,1.677685950413223,1.3057851239669422,77
1008110.9256198347,2005.6776859504132,43.14462809917355,2.0661157024793386,1.2644628099173554,2.9132231404958677,1.5,1.677685950413223,1.3057851239669422,161
1008110.9256198347,2005.6776859504132,43.14462809917355,2.0661157024793386,1.2644628099173554,2.9132231404958677,1.5,1.677685950413223,1.3057851239669422,94
1008110.9256198347,2005.6776859504132,43.14462809917355,2.0661157024793386,1.2644628099173554,2.9132231404958677,1.5,1.677685950413223,1.3057851239669422,108
1008110.9256198347,2005.6776859504132,43.14462809917355,2.0661157024793386,1.2644628099173554,2.9132231404958677,1.5,1.677685950413223,1.3057851239669422,180
1008110.9256198347,2005.6776859504132,43.14462809917355,2.0661157024793386,1.2644628099173554,2.9132231404958677,1.5,1.677685950413223,1.3057851239669422,121
1008110.9256198347,2005.6776859504132,43.14462809917355,2.0661157024793386,1.2644628099173554,2.9132231404958677,1.5,1.677685950413223,1.3057851239669422,93
1008110.9256198347,2005.6776859504132,43.14462809917355,2.0661157024793386,1.2644628099173554,2.9132231404958677,1.5,1.677685950413223,1.3057851239669422,88
1008110.9256198347,2005.6776859504132,43.14462809917355,2.0661157024793386,1.2644628099173554,2.9132231404958677,1.5,1.677685950413223,1.3057851239669422,100
1008110.9256198347,2005.6776859504132,43.14462809917355,2.0661157024793386,1.2644628099173554,2.9132231404958677,1.5,1.677685950413223,1.3057851239669422,110
1008110.9256198347,2005.6776859504132,43.14462809917355,2.0661157024793386,1.2644628099173554,2.9132231404958677,1.5,1.677685950413223,1.3057851239669422,135
1008110.9256198347,2005.6776859504132,43.14462809917355,2.0661157024793386,1.2644628099173554,2.9132231404958677,1.5,1.677685950413223,1.3057851239669422,54
1008110.9256198347,2005.6776859504132,43.14462809917355,2.0661157024793386,1.2644628099173554,2.9132231404958677,1.5,1.677685950413223,1.3057851239669422,106
1008110.9256198347,2005.6776859504132,43.14462809917355,2.0661157024793386,1.2644628099173554,2.9132231404958677,1.5,1.677685950413223,1.3057851239669422,114
1008110.9256198347,2005.6776859504132,43.14462809917355,2.0661157024793386,1.2644628099173554,2.9132231404958677,1.5,1.677685950413223,1.3057851239669422,119
1008110.9256198347,2005.6776859504132,43.14462809917355,2.0661157024793386,1.2644628099173554,2.9132231404958677,1.5,1.677685950413223,1.3057851239669422,100
1008110.9256198347,2005.6776859504132,43.14462809917355,2.0661157024793386,1.2644628099173554,2.9132231404958677,1.5,1.677685950413223,1.3057851239669422,66
1008110.9256198347,2005.6776859504132,43.14462809917355,2.0661157024793386,1.2644628099173554,2.9132231404958677,1.5,1.677685950413223,1.3057851239669422,83
1008110.9256198347,2005.6776859504132,43.14462809917355,2.0661157024793386,1.2644628099173554,2.9132231404958677,1.5,1.677685950413223,1.3057851239669422,93
1008110.9256198347,2005.6776859504132,43.14462809917355,2.0661157024793386,1.2644628099173554,2.9132231404958677,1.5,1.677685950413223,1.3057851239669422,144
1008110.9256198347,2005.6776859504132,43.14462809917355,2.0661157024793386,1.2644628099173554,2.9132231404958677,1.5,1.677685950413223,1.3057851239669422,60
1008110.9256198347,2005.6776859504132,43.14462809917355,2.0661157024793386,1.2644628099173554,2.9132231404958677,1.5,1.677685950413223,1.3057851239669422,59
1008110.9256198347,2005.6776859504132,43.14462809917355,2.0661157024793386,1.2644628099173554,2.9132231404958677,1.5,1.677685950413223,1.3057851239669422,112
1008110.9256198347,2005.6776859504132,43.14462809917355,2.0661157024793386,1.2644628099173554,2.9132231404958677,1.5,1.677685950413223,1.3057851239669422,106
1008110.9256198347,2005.6776859504132,43.14462809917355,2.0661157024793386,1.2644628099173554,2.9132231404958677,1.5,1.677685950413223,1.3057851239669422,105
1008110.9256198347,2005.6776859504132,43.14462809917355,2.0661157024793386,1.2644628099173554,2.9132231404958677,1.5,1.677685950413223,1.3057851239669422,55
1008110.9256198347,2005.6776859504132,43.14462809917355,2.0661157024793386,1.2644628099173554,2.9132231404958677,1.5,1.677685950413223,1.3057851239669422,64
1008110.9256198347,2005.6776859504132,43.14462809917355,2.0661157024793386,1.2644628099173554,2.9132231404958677,1.5,1.677685950413223,1.3057851239669422,177
1008110.9256198347,2005.6776859504132,43.14462809917355,2.0661157024793386,1.2644628099173554,2.9132231404958677,1.5,1.677685950413223,1.3057851239669422,65
1008110.9256198347,2005.6776859504132,43.14462809917355,2.0661157024793386,1.2644628099173554,2.9132231404958677,1.5,1.677685950413223,1.3057851239669422,92
1008110.9256198347,2005.6776859504132,43.14462809917355,2.0661157024793386,1.2644628099173554,2.9132231404958677,1.5,1.677685950413223,1.3057851239669422,109
1008110.9256198347,2005.6776859504132,43.14462809917355,2.0661157024793386,1.2644628099173554,2.9132231404958677,1.5,1.677685950413223,1.3057851239669422,114
1008110.9256198347,2005.6776859504132,43.14462809917355,2.0661157024793386,1.2644628099173554,2.9132231404958677,1.5,1.677685950413223,1.3057851239669422,102
1008110.9256198347,2005.6776859504132,43.14462809917355,2.0661157024793386,1.2644628099173554,2.9132231404958677,1.5,1.677685950413223,1.3057851239669422,129
1008110.9256198347,2005.6776859504132,43.14462809917355,2.0661157024793386,1.2644628099173554,2.9132231404958677,1.5,1.677685950413223,1.3057851239669422,161
1008110.9256198347,2005.6776859504132,43.14462809917355,2.0661157024793386,1.2644628099173554,2.9132231404958677,1.5,1.677685950413223,1.3057851239669422,119
1008110.9256198347,2005.6776859504132,43.14462809917355,2.0661157024793386,1.2644628099173554,2.9132231404958677,1.5,1.677685950413223,1.3057851239669422,82
1008110.9256198347,2005.6776859504132,43.14462809917355,2.0661157024793386,1.2644628099173554,2.9132231404958677,1.5,1.677685950413223,1.3057851239669422,123
1008110.9256198347,2005.6776859504132,43.14462809917355,2.0661157024793386,1.2644628099173554,2.9132231404958677,1.5,1.677685950413223,1.3057851239669422,75
1008110.9256198347,2005.6776859504132,43.14462809917355,2.0661157024793386,1.2644628099173554,2.9132231404958677,1.5,1.677685950413223,1.3057851239669422,196
1008110.9256198347,2005.6776859504132,43.14462809917355,2.0661157024793386,1.2644628099173554,2.9132231404958677,1.5,1.677685950413223,1.3057851239669422,94
1008110.9256198347,2005.6776859504132,43.14462809917355,2.0661157024793386,1.2644628099173554,2.9132231404958677,1.5,1.677685950413223,1.3057851239669422,87
1008110.9256198347,2005.6776859504132,43.14462809917355,2.0661157024793386,1.2644628099173554,2.9132231404958677,1.5,1.677685950413223,1.3057851239669422,63
1008110.9256198347,2005.6776859504132,43.14462809917355,2.0661157024793386,1.2644628099173554,2.9132231404958677,1.5,1.677685950413223,1.3057851239669422,138
1008110.9256198347,2005.6776859504132,43.14462809917355,2.0661157024793386,1.2644628099173554,2.9132231404958677,1.5,1.677685950413223,1.3057851239669422,142
1008110.9256198347,2005.6776859504132,43.14462809917355,2.0661157024793386,1.2644628099173554,2.9132231404958677,1.5,1.677685950413223,1.3057851239669422,81
1008110.9256198347,2005.6776859504132,43.14462809917355,2.0661157024793386,1.2644628099173554,2.9132231404958677,1.5,1.677685950413223,1.3057851239669422,130
1008110.9256198347,2005.6776859504132,43.14462809917355,2.0661157024793386,1.2644628099173554,2.9132231404958677,1.5,1.677685950413223,1.3057851239669422,148
1008110.9256198347,2005.6776859504132,43.14462809917355,2.0661157024793386,1.2644628099173554,2.9132231404958677,1.5,1.677685950413223,1.3057851239669422,121
1008110.9256198347,2005.6776859504132,43.14462809917355,2.0661157024793386,1.2644628099173554,2.9132231404958677,1.5,1.677685950413223,1.3057851239669422,88
1008110.9256198347,2005.6776859504132,43.14462809917355,2.0661157024793386,1.2644628099173554,2.9132231404958677,1.5,1.677685950413223,1.3057851239669422,74
1008110.9256198347,2005.6776859504132,43.14462809917355,2.0661157024793386,1.2644628099173554,2.9132231404958677,1.5,1.677685950413223,1.3057851239669422,96
1008110.9256198347,2005.6776859504132,43.14462809917355,2.0661157024793386,1.2644628099173554,2.9132231404958677,1.5,1.677685950413223,1.3057851239669422,88
1008110.9256198347,2005.6776859504132,43.14462809917355,2.0661157024793386,1.2644628099173554,2.9132231404958677,1.5,1.677685950413223,1.3057851239669422,201
1008110.9256198347,2005.6776859504132,43.14462809917355,2.0661157024793386,1.2644628099173554,2.9132231404958677,1.5,1.677685950413223,1.3057851239669422,127
1008110.9256198347,2005.6776859504132,43.14462809917355,2.0661157024793386,1.2644628099173554,2.9132231404958677,1.5,1.677685950413223,1.3057851239669422,110
1008110.9256198347,2005.6776859504132,43.14462809917355,2.0661157024793386,1.2644628099173554,2.9132231404958677,1.5,1.677685950413223,1.3057851239669422,118
1008110.9256198347,2005.6776859504132,43.14462809917355,2.0661157024793386,1.2644628099173554,2.9132231404958677,1.5,1.677685950413223,1.3057851239669422,133
1008110.9256198347,2005.6776859504132,43.14462809917355,2.0661157024793386,1.2644628099173554,2.9132231404958677,1.5,1.677685950413223,1.3057851239669422,65
1008110.9256198347,2005.6776859504132,43.14462809917355,2.0661157024793386,1.2644628099173554,2.9132231404958677,1.5,1.677685950413223,1.3057851239669422,110
1008110.9256198347,2005.6776859504132,43.14462809917355,2.0661157024793386,1.2644628099173554,2.9132231404958677,1.5,1.677685950413223,1.3057851239669422,179
1008110.9256198347,2005.6776859504132,43.14462809917355,2.0661157024793386,1.2644628099173554,2.9132231404958677,1.5,1.677685950413223,1.3057851239669422,37
1008110.9256198347,2005.6776859504132,43.14462809917355,2.0661157024793386,1.2644628099173554,2.9132231404958677,1.5,1.677685950413223,1.3057851239669422,131
1008110.9256198347,2005.6776859504132,43.14462809917355,2.0661157024793386,1.2644628099173554,2.9132231404958677,1.5,1.677685950413223,1.3057851239669422,75
1008110.9256198347,2005.6776859504132,43.14462809917355,2.0661157024793386,1.2644628099173554,2.9132231404958677,1.5,1.677685950413223,1.3057851239669422,105
1008110.9256198347,2005.6776859504132,43.14462809917355,2.0661157024793386,1.2644628099173554,2.9132231404958677,1.5,1.677685950413223,1.3057851239669422,94
1008110.9256198347,2005.6776859504132,43.14462809917355,2.0661157024793386,1.2644628099173554,2.9132231404958677,1.5,1.677685950413223,1.3057851239669422,96
1008110.9256198347,2005.6776859504132,43.14462809917355,2.0661157024793386,1.2644628099173554,2.9132231404958677,1.5,1.677685950413223,1.3057851239669422,148
1008110.9256198347,2005.6776859504132,43.14462809917355,2.0661157024793386,1.2644628099173554,2.9132231404958677,1.5,1.677685950413223,1.3057851239669422,114
1008110.9256198347,2005.6776859504132,43.14462809917355,2.0661157024793386,1.2644628099173554,2.9132231404958677,1.5,1.677685950413223,1.3057851239669422,164
1008110.9256198347,2005.6776859504132,43.14462809917355,2.0661157024793386,1.2644628099173554,2.9132231404958677,1.5,1.677685950413223,1.3057851239669422,192
1008110.9256198347,2005.6776859504132,43.14462809917355,2.0661157024793386,1.2644628099173554,2.9132231404958677,1.5,1.677685950413223,1.3057851239669422,198
1008110.9256198347,2005.6776859504132,43.14462809917355,2.0661157024793386,1.2644628099173554,2.9132231404958677,1.5,1.677685950413223,1.3057851239669422,128
1008110.9256198347,2005.6776859504132,43.14462809917355,2.0661157024793386,1.2644628099173554,2.9132231404958677,1.5,1.677685950413223,1.3057851239669422,100
1008110.9256198347,2005.6776859504132,43.14462809917355,2.0661157024793386,1.2644628099173554,2.9132231404958677,1.5,1.677685950413223,1.3057851239669422,112
1008110.9256198347,2005.6776859504132,43.14462809917355,2.0661157024793386,1.2644628099173554,2.9132231404958677,1.5,1.677685950413223,1.3057851239669422,138
1008110.9256198347,2005.6776859504132,43.14462809917355,2.0661157024793386,1.2644628099173554,2.9132231404958677,1.5,1.677685950413223,1.3057851239669422,81
1008110.9256198347,2005.6776859504132,43.14462809917355,2.0661157024793386,1.2644628099173554,2.9132231404958677,1.5,1.677685950413223,1.3057851239669422,55
1008110.9256198347,2005.6776859504132,43.14462809917355,2.0661157024793386,1.2644628099173554,2.9132231404958677,1.5,1.677685950413223,1.3057851239669422,169
1008110.9256198347,2005.6776859504132,43.14462809917355,2.0661157024793386,1.2644628099173554,2.9132231404958677,1.5,1.677685950413223,1.3057851239669422,47
1008110.9256198347,2005.6776859504132,43.14462809917355,2.0661157024793386,1.2644628099173554,2.9132231404958677,1.5,1.677685950413223,1.3057851239669422,165
1008110.9256198347,2005.6776859504132,43.14462809917355,2.0661157024793386,1.2644628099173554,2.9132231404958677,1.5,1.677685950413223,1.3057851239669422,88
1008110.9256198347,2005.6776859504132,43.14462809917355,2.0661157024793386,1.2644628099173554,2.9132231404958677,1.5,1.677685950413223,1.3057851239669422,74
1008110.9256198347,2005.6776859504132,43.14462809917355,2.0661157024793386,1.2644628099173554,2.9132231404958677,1.5,1.677685950413223,1.3057851239669422,116
1008110.9256198347,2005.6776859504132,43.14462809917355,2.0661157024793386,1.2644628099173554,2.9132231404958677,1.5,1.677685950413223,1.3057851239669422,147
1008110.9256198347,2005.6776859504132,43.14462809917355,2.0661157024793386,1.2644628099173554,2.9132231404958677,1.5,1.677685950413223,1.3057851239669422,50
1008110.9256198347,2005.6776859504132,43.14462809917355,2.0661157024793386,1.2644628099173554,2.9132231404958677,1.5,1.677685950413223,1.3057851239669422,119
1008110.9256198347,2005.6776859504132,43.14462809917355,2.0661157024793386,1.2644628099173554,2.9132231404958677,1.5,1.677685950413223,1.3057851239669422,117
1008110.9256198347,2005.6776859504132,43.14462809917355,2.0661157024793386,1.2644628099173554,2.9132231404958677,1.5,1.677685950413223,1.3057851239669422,125
1008110.9256198347,2005.6776859504132,43.14462809917355,2.0661157024793386,1.2644628099173554,2.9132231404958677,1.5,1.677685950413223,1.3057851239669422,129
1008110.9256198347,2005.6776859504132,43.14462809917355,2.0661157024793386,1.2644628099173554,2.9132231404958677,1.5,1.677685950413223,1.3057851239669422,127
1008110.9256198347,2005.6776859504132,43.14462809917355,2.0661157024793386,1.2644628099173554,2.9132231404958677,1.5,1.677685950413223,1.3057851239669422,78
1008110.9256198347,2005.6776859504132,43.14462809917355,2.0661157024793386,1.2644628099173554,2.9132231404958677,1.5,1.677685950413223,1.3057851239669422,35
1008110.9256198347,2005.6776859504132,43.14462809917355,2.0661157024793386,1.2644628099173554,2.9132231404958677,1.5,1.677685950413223,1.3057851239669422,150
1008110.9256198347,2005.6776859504132,43.14462809917355,2.0661157024793386,1.2644628099173554,2.9132231404958677,1.5,1.677685950413223,1.3057851239669422,103
1008110.9256198347,2005.6776859504132,43.14462809917355,2.0661157024793386,1.2644628099173554,2.9132231404958677,1.5,1.677685950413223,1.3057851239669422,113
1008110.9256198347,2005.6776859504132,43.14462809917355,2.0661157024793386,1.2644628099173554,2.9132231404958677,1.5,1.677685950413223,1.3057851239669422,149
1008110.9256198347,2005.6776859504132,43.14462809917355,2.0661157024793386,1.2644628099173554,2.9132231404958677,1.5,1.677685950413223,1.3057851239669422,142
1008110.9256198347,2005.6776859504132,43.14462809917355,2.0661157024793386,1.2644628099173554,2.9132231404958677,1.5,1.677685950413223,1.3057851239669422,90
1008110.9256198347,2005.6776859504132,43.14462809917355,2.0661157024793386,1.2644628099173554,2.9132231404958677,1.5,1.677685950413223,1.3057851239669422,131
1008110.9256198347,2005.6776859504132,43.14462809917355,2.0661157024793386,1.2644628099173554,2.9132231404958677,1.5,1.677685950413223,1.3057851239669422,132
1008110.9256198347,2005.6776859504132,43.14462809917355,2.0661157024793386,1.2644628099173554,2.9132231404958677,1.5,1.677685950413223,1.3057851239669422,74
1008110.9256198347,2005.6776859504132,43.14462809917355,2.0661157024793386,1.2644628099173554,2.9132231404958677,1.5,1.677685950413223,1.3057851239669422,78
1008110.9256198347,2005.6776859504132,43.14462809917355,2.0661157024793386,1.2644628099173554,2.9132231404958677,1.5,1.677685950413223,1.3057851239669422,100
1008110.9256198347,2005.6776859504132,43.14462809917355,2.0661157024793386,1.2644628099173554,2.9132231404958677,1.5,1.677685950413223,1.3057851239669422,105
1008110.9256198347,2005.6776859504132,43.14462809917355,2.0661157024793386,1.2644628099173554,2.9132231404958677,1.5,1.677685950413223,1.3057851239669422,71
1008110.9256198347,2005.6776859504132,43.14462809917355,2.0661157024793386,1.2644628099173554,2.9132231404958677,1.5,1.677685950413223,1.3057851239669422,119
1008110.9256198347,2005.6776859504132,43.14462809917355,2.0661157024793386,1.2644628099173554,2.9132231404958677,1.5,1.677685950413223,1.3057851239669422,89
1008110.9256198347,2005.6776859504132,43.14462809917355,2.0661157024793386,1.2644628099173554,2.9132231404958677,1.5,1.677685950413223,1.3057851239669422,110
1008110.9256198347,2005.6776859504132,43.14462809917355,2.0661157024793386,1.2644628099173554,2.9132231404958677,1.5,1.677685950413223,1.3057851239669422,152
1008110.9256198347,2005.6776859504132,43.14462809917355,2.0661157024793386,1.2644628099173554,2.9132231404958677,1.5,1.677685950413223,1.3057851239669422,86
1008110.9256198347,2005.6776859504132,43.14462809917355,2.0661157024793386,1.2644628099173554,2.9132231404958677,1.5,1.677685950413223,1.3057851239669422,139
1008110.9256198347,2005.6776859504132,43.14462809917355,2.0661157024793386,1.2644628099173554,2.9132231404958677,1.5,1.677685950413223,1.3057851239669422,32
1008110.9256198347,2005.6776859504132,43.14462809917355,2.0661157024793386,1.2644628099173554,2.9132231404958677,1.5,1.677685950413223,1.3057851239669422,158
1008110.9256198347,2005.6776859504132,43.14462809917355,2.0661157024793386,1.2644628099173554,2.9132231404958677,1.5,1.677685950413223,1.3057851239669422,142
1008110.9256198347,2005.6776859504132,43.14462809917355,2.0661157024793386,1.2644628099173554,2.9132231404958677,1.5,1.677685950413223,1.3057851239669422,282
1008110.9256198347,2005.6776859504132,43.14462809917355,2.0661157024793386,1.2644628099173554,2.9132231404958677,1.5,1.677685950413223,1.3057851239669422,127
1008110.9256198347,2005.6776859504132,43.14462809917355,2.0661157024793386,1.2644628099173554,2.9132231404958677,1.5,1.677685950413223,1.3057851239669422,56
1008110.9256198347,2005.6776859504132,43.14462809917355,2.0661157024793386,1.2644628099173554,2.9132231404958677,1.5,1.677685950413223,1.3057851239669422,114
1008110.9256198347,2005.6776859504132,43.14462809917355,2.0661157024793386,1.2644628099173554,2.9132231404958677,1.5,1.677685950413223,1.3057851239669422,65
1008110.9256198347,2005.6776859504132,43.14462809917355,2.0661157024793386,1.2644628099173554,2.9132231404958677,1.5,1.677685950413223,1.3057851239669422,88
1008110.9256198347,2005.6776859504132,43.14462809917355,2.0661157024793386,1.2644628099173554,2.9132231404958677,1.5,1.677685950413223,1.3057851239669422,122
1008110.9256198347,2005.6776859504132,43.14462809917355,2.0661157024793386,1.2644628099173554,2.9132231404958677,1.5,1.677685950413223,1.3057851239669422,119
1008110.9256198347,2005.6776859504132,43.14462809917355,2.0661157024793386,1.2644628099173554,2.9132231404958677,1.5,1.677685950413223,1.3057851239669422,67
1008110.9256198347,2005.6776859504132,43.14462809917355,2.0661157024793386,1.2644628099173554,2.9132231404958677,1.5,1.677685950413223,1.3057851239669422,148
1008110.9256198347,2005.6776859504132,43.14462809917355,2.0661157024793386,1.2644628099173554,2.9132231404958677,1.5,1.677685950413223,1.3057851239669422,153
1008110.9256198347,2005.6776859504132,43.14462809917355,2.0661157024793386,1.2644628099173554,2.9132231404958677,1.5,1.677685950413223,1.3057851239669422,107
1008110.9256198347,2005.6776859504132,43.14462809917355,2.0661157024793386,1.2644628099173554,2.9132231404958677,1.5,1.677685950413223,1.3057851239669422,75
1008110.9256198347,2005.6776859504132,43.14462809917355,2.0661157024793386,1.2644628099173554,2.9132231404958677,1.5,1.677685950413223,1.3057851239669422,145
1008110.9256198347,2005.6776859504132,43.14462809917355,2.0661157024793386,1.2644628099173554,2.9132231404958677,1.5,1.677685950413223,1.3057851239669422,117
1008110.9256198347,2005.6776859504132,43.14462809917355,2.0661157024793386,1.2644628099173554,2.9132231404958677,1.5,1.677685950413223,1.3057851239669422,103
1008110.9256198347,2005.6776859504132,43.14462809917355,2.0661157024793386,1.2644628099173554,2.9132231404958677,1.5,1.677685950413223,1.3057851239669422,166
1008110.9256198347,2005.6776859504132,43.14462809917355,2.0661157024793386,1.2644628099173554,2.9132231404958677,1.5,1.677685950413223,1.3057851239669422,94
1008110.9256198347,2005.6776859504132,43.14462809917355,2.0661157024793386,1.2644628099173554,2.9132231404958677,1.5,1.677685950413223,1.3057851239669422,140
1008110.9256198347,2005.6776859504132,43.14462809917355,2.0661157024793386,1.2644628099173554,2.9132231404958677,1.5,1.677685950413223,1.3057851239669422,81
1008110.9256198347,2005.6776859504132,43.14462809917355,2.0661157024793386,1.2644628099173554,2.9132231404958677,1.5,1.677685950413223,1.3057851239669422,80
1008110.9256198347,2005.6776859504132,43.14462809917355,2.0661157024793386,1.2644628099173554,2.9132231404958677,1.5,1.677685950413223,1.3057851239669422,157
1008110.9256198347,2005.6776859504132,43.14462809917355,2.0661157024793386,1.2644628099173554,2.9132231404958677,1.5,1.677685950413223,1.3057851239669422,126
1008110.9256198347,2005.6776859504132,43.14462809917355,2.0661157024793386,1.2644628099173554,2.9132231404958677,1.5,1.677685950413223,1.3057851239669422,90
1008110.9256198347,2005.6776859504132,43.14462809917355,2.0661157024793386,1.2644628099173554,2.9132231404958677,1.5,1.677685950413223,1.3057851239669422,89
1008110.9256198347,2005.6776859504132,43.14462809917355,2.0661157024793386,1.2644628099173554,2.9132231404958677,1.5,1.677685950413223,1.3057851239669422,88
1008110.9256198347,2005.6776859504132,43.14462809917355,2.0661157024793386,1.2644628099173554,2.9132231404958677,1.5,1.677685950413223,1.3057851239669422,40
1008110.9256198347,2005.6776859504132,43.14462809917355,2.0661157024793386,1.2644628099173554,2.9132231404958677,1.5,1.677685950413223,1.3057851239669422,74
1008110.9256198347,2005.6776859504132,43.14462809917355,2.0661157024793386,1.2644628099173554,2.9132231404958677,1.5,1.677685950413223,1.3057851239669422,95
1008110.9256198347,2005.6776859504132,43.14462809917355,2.0661157024793386,1.2644628099173554,2.9132231404958677,1.5,1.677685950413223,1.3057851239669422,105
1008110.9256198347,2005.6776859504132,43.14462809917355,2.0661157024793386,1.2644628099173554,2.9132231404958677,1.5,1.677685950413223,1.3057851239669422,100
1008110.9256198347,2005.6776859504132,43.14462809917355,2.0661157024793386,1.2644628099173554,2.9132231404958677,1.5,1.677685950413223,1.3057851239669422,268
1008110.9256198347,2005.6776859504132,43.14462809917355,2.0661157024793386,1.2644628099173554,2.9132231404958677,1.5,1.677685950413223,1.3057851239669422,80
1008110.9256198347,2005.6776859504132,43.14462809917355,2.0661157024793386,1.2644628099173554,2.9132231404958677,1.5,1.677685950413223,1.3057851239669422,278
1008110.9256198347,2005.6776859504132,43.14462809917355,2.0661157024793386,1.2644628099173554,2.9132231404958677,1.5,1.677685950413223,1.3057851239669422,174
1008110.9256198347,2005.6776859504132,43.14462809917355,2.0661157024793386,1.2644628099173554,2.9132231404958677,1.5,1.677685950413223,1.3057851239669422,114
1008110.9256198347,2005.6776859504132,43.14462809917355,2.0661157024793386,1.2644628099173554,2.9132231404958677,1.5,1.677685950413223,1.3057851239669422,84
1008110.9256198347,2005.6776859504132,43.14462809917355,2.0661157024793386,1.2644628099173554,2.9132231404958677,1.5,1.677685950413223,1.3057851239669422,131
1008110.9256198347,2005.6776859504132,43.14462809917355,2.0661157024793386,1.2644628099173554,2.9132231404958677,1.5,1.677685950413223,1.3057851239669422,145
1008110.9256198347,2005.6776859504132,43.14462809917355,2.0661157024793386,1.2644628099173554,2.9132231404958677,1.5,1.677685950413223,1.3057851239669422,146
1008110.9256198347,2005.6776859504132,43.14462809917355,2.0661157024793386,1.2644628099173554,2.9132231404958677,1.5,1.677685950413223,1.3057851239669422,94
1008110.9256198347,2005.6776859504132,43.14462809917355,2.0661157024793386,1.2644628099173554,2.9132231404958677,1.5,1.677685950413223,1.3057851239669422,70
1008110.9256198347,2005.6776859504132,43.14462809917355,2.0661157024793386,1.2644628099173554,2.9132231404958677,1.5,1.677685950413223,1.3057851239669422,110
1008110.9256198347,2005.6776859504132,43.14462809917355,2.0661157024793386,1.2644628099173554,2.9132231404958677,1.5,1.677685950413223,1.3057851239669422,189
1008110.9256198347,2005.6776859504132,43.14462809917355,2.0661157024793386,1.2644628099173554,2.9132231404958677,1.5,1.677685950413223,1.3057851239669422,120
1008110.9256198347,2005.6776859504132,43.14462809917355,2.0661157024793386,1.2644628099173554,2.9132231404958677,1.5,1.677685950413223,1.3057851239669422,136
1008110.9256198347,2005.6776859504132,43.14462809917355,2.0661157024793386,1.2644628099173554,2.9132231404958677,1.5,1.677685950413223,1.3057851239669422,272
1008110.9256198347,2005.6776859504132,43.14462809917355,2.0661157024793386,1.2644628099173554,2.9132231404958677,1.5,1.677685950413223,1.3057851239669422,81
1008110.9256198347,2005.6776859504132,43.14462809917355,2.0661157024793386,1.2644628099173554,2.9132231404958677,1.5,1.677685950413223,1.3057851239669422,127
1008110.9256198347,2005.6776859504132,43.14462809917355,2.0661157024793386,1.2644628099173554,2.9132231404958677,1.5,1.677685950413223,1.3057851239669422,72
1008110.9256198347,2005.6776859504132,43.14462809917355,2.0661157024793386,1.2644628099173554,2.9132231404958677,1.5,1.677685950413223,1.3057851239669422,97
1008110.9256198347,2005.6776859504132,43.14462809917355,2.0661157024793386,1.2644628099173554,2.9132231404958677,1.5,1.677685950413223,1.3057851239669422,119
1008110.9256198347,2005.6776859504132,43.14462809917355,2.0661157024793386,1.2644628099173554,2.9132231404958677,1.5,1.677685950413223,1.3057851239669422,107
1008110.9256198347,2005.6776859504132,43.14462809917355,2.0661157024793386,1.2644628099173554,2.9132231404958677,1.5,1.677685950413223,1.3057851239669422,135
1008110.9256198347,2005.6776859504132,43.14462809917355,2.0661157024793386,1.2644628099173554,2.9132231404958677,1.5,1.677685950413223,1.3057851239669422,172
1008110.9256198347,2005.6776859504132,43.14462809917355,2.0661157024793386,1.2644628099173554,2.9132231404958677,1.5,1.677685950413223,1.3057851239669422,119
1008110.9256198347,2005.6776859504132,43.14462809917355,2.0661157024793386,1.2644628099173554,2.9132231404958677,1.5,1.677685950413223,1.3057851239669422,148
1008110.9256198347,2005.6776859504132,43.14462809917355,2.0661157024793386,1.2644628099173554,2.9132231404958677,1.5,1.677685950413223,1.3057851239669422,143
1008110.9256198347,2005.6776859504132,43.14462809917355,2.0661157024793386,1.2644628099173554,2.9132231404958677,1.5,1.677685950413223,1.3057851239669422,85
1008110.9256198347,2005.6776859504132,43.14462809917355,2.0661157024793386,1.2644628099173554,2.9132231404958677,1.5,1.677685950413223,1.3057851239669422,108
1008110.9256198347,2005.6776859504132,43.14462809917355,2.0661157024793386,1.2644628099173554,2.9132231404958677,1.5,1.677685950413223,1.3057851239669422,277
1008110.9256198347,2005.6776859504132,43.14462809917355,2.0661157024793386,1.2644628099173554,2.9132231404958677,1.5,1.677685950413223,1.3057851239669422,110
1008110.9256198347,2005.6776859504132,43.14462809917355,2.0661157024793386,1.2644628099173554,2.9132231404958677,1.5,1.677685950413223,1.3057851239669422,72
1008110.9256198347,2005.6776859504132,43.14462809917355,2.0661157024793386,1.2644628099173554,2.9132231404958677,1.5,1.677685950413223,1.3057851239669422,77
1008110.9256198347,2005.6776859504132,43.14462809917355,2.0661157024793386,1.2644628099173554,2.9132231404958677,1.5,1.677685950413223,1.3057851239669422,170
1008110.9256198347,2005.6776859504132,43.14462809917355,2.0661157024793386,1.2644628099173554,2.9132231404958677,1.5,1.677685950413223,1.3057851239669422,100
1008110.9256198347,2005.6776859504132,43.14462809917355,2.0661157024793386,1.2644628099173554,2.9132231404958677,1.5,1.677685950413223,1.3057851239669422,70
1008110.9256198347,2005.6776859504132,43.14462809917355,2.0661157024793386,1.2644628099173554,2.9132231404958677,1.5,1.677685950413223,1.3057851239669422,73
1008110.9256198347,2005.6776859504132,43.14462809917355,2.0661157024793386,1.2644628099173554,2.9132231404958677,1.5,1.677685950413223,1.3057851239669422,99
1008110.9256198347,2005.6776859504132,43.14462809917355,2.0661157024793386,1.2644628099173554,2.9132231404958677,1.5,1.677685950413223,1.3057851239669422,27
1008110.9256198347,2005.6776859504132,43.14462809917355,2.0661157024793386,1.2644628099173554,2.9132231404958677,1.5,1.677685950413223,1.3057851239669422,44
1008110.9256198347,2005.6776859504132,43.14462809917355,2.0661157024793386,1.2644628099173554,2.9132231404958677,1.5,1.677685950413223,1.3057851239669422,177
1008110.9256198347,2005.6776859504132,43.14462809917355,2.0661157024793386,1.2644628099173554,2.9132231404958677,1.5,1.677685950413223,1.3057851239669422,182
1008110.9256198347,2005.6776859504132,43.14462809917355,2.0661157024793386,1.2644628099173554,2.9132231404958677,1.5,1.677685950413223,1.3057851239669422,119
1008110.9256198347,2005.6776859504132,43.14462809917355,2.0661157024793386,1.2644628099173554,2.9132231404958677,1.5,1.677685950413223,1.3057851239669422,115
1008110.9256198347,2005.6776859504132,43.14462809917355,2.0661157024793386,1.2644628099173554,2.9132231404958677,1.5,1.677685950413223,1.3057851239669422,97
1008110.9256198347,2005.6776859504132,43.14462809917355,2.0661157024793386,1.2644628099173554,2.9132231404958677,1.5,1.677685950413223,1.3057851239669422,105
1008110.9256198347,2005.6776859504132,43.14462809917355,2.0661157024793386,1.2644628099173554,2.9132231404958677,1.5,1.677685950413223,1.3057851239669422,68
1008110.9256198347,2005.6776859504132,43.14462809917355,2.0661157024793386,1.2644628099173554,2.9132231404958677,1.5,1.677685950413223,1.3057851239669422,155
1008110.9256198347,2005.6776859504132,43.14462809917355,2.0661157024793386,1.2644628099173554,2.9132231404958677,1.5,1.677685950413223,1.3057851239669422,111
1008110.9256198347,2005.6776859504132,43.14462809917355,2.0661157024793386,1.2644628099173554,2.9132231404958677,1.5,1.677685950413223,1.3057851239669422,84
1008110.9256198347,2005.6776859504132,43.14462809917355,2.0661157024793386,1.2644628099173554,2.9132231404958677,1.5,1.677685950413223,1.3057851239669422,134
1008110.9256198347,2005.6776859504132,43.14462809917355,2.0661157024793386,1.2644628099173554,2.9132231404958677,1.5,1.677685950413223,1.3057851239669422,100
1008110.9256198347,2005.6776859504132,43.14462809917355,2.0661157024793386,1.2644628099173554,2.9132231404958677,1.5,1.677685950413223,1.3057851239669422,161
1008110.9256198347,2005.6776859504132,43.14462809917355,2.0661157024793386,1.2644628099173554,2.9132231404958677,1.5,1.677685950413223,1.3057851239669422,81
1008110.9256198347,2005.6776859504132,43.14462809917355,2.0661157024793386,1.2644628099173554,2.9132231404958677,1.5,1.677685950413223,1.3057851239669422,110
1008110.9256198347,2005.6776859504132,43.14462809917355,2.0661157024793386,1.2644628099173554,2.9132231404958677,1.5,1.677685950413223,1.3057851239669422,94
1008110.9256198347,2005.6776859504132,43.14462809917355,2.0661157024793386,1.2644628099173554,2.9132231404958677,1.5,1.677685950413223,1.3057851239669422,123
1008110.9256198347,2005.6776859504132,43.14462809917355,2.0661157024793386,1.2644628099173554,2.9132231404958677,1.5,1.677685950413223,1.3057851239669422,135
1008110.9256198347,2005.6776859504132,43.14462809917355,2.0661157024793386,1.2644628099173554,2.9132231404958677,1.5,1.677685950413223,1.3057851239669422,48
1008110.9256198347,2005.6776859504132,43.14462809917355,2.0661157024793386,1.2644628099173554,2.9132231404958677,1.5,1.677685950413223,1.3057851239669422,88
1008110.9256198347,2005.6776859504132,43.14462809917355,2.0661157024793386,1.2644628099173554,2.9132231404958677,1.5,1.677685950413223,1.3057851239669422,90
1008110.9256198347,2005.6776859504132,43.14462809917355,2.0661157024793386,1.2644628099173554,2.9132231404958677,1.5,1.677685950413223,1.3057851239669422,137
1008110.9256198347,2005.6776859504132,43.14462809917355,2.0661157024793386,1.2644628099173554,2.9132231404958677,1.5,1.677685950413223,1.3057851239669422,80
1008110.9256198347,2005.6776859504132,43.14462809917355,2.0661157024793386,1.2644628099173554,2.9132231404958677,1.5,1.677685950413223,1.3057851239669422,148
1008110.9256198347,2005.6776859504132,43.14462809917355,2.0661157024793386,1.2644628099173554,2.9132231404958677,1.5,1.677685950413223,1.3057851239669422,85
1008110.9256198347,2005.6776859504132,43.14462809917355,2.0661157024793386,1.2644628099173554,2.9132231404958677,1.5,1.677685950413223,1.3057851239669422,101
1008110.9256198347,2005.6776859504132,43.14462809917355,2.0661157024793386,1.2644628099173554,2.9132231404958677,1.5,1.677685950413223,1.3057851239669422,76
1008110.9256198347,2005.6776859504132,43.14462809917355,2.0661157024793386,1.2644628099173554,2.9132231404958677,1.5,1.677685950413223,1.3057851239669422,268
1008110.9256198347,2005.6776859504132,43.14462809917355,2.0661157024793386,1.2644628099173554,2.9132231404958677,1.5,1.677685950413223,1.3057851239669422,83
1008110.9256198347,2005.6776859504132,43.14462809917355,2.0661157024793386,1.2644628099173554,2.9132231404958677,1.5,1.677685950413223,1.3057851239669422,124
1008110.9256198347,2005.6776859504132,43.14462809917355,2.0661157024793386,1.2644628099173554,2.9132231404958677,1.5,1.677685950413223,1.3057851239669422,102
1008110.9256198347,2005.6776859504132,43.14462809917355,2.0661157024793386,1.2644628099173554,2.9132231404958677,1.5,1.677685950413223,1.3057851239669422,95
955239.6481481482,2005.9074074074074,41.94444444444444,2.0185185185185186,1.2592592592592593,2.611111111111111,1.462962962962963,1.6851851851851851,1.3333333333333333,110
955239.6481481482,2005.9074074074074,41.94444444444444,2.0185185185185186,1.2592592592592593,2.611111111111111,1.462962962962963,1.6851851851851851,1.3333333333333333,148
955239.6481481482,2005.9074074074074,41.94444444444444,2.0185185185185186,1.2592592592592593,2.611111111111111,1.462962962962963,1.6851851851851851,1.3333333333333333,135
955239.6481481482,2005.9074074074074,41.94444444444444,2.0185185185185186,1.2592592592592593,2.611111111111111,1.462962962962963,1.6851851851851851,1.3333333333333333,100
955239.6481481482,2005.9074074074074,41.94444444444444,2.0185185185185186,1.2592592592592593,2.611111111111111,1.462962962962963,1.6851851851851851,1.3333333333333333,93
955239.6481481482,2005.9074074074074,41.94444444444444,2.0185185185185186,1.2592592592592593,2.611111111111111,1.462962962962963,1.6851851851851851,1.3333333333333333,142
955239.6481481482,2005.9074074074074,41.94444444444444,2.0185185185185186,1.2592592592592593,2.611111111111111,1.462962962962963,1.6851851851851851,1.3333333333333333,88
955239.6481481482,2005.9074074074074,41.94444444444444,2.0185185185185186,1.2592592592592593,2.611111111111111,1.462962962962963,1.6851851851851851,1.3333333333333333,177
955239.6481481482,2005.9074074074074,41.94444444444444,2.0185185185185186,1.2592592592592593,2.611111111111111,1.462962962962963,1.6851851851851851,1.3333333333333333,161
955239.6481481482,2005.9074074074074,41.94444444444444,2.0185185185185186,1.2592592592592593,2.611111111111111,1.462962962962963,1.6851851851851851,1.3333333333333333,92
955239.6481481482,2005.9074074074074,41.94444444444444,2.0185185185185186,1.2592592592592593,2.611111111111111,1.462962962962963,1.6851851851851851,1.3333333333333333,119
955239.6481481482,2005.9074074074074,41.94444444444444,2.0185185185185186,1.2592592592592593,2.611111111111111,1.462962962962963,1.6851851851851851,1.3333333333333333,77
955239.6481481482,2005.9074074074074,41.94444444444444,2.0185185185185186,1.2592592592592593,2.611111111111111,1.462962962962963,1.6851851851851851,1.3333333333333333,127
955239.6481481482,2005.9074074074074,41.94444444444444,2.0185185185185186,1.2592592592592593,2.611111111111111,1.462962962962963,1.6851851851851851,1.3333333333333333,100
955239.6481481482,2005.9074074074074,41.94444444444444,2.0185185185185186,1.2592592592592593,2.611111111111111,1.462962962962963,1.6851851851851851,1.3333333333333333,138
955239.6481481482,2005.9074074074074,41.94444444444444,2.0185185185185186,1.2592592592592593,2.611111111111111,1.462962962962963,1.6851851851851851,1.3333333333333333,110
955239.6481481482,2005.9074074074074,41.94444444444444,2.0185185185185186,1.2592592592592593,2.611111111111111,1.462962962962963,1.6851851851851851,1.3333333333333333,105
955239.6481481482,2005.9074074074074,41.94444444444444,2.0185185185185186,1.2592592592592593,2.611111111111111,1.462962962962963,1.6851851851851851,1.3333333333333333,131
955239.6481481482,2005.9074074074074,41.94444444444444,2.0185185185185186,1.2592592592592593,2.611111111111111,1.462962962962963,1.6851851851851851,1.3333333333333333,117
955239.6481481482,2005.9074074074074,41.94444444444444,2.0185185185185186,1.2592592592592593,2.611111111111111,1.462962962962963,1.6851851851851851,1.3333333333333333,105
955239.6481481482,2005.9074074074074,41.94444444444444,2.0185185185185186,1.2592592592592593,2.611111111111111,1.462962962962963,1.6851851851851851,1.3333333333333333,100
955239.6481481482,2005.9074074074074,41.94444444444444,2.0185185185185186,1.2592592592592593,2.611111111111111,1.462962962962963,1.6851851851851851,1.3333333333333333,123
955239.6481481482,2005.9074074074074,41.94444444444444,2.0185185185185186,1.2592592592592593,2.611111111111111,1.462962962962963,1.6851851851851851,1.3333333333333333,75
955239.6481481482,2005.9074074074074,41.94444444444444,2.0185185185185186,1.2592592592592593,2.611111111111111,1.462962962962963,1.6851851851851851,1.3333333333333333,127
955239.6481481482,2005.9074074074074,41.94444444444444,2.0185185185185186,1.2592592592592593,2.611111111111111,1.462962962962963,1.6851851851851851,1.3333333333333333,110
955239.6481481482,2005.9074074074074,41.94444444444444,2.0185185185185186,1.2592592592592593,2.611111111111111,1.462962962962963,1.6851851851851851,1.3333333333333333,85
955239.6481481482,2005.9074074074074,41.94444444444444,2.0185185185185186,1.2592592592592593,2.611111111111111,1.462962962962963,1.6851851851851851,1.3333333333333333,112
955239.6481481482,2005.9074074074074,41.94444444444444,2.0185185185185186,1.2592592592592593,2.611111111111111,1.462962962962963,1.6851851851851851,1.3333333333333333,114
955239.6481481482,2005.9074074074074,41.94444444444444,2.0185185185185186,1.2592592592592593,2.611111111111111,1.462962962962963,1.6851851851851851,1.3333333333333333,94
955239.6481481482,2005.9074074074074,41.94444444444444,2.0185185185185186,1.2592592592592593,2.611111111111111,1.462962962962963,1.6851851851851851,1.3333333333333333,90
955239.6481481482,2005.9074074074074,41.94444444444444,2.0185185185185186,1.2592592592592593,2.611111111111111,1.462962962962963,1.6851851851851851,1.3333333333333333,119
955239.6481481482,2005.9074074074074,41.94444444444444,2.0185185185185186,1.2592592592592593,2.611111111111111,1.462962962962963,1.6851851851851851,1.3333333333333333,81
955239.6481481482,2005.9074074074074,41.94444444444444,2.0185185185185186,1.2592592592592593,2.611111111111111,1.462962962962963,1.6851851851851851,1.3333333333333333,74
955239.6481481482,2005.9074074074074,41.94444444444444,2.0185185185185186,1.2592592592592593,2.611111111111111,1.462962962962963,1.6851851851851851,1.3333333333333333,80
955239.6481481482,2005.9074074074074,41.94444444444444,2.0185185185185186,1.2592592592592593,2.611111111111111,1.462962962962963,1.6851851851851851,1.3333333333333333,89
955239.6481481482,2005.9074074074074,41.94444444444444,2.0185185185185186,1.2592592592592593,2.611111111111111,1.462962962962963,1.6851851851851851,1.3333333333333333,102
955239.6481481482,2005.9074074074074,41.94444444444444,2.0185185185185186,1.2592592592592593,2.611111111111111,1.462962962962963,1.6851851851851851,1.3333333333333333,114
955239.6481481482,2005.9074074074074,41.94444444444444,2.0185185185185186,1.2592592592592593,2.611111111111111,1.462962962962963,1.6851851851851851,1.3333333333333333,119
955239.6481481482,2005.9074074074074,41.94444444444444,2.0185185185185186,1.2592592592592593,2.611111111111111,1.462962962962963,1.6851851851851851,1.3333333333333333,74
955239.6481481482,2005.9074074074074,41.94444444444444,2.0185185185185186,1.2592592592592593,2.611111111111111,1.462962962962963,1.6851851851851851,1.3333333333333333,88
955239.6481481482,2005.9074074074074,41.94444444444444,2.0185185185185186,1.2592592592592593,2.611111111111111,1.462962962962963,1.6851851851851851,1.3333333333333333,81
955239.6481481482,2005.9074074074074,41.94444444444444,2.0185185185185186,1.2592592592592593,2.611111111111111,1.462962962962963,1.6851851851851851,1.3333333333333333,70
955239.6481481482,2005.9074074074074,41.94444444444444,2.0185185185185186,1.2592592592592593,2.611111111111111,1.462962962962963,1.6851851851851851,1.3333333333333333,94
955239.6481481482,2005.9074074074074,41.94444444444444,2.0185185185185186,1.2592592592592593,2.611111111111111,1.462962962962963,1.6851851851851851,1.3333333333333333,95
955239.6481481482,2005.9074074074074,41.94444444444444,2.0185185185185186,1.2592592592592593,2.611111111111111,1.462962962962963,1.6851851851851851,1.3333333333333333,83
955239.6481481482,2005.9074074074074,41.94444444444444,2.0185185185185186,1.2592592592592593,2.611111111111111,1.462962962962963,1.6851851851851851,1.3333333333333333,65
955239.6481481482,2005.9074074074074,41.94444444444444,2.0185185185185186,1.2592592592592593,2.611111111111111,1.462962962962963,1.6851851851851851,1.3333333333333333,129
955239.6481481482,2005.9074074074074,41.94444444444444,2.0185185185185186,1.2592592592592593,2.611111111111111,1.462962962962963,1.6851851851851851,1.3333333333333333,97
955239.6481481482,2005.9074074074074,41.94444444444444,2.0185185185185186,1.2592592592592593,2.611111111111111,1.462962962962963,1.6851851851851851,1.3333333333333333,100
955239.6481481482,2005.9074074074074,41.94444444444444,2.0185185185185186,1.2592592592592593,2.611111111111111,1.462962962962963,1.6851851851851851,1.3333333333333333,108
955239.6481481482,2005.9074074074074,41.94444444444444,2.0185185185185186,1.2592592592592593,2.611111111111111,1.462962962962963,1.6851851851851851,1.3333333333333333,119
955239.6481481482,2005.9074074074074,41.94444444444444,2.0185185185185186,1.2592592592592593,2.611111111111111,1.462962962962963,1.6851851851851851,1.3333333333333333,148
955239.6481481482,2005.9074074074074,41.94444444444444,2.0185185185185186,1.2592592592592593,2.611111111111111,1.462962962962963,1.6851851851851851,1.3333333333333333,81
955239.6481481482,2005.9074074074074,41.94444444444444,2.0185185185185186,1.2592592592592593,2.611111111111111,1.462962962962963,1.6851851851851851,1.3333333333333333,88
