1063555.5724907063,2005.895910780669,42.77695167286245,2.0,1.2304832713754648,3.1152416356877324,1.4981412639405205,1.721189591078067,1.275092936802974,111
1063555.5724907063,2005.895910780669,42.77695167286245,2.0,1.2304832713754648,3.1152416356877324,1.4981412639405205,1.721189591078067,1.275092936802974,73
1063555.5724907063,2005.895910780669,42.77695167286245,2.0,1.2304832713754648,3.1152416356877324,1.4981412639405205,1.721189591078067,1.275092936802974,110
1063555.5724907063,2005.895910780669,42.77695167286245,2.0,1.2304832713754648,3.1152416356877324,1.4981412639405205,1.721189591078067,1.275092936802974,137
1063555.5724907063,2005.895910780669,42.77695167286245,2.0,1.2304832713754648,3.1152416356877324,1.4981412639405205,1.721189591078067,1.275092936802974,145
1063555.5724907063,2005.895910780669,42.77695167286245,2.0,1.2304832713754648,3.1152416356877324,1.4981412639405205,1.721189591078067,1.275092936802974,90
1063555.5724907063,2005.895910780669,42.77695167286245,2.0,1.2304832713754648,3.1152416356877324,1.4981412639405205,1.721189591078067,1.275092936802974,75
1063555.5724907063,2005.895910780669,42.77695167286245,2.0,1.2304832713754648,3.1152416356877324,1.4981412639405205,1.721189591078067,1.275092936802974,80
1063555.5724907063,2005.895910780669,42.77695167286245,2.0,1.2304832713754648,3.1152416356877324,1.4981412639405205,1.721189591078067,1.275092936802974,76
1063555.5724907063,2005.895910780669,42.77695167286245,2.0,1.2304832713754648,3.1152416356877324,1.4981412639405205,1.721189591078067,1.275092936802974,127
1063555.5724907063,2005.895910780669,42.77695167286245,2.0,1.2304832713754648,3.1152416356877324,1.4981412639405205,1.721189591078067,1.275092936802974,44
1063555.5724907063,2005.895910780669,42.77695167286245,2.0,1.2304832713754648,3.1152416356877324,1.4981412639405205,1.721189591078067,1.275092936802974,148
1063555.5724907063,2005.895910780669,42.77695167286245,2.0,1.2304832713754648,3.1152416356877324,1.4981412639405205,1.721189591078067,1.275092936802974,72
1063555.5724907063,2005.895910780669,42.77695167286245,2.0,1.2304832713754648,3.1152416356877324,1.4981412639405205,1.721189591078067,1.275092936802974,268
1063555.5724907063,2005.895910780669,42.77695167286245,2.0,1.2304832713754648,3.1152416356877324,1.4981412639405205,1.721189591078067,1.275092936802974,135
1063555.5724907063,2005.895910780669,42.77695167286245,2.0,1.2304832713754648,3.1152416356877324,1.4981412639405205,1.721189591078067,1.275092936802974,84
1063555.5724907063,2005.895910780669,42.77695167286245,2.0,1.2304832713754648,3.1152416356877324,1.4981412639405205,1.721189591078067,1.275092936802974,88
1063555.5724907063,2005.895910780669,42.77695167286245,2.0,1.2304832713754648,3.1152416356877324,1.4981412639405205,1.721189591078067,1.275092936802974,182
1063555.5724907063,2005.895910780669,42.77695167286245,2.0,1.2304832713754648,3.1152416356877324,1.4981412639405205,1.721189591078067,1.275092936802974,99
1063555.5724907063,2005.895910780669,42.77695167286245,2.0,1.2304832713754648,3.1152416356877324,1.4981412639405205,1.721189591078067,1.275092936802974,100
1063555.5724907063,2005.895910780669,42.77695167286245,2.0,1.2304832713754648,3.1152416356877324,1.4981412639405205,1.721189591078067,1.275092936802974,134
1063555.5724907063,2005.895910780669,42.77695167286245,2.0,1.2304832713754648,3.1152416356877324,1.4981412639405205,1.721189591078067,1.275092936802974,105
1063555.5724907063,2005.895910780669,42.77695167286245,2.0,1.2304832713754648,3.1152416356877324,1.4981412639405205,1.721189591078067,1.275092936802974,142
1063555.5724907063,2005.895910780669,42.77695167286245,2.0,1.2304832713754648,3.1152416356877324,1.4981412639405205,1.721189591078067,1.275092936802974,74
1063555.5724907063,2005.895910780669,42.77695167286245,2.0,1.2304832713754648,3.1152416356877324,1.4981412639405205,1.721189591078067,1.275092936802974,68
1063555.5724907063,2005.895910780669,42.77695167286245,2.0,1.2304832713754648,3.1152416356877324,1.4981412639405205,1.721189591078067,1.275092936802974,119
1063555.5724907063,2005.895910780669,42.77695167286245,2.0,1.2304832713754648,3.1152416356877324,1.4981412639405205,1.721189591078067,1.275092936802974,124
1063555.5724907063,2005.895910780669,42.77695167286245,2.0,1.2304832713754648,3.1152416356877324,1.4981412639405205,1.721189591078067,1.275092936802974,119
1063555.5724907063,2005.895910780669,42.77695167286245,2.0,1.2304832713754648,3.1152416356877324,1.4981412639405205,1.721189591078067,1.275092936802974,94
1063555.5724907063,2005.895910780669,42.77695167286245,2.0,1.2304832713754648,3.1152416356877324,1.4981412639405205,1.721189591078067,1.275092936802974,48
1063555.5724907063,2005.895910780669,42.77695167286245,2.0,1.2304832713754648,3.1152416356877324,1.4981412639405205,1.721189591078067,1.275092936802974,310
1063555.5724907063,2005.895910780669,42.77695167286245,2.0,1.2304832713754648,3.1152416356877324,1.4981412639405205,1.721189591078067,1.275092936802974,89
1063555.5724907063,2005.895910780669,42.77695167286245,2.0,1.2304832713754648,3.1152416356877324,1.4981412639405205,1.721189591078067,1.275092936802974,131
1063555.5724907063,2005.895910780669,42.77695167286245,2.0,1.2304832713754648,3.1152416356877324,1.4981412639405205,1.721189591078067,1.275092936802974,27
1063555.5724907063,2005.895910780669,42.77695167286245,2.0,1.2304832713754648,3.1152416356877324,1.4981412639405205,1.721189591078067,1.275092936802974,65
1063555.5724907063,2005.895910780669,42.77695167286245,2.0,1.2304832713754648,3.1152416356877324,1.4981412639405205,1.721189591078067,1.275092936802974,170
1063555.5724907063,2005.895910780669,42.77695167286245,2.0,1.2304832713754648,3.1152416356877324,1.4981412639405205,1.721189591078067,1.275092936802974,181
1063555.5724907063,2005.895910780669,42.77695167286245,2.0,1.2304832713754648,3.1152416356877324,1.4981412639405205,1.721189591078067,1.275092936802974,81
1063555.5724907063,2005.895910780669,42.77695167286245,2.0,1.2304832713754648,3.1152416356877324,1.4981412639405205,1.721189591078067,1.275092936802974,70
1063555.5724907063,2005.895910780669,42.77695167286245,2.0,1.2304832713754648,3.1152416356877324,1.4981412639405205,1.721189591078067,1.275092936802974,277
1063555.5724907063,2005.895910780669,42.77695167286245,2.0,1.2304832713754648,3.1152416356877324,1.4981412639405205,1.721189591078067,1.275092936802974,107
1063555.5724907063,2005.895910780669,42.77695167286245,2.0,1.2304832713754648,3.1152416356877324,1.4981412639405205,1.721189591078067,1.275092936802974,114
1063555.5724907063,2005.895910780669,42.77695167286245,2.0,1.2304832713754648,3.1152416356877324,1.4981412639405205,1.721189591078067,1.275092936802974,110
1063555.5724907063,2005.895910780669,42.77695167286245,2.0,1.2304832713754648,3.1152416356877324,1.4981412639405205,1.721189591078067,1.275092936802974,184
1063555.5724907063,2005.895910780669,42.77695167286245,2.0,1.2304832713754648,3.1152416356877324,1.4981412639405205,1.721189591078067,1.275092936802974,80
1063555.5724907063,2005.895910780669,42.77695167286245,2.0,1.2304832713754648,3.1152416356877324,1.4981412639405205,1.721189591078067,1.275092936802974,61
1063555.5724907063,2005.895910780669,42.77695167286245,2.0,1.2304832713754648,3.1152416356877324,1.4981412639405205,1.721189591078067,1.275092936802974,84
1063555.5724907063,2005.895910780669,42.77695167286245,2.0,1.2304832713754648,3.1152416356877324,1.4981412639405205,1.721189591078067,1.275092936802974,176
1063555.5724907063,2005.895910780669,42.77695167286245,2.0,1.2304832713754648,3.1152416356877324,1.4981412639405205,1.721189591078067,1.275092936802974,57
1063555.5724907063,2005.895910780669,42.77695167286245,2.0,1.2304832713754648,3.1152416356877324,1.4981412639405205,1.721189591078067,1.275092936802974,180
1063555.5724907063,2005.895910780669,42.77695167286245,2.0,1.2304832713754648,3.1152416356877324,1.4981412639405205,1.721189591078067,1.275092936802974,81
1063555.5724907063,2005.895910780669,42.77695167286245,2.0,1.2304832713754648,3.1152416356877324,1.4981412639405205,1.721189591078067,1.275092936802974,100
1063555.5724907063,2005.895910780669,42.77695167286245,2.0,1.2304832713754648,3.1152416356877324,1.4981412639405205,1.721189591078067,1.275092936802974,77
1063555.5724907063,2005.895910780669,42.77695167286245,2.0,1.2304832713754648,3.1152416356877324,1.4981412639405205,1.721189591078067,1.275092936802974,110
1063555.5724907063,2005.895910780669,42.77695167286245,2.0,1.2304832713754648,3.1152416356877324,1.4981412639405205,1.721189591078067,1.275092936802974,94
1063555.5724907063,2005.895910780669,42.77695167286245,2.0,1.2304832713754648,3.1152416356877324,1.4981412639405205,1.721189591078067,1.275092936802974,115
1063555.5724907063,2005.895910780669,42.77695167286245,2.0,1.2304832713754648,3.1152416356877324,1.4981412639405205,1.721189591078067,1.275092936802974,97
1063555.5724907063,2005.895910780669,42.77695167286245,2.0,1.2304832713754648,3.1152416356877324,1.4981412639405205,1.721189591078067,1.275092936802974,187
1063555.5724907063,2005.895910780669,42.77695167286245,2.0,1.2304832713754648,3.1152416356877324,1.4981412639405205,1.721189591078067,1.275092936802974,85
1063555.5724907063,2005.895910780669,42.77695167286245,2.0,1.2304832713754648,3.1152416356877324,1.4981412639405205,1.721189591078067,1.275092936802974,91
1063555.5724907063,2005.895910780669,42.77695167286245,2.0,1.2304832713754648,3.1152416356877324,1.4981412639405205,1.721189591078067,1.275092936802974,114
1063555.5724907063,2005.895910780669,42.77695167286245,2.0,1.2304832713754648,3.1152416356877324,1.4981412639405205,1.721189591078067,1.275092936802974,62
1063555.5724907063,2005.895910780669,42.77695167286245,2.0,1.2304832713754648,3.1152416356877324,1.4981412639405205,1.721189591078067,1.275092936802974,95
1063555.5724907063,2005.895910780669,42.77695167286245,2.0,1.2304832713754648,3.1152416356877324,1.4981412639405205,1.721189591078067,1.275092936802974,119
1063555.5724907063,2005.895910780669,42.77695167286245,2.0,1.2304832713754648,3.1152416356877324,1.4981412639405205,1.721189591078067,1.275092936802974,268
1063555.5724907063,2005.895910780669,42.77695167286245,2.0,1.2304832713754648,3.1152416356877324,1.4981412639405205,1.721189591078067,1.275092936802974,104
1063555.5724907063,2005.895910780669,42.77695167286245,2.0,1.2304832713754648,3.1152416356877324,1.4981412639405205,1.721189591078067,1.275092936802974,69
1063555.5724907063,2005.895910780669,42.77695167286245,2.0,1.2304832713754648,3.1152416356877324,1.4981412639405205,1.721189591078067,1.275092936802974,72
1063555.5724907063,2005.895910780669,42.77695167286245,2.0,1.2304832713754648,3.1152416356877324,1.4981412639405205,1.721189591078067,1.275092936802974,74
1063555.5724907063,2005.895910780669,42.77695167286245,2.0,1.2304832713754648,3.1152416356877324,1.4981412639405205,1.721189591078067,1.275092936802974,54
1063555.5724907063,2005.895910780669,42.77695167286245,2.0,1.2304832713754648,3.1152416356877324,1.4981412639405205,1.721189591078067,1.275092936802974,105
1063555.5724907063,2005.895910780669,42.77695167286245,2.0,1.2304832713754648,3.1152416356877324,1.4981412639405205,1.721189591078067,1.275092936802974,70
1063555.5724907063,2005.895910780669,42.77695167286245,2.0,1.2304832713754648,3.1152416356877324,1.4981412639405205,1.721189591078067,1.275092936802974,100
1063555.5724907063,2005.895910780669,42.77695167286245,2.0,1.2304832713754648,3.1152416356877324,1.4981412639405205,1.721189591078067,1.275092936802974,108
1063555.5724907063,2005.895910780669,42.77695167286245,2.0,1.2304832713754648,3.1152416356877324,1.4981412639405205,1.721189591078067,1.275092936802974,148
1063555.5724907063,2005.895910780669,42.77695167286245,2.0,1.2304832713754648,3.1152416356877324,1.4981412639405205,1.721189591078067,1.275092936802974,155
1063555.5724907063,2005.895910780669,42.77695167286245,2.0,1.2304832713754648,3.1152416356877324,1.4981412639405205,1.721189591078067,1.275092936802974,23
1063555.5724907063,2005.895910780669,42.77695167286245,2.0,1.2304832713754648,3.1152416356877324,1.4981412639405205,1.721189591078067,1.275092936802974,79
1063555.5724907063,2005.895910780669,42.77695167286245,2.0,1.2304832713754648,3.1152416356877324,1.4981412639405205,1.721189591078067,1.275092936802974,52
1063555.5724907063,2005.895910780669,42.77695167286245,2.0,1.2304832713754648,3.1152416356877324,1.4981412639405205,1.721189591078067,1.275092936802974,90
1063555.5724907063,2005.895910780669,42.77695167286245,2.0,1.2304832713754648,3.1152416356877324,1.4981412639405205,1.721189591078067,1.275092936802974,127
1063555.5724907063,2005.895910780669,42.77695167286245,2.0,1.2304832713754648,3.1152416356877324,1.4981412639405205,1.721189591078067,1.275092936802974,88
1063555.5724907063,2005.895910780669,42.77695167286245,2.0,1.2304832713754648,3.1152416356877324,1.4981412639405205,1.721189591078067,1.275092936802974,131
1063555.5724907063,2005.895910780669,42.77695167286245,2.0,1.2304832713754648,3.1152416356877324,1.4981412639405205,1.721189591078067,1.275092936802974,126
1063555.5724907063,2005.895910780669,42.77695167286245,2.0,1.2304832713754648,3.1152416356877324,1.4981412639405205,1.721189591078067,1.275092936802974,123
1063555.5724907063,2005.895910780669,42.77695167286245,2.0,1.2304832713754648,3.1152416356877324,1.4981412639405205,1.721189591078067,1.275092936802974,100
1063555.5724907063,2005.895910780669,42.77695167286245,2.0,1.2304832713754648,3.1152416356877324,1.4981412639405205,1.721189591078067,1.275092936802974,81
1063555.5724907063,2005.895910780669,42.77695167286245,2.0,1.2304832713754648,3.1152416356877324,1.4981412639405205,1.721189591078067,1.275092936802974,177
1063555.5724907063,2005.895910780669,42.77695167286245,2.0,1.2304832713754648,3.1152416356877324,1.4981412639405205,1.721189591078067,1.275092936802974,53
1063555.5724907063,2005.895910780669,42.77695167286245,2.0,1.2304832713754648,3.1152416356877324,1.4981412639405205,1.721189591078067,1.275092936802974,161
1063555.5724907063,2005.895910780669,42.77695167286245,2.0,1.2304832713754648,3.1152416356877324,1.4981412639405205,1.721189591078067,1.275092936802974,109
1063555.5724907063,2005.895910780669,42.77695167286245,2.0,1.2304832713754648,3.1152416356877324,1.4981412639405205,1.721189591078067,1.275092936802974,83
1063555.5724907063,2005.895910780669,42.77695167286245,2.0,1.2304832713754648,3.1152416356877324,1.4981412639405205,1.721189591078067,1.275092936802974,77
1063555.5724907063,2005.895910780669,42.77695167286245,2.0,1.2304832713754648,3.1152416356877324,1.4981412639405205,1.721189591078067,1.275092936802974,144
1063555.5724907063,2005.895910780669,42.77695167286245,2.0,1.2304832713754648,3.1152416356877324,1.4981412639405205,1.721189591078067,1.275092936802974,59
1063555.5724907063,2005.895910780669,42.77695167286245,2.0,1.2304832713754648,3.1152416356877324,1.4981412639405205,1.721189591078067,1.275092936802974,93
1063555.5724907063,2005.895910780669,42.77695167286245,2.0,1.2304832713754648,3.1152416356877324,1.4981412639405205,1.721189591078067,1.275092936802974,110
1063555.5724907063,2005.895910780669,42.77695167286245,2.0,1.2304832713754648,3.1152416356877324,1.4981412639405205,1.721189591078067,1.275092936802974,126
1063555.5724907063,2005.895910780669,42.77695167286245,2.0,1.2304832713754648,3.1152416356877324,1.4981412639405205,1.721189591078067,1.275092936802974,106
1063555.5724907063,2005.895910780669,42.77695167286245,2.0,1.2304832713754648,3.1152416356877324,1.4981412639405205,1.721189591078067,1.275092936802974,63
1063555.5724907063,2005.895910780669,42.77695167286245,2.0,1.2304832713754648,3.1152416356877324,1.4981412639405205,1.721189591078067,1.275092936802974,92
1063555.5724907063,2005.895910780669,42.77695167286245,2.0,1.2304832713754648,3.1152416356877324,1.4981412639405205,1.721189591078067,1.275092936802974,64
1063555.5724907063,2005.895910780669,42.77695167286245,2.0,1.2304832713754648,3.1152416356877324,1.4981412639405205,1.721189591078067,1.275092936802974,130
1063555.5724907063,2005.895910780669,42.77695167286245,2.0,1.2304832713754648,3.1152416356877324,1.4981412639405205,1.721189591078067,1.275092936802974,66
1063555.5724907063,2005.895910780669,42.77695167286245,2.0,1.2304832713754648,3.1152416356877324,1.4981412639405205,1.721189591078067,1.275092936802974,80
1063555.5724907063,2005.895910780669,42.77695167286245,2.0,1.2304832713754648,3.1152416356877324,1.4981412639405205,1.721189591078067,1.275092936802974,114
1063555.5724907063,2005.895910780669,42.77695167286245,2.0,1.2304832713754648,3.1152416356877324,1.4981412639405205,1.721189591078067,1.275092936802974,155
1063555.5724907063,2005.895910780669,42.77695167286245,2.0,1.2304832713754648,3.1152416356877324,1.4981412639405205,1.721189591078067,1.275092936802974,148
1063555.5724907063,2005.895910780669,42.77695167286245,2.0,1.2304832713754648,3.1152416356877324,1.4981412639405205,1.721189591078067,1.275092936802974,101
1063555.5724907063,2005.895910780669,42.77695167286245,2.0,1.2304832713754648,3.1152416356877324,1.4981412639405205,1.721189591078067,1.275092936802974,108
1063555.5724907063,2005.895910780669,42.77695167286245,2.0,1.2304832713754648,3.1152416356877324,1.4981412639405205,1.721189591078067,1.275092936802974,90
1063555.5724907063,2005.895910780669,42.77695167286245,2.0,1.2304832713754648,3.1152416356877324,1.4981412639405205,1.721189591078067,1.275092936802974,87
1063555.5724907063,2005.895910780669,42.77695167286245,2.0,1.2304832713754648,3.1152416356877324,1.4981412639405205,1.721189591078067,1.275092936802974,318
1063555.5724907063,2005.895910780669,42.77695167286245,2.0,1.2304832713754648,3.1152416356877324,1.4981412639405205,1.721189591078067,1.275092936802974,105
1063555.5724907063,2005.895910780669,42.77695167286245,2.0,1.2304832713754648,3.1152416356877324,1.4981412639405205,1.721189591078067,1.275092936802974,82
1063555.5724907063,2005.895910780669,42.77695167286245,2.0,1.2304832713754648,3.1152416356877324,1.4981412639405205,1.721189591078067,1.275092936802974,95
1063555.5724907063,2005.895910780669,42.77695167286245,2.0,1.2304832713754648,3.1152416356877324,1.4981412639405205,1.721189591078067,1.275092936802974,127
1063555.5724907063,2005.895910780669,42.77695167286245,2.0,1.2304832713754648,3.1152416356877324,1.4981412639405205,1.721189591078067,1.275092936802974,85
1063555.5724907063,2005.895910780669,42.77695167286245,2.0,1.2304832713754648,3.1152416356877324,1.4981412639405205,1.721189591078067,1.275092936802974,121
1063555.5724907063,2005.895910780669,42.77695167286245,2.0,1.2304832713754648,3.1152416356877324,1.4981412639405205,1.721189591078067,1.275092936802974,196
1063555.5724907063,2005.895910780669,42.77695167286245,2.0,1.2304832713754648,3.1152416356877324,1.4981412639405205,1.721189591078067,1.275092936802974,100
1063555.5724907063,2005.895910780669,42.77695167286245,2.0,1.2304832713754648,3.1152416356877324,1.4981412639405205,1.721189591078067,1.275092936802974,102
1063555.5724907063,2005.895910780669,42.77695167286245,2.0,1.2304832713754648,3.1152416356877324,1.4981412639405205,1.721189591078067,1.275092936802974,94
1063555.5724907063,2005.895910780669,42.77695167286245,2.0,1.2304832713754648,3.1152416356877324,1.4981412639405205,1.721189591078067,1.275092936802974,88
1063555.5724907063,2005.895910780669,42.77695167286245,2.0,1.2304832713754648,3.1152416356877324,1.4981412639405205,1.721189591078067,1.275092936802974,74
1063555.5724907063,2005.895910780669,42.77695167286245,2.0,1.2304832713754648,3.1152416356877324,1.4981412639405205,1.721189591078067,1.275092936802974,119
1063555.5724907063,2005.895910780669,42.77695167286245,2.0,1.2304832713754648,3.1152416356877324,1.4981412639405205,1.721189591078067,1.275092936802974,24
1063555.5724907063,2005.895910780669,42.77695167286245,2.0,1.2304832713754648,3.1152416356877324,1.4981412639405205,1.721189591078067,1.275092936802974,97
1063555.5724907063,2005.895910780669,42.77695167286245,2.0,1.2304832713754648,3.1152416356877324,1.4981412639405205,1.721189591078067,1.275092936802974,115
1063555.5724907063,2005.895910780669,42.77695167286245,2.0,1.2304832713754648,3.1152416356877324,1.4981412639405205,1.721189591078067,1.275092936802974,60
1063555.5724907063,2005.895910780669,42.77695167286245,2.0,1.2304832713754648,3.1152416356877324,1.4981412639405205,1.721189591078067,1.275092936802974,193
1063555.5724907063,2005.895910780669,42.77695167286245,2.0,1.2304832713754648,3.1152416356877324,1.4981412639405205,1.721189591078067,1.275092936802974,88
1063555.5724907063,2005.895910780669,42.77695167286245,2.0,1.2304832713754648,3.1152416356877324,1.4981412639405205,1.721189591078067,1.275092936802974,110
1063555.5724907063,2005.895910780669,42.77695167286245,2.0,1.2304832713754648,3.1152416356877324,1.4981412639405205,1.721189591078067,1.275092936802974,123
1063555.5724907063,2005.895910780669,42.77695167286245,2.0,1.2304832713754648,3.1152416356877324,1.4981412639405205,1.721189591078067,1.275092936802974,128
1063555.5724907063,2005.895910780669,42.77695167286245,2.0,1.2304832713754648,3.1152416356877324,1.4981412639405205,1.721189591078067,1.275092936802974,150
1063555.5724907063,2005.895910780669,42.77695167286245,2.0,1.2304832713754648,3.1152416356877324,1.4981412639405205,1.721189591078067,1.275092936802974,101
1063555.5724907063,2005.895910780669,42.77695167286245,2.0,1.2304832713754648,3.1152416356877324,1.4981412639405205,1.721189591078067,1.275092936802974,154
1063555.5724907063,2005.895910780669,42.77695167286245,2.0,1.2304832713754648,3.1152416356877324,1.4981412639405205,1.721189591078067,1.275092936802974,161
1063555.5724907063,2005.895910780669,42.77695167286245,2.0,1.2304832713754648,3.1152416356877324,1.4981412639405205,1.721189591078067,1.275092936802974,121
1063555.5724907063,2005.895910780669,42.77695167286245,2.0,1.2304832713754648,3.1152416356877324,1.4981412639405205,1.721189591078067,1.275092936802974,83
1063555.5724907063,2005.895910780669,42.77695167286245,2.0,1.2304832713754648,3.1152416356877324,1.4981412639405205,1.721189591078067,1.275092936802974,169
1063555.5724907063,2005.895910780669,42.77695167286245,2.0,1.2304832713754648,3.1152416356877324,1.4981412639405205,1.721189591078067,1.275092936802974,177
1063555.5724907063,2005.895910780669,42.77695167286245,2.0,1.2304832713754648,3.1152416356877324,1.4981412639405205,1.721189591078067,1.275092936802974,97
1063555.5724907063,2005.895910780669,42.77695167286245,2.0,1.2304832713754648,3.1152416356877324,1.4981412639405205,1.721189591078067,1.275092936802974,74
1063555.5724907063,2005.895910780669,42.77695167286245,2.0,1.2304832713754648,3.1152416356877324,1.4981412639405205,1.721189591078067,1.275092936802974,164
1063555.5724907063,2005.895910780669,42.77695167286245,2.0,1.2304832713754648,3.1152416356877324,1.4981412639405205,1.721189591078067,1.275092936802974,192
1063555.5724907063,2005.895910780669,42.77695167286245,2.0,1.2304832713754648,3.1152416356877324,1.4981412639405205,1.721189591078067,1.275092936802974,133
1063555.5724907063,2005.895910780669,42.77695167286245,2.0,1.2304832713754648,3.1152416356877324,1.4981412639405205,1.721189591078067,1.275092936802974,147
1063555.5724907063,2005.895910780669,42.77695167286245,2.0,1.2304832713754648,3.1152416356877324,1.4981412639405205,1.721189591078067,1.275092936802974,47
1063555.5724907063,2005.895910780669,42.77695167286245,2.0,1.2304832713754648,3.1152416356877324,1.4981412639405205,1.721189591078067,1.275092936802974,58
1063555.5724907063,2005.895910780669,42.77695167286245,2.0,1.2304832713754648,3.1152416356877324,1.4981412639405205,1.721189591078067,1.275092936802974,85
1063555.5724907063,2005.895910780669,42.77695167286245,2.0,1.2304832713754648,3.1152416356877324,1.4981412639405205,1.721189591078067,1.275092936802974,55
1063555.5724907063,2005.895910780669,42.77695167286245,2.0,1.2304832713754648,3.1152416356877324,1.4981412639405205,1.721189591078067,1.275092936802974,35
1063555.5724907063,2005.895910780669,42.77695167286245,2.0,1.2304832713754648,3.1152416356877324,1.4981412639405205,1.721189591078067,1.275092936802974,96
1063555.5724907063,2005.895910780669,42.77695167286245,2.0,1.2304832713754648,3.1152416356877324,1.4981412639405205,1.721189591078067,1.275092936802974,129
1063555.5724907063,2005.895910780669,42.77695167286245,2.0,1.2304832713754648,3.1152416356877324,1.4981412639405205,1.721189591078067,1.275092936802974,135
1063555.5724907063,2005.895910780669,42.77695167286245,2.0,1.2304832713754648,3.1152416356877324,1.4981412639405205,1.721189591078067,1.275092936802974,50
1063555.5724907063,2005.895910780669,42.77695167286245,2.0,1.2304832713754648,3.1152416356877324,1.4981412639405205,1.721189591078067,1.275092936802974,148
1063555.5724907063,2005.895910780669,42.77695167286245,2.0,1.2304832713754648,3.1152416356877324,1.4981412639405205,1.721189591078067,1.275092936802974,106
1063555.5724907063,2005.895910780669,42.77695167286245,2.0,1.2304832713754648,3.1152416356877324,1.4981412639405205,1.721189591078067,1.275092936802974,112
1063555.5724907063,2005.895910780669,42.77695167286245,2.0,1.2304832713754648,3.1152416356877324,1.4981412639405205,1.721189591078067,1.275092936802974,113
1063555.5724907063,2005.895910780669,42.77695167286245,2.0,1.2304832713754648,3.1152416356877324,1.4981412639405205,1.721189591078067,1.275092936802974,88
1063555.5724907063,2005.895910780669,42.77695167286245,2.0,1.2304832713754648,3.1152416356877324,1.4981412639405205,1.721189591078067,1.275092936802974,138
1063555.5724907063,2005.895910780669,42.77695167286245,2.0,1.2304832713754648,3.1152416356877324,1.4981412639405205,1.721189591078067,1.275092936802974,100
1063555.5724907063,2005.895910780669,42.77695167286245,2.0,1.2304832713754648,3.1152416356877324,1.4981412639405205,1.721189591078067,1.275092936802974,94
1063555.5724907063,2005.895910780669,42.77695167286245,2.0,1.2304832713754648,3.1152416356877324,1.4981412639405205,1.721189591078067,1.275092936802974,93
1063555.5724907063,2005.895910780669,42.77695167286245,2.0,1.2304832713754648,3.1152416356877324,1.4981412639405205,1.721189591078067,1.275092936802974,95
1063555.5724907063,2005.895910780669,42.77695167286245,2.0,1.2304832713754648,3.1152416356877324,1.4981412639405205,1.721189591078067,1.275092936802974,179
1063555.5724907063,2005.895910780669,42.77695167286245,2.0,1.2304832713754648,3.1152416356877324,1.4981412639405205,1.721189591078067,1.275092936802974,102
1063555.5724907063,2005.895910780669,42.77695167286245,2.0,1.2304832713754648,3.1152416356877324,1.4981412639405205,1.721189591078067,1.275092936802974,114
1063555.5724907063,2005.895910780669,42.77695167286245,2.0,1.2304832713754648,3.1152416356877324,1.4981412639405205,1.721189591078067,1.275092936802974,149
1063555.5724907063,2005.895910780669,42.77695167286245,2.0,1.2304832713754648,3.1152416356877324,1.4981412639405205,1.721189591078067,1.275092936802974,31
1063555.5724907063,2005.895910780669,42.77695167286245,2.0,1.2304832713754648,3.1152416356877324,1.4981412639405205,1.721189591078067,1.275092936802974,37
1063555.5724907063,2005.895910780669,42.77695167286245,2.0,1.2304832713754648,3.1152416356877324,1.4981412639405205,1.721189591078067,1.275092936802974,118
1063555.5724907063,2005.895910780669,42.77695167286245,2.0,1.2304832713754648,3.1152416356877324,1.4981412639405205,1.721189591078067,1.275092936802974,81
1063555.5724907063,2005.895910780669,42.77695167286245,2.0,1.2304832713754648,3.1152416356877324,1.4981412639405205,1.721189591078067,1.275092936802974,105
1063555.5724907063,2005.895910780669,42.77695167286245,2.0,1.2304832713754648,3.1152416356877324,1.4981412639405205,1.721189591078067,1.275092936802974,198
1063555.5724907063,2005.895910780669,42.77695167286245,2.0,1.2304832713754648,3.1152416356877324,1.4981412639405205,1.721189591078067,1.275092936802974,165
1063555.5724907063,2005.895910780669,42.77695167286245,2.0,1.2304832713754648,3.1152416356877324,1.4981412639405205,1.721189591078067,1.275092936802974,119
1063555.5724907063,2005.895910780669,42.77695167286245,2.0,1.2304832713754648,3.1152416356877324,1.4981412639405205,1.721189591078067,1.275092936802974,125
1063555.5724907063,2005.895910780669,42.77695167286245,2.0,1.2304832713754648,3.1152416356877324,1.4981412639405205,1.721189591078067,1.275092936802974,92
1063555.5724907063,2005.895910780669,42.77695167286245,2.0,1.2304832713754648,3.1152416356877324,1.4981412639405205,1.721189591078067,1.275092936802974,116
1063555.5724907063,2005.895910780669,42.77695167286245,2.0,1.2304832713754648,3.1152416356877324,1.4981412639405205,1.721189591078067,1.275092936802974,132
1063555.5724907063,2005.895910780669,42.77695167286245,2.0,1.2304832713754648,3.1152416356877324,1.4981412639405205,1.721189591078067,1.275092936802974,100
1063555.5724907063,2005.895910780669,42.77695167286245,2.0,1.2304832713754648,3.1152416356877324,1.4981412639405205,1.721189591078067,1.275092936802974,168
1063555.5724907063,2005.895910780669,42.77695167286245,2.0,1.2304832713754648,3.1152416356877324,1.4981412639405205,1.721189591078067,1.275092936802974,142
1063555.5724907063,2005.895910780669,42.77695167286245,2.0,1.2304832713754648,3.1152416356877324,1.4981412639405205,1.721189591078067,1.275092936802974,55
1063555.5724907063,2005.895910780669,42.77695167286245,2.0,1.2304832713754648,3.1152416356877324,1.4981412639405205,1.721189591078067,1.275092936802974,81
1063555.5724907063,2005.895910780669,42.77695167286245,2.0,1.2304832713754648,3.1152416356877324,1.4981412639405205,1.721189591078067,1.275092936802974,45
1063555.5724907063,2005.895910780669,42.77695167286245,2.0,1.2304832713754648,3.1152416356877324,1.4981412639405205,1.721189591078067,1.275092936802974,89
1063555.5724907063,2005.895910780669,42.77695167286245,2.0,1.2304832713754648,3.1152416356877324,1.4981412639405205,1.721189591078067,1.275092936802974,166
1063555.5724907063,2005.895910780669,42.77695167286245,2.0,1.2304832713754648,3.1152416356877324,1.4981412639405205,1.721189591078067,1.275092936802974,157
1063555.5724907063,2005.895910780669,42.77695167286245,2.0,1.2304832713754648,3.1152416356877324,1.4981412639405205,1.721189591078067,1.275092936802974,201
1063555.5724907063,2005.895910780669,42.77695167286245,2.0,1.2304832713754648,3.1152416356877324,1.4981412639405205,1.721189591078067,1.275092936802974,71
1063555.5724907063,2005.895910780669,42.77695167286245,2.0,1.2304832713754648,3.1152416356877324,1.4981412639405205,1.721189591078067,1.275092936802974,119
1063555.5724907063,2005.895910780669,42.77695167286245,2.0,1.2304832713754648,3.1152416356877324,1.4981412639405205,1.721189591078067,1.275092936802974,65
1063555.5724907063,2005.895910780669,42.77695167286245,2.0,1.2304832713754648,3.1152416356877324,1.4981412639405205,1.721189591078067,1.275092936802974,158
1063555.5724907063,2005.895910780669,42.77695167286245,2.0,1.2304832713754648,3.1152416356877324,1.4981412639405205,1.721189591078067,1.275092936802974,129
1063555.5724907063,2005.895910780669,42.77695167286245,2.0,1.2304832713754648,3.1152416356877324,1.4981412639405205,1.721189591078067,1.275092936802974,110
1063555.5724907063,2005.895910780669,42.77695167286245,2.0,1.2304832713754648,3.1152416356877324,1.4981412639405205,1.721189591078067,1.275092936802974,153
1063555.5724907063,2005.895910780669,42.77695167286245,2.0,1.2304832713754648,3.1152416356877324,1.4981412639405205,1.721189591078067,1.275092936802974,78
1063555.5724907063,2005.895910780669,42.77695167286245,2.0,1.2304832713754648,3.1152416356877324,1.4981412639405205,1.721189591078067,1.275092936802974,123
1063555.5724907063,2005.895910780669,42.77695167286245,2.0,1.2304832713754648,3.1152416356877324,1.4981412639405205,1.721189591078067,1.275092936802974,88
1063555.5724907063,2005.895910780669,42.77695167286245,2.0,1.2304832713754648,3.1152416356877324,1.4981412639405205,1.721189591078067,1.275092936802974,75
1063555.5724907063,2005.895910780669,42.77695167286245,2.0,1.2304832713754648,3.1152416356877324,1.4981412639405205,1.721189591078067,1.275092936802974,56
1063555.5724907063,2005.895910780669,42.77695167286245,2.0,1.2304832713754648,3.1152416356877324,1.4981412639405205,1.721189591078067,1.275092936802974,138
1063555.5724907063,2005.895910780669,42.77695167286245,2.0,1.2304832713754648,3.1152416356877324,1.4981412639405205,1.721189591078067,1.275092936802974,171
1063555.5724907063,2005.895910780669,42.77695167286245,2.0,1.2304832713754648,3.1152416356877324,1.4981412639405205,1.721189591078067,1.275092936802974,177
1063555.5724907063,2005.895910780669,42.77695167286245,2.0,1.2304832713754648,3.1152416356877324,1.4981412639405205,1.721189591078067,1.275092936802974,161
1063555.5724907063,2005.895910780669,42.77695167286245,2.0,1.2304832713754648,3.1152416356877324,1.4981412639405205,1.721189591078067,1.275092936802974,135
1063555.5724907063,2005.895910780669,42.77695167286245,2.0,1.2304832713754648,3.1152416356877324,1.4981412639405205,1.721189591078067,1.275092936802974,105
1063555.5724907063,2005.895910780669,42.77695167286245,2.0,1.2304832713754648,3.1152416356877324,1.4981412639405205,1.721189591078067,1.275092936802974,140
1063555.5724907063,2005.895910780669,42.77695167286245,2.0,1.2304832713754648,3.1152416356877324,1.4981412639405205,1.721189591078067,1.275092936802974,117
1063555.5724907063,2005.895910780669,42.77695167286245,2.0,1.2304832713754648,3.1152416356877324,1.4981412639405205,1.721189591078067,1.275092936802974,67
1063555.5724907063,2005.895910780669,42.77695167286245,2.0,1.2304832713754648,3.1152416356877324,1.4981412639405205,1.721189591078067,1.275092936802974,96
1063555.5724907063,2005.895910780669,42.77695167286245,2.0,1.2304832713754648,3.1152416356877324,1.4981412639405205,1.721189591078067,1.275092936802974,282
1063555.5724907063,2005.895910780669,42.77695167286245,2.0,1.2304832713754648,3.1152416356877324,1.4981412639405205,1.721189591078067,1.275092936802974,86
1063555.5724907063,2005.895910780669,42.77695167286245,2.0,1.2304832713754648,3.1152416356877324,1.4981412639405205,1.721189591078067,1.275092936802974,94
1063555.5724907063,2005.895910780669,42.77695167286245,2.0,1.2304832713754648,3.1152416356877324,1.4981412639405205,1.721189591078067,1.275092936802974,152
1063555.5724907063,2005.895910780669,42.77695167286245,2.0,1.2304832713754648,3.1152416356877324,1.4981412639405205,1.721189591078067,1.275092936802974,103
1063555.5724907063,2005.895910780669,42.77695167286245,2.0,1.2304832713754648,3.1152416356877324,1.4981412639405205,1.721189591078067,1.275092936802974,102
1063555.5724907063,2005.895910780669,42.77695167286245,2.0,1.2304832713754648,3.1152416356877324,1.4981412639405205,1.721189591078067,1.275092936802974,32
1063555.5724907063,2005.895910780669,42.77695167286245,2.0,1.2304832713754648,3.1152416356877324,1.4981412639405205,1.721189591078067,1.275092936802974,139
1063555.5724907063,2005.895910780669,42.77695167286245,2.0,1.2304832713754648,3.1152416356877324,1.4981412639405205,1.721189591078067,1.275092936802974,122
1063555.5724907063,2005.895910780669,42.77695167286245,2.0,1.2304832713754648,3.1152416356877324,1.4981412639405205,1.721189591078067,1.275092936802974,112
1063555.5724907063,2005.895910780669,42.77695167286245,2.0,1.2304832713754648,3.1152416356877324,1.4981412639405205,1.721189591078067,1.275092936802974,148
1063555.5724907063,2005.895910780669,42.77695167286245,2.0,1.2304832713754648,3.1152416356877324,1.4981412639405205,1.721189591078067,1.275092936802974,83
1063555.5724907063,2005.895910780669,42.77695167286245,2.0,1.2304832713754648,3.1152416356877324,1.4981412639405205,1.721189591078067,1.275092936802974,189
1063555.5724907063,2005.895910780669,42.77695167286245,2.0,1.2304832713754648,3.1152416356877324,1.4981412639405205,1.721189591078067,1.275092936802974,129
1063555.5724907063,2005.895910780669,42.77695167286245,2.0,1.2304832713754648,3.1152416356877324,1.4981412639405205,1.721189591078067,1.275092936802974,256
1063555.5724907063,2005.895910780669,42.77695167286245,2.0,1.2304832713754648,3.1152416356877324,1.4981412639405205,1.721189591078067,1.275092936802974,131
1063555.5724907063,2005.895910780669,42.77695167286245,2.0,1.2304832713754648,3.1152416356877324,1.4981412639405205,1.721189591078067,1.275092936802974,201
1063555.5724907063,2005.895910780669,42.77695167286245,2.0,1.2304832713754648,3.1152416356877324,1.4981412639405205,1.721189591078067,1.275092936802974,136
1063555.5724907063,2005.895910780669,42.77695167286245,2.0,1.2304832713754648,3.1152416356877324,1.4981412639405205,1.721189591078067,1.275092936802974,94
1063555.5724907063,2005.895910780669,42.77695167286245,2.0,1.2304832713754648,3.1152416356877324,1.4981412639405205,1.721189591078067,1.275092936802974,146
1063555.5724907063,2005.895910780669,42.77695167286245,2.0,1.2304832713754648,3.1152416356877324,1.4981412639405205,1.721189591078067,1.275092936802974,117
1063555.5724907063,2005.895910780669,42.77695167286245,2.0,1.2304832713754648,3.1152416356877324,1.4981412639405205,1.721189591078067,1.275092936802974,120
1063555.5724907063,2005.895910780669,42.77695167286245,2.0,1.2304832713754648,3.1152416356877324,1.4981412639405205,1.721189591078067,1.275092936802974,142
1063555.5724907063,2005.895910780669,42.77695167286245,2.0,1.2304832713754648,3.1152416356877324,1.4981412639405205,1.721189591078067,1.275092936802974,119
1063555.5724907063,2005.895910780669,42.77695167286245,2.0,1.2304832713754648,3.1152416356877324,1.4981412639405205,1.721189591078067,1.275092936802974,107
1063555.5724907063,2005.895910780669,42.77695167286245,2.0,1.2304832713754648,3.1152416356877324,1.4981412639405205,1.721189591078067,1.275092936802974,75
1063555.5724907063,2005.895910780669,42.77695167286245,2.0,1.2304832713754648,3.1152416356877324,1.4981412639405205,1.721189591078067,1.275092936802974,145
1063555.5724907063,2005.895910780669,42.77695167286245,2.0,1.2304832713754648,3.1152416356877324,1.4981412639405205,1.721189591078067,1.275092936802974,119
1063555.5724907063,2005.895910780669,42.77695167286245,2.0,1.2304832713754648,3.1152416356877324,1.4981412639405205,1.721189591078067,1.275092936802974,278
1063555.5724907063,2005.895910780669,42.77695167286245,2.0,1.2304832713754648,3.1152416356877324,1.4981412639405205,1.721189591078067,1.275092936802974,127
1063555.5724907063,2005.895910780669,42.77695167286245,2.0,1.2304832713754648,3.1152416356877324,1.4981412639405205,1.721189591078067,1.275092936802974,172
1063555.5724907063,2005.895910780669,42.77695167286245,2.0,1.2304832713754648,3.1152416356877324,1.4981412639405205,1.721189591078067,1.275092936802974,81
1063555.5724907063,2005.895910780669,42.77695167286245,2.0,1.2304832713754648,3.1152416356877324,1.4981412639405205,1.721189591078067,1.275092936802974,151
1063555.5724907063,2005.895910780669,42.77695167286245,2.0,1.2304832713754648,3.1152416356877324,1.4981412639405205,1.721189591078067,1.275092936802974,114
1063555.5724907063,2005.895910780669,42.77695167286245,2.0,1.2304832713754648,3.1152416356877324,1.4981412639405205,1.721189591078067,1.275092936802974,98
1063555.5724907063,2005.895910780669,42.77695167286245,2.0,1.2304832713754648,3.1152416356877324,1.4981412639405205,1.721189591078067,1.275092936802974,135
1063555.5724907063,2005.895910780669,42.77695167286245,2.0,1.2304832713754648,3.1152416356877324,1.4981412639405205,1.721189591078067,1.275092936802974,272
1063555.5724907063,2005.895910780669,42.77695167286245,2.0,1.2304832713754648,3.1152416356877324,1.4981412639405205,1.721189591078067,1.275092936802974,89
1063555.5724907063,2005.895910780669,42.77695167286245,2.0,1.2304832713754648,3.1152416356877324,1.4981412639405205,1.721189591078067,1.275092936802974,40
1063555.5724907063,2005.895910780669,42.77695167286245,2.0,1.2304832713754648,3.1152416356877324,1.4981412639405205,1.721189591078067,1.275092936802974,156
1063555.5724907063,2005.895910780669,42.77695167286245,2.0,1.2304832713754648,3.1152416356877324,1.4981412639405205,1.721189591078067,1.275092936802974,160
1063555.5724907063,2005.895910780669,42.77695167286245,2.0,1.2304832713754648,3.1152416356877324,1.4981412639405205,1.721189591078067,1.275092936802974,279
1063555.5724907063,2005.895910780669,42.77695167286245,2.0,1.2304832713754648,3.1152416356877324,1.4981412639405205,1.721189591078067,1.275092936802974,65
1063555.5724907063,2005.895910780669,42.77695167286245,2.0,1.2304832713754648,3.1152416356877324,1.4981412639405205,1.721189591078067,1.275092936802974,174
1063555.5724907063,2005.895910780669,42.77695167286245,2.0,1.2304832713754648,3.1152416356877324,1.4981412639405205,1.721189591078067,1.275092936802974,88
1063555.5724907063,2005.895910780669,42.77695167286245,2.0,1.2304832713754648,3.1152416356877324,1.4981412639405205,1.721189591078067,1.275092936802974,103
1063555.5724907063,2005.895910780669,42.77695167286245,2.0,1.2304832713754648,3.1152416356877324,1.4981412639405205,1.721189591078067,1.275092936802974,110
1063555.5724907063,2005.895910780669,42.77695167286245,2.0,1.2304832713754648,3.1152416356877324,1.4981412639405205,1.721189591078067,1.275092936802974,159
1063555.5724907063,2005.895910780669,42.77695167286245,2.0,1.2304832713754648,3.1152416356877324,1.4981412639405205,1.721189591078067,1.275092936802974,78
1063555.5724907063,2005.895910780669,42.77695167286245,2.0,1.2304832713754648,3.1152416356877324,1.4981412639405205,1.721189591078067,1.275092936802974,143
1063555.5724907063,2005.895910780669,42.77695167286245,2.0,1.2304832713754648,3.1152416356877324,1.4981412639405205,1.721189591078067,1.275092936802974,100
1063555.5724907063,2005.895910780669,42.77695167286245,2.0,1.2304832713754648,3.1152416356877324,1.4981412639405205,1.721189591078067,1.275092936802974,74
1063555.5724907063,2005.895910780669,42.77695167286245,2.0,1.2304832713754648,3.1152416356877324,1.4981412639405205,1.721189591078067,1.275092936802974,148
1037496.3794642857,2005.6919642857142,43.075892857142854,1.9151785714285714,1.2857142857142858,3.2232142857142856,1.4910714285714286,1.7321428571428572,1.3616071428571428,109
1037496.3794642857,2005.6919642857142,43.075892857142854,1.9151785714285714,1.2857142857142858,3.2232142857142856,1.4910714285714286,1.7321428571428572,1.3616071428571428,59
1037496.3794642857,2005.6919642857142,43.075892857142854,1.9151785714285714,1.2857142857142858,3.2232142857142856,1.4910714285714286,1.7321428571428572,1.3616071428571428,75
1037496.3794642857,2005.6919642857142,43.075892857142854,1.9151785714285714,1.2857142857142858,3.2232142857142856,1.4910714285714286,1.7321428571428572,1.3616071428571428,145
1037496.3794642857,2005.6919642857142,43.075892857142854,1.9151785714285714,1.2857142857142858,3.2232142857142856,1.4910714285714286,1.7321428571428572,1.3616071428571428,151
1037496.3794642857,2005.6919642857142,43.075892857142854,1.9151785714285714,1.2857142857142858,3.2232142857142856,1.4910714285714286,1.7321428571428572,1.3616071428571428,125
1037496.3794642857,2005.6919642857142,43.075892857142854,1.9151785714285714,1.2857142857142858,3.2232142857142856,1.4910714285714286,1.7321428571428572,1.3616071428571428,156
1037496.3794642857,2005.6919642857142,43.075892857142854,1.9151785714285714,1.2857142857142858,3.2232142857142856,1.4910714285714286,1.7321428571428572,1.3616071428571428,77
1037496.3794642857,2005.6919642857142,43.075892857142854,1.9151785714285714,1.2857142857142858,3.2232142857142856,1.4910714285714286,1.7321428571428572,1.3616071428571428,159
1037496.3794642857,2005.6919642857142,43.075892857142854,1.9151785714285714,1.2857142857142858,3.2232142857142856,1.4910714285714286,1.7321428571428572,1.3616071428571428,56
1037496.3794642857,2005.6919642857142,43.075892857142854,1.9151785714285714,1.2857142857142858,3.2232142857142856,1.4910714285714286,1.7321428571428572,1.3616071428571428,119
1037496.3794642857,2005.6919642857142,43.075892857142854,1.9151785714285714,1.2857142857142858,3.2232142857142856,1.4910714285714286,1.7321428571428572,1.3616071428571428,65
1037496.3794642857,2005.6919642857142,43.075892857142854,1.9151785714285714,1.2857142857142858,3.2232142857142856,1.4910714285714286,1.7321428571428572,1.3616071428571428,128
1037496.3794642857,2005.6919642857142,43.075892857142854,1.9151785714285714,1.2857142857142858,3.2232142857142856,1.4910714285714286,1.7321428571428572,1.3616071428571428,114
1037496.3794642857,2005.6919642857142,43.075892857142854,1.9151785714285714,1.2857142857142858,3.2232142857142856,1.4910714285714286,1.7321428571428572,1.3616071428571428,38
1037496.3794642857,2005.6919642857142,43.075892857142854,1.9151785714285714,1.2857142857142858,3.2232142857142856,1.4910714285714286,1.7321428571428572,1.3616071428571428,256
1037496.3794642857,2005.6919642857142,43.075892857142854,1.9151785714285714,1.2857142857142858,3.2232142857142856,1.4910714285714286,1.7321428571428572,1.3616071428571428,113
1037496.3794642857,2005.6919642857142,43.075892857142854,1.9151785714285714,1.2857142857142858,3.2232142857142856,1.4910714285714286,1.7321428571428572,1.3616071428571428,118
1037496.3794642857,2005.6919642857142,43.075892857142854,1.9151785714285714,1.2857142857142858,3.2232142857142856,1.4910714285714286,1.7321428571428572,1.3616071428571428,164
1037496.3794642857,2005.6919642857142,43.075892857142854,1.9151785714285714,1.2857142857142858,3.2232142857142856,1.4910714285714286,1.7321428571428572,1.3616071428571428,81
1037496.3794642857,2005.6919642857142,43.075892857142854,1.9151785714285714,1.2857142857142858,3.2232142857142856,1.4910714285714286,1.7321428571428572,1.3616071428571428,282
1037496.3794642857,2005.6919642857142,43.075892857142854,1.9151785714285714,1.2857142857142858,3.2232142857142856,1.4910714285714286,1.7321428571428572,1.3616071428571428,29
1037496.3794642857,2005.6919642857142,43.075892857142854,1.9151785714285714,1.2857142857142858,3.2232142857142856,1.4910714285714286,1.7321428571428572,1.3616071428571428,100
1037496.3794642857,2005.6919642857142,43.075892857142854,1.9151785714285714,1.2857142857142858,3.2232142857142856,1.4910714285714286,1.7321428571428572,1.3616071428571428,153
1037496.3794642857,2005.6919642857142,43.075892857142854,1.9151785714285714,1.2857142857142858,3.2232142857142856,1.4910714285714286,1.7321428571428572,1.3616071428571428,279
1037496.3794642857,2005.6919642857142,43.075892857142854,1.9151785714285714,1.2857142857142858,3.2232142857142856,1.4910714285714286,1.7321428571428572,1.3616071428571428,74
1037496.3794642857,2005.6919642857142,43.075892857142854,1.9151785714285714,1.2857142857142858,3.2232142857142856,1.4910714285714286,1.7321428571428572,1.3616071428571428,160
1037496.3794642857,2005.6919642857142,43.075892857142854,1.9151785714285714,1.2857142857142858,3.2232142857142856,1.4910714285714286,1.7321428571428572,1.3616071428571428,42
1037496.3794642857,2005.6919642857142,43.075892857142854,1.9151785714285714,1.2857142857142858,3.2232142857142856,1.4910714285714286,1.7321428571428572,1.3616071428571428,72
1037496.3794642857,2005.6919642857142,43.075892857142854,1.9151785714285714,1.2857142857142858,3.2232142857142856,1.4910714285714286,1.7321428571428572,1.3616071428571428,84
1037496.3794642857,2005.6919642857142,43.075892857142854,1.9151785714285714,1.2857142857142858,3.2232142857142856,1.4910714285714286,1.7321428571428572,1.3616071428571428,32
1037496.3794642857,2005.6919642857142,43.075892857142854,1.9151785714285714,1.2857142857142858,3.2232142857142856,1.4910714285714286,1.7321428571428572,1.3616071428571428,94
1037496.3794642857,2005.6919642857142,43.075892857142854,1.9151785714285714,1.2857142857142858,3.2232142857142856,1.4910714285714286,1.7321428571428572,1.3616071428571428,98
1037496.3794642857,2005.6919642857142,43.075892857142854,1.9151785714285714,1.2857142857142858,3.2232142857142856,1.4910714285714286,1.7321428571428572,1.3616071428571428,122
1037496.3794642857,2005.6919642857142,43.075892857142854,1.9151785714285714,1.2857142857142858,3.2232142857142856,1.4910714285714286,1.7321428571428572,1.3616071428571428,50
1037496.3794642857,2005.6919642857142,43.075892857142854,1.9151785714285714,1.2857142857142858,3.2232142857142856,1.4910714285714286,1.7321428571428572,1.3616071428571428,116
1037496.3794642857,2005.6919642857142,43.075892857142854,1.9151785714285714,1.2857142857142858,3.2232142857142856,1.4910714285714286,1.7321428571428572,1.3616071428571428,107
1037496.3794642857,2005.6919642857142,43.075892857142854,1.9151785714285714,1.2857142857142858,3.2232142857142856,1.4910714285714286,1.7321428571428572,1.3616071428571428,105
1037496.3794642857,2005.6919642857142,43.075892857142854,1.9151785714285714,1.2857142857142858,3.2232142857142856,1.4910714285714286,1.7321428571428572,1.3616071428571428,140
1037496.3794642857,2005.6919642857142,43.075892857142854,1.9151785714285714,1.2857142857142858,3.2232142857142856,1.4910714285714286,1.7321428571428572,1.3616071428571428,136
1037496.3794642857,2005.6919642857142,43.075892857142854,1.9151785714285714,1.2857142857142858,3.2232142857142856,1.4910714285714286,1.7321428571428572,1.3616071428571428,310
1037496.3794642857,2005.6919642857142,43.075892857142854,1.9151785714285714,1.2857142857142858,3.2232142857142856,1.4910714285714286,1.7321428571428572,1.3616071428571428,51
1037496.3794642857,2005.6919642857142,43.075892857142854,1.9151785714285714,1.2857142857142858,3.2232142857142856,1.4910714285714286,1.7321428571428572,1.3616071428571428,184
1037496.3794642857,2005.6919642857142,43.075892857142854,1.9151785714285714,1.2857142857142858,3.2232142857142856,1.4910714285714286,1.7321428571428572,1.3616071428571428,268
1037496.3794642857,2005.6919642857142,43.075892857142854,1.9151785714285714,1.2857142857142858,3.2232142857142856,1.4910714285714286,1.7321428571428572,1.3616071428571428,70
1037496.3794642857,2005.6919642857142,43.075892857142854,1.9151785714285714,1.2857142857142858,3.2232142857142856,1.4910714285714286,1.7321428571428572,1.3616071428571428,175
1037496.3794642857,2005.6919642857142,43.075892857142854,1.9151785714285714,1.2857142857142858,3.2232142857142856,1.4910714285714286,1.7321428571428572,1.3616071428571428,162
1037496.3794642857,2005.6919642857142,43.075892857142854,1.9151785714285714,1.2857142857142858,3.2232142857142856,1.4910714285714286,1.7321428571428572,1.3616071428571428,65
1037496.3794642857,2005.6919642857142,43.075892857142854,1.9151785714285714,1.2857142857142858,3.2232142857142856,1.4910714285714286,1.7321428571428572,1.3616071428571428,80
1037496.3794642857,2005.6919642857142,43.075892857142854,1.9151785714285714,1.2857142857142858,3.2232142857142856,1.4910714285714286,1.7321428571428572,1.3616071428571428,94
1037496.3794642857,2005.6919642857142,43.075892857142854,1.9151785714285714,1.2857142857142858,3.2232142857142856,1.4910714285714286,1.7321428571428572,1.3616071428571428,89
1037496.3794642857,2005.6919642857142,43.075892857142854,1.9151785714285714,1.2857142857142858,3.2232142857142856,1.4910714285714286,1.7321428571428572,1.3616071428571428,90
1037496.3794642857,2005.6919642857142,43.075892857142854,1.9151785714285714,1.2857142857142858,3.2232142857142856,1.4910714285714286,1.7321428571428572,1.3616071428571428,100
1037496.3794642857,2005.6919642857142,43.075892857142854,1.9151785714285714,1.2857142857142858,3.2232142857142856,1.4910714285714286,1.7321428571428572,1.3616071428571428,127
1037496.3794642857,2005.6919642857142,43.075892857142854,1.9151785714285714,1.2857142857142858,3.2232142857142856,1.4910714285714286,1.7321428571428572,1.3616071428571428,81
1037496.3794642857,2005.6919642857142,43.075892857142854,1.9151785714285714,1.2857142857142858,3.2232142857142856,1.4910714285714286,1.7321428571428572,1.3616071428571428,152
1037496.3794642857,2005.6919642857142,43.075892857142854,1.9151785714285714,1.2857142857142858,3.2232142857142856,1.4910714285714286,1.7321428571428572,1.3616071428571428,112
1037496.3794642857,2005.6919642857142,43.075892857142854,1.9151785714285714,1.2857142857142858,3.2232142857142856,1.4910714285714286,1.7321428571428572,1.3616071428571428,85
1037496.3794642857,2005.6919642857142,43.075892857142854,1.9151785714285714,1.2857142857142858,3.2232142857142856,1.4910714285714286,1.7321428571428572,1.3616071428571428,74
1037496.3794642857,2005.6919642857142,43.075892857142854,1.9151785714285714,1.2857142857142858,3.2232142857142856,1.4910714285714286,1.7321428571428572,1.3616071428571428,146
1037496.3794642857,2005.6919642857142,43.075892857142854,1.9151785714285714,1.2857142857142858,3.2232142857142856,1.4910714285714286,1.7321428571428572,1.3616071428571428,120
1037496.3794642857,2005.6919642857142,43.075892857142854,1.9151785714285714,1.2857142857142858,3.2232142857142856,1.4910714285714286,1.7321428571428572,1.3616071428571428,40
1037496.3794642857,2005.6919642857142,43.075892857142854,1.9151785714285714,1.2857142857142858,3.2232142857142856,1.4910714285714286,1.7321428571428572,1.3616071428571428,213
1037496.3794642857,2005.6919642857142,43.075892857142854,1.9151785714285714,1.2857142857142858,3.2232142857142856,1.4910714285714286,1.7321428571428572,1.3616071428571428,166
1037496.3794642857,2005.6919642857142,43.075892857142854,1.9151785714285714,1.2857142857142858,3.2232142857142856,1.4910714285714286,1.7321428571428572,1.3616071428571428,75
1037496.3794642857,2005.6919642857142,43.075892857142854,1.9151785714285714,1.2857142857142858,3.2232142857142856,1.4910714285714286,1.7321428571428572,1.3616071428571428,132
1037496.3794642857,2005.6919642857142,43.075892857142854,1.9151785714285714,1.2857142857142858,3.2232142857142856,1.4910714285714286,1.7321428571428572,1.3616071428571428,67
1037496.3794642857,2005.6919642857142,43.075892857142854,1.9151785714285714,1.2857142857142858,3.2232142857142856,1.4910714285714286,1.7321428571428572,1.3616071428571428,114
1037496.3794642857,2005.6919642857142,43.075892857142854,1.9151785714285714,1.2857142857142858,3.2232142857142856,1.4910714285714286,1.7321428571428572,1.3616071428571428,139
1037496.3794642857,2005.6919642857142,43.075892857142854,1.9151785714285714,1.2857142857142858,3.2232142857142856,1.4910714285714286,1.7321428571428572,1.3616071428571428,158
1037496.3794642857,2005.6919642857142,43.075892857142854,1.9151785714285714,1.2857142857142858,3.2232142857142856,1.4910714285714286,1.7321428571428572,1.3616071428571428,185
1037496.3794642857,2005.6919642857142,43.075892857142854,1.9151785714285714,1.2857142857142858,3.2232142857142856,1.4910714285714286,1.7321428571428572,1.3616071428571428,189
1037496.3794642857,2005.6919642857142,43.075892857142854,1.9151785714285714,1.2857142857142858,3.2232142857142856,1.4910714285714286,1.7321428571428572,1.3616071428571428,181
1037496.3794642857,2005.6919642857142,43.075892857142854,1.9151785714285714,1.2857142857142858,3.2232142857142856,1.4910714285714286,1.7321428571428572,1.3616071428571428,71
1037496.3794642857,2005.6919642857142,43.075892857142854,1.9151785714285714,1.2857142857142858,3.2232142857142856,1.4910714285714286,1.7321428571428572,1.3616071428571428,133
1037496.3794642857,2005.6919642857142,43.075892857142854,1.9151785714285714,1.2857142857142858,3.2232142857142856,1.4910714285714286,1.7321428571428572,1.3616071428571428,100
1037496.3794642857,2005.6919642857142,43.075892857142854,1.9151785714285714,1.2857142857142858,3.2232142857142856,1.4910714285714286,1.7321428571428572,1.3616071428571428,172
1037496.3794642857,2005.6919642857142,43.075892857142854,1.9151785714285714,1.2857142857142858,3.2232142857142856,1.4910714285714286,1.7321428571428572,1.3616071428571428,126
1037496.3794642857,2005.6919642857142,43.075892857142854,1.9151785714285714,1.2857142857142858,3.2232142857142856,1.4910714285714286,1.7321428571428572,1.3616071428571428,48
1037496.3794642857,2005.6919642857142,43.075892857142854,1.9151785714285714,1.2857142857142858,3.2232142857142856,1.4910714285714286,1.7321428571428572,1.3616071428571428,127
1037496.3794642857,2005.6919642857142,43.075892857142854,1.9151785714285714,1.2857142857142858,3.2232142857142856,1.4910714285714286,1.7321428571428572,1.3616071428571428,135
1037496.3794642857,2005.6919642857142,43.075892857142854,1.9151785714285714,1.2857142857142858,3.2232142857142856,1.4910714285714286,1.7321428571428572,1.3616071428571428,114
1037496.3794642857,2005.6919642857142,43.075892857142854,1.9151785714285714,1.2857142857142858,3.2232142857142856,1.4910714285714286,1.7321428571428572,1.3616071428571428,124
1037496.3794642857,2005.6919642857142,43.075892857142854,1.9151785714285714,1.2857142857142858,3.2232142857142856,1.4910714285714286,1.7321428571428572,1.3616071428571428,115
1037496.3794642857,2005.6919642857142,43.075892857142854,1.9151785714285714,1.2857142857142858,3.2232142857142856,1.4910714285714286,1.7321428571428572,1.3616071428571428,278
1037496.3794642857,2005.6919642857142,43.075892857142854,1.9151785714285714,1.2857142857142858,3.2232142857142856,1.4910714285714286,1.7321428571428572,1.3616071428571428,170
1037496.3794642857,2005.6919642857142,43.075892857142854,1.9151785714285714,1.2857142857142858,3.2232142857142856,1.4910714285714286,1.7321428571428572,1.3616071428571428,176
1037496.3794642857,2005.6919642857142,43.075892857142854,1.9151785714285714,1.2857142857142858,3.2232142857142856,1.4910714285714286,1.7321428571428572,1.3616071428571428,94
1037496.3794642857,2005.6919642857142,43.075892857142854,1.9151785714285714,1.2857142857142858,3.2232142857142856,1.4910714285714286,1.7321428571428572,1.3616071428571428,180
1037496.3794642857,2005.6919642857142,43.075892857142854,1.9151785714285714,1.2857142857142858,3.2232142857142856,1.4910714285714286,1.7321428571428572,1.3616071428571428,80
1037496.3794642857,2005.6919642857142,43.075892857142854,1.9151785714285714,1.2857142857142858,3.2232142857142856,1.4910714285714286,1.7321428571428572,1.3616071428571428,83
1037496.3794642857,2005.6919642857142,43.075892857142854,1.9151785714285714,1.2857142857142858,3.2232142857142856,1.4910714285714286,1.7321428571428572,1.3616071428571428,134
1037496.3794642857,2005.6919642857142,43.075892857142854,1.9151785714285714,1.2857142857142858,3.2232142857142856,1.4910714285714286,1.7321428571428572,1.3616071428571428,68
1037496.3794642857,2005.6919642857142,43.075892857142854,1.9151785714285714,1.2857142857142858,3.2232142857142856,1.4910714285714286,1.7321428571428572,1.3616071428571428,272
1037496.3794642857,2005.6919642857142,43.075892857142854,1.9151785714285714,1.2857142857142858,3.2232142857142856,1.4910714285714286,1.7321428571428572,1.3616071428571428,89
1037496.3794642857,2005.6919642857142,43.075892857142854,1.9151785714285714,1.2857142857142858,3.2232142857142856,1.4910714285714286,1.7321428571428572,1.3616071428571428,148
1037496.3794642857,2005.6919642857142,43.075892857142854,1.9151785714285714,1.2857142857142858,3.2232142857142856,1.4910714285714286,1.7321428571428572,1.3616071428571428,110
1037496.3794642857,2005.6919642857142,43.075892857142854,1.9151785714285714,1.2857142857142858,3.2232142857142856,1.4910714285714286,1.7321428571428572,1.3616071428571428,112
1037496.3794642857,2005.6919642857142,43.075892857142854,1.9151785714285714,1.2857142857142858,3.2232142857142856,1.4910714285714286,1.7321428571428572,1.3616071428571428,141
1037496.3794642857,2005.6919642857142,43.075892857142854,1.9151785714285714,1.2857142857142858,3.2232142857142856,1.4910714285714286,1.7321428571428572,1.3616071428571428,85
1037496.3794642857,2005.6919642857142,43.075892857142854,1.9151785714285714,1.2857142857142858,3.2232142857142856,1.4910714285714286,1.7321428571428572,1.3616071428571428,167
1037496.3794642857,2005.6919642857142,43.075892857142854,1.9151785714285714,1.2857142857142858,3.2232142857142856,1.4910714285714286,1.7321428571428572,1.3616071428571428,74
1037496.3794642857,2005.6919642857142,43.075892857142854,1.9151785714285714,1.2857142857142858,3.2232142857142856,1.4910714285714286,1.7321428571428572,1.3616071428571428,27
1037496.3794642857,2005.6919642857142,43.075892857142854,1.9151785714285714,1.2857142857142858,3.2232142857142856,1.4910714285714286,1.7321428571428572,1.3616071428571428,108
1037496.3794642857,2005.6919642857142,43.075892857142854,1.9151785714285714,1.2857142857142858,3.2232142857142856,1.4910714285714286,1.7321428571428572,1.3616071428571428,106
1037496.3794642857,2005.6919642857142,43.075892857142854,1.9151785714285714,1.2857142857142858,3.2232142857142856,1.4910714285714286,1.7321428571428572,1.3616071428571428,155
1037496.3794642857,2005.6919642857142,43.075892857142854,1.9151785714285714,1.2857142857142858,3.2232142857142856,1.4910714285714286,1.7321428571428572,1.3616071428571428,54
1037496.3794642857,2005.6919642857142,43.075892857142854,1.9151785714285714,1.2857142857142858,3.2232142857142856,1.4910714285714286,1.7321428571428572,1.3616071428571428,95
1037496.3794642857,2005.6919642857142,43.075892857142854,1.9151785714285714,1.2857142857142858,3.2232142857142856,1.4910714285714286,1.7321428571428572,1.3616071428571428,44
1037496.3794642857,2005.6919642857142,43.075892857142854,1.9151785714285714,1.2857142857142858,3.2232142857142856,1.4910714285714286,1.7321428571428572,1.3616071428571428,73
1037496.3794642857,2005.6919642857142,43.075892857142854,1.9151785714285714,1.2857142857142858,3.2232142857142856,1.4910714285714286,1.7321428571428572,1.3616071428571428,121
1037496.3794642857,2005.6919642857142,43.075892857142854,1.9151785714285714,1.2857142857142858,3.2232142857142856,1.4910714285714286,1.7321428571428572,1.3616071428571428,88
1037496.3794642857,2005.6919642857142,43.075892857142854,1.9151785714285714,1.2857142857142858,3.2232142857142856,1.4910714285714286,1.7321428571428572,1.3616071428571428,143
1037496.3794642857,2005.6919642857142,43.075892857142854,1.9151785714285714,1.2857142857142858,3.2232142857142856,1.4910714285714286,1.7321428571428572,1.3616071428571428,105
1037496.3794642857,2005.6919642857142,43.075892857142854,1.9151785714285714,1.2857142857142858,3.2232142857142856,1.4910714285714286,1.7321428571428572,1.3616071428571428,296
1037496.3794642857,2005.6919642857142,43.075892857142854,1.9151785714285714,1.2857142857142858,3.2232142857142856,1.4910714285714286,1.7321428571428572,1.3616071428571428,102
1037496.3794642857,2005.6919642857142,43.075892857142854,1.9151785714285714,1.2857142857142858,3.2232142857142856,1.4910714285714286,1.7321428571428572,1.3616071428571428,91
1037496.3794642857,2005.6919642857142,43.075892857142854,1.9151785714285714,1.2857142857142858,3.2232142857142856,1.4910714285714286,1.7321428571428572,1.3616071428571428,90
1037496.3794642857,2005.6919642857142,43.075892857142854,1.9151785714285714,1.2857142857142858,3.2232142857142856,1.4910714285714286,1.7321428571428572,1.3616071428571428,23
1037496.3794642857,2005.6919642857142,43.075892857142854,1.9151785714285714,1.2857142857142858,3.2232142857142856,1.4910714285714286,1.7321428571428572,1.3616071428571428,81
1037496.3794642857,2005.6919642857142,43.075892857142854,1.9151785714285714,1.2857142857142858,3.2232142857142856,1.4910714285714286,1.7321428571428572,1.3616071428571428,21
1037496.3794642857,2005.6919642857142,43.075892857142854,1.9151785714285714,1.2857142857142858,3.2232142857142856,1.4910714285714286,1.7321428571428572,1.3616071428571428,187
1037496.3794642857,2005.6919642857142,43.075892857142854,1.9151785714285714,1.2857142857142858,3.2232142857142856,1.4910714285714286,1.7321428571428572,1.3616071428571428,96
1037496.3794642857,2005.6919642857142,43.075892857142854,1.9151785714285714,1.2857142857142858,3.2232142857142856,1.4910714285714286,1.7321428571428572,1.3616071428571428,55
1037496.3794642857,2005.6919642857142,43.075892857142854,1.9151785714285714,1.2857142857142858,3.2232142857142856,1.4910714285714286,1.7321428571428572,1.3616071428571428,25
1037496.3794642857,2005.6919642857142,43.075892857142854,1.9151785714285714,1.2857142857142858,3.2232142857142856,1.4910714285714286,1.7321428571428572,1.3616071428571428,88
1037496.3794642857,2005.6919642857142,43.075892857142854,1.9151785714285714,1.2857142857142858,3.2232142857142856,1.4910714285714286,1.7321428571428572,1.3616071428571428,101
1037496.3794642857,2005.6919642857142,43.075892857142854,1.9151785714285714,1.2857142857142858,3.2232142857142856,1.4910714285714286,1.7321428571428572,1.3616071428571428,312
1037496.3794642857,2005.6919642857142,43.075892857142854,1.9151785714285714,1.2857142857142858,3.2232142857142856,1.4910714285714286,1.7321428571428572,1.3616071428571428,129
1037496.3794642857,2005.6919642857142,43.075892857142854,1.9151785714285714,1.2857142857142858,3.2232142857142856,1.4910714285714286,1.7321428571428572,1.3616071428571428,280
1037496.3794642857,2005.6919642857142,43.075892857142854,1.9151785714285714,1.2857142857142858,3.2232142857142856,1.4910714285714286,1.7321428571428572,1.3616071428571428,182
1037496.3794642857,2005.6919642857142,43.075892857142854,1.9151785714285714,1.2857142857142858,3.2232142857142856,1.4910714285714286,1.7321428571428572,1.3616071428571428,46
1037496.3794642857,2005.6919642857142,43.075892857142854,1.9151785714285714,1.2857142857142858,3.2232142857142856,1.4910714285714286,1.7321428571428572,1.3616071428571428,99
1037496.3794642857,2005.6919642857142,43.075892857142854,1.9151785714285714,1.2857142857142858,3.2232142857142856,1.4910714285714286,1.7321428571428572,1.3616071428571428,52
1037496.3794642857,2005.6919642857142,43.075892857142854,1.9151785714285714,1.2857142857142858,3.2232142857142856,1.4910714285714286,1.7321428571428572,1.3616071428571428,148
1037496.3794642857,2005.6919642857142,43.075892857142854,1.9151785714285714,1.2857142857142858,3.2232142857142856,1.4910714285714286,1.7321428571428572,1.3616071428571428,111
1037496.3794642857,2005.6919642857142,43.075892857142854,1.9151785714285714,1.2857142857142858,3.2232142857142856,1.4910714285714286,1.7321428571428572,1.3616071428571428,62
1037496.3794642857,2005.6919642857142,43.075892857142854,1.9151785714285714,1.2857142857142858,3.2232142857142856,1.4910714285714286,1.7321428571428572,1.3616071428571428,97
1037496.3794642857,2005.6919642857142,43.075892857142854,1.9151785714285714,1.2857142857142858,3.2232142857142856,1.4910714285714286,1.7321428571428572,1.3616071428571428,193
1037496.3794642857,2005.6919642857142,43.075892857142854,1.9151785714285714,1.2857142857142858,3.2232142857142856,1.4910714285714286,1.7321428571428572,1.3616071428571428,76
1037496.3794642857,2005.6919642857142,43.075892857142854,1.9151785714285714,1.2857142857142858,3.2232142857142856,1.4910714285714286,1.7321428571428572,1.3616071428571428,137
1037496.3794642857,2005.6919642857142,43.075892857142854,1.9151785714285714,1.2857142857142858,3.2232142857142856,1.4910714285714286,1.7321428571428572,1.3616071428571428,83
1037496.3794642857,2005.6919642857142,43.075892857142854,1.9151785714285714,1.2857142857142858,3.2232142857142856,1.4910714285714286,1.7321428571428572,1.3616071428571428,277
1037496.3794642857,2005.6919642857142,43.075892857142854,1.9151785714285714,1.2857142857142858,3.2232142857142856,1.4910714285714286,1.7321428571428572,1.3616071428571428,131
1037496.3794642857,2005.6919642857142,43.075892857142854,1.9151785714285714,1.2857142857142858,3.2232142857142856,1.4910714285714286,1.7321428571428572,1.3616071428571428,105
1037496.3794642857,2005.6919642857142,43.075892857142854,1.9151785714285714,1.2857142857142858,3.2232142857142856,1.4910714285714286,1.7321428571428572,1.3616071428571428,110
1037496.3794642857,2005.6919642857142,43.075892857142854,1.9151785714285714,1.2857142857142858,3.2232142857142856,1.4910714285714286,1.7321428571428572,1.3616071428571428,92
1037496.3794642857,2005.6919642857142,43.075892857142854,1.9151785714285714,1.2857142857142858,3.2232142857142856,1.4910714285714286,1.7321428571428572,1.3616071428571428,79
1037496.3794642857,2005.6919642857142,43.075892857142854,1.9151785714285714,1.2857142857142858,3.2232142857142856,1.4910714285714286,1.7321428571428572,1.3616071428571428,93
1037496.3794642857,2005.6919642857142,43.075892857142854,1.9151785714285714,1.2857142857142858,3.2232142857142856,1.4910714285714286,1.7321428571428572,1.3616071428571428,130
1037496.3794642857,2005.6919642857142,43.075892857142854,1.9151785714285714,1.2857142857142858,3.2232142857142856,1.4910714285714286,1.7321428571428572,1.3616071428571428,24
1037496.3794642857,2005.6919642857142,43.075892857142854,1.9151785714285714,1.2857142857142858,3.2232142857142856,1.4910714285714286,1.7321428571428572,1.3616071428571428,135
1037496.3794642857,2005.6919642857142,43.075892857142854,1.9151785714285714,1.2857142857142858,3.2232142857142856,1.4910714285714286,1.7321428571428572,1.3616071428571428,102
1037496.3794642857,2005.6919642857142,43.075892857142854,1.9151785714285714,1.2857142857142858,3.2232142857142856,1.4910714285714286,1.7321428571428572,1.3616071428571428,95
1037496.3794642857,2005.6919642857142,43.075892857142854,1.9151785714285714,1.2857142857142858,3.2232142857142856,1.4910714285714286,1.7321428571428572,1.3616071428571428,318
1037496.3794642857,2005.6919642857142,43.075892857142854,1.9151785714285714,1.2857142857142858,3.2232142857142856,1.4910714285714286,1.7321428571428572,1.3616071428571428,194
1037496.3794642857,2005.6919642857142,43.075892857142854,1.9151785714285714,1.2857142857142858,3.2232142857142856,1.4910714285714286,1.7321428571428572,1.3616071428571428,119
1037496.3794642857,2005.6919642857142,43.075892857142854,1.9151785714285714,1.2857142857142858,3.2232142857142856,1.4910714285714286,1.7321428571428572,1.3616071428571428,53
1037496.3794642857,2005.6919642857142,43.075892857142854,1.9151785714285714,1.2857142857142858,3.2232142857142856,1.4910714285714286,1.7321428571428572,1.3616071428571428,198
1037496.3794642857,2005.6919642857142,43.075892857142854,1.9151785714285714,1.2857142857142858,3.2232142857142856,1.4910714285714286,1.7321428571428572,1.3616071428571428,119
1037496.3794642857,2005.6919642857142,43.075892857142854,1.9151785714285714,1.2857142857142858,3.2232142857142856,1.4910714285714286,1.7321428571428572,1.3616071428571428,131
1037496.3794642857,2005.6919642857142,43.075892857142854,1.9151785714285714,1.2857142857142858,3.2232142857142856,1.4910714285714286,1.7321428571428572,1.3616071428571428,227
1037496.3794642857,2005.6919642857142,43.075892857142854,1.9151785714285714,1.2857142857142858,3.2232142857142856,1.4910714285714286,1.7321428571428572,1.3616071428571428,123
1037496.3794642857,2005.6919642857142,43.075892857142854,1.9151785714285714,1.2857142857142858,3.2232142857142856,1.4910714285714286,1.7321428571428572,1.3616071428571428,104
1037496.3794642857,2005.6919642857142,43.075892857142854,1.9151785714285714,1.2857142857142858,3.2232142857142856,1.4910714285714286,1.7321428571428572,1.3616071428571428,149
1037496.3794642857,2005.6919642857142,43.075892857142854,1.9151785714285714,1.2857142857142858,3.2232142857142856,1.4910714285714286,1.7321428571428572,1.3616071428571428,161
1037496.3794642857,2005.6919642857142,43.075892857142854,1.9151785714285714,1.2857142857142858,3.2232142857142856,1.4910714285714286,1.7321428571428572,1.3616071428571428,58
1037496.3794642857,2005.6919642857142,43.075892857142854,1.9151785714285714,1.2857142857142858,3.2232142857142856,1.4910714285714286,1.7321428571428572,1.3616071428571428,299
1037496.3794642857,2005.6919642857142,43.075892857142854,1.9151785714285714,1.2857142857142858,3.2232142857142856,1.4910714285714286,1.7321428571428572,1.3616071428571428,61
1037496.3794642857,2005.6919642857142,43.075892857142854,1.9151785714285714,1.2857142857142858,3.2232142857142856,1.4910714285714286,1.7321428571428572,1.3616071428571428,154
1037496.3794642857,2005.6919642857142,43.075892857142854,1.9151785714285714,1.2857142857142858,3.2232142857142856,1.4910714285714286,1.7321428571428572,1.3616071428571428,64
1037496.3794642857,2005.6919642857142,43.075892857142854,1.9151785714285714,1.2857142857142858,3.2232142857142856,1.4910714285714286,1.7321428571428572,1.3616071428571428,82
1037496.3794642857,2005.6919642857142,43.075892857142854,1.9151785714285714,1.2857142857142858,3.2232142857142856,1.4910714285714286,1.7321428571428572,1.3616071428571428,129
1037496.3794642857,2005.6919642857142,43.075892857142854,1.9151785714285714,1.2857142857142858,3.2232142857142856,1.4910714285714286,1.7321428571428572,1.3616071428571428,57
1037496.3794642857,2005.6919642857142,43.075892857142854,1.9151785714285714,1.2857142857142858,3.2232142857142856,1.4910714285714286,1.7321428571428572,1.3616071428571428,37
1037496.3794642857,2005.6919642857142,43.075892857142854,1.9151785714285714,1.2857142857142858,3.2232142857142856,1.4910714285714286,1.7321428571428572,1.3616071428571428,314
1037496.3794642857,2005.6919642857142,43.075892857142854,1.9151785714285714,1.2857142857142858,3.2232142857142856,1.4910714285714286,1.7321428571428572,1.3616071428571428,142
1037496.3794642857,2005.6919642857142,43.075892857142854,1.9151785714285714,1.2857142857142858,3.2232142857142856,1.4910714285714286,1.7321428571428572,1.3616071428571428,103
1037496.3794642857,2005.6919642857142,43.075892857142854,1.9151785714285714,1.2857142857142858,3.2232142857142856,1.4910714285714286,1.7321428571428572,1.3616071428571428,88
1037496.3794642857,2005.6919642857142,43.075892857142854,1.9151785714285714,1.2857142857142858,3.2232142857142856,1.4910714285714286,1.7321428571428572,1.3616071428571428,148
1037496.3794642857,2005.6919642857142,43.075892857142854,1.9151785714285714,1.2857142857142858,3.2232142857142856,1.4910714285714286,1.7321428571428572,1.3616071428571428,177
1037496.3794642857,2005.6919642857142,43.075892857142854,1.9151785714285714,1.2857142857142858,3.2232142857142856,1.4910714285714286,1.7321428571428572,1.3616071428571428,20
1037496.3794642857,2005.6919642857142,43.075892857142854,1.9151785714285714,1.2857142857142858,3.2232142857142856,1.4910714285714286,1.7321428571428572,1.3616071428571428,60
1037496.3794642857,2005.6919642857142,43.075892857142854,1.9151785714285714,1.2857142857142858,3.2232142857142856,1.4910714285714286,1.7321428571428572,1.3616071428571428,169
1037496.3794642857,2005.6919642857142,43.075892857142854,1.9151785714285714,1.2857142857142858,3.2232142857142856,1.4910714285714286,1.7321428571428572,1.3616071428571428,196
1037496.3794642857,2005.6919642857142,43.075892857142854,1.9151785714285714,1.2857142857142858,3.2232142857142856,1.4910714285714286,1.7321428571428572,1.3616071428571428,97
1037496.3794642857,2005.6919642857142,43.075892857142854,1.9151785714285714,1.2857142857142858,3.2232142857142856,1.4910714285714286,1.7321428571428572,1.3616071428571428,110
1037496.3794642857,2005.6919642857142,43.075892857142854,1.9151785714285714,1.2857142857142858,3.2232142857142856,1.4910714285714286,1.7321428571428572,1.3616071428571428,163
1037496.3794642857,2005.6919642857142,43.075892857142854,1.9151785714285714,1.2857142857142858,3.2232142857142856,1.4910714285714286,1.7321428571428572,1.3616071428571428,138
1037496.3794642857,2005.6919642857142,43.075892857142854,1.9151785714285714,1.2857142857142858,3.2232142857142856,1.4910714285714286,1.7321428571428572,1.3616071428571428,31
1037496.3794642857,2005.6919642857142,43.075892857142854,1.9151785714285714,1.2857142857142858,3.2232142857142856,1.4910714285714286,1.7321428571428572,1.3616071428571428,179
1037496.3794642857,2005.6919642857142,43.075892857142854,1.9151785714285714,1.2857142857142858,3.2232142857142856,1.4910714285714286,1.7321428571428572,1.3616071428571428,161
1037496.3794642857,2005.6919642857142,43.075892857142854,1.9151785714285714,1.2857142857142858,3.2232142857142856,1.4910714285714286,1.7321428571428572,1.3616071428571428,157
1037496.3794642857,2005.6919642857142,43.075892857142854,1.9151785714285714,1.2857142857142858,3.2232142857142856,1.4910714285714286,1.7321428571428572,1.3616071428571428,88
1037496.3794642857,2005.6919642857142,43.075892857142854,1.9151785714285714,1.2857142857142858,3.2232142857142856,1.4910714285714286,1.7321428571428572,1.3616071428571428,285
1037496.3794642857,2005.6919642857142,43.075892857142854,1.9151785714285714,1.2857142857142858,3.2232142857142856,1.4910714285714286,1.7321428571428572,1.3616071428571428,186
1037496.3794642857,2005.6919642857142,43.075892857142854,1.9151785714285714,1.2857142857142858,3.2232142857142856,1.4910714285714286,1.7321428571428572,1.3616071428571428,81
1037496.3794642857,2005.6919642857142,43.075892857142854,1.9151785714285714,1.2857142857142858,3.2232142857142856,1.4910714285714286,1.7321428571428572,1.3616071428571428,87
1037496.3794642857,2005.6919642857142,43.075892857142854,1.9151785714285714,1.2857142857142858,3.2232142857142856,1.4910714285714286,1.7321428571428572,1.3616071428571428,45
1037496.3794642857,2005.6919642857142,43.075892857142854,1.9151785714285714,1.2857142857142858,3.2232142857142856,1.4910714285714286,1.7321428571428572,1.3616071428571428,110
1037496.3794642857,2005.6919642857142,43.075892857142854,1.9151785714285714,1.2857142857142858,3.2232142857142856,1.4910714285714286,1.7321428571428572,1.3616071428571428,39
1037496.3794642857,2005.6919642857142,43.075892857142854,1.9151785714285714,1.2857142857142858,3.2232142857142856,1.4910714285714286,1.7321428571428572,1.3616071428571428,191
1037496.3794642857,2005.6919642857142,43.075892857142854,1.9151785714285714,1.2857142857142858,3.2232142857142856,1.4910714285714286,1.7321428571428572,1.3616071428571428,177
1037496.3794642857,2005.6919642857142,43.075892857142854,1.9151785714285714,1.2857142857142858,3.2232142857142856,1.4910714285714286,1.7321428571428572,1.3616071428571428,171
1037496.3794642857,2005.6919642857142,43.075892857142854,1.9151785714285714,1.2857142857142858,3.2232142857142856,1.4910714285714286,1.7321428571428572,1.3616071428571428,142
1037496.3794642857,2005.6919642857142,43.075892857142854,1.9151785714285714,1.2857142857142858,3.2232142857142856,1.4910714285714286,1.7321428571428572,1.3616071428571428,201
1037496.3794642857,2005.6919642857142,43.075892857142854,1.9151785714285714,1.2857142857142858,3.2232142857142856,1.4910714285714286,1.7321428571428572,1.3616071428571428,63
1037496.3794642857,2005.6919642857142,43.075892857142854,1.9151785714285714,1.2857142857142858,3.2232142857142856,1.4910714285714286,1.7321428571428572,1.3616071428571428,123
1037496.3794642857,2005.6919642857142,43.075892857142854,1.9151785714285714,1.2857142857142858,3.2232142857142856,1.4910714285714286,1.7321428571428572,1.3616071428571428,100
1037496.3794642857,2005.6919642857142,43.075892857142854,1.9151785714285714,1.2857142857142858,3.2232142857142856,1.4910714285714286,1.7321428571428572,1.3616071428571428,147
1037496.3794642857,2005.6919642857142,43.075892857142854,1.9151785714285714,1.2857142857142858,3.2232142857142856,1.4910714285714286,1.7321428571428572,1.3616071428571428,119
1037496.3794642857,2005.6919642857142,43.075892857142854,1.9151785714285714,1.2857142857142858,3.2232142857142856,1.4910714285714286,1.7321428571428572,1.3616071428571428,117
1037496.3794642857,2005.6919642857142,43.075892857142854,1.9151785714285714,1.2857142857142858,3.2232142857142856,1.4910714285714286,1.7321428571428572,1.3616071428571428,41
1037496.3794642857,2005.6919642857142,43.075892857142854,1.9151785714285714,1.2857142857142858,3.2232142857142856,1.4910714285714286,1.7321428571428572,1.3616071428571428,47
1037496.3794642857,2005.6919642857142,43.075892857142854,1.9151785714285714,1.2857142857142858,3.2232142857142856,1.4910714285714286,1.7321428571428572,1.3616071428571428,168
1037496.3794642857,2005.6919642857142,43.075892857142854,1.9151785714285714,1.2857142857142858,3.2232142857142856,1.4910714285714286,1.7321428571428572,1.3616071428571428,144
1037496.3794642857,2005.6919642857142,43.075892857142854,1.9151785714285714,1.2857142857142858,3.2232142857142856,1.4910714285714286,1.7321428571428572,1.3616071428571428,86
1037496.3794642857,2005.6919642857142,43.075892857142854,1.9151785714285714,1.2857142857142858,3.2232142857142856,1.4910714285714286,1.7321428571428572,1.3616071428571428,77
1037496.3794642857,2005.6919642857142,43.075892857142854,1.9151785714285714,1.2857142857142858,3.2232142857142856,1.4910714285714286,1.7321428571428572,1.3616071428571428,192
1037496.3794642857,2005.6919642857142,43.075892857142854,1.9151785714285714,1.2857142857142858,3.2232142857142856,1.4910714285714286,1.7321428571428572,1.3616071428571428,35
1037496.3794642857,2005.6919642857142,43.075892857142854,1.9151785714285714,1.2857142857142858,3.2232142857142856,1.4910714285714286,1.7321428571428572,1.3616071428571428,69
1037496.3794642857,2005.6919642857142,43.075892857142854,1.9151785714285714,1.2857142857142858,3.2232142857142856,1.4910714285714286,1.7321428571428572,1.3616071428571428,150
1037496.3794642857,2005.6919642857142,43.075892857142854,1.9151785714285714,1.2857142857142858,3.2232142857142856,1.4910714285714286,1.7321428571428572,1.3616071428571428,66
1037496.3794642857,2005.6919642857142,43.075892857142854,1.9151785714285714,1.2857142857142858,3.2232142857142856,1.4910714285714286,1.7321428571428572,1.3616071428571428,78
