1004142.2053333333,2005.792,41.76,1.968,1.2546666666666666,2.917333333333333,1.476,1.6786666666666668,1.3226666666666667,143
1004142.2053333333,2005.792,41.76,1.968,1.2546666666666666,2.917333333333333,1.476,1.6786666666666668,1.3226666666666667,100
1004142.2053333333,2005.792,41.76,1.968,1.2546666666666666,2.917333333333333,1.476,1.6786666666666668,1.3226666666666667,110
1004142.2053333333,2005.792,41.76,1.968,1.2546666666666666,2.917333333333333,1.476,1.6786666666666668,1.3226666666666667,201
1004142.2053333333,2005.792,41.76,1.968,1.2546666666666666,2.917333333333333,1.476,1.6786666666666668,1.3226666666666667,201
1004142.2053333333,2005.792,41.76,1.968,1.2546666666666666,2.917333333333333,1.476,1.6786666666666668,1.3226666666666667,88
1004142.2053333333,2005.792,41.76,1.968,1.2546666666666666,2.917333333333333,1.476,1.6786666666666668,1.3226666666666667,146
1004142.2053333333,2005.792,41.76,1.968,1.2546666666666666,2.917333333333333,1.476,1.6786666666666668,1.3226666666666667,100
1004142.2053333333,2005.792,41.76,1.968,1.2546666666666666,2.917333333333333,1.476,1.6786666666666668,1.3226666666666667,143
1004142.2053333333,2005.792,41.76,1.968,1.2546666666666666,2.917333333333333,1.476,1.6786666666666668,1.3226666666666667,127
1004142.2053333333,2005.792,41.76,1.968,1.2546666666666666,2.917333333333333,1.476,1.6786666666666668,1.3226666666666667,119
1004142.2053333333,2005.792,41.76,1.968,1.2546666666666666,2.917333333333333,1.476,1.6786666666666668,1.3226666666666667,100
1004142.2053333333,2005.792,41.76,1.968,1.2546666666666666,2.917333333333333,1.476,1.6786666666666668,1.3226666666666667,119
1004142.2053333333,2005.792,41.76,1.968,1.2546666666666666,2.917333333333333,1.476,1.6786666666666668,1.3226666666666667,119
1004142.2053333333,2005.792,41.76,1.968,1.2546666666666666,2.917333333333333,1.476,1.6786666666666668,1.3226666666666667,111
1004142.2053333333,2005.792,41.76,1.968,1.2546666666666666,2.917333333333333,1.476,1.6786666666666668,1.3226666666666667,61
1004142.2053333333,2005.792,41.76,1.968,1.2546666666666666,2.917333333333333,1.476,1.6786666666666668,1.3226666666666667,110
1004142.2053333333,2005.792,41.76,1.968,1.2546666666666666,2.917333333333333,1.476,1.6786666666666668,1.3226666666666667,97
1004142.2053333333,2005.792,41.76,1.968,1.2546666666666666,2.917333333333333,1.476,1.6786666666666668,1.3226666666666667,105
1004142.2053333333,2005.792,41.76,1.968,1.2546666666666666,2.917333333333333,1.476,1.6786666666666668,1.3226666666666667,80
1004142.2053333333,2005.792,41.76,1.968,1.2546666666666666,2.917333333333333,1.476,1.6786666666666668,1.3226666666666667,97
1004142.2053333333,2005.792,41.76,1.968,1.2546666666666666,2.917333333333333,1.476,1.6786666666666668,1.3226666666666667,94
1004142.2053333333,2005.792,41.76,1.968,1.2546666666666666,2.917333333333333,1.476,1.6786666666666668,1.3226666666666667,80
1004142.2053333333,2005.792,41.76,1.968,1.2546666666666666,2.917333333333333,1.476,1.6786666666666668,1.3226666666666667,74
1004142.2053333333,2005.792,41.76,1.968,1.2546666666666666,2.917333333333333,1.476,1.6786666666666668,1.3226666666666667,123
1004142.2053333333,2005.792,41.76,1.968,1.2546666666666666,2.917333333333333,1.476,1.6786666666666668,1.3226666666666667,90
1004142.2053333333,2005.792,41.76,1.968,1.2546666666666666,2.917333333333333,1.476,1.6786666666666668,1.3226666666666667,74
1004142.2053333333,2005.792,41.76,1.968,1.2546666666666666,2.917333333333333,1.476,1.6786666666666668,1.3226666666666667,129
1004142.2053333333,2005.792,41.76,1.968,1.2546666666666666,2.917333333333333,1.476,1.6786666666666668,1.3226666666666667,116
1004142.2053333333,2005.792,41.76,1.968,1.2546666666666666,2.917333333333333,1.476,1.6786666666666668,1.3226666666666667,88
1004142.2053333333,2005.792,41.76,1.968,1.2546666666666666,2.917333333333333,1.476,1.6786666666666668,1.3226666666666667,88
1004142.2053333333,2005.792,41.76,1.968,1.2546666666666666,2.917333333333333,1.476,1.6786666666666668,1.3226666666666667,119
1004142.2053333333,2005.792,41.76,1.968,1.2546666666666666,2.917333333333333,1.476,1.6786666666666668,1.3226666666666667,121
1004142.2053333333,2005.792,41.76,1.968,1.2546666666666666,2.917333333333333,1.476,1.6786666666666668,1.3226666666666667,148
1004142.2053333333,2005.792,41.76,1.968,1.2546666666666666,2.917333333333333,1.476,1.6786666666666668,1.3226666666666667,114
1004142.2053333333,2005.792,41.76,1.968,1.2546666666666666,2.917333333333333,1.476,1.6786666666666668,1.3226666666666667,94
1004142.2053333333,2005.792,41.76,1.968,1.2546666666666666,2.917333333333333,1.476,1.6786666666666668,1.3226666666666667,90
1004142.2053333333,2005.792,41.76,1.968,1.2546666666666666,2.917333333333333,1.476,1.6786666666666668,1.3226666666666667,104
1004142.2053333333,2005.792,41.76,1.968,1.2546666666666666,2.917333333333333,1.476,1.6786666666666668,1.3226666666666667,100
1004142.2053333333,2005.792,41.76,1.968,1.2546666666666666,2.917333333333333,1.476,1.6786666666666668,1.3226666666666667,94
1004142.2053333333,2005.792,41.76,1.968,1.2546666666666666,2.917333333333333,1.476,1.6786666666666668,1.3226666666666667,65
1004142.2053333333,2005.792,41.76,1.968,1.2546666666666666,2.917333333333333,1.476,1.6786666666666668,1.3226666666666667,100
1004142.2053333333,2005.792,41.76,1.968,1.2546666666666666,2.917333333333333,1.476,1.6786666666666668,1.3226666666666667,118
1004142.2053333333,2005.792,41.76,1.968,1.2546666666666666,2.917333333333333,1.476,1.6786666666666668,1.3226666666666667,81
1004142.2053333333,2005.792,41.76,1.968,1.2546666666666666,2.917333333333333,1.476,1.6786666666666668,1.3226666666666667,44
1004142.2053333333,2005.792,41.76,1.968,1.2546666666666666,2.917333333333333,1.476,1.6786666666666668,1.3226666666666667,196
1004142.2053333333,2005.792,41.76,1.968,1.2546666666666666,2.917333333333333,1.476,1.6786666666666668,1.3226666666666667,129
1004142.2053333333,2005.792,41.76,1.968,1.2546666666666666,2.917333333333333,1.476,1.6786666666666668,1.3226666666666667,119
1004142.2053333333,2005.792,41.76,1.968,1.2546666666666666,2.917333333333333,1.476,1.6786666666666668,1.3226666666666667,105
1004142.2053333333,2005.792,41.76,1.968,1.2546666666666666,2.917333333333333,1.476,1.6786666666666668,1.3226666666666667,119
1004142.2053333333,2005.792,41.76,1.968,1.2546666666666666,2.917333333333333,1.476,1.6786666666666668,1.3226666666666667,119
1004142.2053333333,2005.792,41.76,1.968,1.2546666666666666,2.917333333333333,1.476,1.6786666666666668,1.3226666666666667,89
1004142.2053333333,2005.792,41.76,1.968,1.2546666666666666,2.917333333333333,1.476,1.6786666666666668,1.3226666666666667,80
1004142.2053333333,2005.792,41.76,1.968,1.2546666666666666,2.917333333333333,1.476,1.6786666666666668,1.3226666666666667,97
1004142.2053333333,2005.792,41.76,1.968,1.2546666666666666,2.917333333333333,1.476,1.6786666666666668,1.3226666666666667,74
1004142.2053333333,2005.792,41.76,1.968,1.2546666666666666,2.917333333333333,1.476,1.6786666666666668,1.3226666666666667,55
1004142.2053333333,2005.792,41.76,1.968,1.2546666666666666,2.917333333333333,1.476,1.6786666666666668,1.3226666666666667,62
1004142.2053333333,2005.792,41.76,1.968,1.2546666666666666,2.917333333333333,1.476,1.6786666666666668,1.3226666666666667,94
1004142.2053333333,2005.792,41.76,1.968,1.2546666666666666,2.917333333333333,1.476,1.6786666666666668,1.3226666666666667,100
1004142.2053333333,2005.792,41.76,1.968,1.2546666666666666,2.917333333333333,1.476,1.6786666666666668,1.3226666666666667,74
1004142.2053333333,2005.792,41.76,1.968,1.2546666666666666,2.917333333333333,1.476,1.6786666666666668,1.3226666666666667,102
1004142.2053333333,2005.792,41.76,1.968,1.2546666666666666,2.917333333333333,1.476,1.6786666666666668,1.3226666666666667,88
1004142.2053333333,2005.792,41.76,1.968,1.2546666666666666,2.917333333333333,1.476,1.6786666666666668,1.3226666666666667,80
1004142.2053333333,2005.792,41.76,1.968,1.2546666666666666,2.917333333333333,1.476,1.6786666666666668,1.3226666666666667,100
1004142.2053333333,2005.792,41.76,1.968,1.2546666666666666,2.917333333333333,1.476,1.6786666666666668,1.3226666666666667,119
1004142.2053333333,2005.792,41.76,1.968,1.2546666666666666,2.917333333333333,1.476,1.6786666666666668,1.3226666666666667,88
1004142.2053333333,2005.792,41.76,1.968,1.2546666666666666,2.917333333333333,1.476,1.6786666666666668,1.3226666666666667,94
1004142.2053333333,2005.792,41.76,1.968,1.2546666666666666,2.917333333333333,1.476,1.6786666666666668,1.3226666666666667,94
1004142.2053333333,2005.792,41.76,1.968,1.2546666666666666,2.917333333333333,1.476,1.6786666666666668,1.3226666666666667,100
1004142.2053333333,2005.792,41.76,1.968,1.2546666666666666,2.917333333333333,1.476,1.6786666666666668,1.3226666666666667,110
1004142.2053333333,2005.792,41.76,1.968,1.2546666666666666,2.917333333333333,1.476,1.6786666666666668,1.3226666666666667,83
1004142.2053333333,2005.792,41.76,1.968,1.2546666666666666,2.917333333333333,1.476,1.6786666666666668,1.3226666666666667,80
1004142.2053333333,2005.792,41.76,1.968,1.2546666666666666,2.917333333333333,1.476,1.6786666666666668,1.3226666666666667,129
1004142.2053333333,2005.792,41.76,1.968,1.2546666666666666,2.917333333333333,1.476,1.6786666666666668,1.3226666666666667,127
1004142.2053333333,2005.792,41.76,1.968,1.2546666666666666,2.917333333333333,1.476,1.6786666666666668,1.3226666666666667,40
1004142.2053333333,2005.792,41.76,1.968,1.2546666666666666,2.917333333333333,1.476,1.6786666666666668,1.3226666666666667,96
1004142.2053333333,2005.792,41.76,1.968,1.2546666666666666,2.917333333333333,1.476,1.6786666666666668,1.3226666666666667,94
1004142.2053333333,2005.792,41.76,1.968,1.2546666666666666,2.917333333333333,1.476,1.6786666666666668,1.3226666666666667,96
1004142.2053333333,2005.792,41.76,1.968,1.2546666666666666,2.917333333333333,1.476,1.6786666666666668,1.3226666666666667,105
1004142.2053333333,2005.792,41.76,1.968,1.2546666666666666,2.917333333333333,1.476,1.6786666666666668,1.3226666666666667,129
1004142.2053333333,2005.792,41.76,1.968,1.2546666666666666,2.917333333333333,1.476,1.6786666666666668,1.3226666666666667,105
1004142.2053333333,2005.792,41.76,1.968,1.2546666666666666,2.917333333333333,1.476,1.6786666666666668,1.3226666666666667,88
1004142.2053333333,2005.792,41.76,1.968,1.2546666666666666,2.917333333333333,1.476,1.6786666666666668,1.3226666666666667,100
1004142.2053333333,2005.792,41.76,1.968,1.2546666666666666,2.917333333333333,1.476,1.6786666666666668,1.3226666666666667,76
1004142.2053333333,2005.792,41.76,1.968,1.2546666666666666,2.917333333333333,1.476,1.6786666666666668,1.3226666666666667,40
1004142.2053333333,2005.792,41.76,1.968,1.2546666666666666,2.917333333333333,1.476,1.6786666666666668,1.3226666666666667,114
1004142.2053333333,2005.792,41.76,1.968,1.2546666666666666,2.917333333333333,1.476,1.6786666666666668,1.3226666666666667,129
1004142.2053333333,2005.792,41.76,1.968,1.2546666666666666,2.917333333333333,1.476,1.6786666666666668,1.3226666666666667,90
1004142.2053333333,2005.792,41.76,1.968,1.2546666666666666,2.917333333333333,1.476,1.6786666666666668,1.3226666666666667,74
1004142.2053333333,2005.792,41.76,1.968,1.2546666666666666,2.917333333333333,1.476,1.6786666666666668,1.3226666666666667,117
1004142.2053333333,2005.792,41.76,1.968,1.2546666666666666,2.917333333333333,1.476,1.6786666666666668,1.3226666666666667,69
1004142.2053333333,2005.792,41.76,1.968,1.2546666666666666,2.917333333333333,1.476,1.6786666666666668,1.3226666666666667,149
1004142.2053333333,2005.792,41.76,1.968,1.2546666666666666,2.917333333333333,1.476,1.6786666666666668,1.3226666666666667,80
1004142.2053333333,2005.792,41.76,1.968,1.2546666666666666,2.917333333333333,1.476,1.6786666666666668,1.3226666666666667,272
1004142.2053333333,2005.792,41.76,1.968,1.2546666666666666,2.917333333333333,1.476,1.6786666666666668,1.3226666666666667,88
1004142.2053333333,2005.792,41.76,1.968,1.2546666666666666,2.917333333333333,1.476,1.6786666666666668,1.3226666666666667,80
1004142.2053333333,2005.792,41.76,1.968,1.2546666666666666,2.917333333333333,1.476,1.6786666666666668,1.3226666666666667,129
1004142.2053333333,2005.792,41.76,1.968,1.2546666666666666,2.917333333333333,1.476,1.6786666666666668,1.3226666666666667,105
1004142.2053333333,2005.792,41.76,1.968,1.2546666666666666,2.917333333333333,1.476,1.6786666666666668,1.3226666666666667,310
1004142.2053333333,2005.792,41.76,1.968,1.2546666666666666,2.917333333333333,1.476,1.6786666666666668,1.3226666666666667,112
1004142.2053333333,2005.792,41.76,1.968,1.2546666666666666,2.917333333333333,1.476,1.6786666666666668,1.3226666666666667,140
1004142.2053333333,2005.792,41.76,1.968,1.2546666666666666,2.917333333333333,1.476,1.6786666666666668,1.3226666666666667,127
1004142.2053333333,2005.792,41.76,1.968,1.2546666666666666,2.917333333333333,1.476,1.6786666666666668,1.3226666666666667,71
1004142.2053333333,2005.792,41.76,1.968,1.2546666666666666,2.917333333333333,1.476,1.6786666666666668,1.3226666666666667,158
1004142.2053333333,2005.792,41.76,1.968,1.2546666666666666,2.917333333333333,1.476,1.6786666666666668,1.3226666666666667,100
1004142.2053333333,2005.792,41.76,1.968,1.2546666666666666,2.917333333333333,1.476,1.6786666666666668,1.3226666666666667,192
1004142.2053333333,2005.792,41.76,1.968,1.2546666666666666,2.917333333333333,1.476,1.6786666666666668,1.3226666666666667,142
1004142.2053333333,2005.792,41.76,1.968,1.2546666666666666,2.917333333333333,1.476,1.6786666666666668,1.3226666666666667,279
1004142.2053333333,2005.792,41.76,1.968,1.2546666666666666,2.917333333333333,1.476,1.6786666666666668,1.3226666666666667,145
1004142.2053333333,2005.792,41.76,1.968,1.2546666666666666,2.917333333333333,1.476,1.6786666666666668,1.3226666666666667,119
1004142.2053333333,2005.792,41.76,1.968,1.2546666666666666,2.917333333333333,1.476,1.6786666666666668,1.3226666666666667,123
1004142.2053333333,2005.792,41.76,1.968,1.2546666666666666,2.917333333333333,1.476,1.6786666666666668,1.3226666666666667,119
1004142.2053333333,2005.792,41.76,1.968,1.2546666666666666,2.917333333333333,1.476,1.6786666666666668,1.3226666666666667,63
1004142.2053333333,2005.792,41.76,1.968,1.2546666666666666,2.917333333333333,1.476,1.6786666666666668,1.3226666666666667,69
1004142.2053333333,2005.792,41.76,1.968,1.2546666666666666,2.917333333333333,1.476,1.6786666666666668,1.3226666666666667,119
1004142.2053333333,2005.792,41.76,1.968,1.2546666666666666,2.917333333333333,1.476,1.6786666666666668,1.3226666666666667,97
1004142.2053333333,2005.792,41.76,1.968,1.2546666666666666,2.917333333333333,1.476,1.6786666666666668,1.3226666666666667,152
1004142.2053333333,2005.792,41.76,1.968,1.2546666666666666,2.917333333333333,1.476,1.6786666666666668,1.3226666666666667,100
1004142.2053333333,2005.792,41.76,1.968,1.2546666666666666,2.917333333333333,1.476,1.6786666666666668,1.3226666666666667,119
1004142.2053333333,2005.792,41.76,1.968,1.2546666666666666,2.917333333333333,1.476,1.6786666666666668,1.3226666666666667,64
1004142.2053333333,2005.792,41.76,1.968,1.2546666666666666,2.917333333333333,1.476,1.6786666666666668,1.3226666666666667,201
1004142.2053333333,2005.792,41.76,1.968,1.2546666666666666,2.917333333333333,1.476,1.6786666666666668,1.3226666666666667,112
1004142.2053333333,2005.792,41.76,1.968,1.2546666666666666,2.917333333333333,1.476,1.6786666666666668,1.3226666666666667,158
1004142.2053333333,2005.792,41.76,1.968,1.2546666666666666,2.917333333333333,1.476,1.6786666666666668,1.3226666666666667,84
1004142.2053333333,2005.792,41.76,1.968,1.2546666666666666,2.917333333333333,1.476,1.6786666666666668,1.3226666666666667,81
1004142.2053333333,2005.792,41.76,1.968,1.2546666666666666,2.917333333333333,1.476,1.6786666666666668,1.3226666666666667,83
1004142.2053333333,2005.792,41.76,1.968,1.2546666666666666,2.917333333333333,1.476,1.6786666666666668,1.3226666666666667,97
1004142.2053333333,2005.792,41.76,1.968,1.2546666666666666,2.917333333333333,1.476,1.6786666666666668,1.3226666666666667,104
1004142.2053333333,2005.792,41.76,1.968,1.2546666666666666,2.917333333333333,1.476,1.6786666666666668,1.3226666666666667,65
1004142.2053333333,2005.792,41.76,1.968,1.2546666666666666,2.917333333333333,1.476,1.6786666666666668,1.3226666666666667,74
1004142.2053333333,2005.792,41.76,1.968,1.2546666666666666,2.917333333333333,1.476,1.6786666666666668,1.3226666666666667,88
1004142.2053333333,2005.792,41.76,1.968,1.2546666666666666,2.917333333333333,1.476,1.6786666666666668,1.3226666666666667,96
1004142.2053333333,2005.792,41.76,1.968,1.2546666666666666,2.917333333333333,1.476,1.6786666666666668,1.3226666666666667,61
1004142.2053333333,2005.792,41.76,1.968,1.2546666666666666,2.917333333333333,1.476,1.6786666666666668,1.3226666666666667,129
1004142.2053333333,2005.792,41.76,1.968,1.2546666666666666,2.917333333333333,1.476,1.6786666666666668,1.3226666666666667,119
1004142.2053333333,2005.792,41.76,1.968,1.2546666666666666,2.917333333333333,1.476,1.6786666666666668,1.3226666666666667,55
1004142.2053333333,2005.792,41.76,1.968,1.2546666666666666,2.917333333333333,1.476,1.6786666666666668,1.3226666666666667,80
1004142.2053333333,2005.792,41.76,1.968,1.2546666666666666,2.917333333333333,1.476,1.6786666666666668,1.3226666666666667,88
1004142.2053333333,2005.792,41.76,1.968,1.2546666666666666,2.917333333333333,1.476,1.6786666666666668,1.3226666666666667,100
1004142.2053333333,2005.792,41.76,1.968,1.2546666666666666,2.917333333333333,1.476,1.6786666666666668,1.3226666666666667,114
1004142.2053333333,2005.792,41.76,1.968,1.2546666666666666,2.917333333333333,1.476,1.6786666666666668,1.3226666666666667,100
1004142.2053333333,2005.792,41.76,1.968,1.2546666666666666,2.917333333333333,1.476,1.6786666666666668,1.3226666666666667,121
1004142.2053333333,2005.792,41.76,1.968,1.2546666666666666,2.917333333333333,1.476,1.6786666666666668,1.3226666666666667,127
1004142.2053333333,2005.792,41.76,1.968,1.2546666666666666,2.917333333333333,1.476,1.6786666666666668,1.3226666666666667,119
1004142.2053333333,2005.792,41.76,1.968,1.2546666666666666,2.917333333333333,1.476,1.6786666666666668,1.3226666666666667,83
1004142.2053333333,2005.792,41.76,1.968,1.2546666666666666,2.917333333333333,1.476,1.6786666666666668,1.3226666666666667,104
1004142.2053333333,2005.792,41.76,1.968,1.2546666666666666,2.917333333333333,1.476,1.6786666666666668,1.3226666666666667,100
1004142.2053333333,2005.792,41.76,1.968,1.2546666666666666,2.917333333333333,1.476,1.6786666666666668,1.3226666666666667,146
1004142.2053333333,2005.792,41.76,1.968,1.2546666666666666,2.917333333333333,1.476,1.6786666666666668,1.3226666666666667,119
1004142.2053333333,2005.792,41.76,1.968,1.2546666666666666,2.917333333333333,1.476,1.6786666666666668,1.3226666666666667,129
1004142.2053333333,2005.792,41.76,1.968,1.2546666666666666,2.917333333333333,1.476,1.6786666666666668,1.3226666666666667,76
1004142.2053333333,2005.792,41.76,1.968,1.2546666666666666,2.917333333333333,1.476,1.6786666666666668,1.3226666666666667,143
1004142.2053333333,2005.792,41.76,1.968,1.2546666666666666,2.917333333333333,1.476,1.6786666666666668,1.3226666666666667,114
1004142.2053333333,2005.792,41.76,1.968,1.2546666666666666,2.917333333333333,1.476,1.6786666666666668,1.3226666666666667,119
1004142.2053333333,2005.792,41.76,1.968,1.2546666666666666,2.917333333333333,1.476,1.6786666666666668,1.3226666666666667,94
1004142.2053333333,2005.792,41.76,1.968,1.2546666666666666,2.917333333333333,1.476,1.6786666666666668,1.3226666666666667,110
1004142.2053333333,2005.792,41.76,1.968,1.2546666666666666,2.917333333333333,1.476,1.6786666666666668,1.3226666666666667,119
1004142.2053333333,2005.792,41.76,1.968,1.2546666666666666,2.917333333333333,1.476,1.6786666666666668,1.3226666666666667,102
1004142.2053333333,2005.792,41.76,1.968,1.2546666666666666,2.917333333333333,1.476,1.6786666666666668,1.3226666666666667,88
1004142.2053333333,2005.792,41.76,1.968,1.2546666666666666,2.917333333333333,1.476,1.6786666666666668,1.3226666666666667,89
1004142.2053333333,2005.792,41.76,1.968,1.2546666666666666,2.917333333333333,1.476,1.6786666666666668,1.3226666666666667,80
1004142.2053333333,2005.792,41.76,1.968,1.2546666666666666,2.917333333333333,1.476,1.6786666666666668,1.3226666666666667,97
1004142.2053333333,2005.792,41.76,1.968,1.2546666666666666,2.917333333333333,1.476,1.6786666666666668,1.3226666666666667,112
1004142.2053333333,2005.792,41.76,1.968,1.2546666666666666,2.917333333333333,1.476,1.6786666666666668,1.3226666666666667,119
1004142.2053333333,2005.792,41.76,1.968,1.2546666666666666,2.917333333333333,1.476,1.6786666666666668,1.3226666666666667,272
1004142.2053333333,2005.792,41.76,1.968,1.2546666666666666,2.917333333333333,1.476,1.6786666666666668,1.3226666666666667,119
1004142.2053333333,2005.792,41.76,1.968,1.2546666666666666,2.917333333333333,1.476,1.6786666666666668,1.3226666666666667,149
1004142.2053333333,2005.792,41.76,1.968,1.2546666666666666,2.917333333333333,1.476,1.6786666666666668,1.3226666666666667,100
1004142.2053333333,2005.792,41.76,1.968,1.2546666666666666,2.917333333333333,1.476,1.6786666666666668,1.3226666666666667,55
1004142.2053333333,2005.792,41.76,1.968,1.2546666666666666,2.917333333333333,1.476,1.6786666666666668,1.3226666666666667,105
1004142.2053333333,2005.792,41.76,1.968,1.2546666666666666,2.917333333333333,1.476,1.6786666666666668,1.3226666666666667,112
1004142.2053333333,2005.792,41.76,1.968,1.2546666666666666,2.917333333333333,1.476,1.6786666666666668,1.3226666666666667,119
1004142.2053333333,2005.792,41.76,1.968,1.2546666666666666,2.917333333333333,1.476,1.6786666666666668,1.3226666666666667,73
1004142.2053333333,2005.792,41.76,1.968,1.2546666666666666,2.917333333333333,1.476,1.6786666666666668,1.3226666666666667,81
1004142.2053333333,2005.792,41.76,1.968,1.2546666666666666,2.917333333333333,1.476,1.6786666666666668,1.3226666666666667,100
1004142.2053333333,2005.792,41.76,1.968,1.2546666666666666,2.917333333333333,1.476,1.6786666666666668,1.3226666666666667,105
1004142.2053333333,2005.792,41.76,1.968,1.2546666666666666,2.917333333333333,1.476,1.6786666666666668,1.3226666666666667,88
1004142.2053333333,2005.792,41.76,1.968,1.2546666666666666,2.917333333333333,1.476,1.6786666666666668,1.3226666666666667,96
1004142.2053333333,2005.792,41.76,1.968,1.2546666666666666,2.917333333333333,1.476,1.6786666666666668,1.3226666666666667,100
1004142.2053333333,2005.792,41.76,1.968,1.2546666666666666,2.917333333333333,1.476,1.6786666666666668,1.3226666666666667,201
1004142.2053333333,2005.792,41.76,1.968,1.2546666666666666,2.917333333333333,1.476,1.6786666666666668,1.3226666666666667,123
1004142.2053333333,2005.792,41.76,1.968,1.2546666666666666,2.917333333333333,1.476,1.6786666666666668,1.3226666666666667,65
1004142.2053333333,2005.792,41.76,1.968,1.2546666666666666,2.917333333333333,1.476,1.6786666666666668,1.3226666666666667,129
1004142.2053333333,2005.792,41.76,1.968,1.2546666666666666,2.917333333333333,1.476,1.6786666666666668,1.3226666666666667,142
1004142.2053333333,2005.792,41.76,1.968,1.2546666666666666,2.917333333333333,1.476,1.6786666666666668,1.3226666666666667,94
1004142.2053333333,2005.792,41.76,1.968,1.2546666666666666,2.917333333333333,1.476,1.6786666666666668,1.3226666666666667,88
1004142.2053333333,2005.792,41.76,1.968,1.2546666666666666,2.917333333333333,1.476,1.6786666666666668,1.3226666666666667,40
1004142.2053333333,2005.792,41.76,1.968,1.2546666666666666,2.917333333333333,1.476,1.6786666666666668,1.3226666666666667,90
1004142.2053333333,2005.792,41.76,1.968,1.2546666666666666,2.917333333333333,1.476,1.6786666666666668,1.3226666666666667,94
1004142.2053333333,2005.792,41.76,1.968,1.2546666666666666,2.917333333333333,1.476,1.6786666666666668,1.3226666666666667,129
1004142.2053333333,2005.792,41.76,1.968,1.2546666666666666,2.917333333333333,1.476,1.6786666666666668,1.3226666666666667,119
1004142.2053333333,2005.792,41.76,1.968,1.2546666666666666,2.917333333333333,1.476,1.6786666666666668,1.3226666666666667,110
1004142.2053333333,2005.792,41.76,1.968,1.2546666666666666,2.917333333333333,1.476,1.6786666666666668,1.3226666666666667,97
1004142.2053333333,2005.792,41.76,1.968,1.2546666666666666,2.917333333333333,1.476,1.6786666666666668,1.3226666666666667,119
1004142.2053333333,2005.792,41.76,1.968,1.2546666666666666,2.917333333333333,1.476,1.6786666666666668,1.3226666666666667,63
1004142.2053333333,2005.792,41.76,1.968,1.2546666666666666,2.917333333333333,1.476,1.6786666666666668,1.3226666666666667,158
1004142.2053333333,2005.792,41.76,1.968,1.2546666666666666,2.917333333333333,1.476,1.6786666666666668,1.3226666666666667,74
1004142.2053333333,2005.792,41.76,1.968,1.2546666666666666,2.917333333333333,1.476,1.6786666666666668,1.3226666666666667,80
1004142.2053333333,2005.792,41.76,1.968,1.2546666666666666,2.917333333333333,1.476,1.6786666666666668,1.3226666666666667,80
1004142.2053333333,2005.792,41.76,1.968,1.2546666666666666,2.917333333333333,1.476,1.6786666666666668,1.3226666666666667,116
1004142.2053333333,2005.792,41.76,1.968,1.2546666666666666,2.917333333333333,1.476,1.6786666666666668,1.3226666666666667,40
1004142.2053333333,2005.792,41.76,1.968,1.2546666666666666,2.917333333333333,1.476,1.6786666666666668,1.3226666666666667,80
1004142.2053333333,2005.792,41.76,1.968,1.2546666666666666,2.917333333333333,1.476,1.6786666666666668,1.3226666666666667,83
1004142.2053333333,2005.792,41.76,1.968,1.2546666666666666,2.917333333333333,1.476,1.6786666666666668,1.3226666666666667,88
1004142.2053333333,2005.792,41.76,1.968,1.2546666666666666,2.917333333333333,1.476,1.6786666666666668,1.3226666666666667,64
1004142.2053333333,2005.792,41.76,1.968,1.2546666666666666,2.917333333333333,1.476,1.6786666666666668,1.3226666666666667,96
1004142.2053333333,2005.792,41.76,1.968,1.2546666666666666,2.917333333333333,1.476,1.6786666666666668,1.3226666666666667,140
1004142.2053333333,2005.792,41.76,1.968,1.2546666666666666,2.917333333333333,1.476,1.6786666666666668,1.3226666666666667,88
1004142.2053333333,2005.792,41.76,1.968,1.2546666666666666,2.917333333333333,1.476,1.6786666666666668,1.3226666666666667,129
1004142.2053333333,2005.792,41.76,1.968,1.2546666666666666,2.917333333333333,1.476,1.6786666666666668,1.3226666666666667,129
1004142.2053333333,2005.792,41.76,1.968,1.2546666666666666,2.917333333333333,1.476,1.6786666666666668,1.3226666666666667,74
1004142.2053333333,2005.792,41.76,1.968,1.2546666666666666,2.917333333333333,1.476,1.6786666666666668,1.3226666666666667,201
1004142.2053333333,2005.792,41.76,1.968,1.2546666666666666,2.917333333333333,1.476,1.6786666666666668,1.3226666666666667,80
1004142.2053333333,2005.792,41.76,1.968,1.2546666666666666,2.917333333333333,1.476,1.6786666666666668,1.3226666666666667,148
1004142.2053333333,2005.792,41.76,1.968,1.2546666666666666,2.917333333333333,1.476,1.6786666666666668,1.3226666666666667,158
1004142.2053333333,2005.792,41.76,1.968,1.2546666666666666,2.917333333333333,1.476,1.6786666666666668,1.3226666666666667,61
1004142.2053333333,2005.792,41.76,1.968,1.2546666666666666,2.917333333333333,1.476,1.6786666666666668,1.3226666666666667,127
1004142.2053333333,2005.792,41.76,1.968,1.2546666666666666,2.917333333333333,1.476,1.6786666666666668,1.3226666666666667,62
1004142.2053333333,2005.792,41.76,1.968,1.2546666666666666,2.917333333333333,1.476,1.6786666666666668,1.3226666666666667,100
1004142.2053333333,2005.792,41.76,1.968,1.2546666666666666,2.917333333333333,1.476,1.6786666666666668,1.3226666666666667,44
1004142.2053333333,2005.792,41.76,1.968,1.2546666666666666,2.917333333333333,1.476,1.6786666666666668,1.3226666666666667,88
1004142.2053333333,2005.792,41.76,1.968,1.2546666666666666,2.917333333333333,1.476,1.6786666666666668,1.3226666666666667,100
1004142.2053333333,2005.792,41.76,1.968,1.2546666666666666,2.917333333333333,1.476,1.6786666666666668,1.3226666666666667,100
1004142.2053333333,2005.792,41.76,1.968,1.2546666666666666,2.917333333333333,1.476,1.6786666666666668,1.3226666666666667,104
1004142.2053333333,2005.792,41.76,1.968,1.2546666666666666,2.917333333333333,1.476,1.6786666666666668,1.3226666666666667,119
1004142.2053333333,2005.792,41.76,1.968,1.2546666666666666,2.917333333333333,1.476,1.6786666666666668,1.3226666666666667,277
1004142.2053333333,2005.792,41.76,1.968,1.2546666666666666,2.917333333333333,1.476,1.6786666666666668,1.3226666666666667,94
1004142.2053333333,2005.792,41.76,1.968,1.2546666666666666,2.917333333333333,1.476,1.6786666666666668,1.3226666666666667,196
1004142.2053333333,2005.792,41.76,1.968,1.2546666666666666,2.917333333333333,1.476,1.6786666666666668,1.3226666666666667,97
1004142.2053333333,2005.792,41.76,1.968,1.2546666666666666,2.917333333333333,1.476,1.6786666666666668,1.3226666666666667,192
1004142.2053333333,2005.792,41.76,1.968,1.2546666666666666,2.917333333333333,1.476,1.6786666666666668,1.3226666666666667,119
1004142.2053333333,2005.792,41.76,1.968,1.2546666666666666,2.917333333333333,1.476,1.6786666666666668,1.3226666666666667,88
1004142.2053333333,2005.792,41.76,1.968,1.2546666666666666,2.917333333333333,1.476,1.6786666666666668,1.3226666666666667,65
1004142.2053333333,2005.792,41.76,1.968,1.2546666666666666,2.917333333333333,1.476,1.6786666666666668,1.3226666666666667,69
1004142.2053333333,2005.792,41.76,1.968,1.2546666666666666,2.917333333333333,1.476,1.6786666666666668,1.3226666666666667,97
1004142.2053333333,2005.792,41.76,1.968,1.2546666666666666,2.917333333333333,1.476,1.6786666666666668,1.3226666666666667,74
1004142.2053333333,2005.792,41.76,1.968,1.2546666666666666,2.917333333333333,1.476,1.6786666666666668,1.3226666666666667,127
1004142.2053333333,2005.792,41.76,1.968,1.2546666666666666,2.917333333333333,1.476,1.6786666666666668,1.3226666666666667,80
1004142.2053333333,2005.792,41.76,1.968,1.2546666666666666,2.917333333333333,1.476,1.6786666666666668,1.3226666666666667,61
1004142.2053333333,2005.792,41.76,1.968,1.2546666666666666,2.917333333333333,1.476,1.6786666666666668,1.3226666666666667,117
1004142.2053333333,2005.792,41.76,1.968,1.2546666666666666,2.917333333333333,1.476,1.6786666666666668,1.3226666666666667,110
1004142.2053333333,2005.792,41.76,1.968,1.2546666666666666,2.917333333333333,1.476,1.6786666666666668,1.3226666666666667,143
1004142.2053333333,2005.792,41.76,1.968,1.2546666666666666,2.917333333333333,1.476,1.6786666666666668,1.3226666666666667,118
1004142.2053333333,2005.792,41.76,1.968,1.2546666666666666,2.917333333333333,1.476,1.6786666666666668,1.3226666666666667,152
1004142.2053333333,2005.792,41.76,1.968,1.2546666666666666,2.917333333333333,1.476,1.6786666666666668,1.3226666666666667,74
1004142.2053333333,2005.792,41.76,1.968,1.2546666666666666,2.917333333333333,1.476,1.6786666666666668,1.3226666666666667,97
1004142.2053333333,2005.792,41.76,1.968,1.2546666666666666,2.917333333333333,1.476,1.6786666666666668,1.3226666666666667,105
1004142.2053333333,2005.792,41.76,1.968,1.2546666666666666,2.917333333333333,1.476,1.6786666666666668,1.3226666666666667,94
1004142.2053333333,2005.792,41.76,1.968,1.2546666666666666,2.917333333333333,1.476,1.6786666666666668,1.3226666666666667,74
1004142.2053333333,2005.792,41.76,1.968,1.2546666666666666,2.917333333333333,1.476,1.6786666666666668,1.3226666666666667,119
1004142.2053333333,2005.792,41.76,1.968,1.2546666666666666,2.917333333333333,1.476,1.6786666666666668,1.3226666666666667,147
1004142.2053333333,2005.792,41.76,1.968,1.2546666666666666,2.917333333333333,1.476,1.6786666666666668,1.3226666666666667,111
1004142.2053333333,2005.792,41.76,1.968,1.2546666666666666,2.917333333333333,1.476,1.6786666666666668,1.3226666666666667,201
1004142.2053333333,2005.792,41.76,1.968,1.2546666666666666,2.917333333333333,1.476,1.6786666666666668,1.3226666666666667,100
1004142.2053333333,2005.792,41.76,1.968,1.2546666666666666,2.917333333333333,1.476,1.6786666666666668,1.3226666666666667,105
1004142.2053333333,2005.792,41.76,1.968,1.2546666666666666,2.917333333333333,1.476,1.6786666666666668,1.3226666666666667,129
1004142.2053333333,2005.792,41.76,1.968,1.2546666666666666,2.917333333333333,1.476,1.6786666666666668,1.3226666666666667,74
1004142.2053333333,2005.792,41.76,1.968,1.2546666666666666,2.917333333333333,1.476,1.6786666666666668,1.3226666666666667,74
1004142.2053333333,2005.792,41.76,1.968,1.2546666666666666,2.917333333333333,1.476,1.6786666666666668,1.3226666666666667,88
1004142.2053333333,2005.792,41.76,1.968,1.2546666666666666,2.917333333333333,1.476,1.6786666666666668,1.3226666666666667,196
1004142.2053333333,2005.792,41.76,1.968,1.2546666666666666,2.917333333333333,1.476,1.6786666666666668,1.3226666666666667,142
1004142.2053333333,2005.792,41.76,1.968,1.2546666666666666,2.917333333333333,1.476,1.6786666666666668,1.3226666666666667,119
1004142.2053333333,2005.792,41.76,1.968,1.2546666666666666,2.917333333333333,1.476,1.6786666666666668,1.3226666666666667,83
1004142.2053333333,2005.792,41.76,1.968,1.2546666666666666,2.917333333333333,1.476,1.6786666666666668,1.3226666666666667,94
1004142.2053333333,2005.792,41.76,1.968,1.2546666666666666,2.917333333333333,1.476,1.6786666666666668,1.3226666666666667,100
1004142.2053333333,2005.792,41.76,1.968,1.2546666666666666,2.917333333333333,1.476,1.6786666666666668,1.3226666666666667,119
1004142.2053333333,2005.792,41.76,1.968,1.2546666666666666,2.917333333333333,1.476,1.6786666666666668,1.3226666666666667,129
1004142.2053333333,2005.792,41.76,1.968,1.2546666666666666,2.917333333333333,1.476,1.6786666666666668,1.3226666666666667,119
1004142.2053333333,2005.792,41.76,1.968,1.2546666666666666,2.917333333333333,1.476,1.6786666666666668,1.3226666666666667,97
1004142.2053333333,2005.792,41.76,1.968,1.2546666666666666,2.917333333333333,1.476,1.6786666666666668,1.3226666666666667,74
1004142.2053333333,2005.792,41.76,1.968,1.2546666666666666,2.917333333333333,1.476,1.6786666666666668,1.3226666666666667,104
1004142.2053333333,2005.792,41.76,1.968,1.2546666666666666,2.917333333333333,1.476,1.6786666666666668,1.3226666666666667,100
1004142.2053333333,2005.792,41.76,1.968,1.2546666666666666,2.917333333333333,1.476,1.6786666666666668,1.3226666666666667,94
1004142.2053333333,2005.792,41.76,1.968,1.2546666666666666,2.917333333333333,1.476,1.6786666666666668,1.3226666666666667,147
1004142.2053333333,2005.792,41.76,1.968,1.2546666666666666,2.917333333333333,1.476,1.6786666666666668,1.3226666666666667,129
1004142.2053333333,2005.792,41.76,1.968,1.2546666666666666,2.917333333333333,1.476,1.6786666666666668,1.3226666666666667,74
1004142.2053333333,2005.792,41.76,1.968,1.2546666666666666,2.917333333333333,1.476,1.6786666666666668,1.3226666666666667,148
1004142.2053333333,2005.792,41.76,1.968,1.2546666666666666,2.917333333333333,1.476,1.6786666666666668,1.3226666666666667,117
1004142.2053333333,2005.792,41.76,1.968,1.2546666666666666,2.917333333333333,1.476,1.6786666666666668,1.3226666666666667,89
1004142.2053333333,2005.792,41.76,1.968,1.2546666666666666,2.917333333333333,1.476,1.6786666666666668,1.3226666666666667,74
1004142.2053333333,2005.792,41.76,1.968,1.2546666666666666,2.917333333333333,1.476,1.6786666666666668,1.3226666666666667,140
1004142.2053333333,2005.792,41.76,1.968,1.2546666666666666,2.917333333333333,1.476,1.6786666666666668,1.3226666666666667,94
1004142.2053333333,2005.792,41.76,1.968,1.2546666666666666,2.917333333333333,1.476,1.6786666666666668,1.3226666666666667,119
1004142.2053333333,2005.792,41.76,1.968,1.2546666666666666,2.917333333333333,1.476,1.6786666666666668,1.3226666666666667,100
1004142.2053333333,2005.792,41.76,1.968,1.2546666666666666,2.917333333333333,1.476,1.6786666666666668,1.3226666666666667,87
1004142.2053333333,2005.792,41.76,1.968,1.2546666666666666,2.917333333333333,1.476,1.6786666666666668,1.3226666666666667,129
1004142.2053333333,2005.792,41.76,1.968,1.2546666666666666,2.917333333333333,1.476,1.6786666666666668,1.3226666666666667,50
1004142.2053333333,2005.792,41.76,1.968,1.2546666666666666,2.917333333333333,1.476,1.6786666666666668,1.3226666666666667,80
1004142.2053333333,2005.792,41.76,1.968,1.2546666666666666,2.917333333333333,1.476,1.6786666666666668,1.3226666666666667,118
1004142.2053333333,2005.792,41.76,1.968,1.2546666666666666,2.917333333333333,1.476,1.6786666666666668,1.3226666666666667,114
1004142.2053333333,2005.792,41.76,1.968,1.2546666666666666,2.917333333333333,1.476,1.6786666666666668,1.3226666666666667,117
1004142.2053333333,2005.792,41.76,1.968,1.2546666666666666,2.917333333333333,1.476,1.6786666666666668,1.3226666666666667,88
1004142.2053333333,2005.792,41.76,1.968,1.2546666666666666,2.917333333333333,1.476,1.6786666666666668,1.3226666666666667,83
1004142.2053333333,2005.792,41.76,1.968,1.2546666666666666,2.917333333333333,1.476,1.6786666666666668,1.3226666666666667,74
1004142.2053333333,2005.792,41.76,1.968,1.2546666666666666,2.917333333333333,1.476,1.6786666666666668,1.3226666666666667,149
1004142.2053333333,2005.792,41.76,1.968,1.2546666666666666,2.917333333333333,1.476,1.6786666666666668,1.3226666666666667,129
1004142.2053333333,2005.792,41.76,1.968,1.2546666666666666,2.917333333333333,1.476,1.6786666666666668,1.3226666666666667,201
1004142.2053333333,2005.792,41.76,1.968,1.2546666666666666,2.917333333333333,1.476,1.6786666666666668,1.3226666666666667,40
1004142.2053333333,2005.792,41.76,1.968,1.2546666666666666,2.917333333333333,1.476,1.6786666666666668,1.3226666666666667,119
1004142.2053333333,2005.792,41.76,1.968,1.2546666666666666,2.917333333333333,1.476,1.6786666666666668,1.3226666666666667,142
1004142.2053333333,2005.792,41.76,1.968,1.2546666666666666,2.917333333333333,1.476,1.6786666666666668,1.3226666666666667,121
1004142.2053333333,2005.792,41.76,1.968,1.2546666666666666,2.917333333333333,1.476,1.6786666666666668,1.3226666666666667,278
1004142.2053333333,2005.792,41.76,1.968,1.2546666666666666,2.917333333333333,1.476,1.6786666666666668,1.3226666666666667,100
1004142.2053333333,2005.792,41.76,1.968,1.2546666666666666,2.917333333333333,1.476,1.6786666666666668,1.3226666666666667,123
1004142.2053333333,2005.792,41.76,1.968,1.2546666666666666,2.917333333333333,1.476,1.6786666666666668,1.3226666666666667,96
1004142.2053333333,2005.792,41.76,1.968,1.2546666666666666,2.917333333333333,1.476,1.6786666666666668,1.3226666666666667,80
1004142.2053333333,2005.792,41.76,1.968,1.2546666666666666,2.917333333333333,1.476,1.6786666666666668,1.3226666666666667,73
1004142.2053333333,2005.792,41.76,1.968,1.2546666666666666,2.917333333333333,1.476,1.6786666666666668,1.3226666666666667,94
1004142.2053333333,2005.792,41.76,1.968,1.2546666666666666,2.917333333333333,1.476,1.6786666666666668,1.3226666666666667,88
1004142.2053333333,2005.792,41.76,1.968,1.2546666666666666,2.917333333333333,1.476,1.6786666666666668,1.3226666666666667,87
1004142.2053333333,2005.792,41.76,1.968,1.2546666666666666,2.917333333333333,1.476,1.6786666666666668,1.3226666666666667,74
1004142.2053333333,2005.792,41.76,1.968,1.2546666666666666,2.917333333333333,1.476,1.6786666666666668,1.3226666666666667,142
1004142.2053333333,2005.792,41.76,1.968,1.2546666666666666,2.917333333333333,1.476,1.6786666666666668,1.3226666666666667,100
1004142.2053333333,2005.792,41.76,1.968,1.2546666666666666,2.917333333333333,1.476,1.6786666666666668,1.3226666666666667,201
1004142.2053333333,2005.792,41.76,1.968,1.2546666666666666,2.917333333333333,1.476,1.6786666666666668,1.3226666666666667,63
1004142.2053333333,2005.792,41.76,1.968,1.2546666666666666,2.917333333333333,1.476,1.6786666666666668,1.3226666666666667,44
1004142.2053333333,2005.792,41.76,1.968,1.2546666666666666,2.917333333333333,1.476,1.6786666666666668,1.3226666666666667,65
1004142.2053333333,2005.792,41.76,1.968,1.2546666666666666,2.917333333333333,1.476,1.6786666666666668,1.3226666666666667,127
1004142.2053333333,2005.792,41.76,1.968,1.2546666666666666,2.917333333333333,1.476,1.6786666666666668,1.3226666666666667,61
1004142.2053333333,2005.792,41.76,1.968,1.2546666666666666,2.917333333333333,1.476,1.6786666666666668,1.3226666666666667,40
1004142.2053333333,2005.792,41.76,1.968,1.2546666666666666,2.917333333333333,1.476,1.6786666666666668,1.3226666666666667,121
1004142.2053333333,2005.792,41.76,1.968,1.2546666666666666,2.917333333333333,1.476,1.6786666666666668,1.3226666666666667,119
1004142.2053333333,2005.792,41.76,1.968,1.2546666666666666,2.917333333333333,1.476,1.6786666666666668,1.3226666666666667,158
1004142.2053333333,2005.792,41.76,1.968,1.2546666666666666,2.917333333333333,1.476,1.6786666666666668,1.3226666666666667,55
1004142.2053333333,2005.792,41.76,1.968,1.2546666666666666,2.917333333333333,1.476,1.6786666666666668,1.3226666666666667,87
1004142.2053333333,2005.792,41.76,1.968,1.2546666666666666,2.917333333333333,1.476,1.6786666666666668,1.3226666666666667,80
1004142.2053333333,2005.792,41.76,1.968,1.2546666666666666,2.917333333333333,1.476,1.6786666666666668,1.3226666666666667,94
1004142.2053333333,2005.792,41.76,1.968,1.2546666666666666,2.917333333333333,1.476,1.6786666666666668,1.3226666666666667,100
1004142.2053333333,2005.792,41.76,1.968,1.2546666666666666,2.917333333333333,1.476,1.6786666666666668,1.3226666666666667,97
1004142.2053333333,2005.792,41.76,1.968,1.2546666666666666,2.917333333333333,1.476,1.6786666666666668,1.3226666666666667,88
1004142.2053333333,2005.792,41.76,1.968,1.2546666666666666,2.917333333333333,1.476,1.6786666666666668,1.3226666666666667,110
1004142.2053333333,2005.792,41.76,1.968,1.2546666666666666,2.917333333333333,1.476,1.6786666666666668,1.3226666666666667,100
1004142.2053333333,2005.792,41.76,1.968,1.2546666666666666,2.917333333333333,1.476,1.6786666666666668,1.3226666666666667,84
1004142.2053333333,2005.792,41.76,1.968,1.2546666666666666,2.917333333333333,1.476,1.6786666666666668,1.3226666666666667,100
1004142.2053333333,2005.792,41.76,1.968,1.2546666666666666,2.917333333333333,1.476,1.6786666666666668,1.3226666666666667,88
1004142.2053333333,2005.792,41.76,1.968,1.2546666666666666,2.917333333333333,1.476,1.6786666666666668,1.3226666666666667,80
1004142.2053333333,2005.792,41.76,1.968,1.2546666666666666,2.917333333333333,1.476,1.6786666666666668,1.3226666666666667,74
1004142.2053333333,2005.792,41.76,1.968,1.2546666666666666,2.917333333333333,1.476,1.6786666666666668,1.3226666666666667,127
1004142.2053333333,2005.792,41.76,1.968,1.2546666666666666,2.917333333333333,1.476,1.6786666666666668,1.3226666666666667,119
1004142.2053333333,2005.792,41.76,1.968,1.2546666666666666,2.917333333333333,1.476,1.6786666666666668,1.3226666666666667,90
1004142.2053333333,2005.792,41.76,1.968,1.2546666666666666,2.917333333333333,1.476,1.6786666666666668,1.3226666666666667,104
1004142.2053333333,2005.792,41.76,1.968,1.2546666666666666,2.917333333333333,1.476,1.6786666666666668,1.3226666666666667,143
1004142.2053333333,2005.792,41.76,1.968,1.2546666666666666,2.917333333333333,1.476,1.6786666666666668,1.3226666666666667,63
1004142.2053333333,2005.792,41.76,1.968,1.2546666666666666,2.917333333333333,1.476,1.6786666666666668,1.3226666666666667,97
1004142.2053333333,2005.792,41.76,1.968,1.2546666666666666,2.917333333333333,1.476,1.6786666666666668,1.3226666666666667,80
1004142.2053333333,2005.792,41.76,1.968,1.2546666666666666,2.917333333333333,1.476,1.6786666666666668,1.3226666666666667,69
1004142.2053333333,2005.792,41.76,1.968,1.2546666666666666,2.917333333333333,1.476,1.6786666666666668,1.3226666666666667,268
1004142.2053333333,2005.792,41.76,1.968,1.2546666666666666,2.917333333333333,1.476,1.6786666666666668,1.3226666666666667,111
1004142.2053333333,2005.792,41.76,1.968,1.2546666666666666,2.917333333333333,1.476,1.6786666666666668,1.3226666666666667,119
1004142.2053333333,2005.792,41.76,1.968,1.2546666666666666,2.917333333333333,1.476,1.6786666666666668,1.3226666666666667,118
1004142.2053333333,2005.792,41.76,1.968,1.2546666666666666,2.917333333333333,1.476,1.6786666666666668,1.3226666666666667,100
1004142.2053333333,2005.792,41.76,1.968,1.2546666666666666,2.917333333333333,1.476,1.6786666666666668,1.3226666666666667,142
1004142.2053333333,2005.792,41.76,1.968,1.2546666666666666,2.917333333333333,1.476,1.6786666666666668,1.3226666666666667,114
1004142.2053333333,2005.792,41.76,1.968,1.2546666666666666,2.917333333333333,1.476,1.6786666666666668,1.3226666666666667,100
1004142.2053333333,2005.792,41.76,1.968,1.2546666666666666,2.917333333333333,1.476,1.6786666666666668,1.3226666666666667,64
1004142.2053333333,2005.792,41.76,1.968,1.2546666666666666,2.917333333333333,1.476,1.6786666666666668,1.3226666666666667,119
1004142.2053333333,2005.792,41.76,1.968,1.2546666666666666,2.917333333333333,1.476,1.6786666666666668,1.3226666666666667,100
1004142.2053333333,2005.792,41.76,1.968,1.2546666666666666,2.917333333333333,1.476,1.6786666666666668,1.3226666666666667,119
1004142.2053333333,2005.792,41.76,1.968,1.2546666666666666,2.917333333333333,1.476,1.6786666666666668,1.3226666666666667,110
1004142.2053333333,2005.792,41.76,1.968,1.2546666666666666,2.917333333333333,1.476,1.6786666666666668,1.3226666666666667,76
1004142.2053333333,2005.792,41.76,1.968,1.2546666666666666,2.917333333333333,1.476,1.6786666666666668,1.3226666666666667,62
1004142.2053333333,2005.792,41.76,1.968,1.2546666666666666,2.917333333333333,1.476,1.6786666666666668,1.3226666666666667,97
1004142.2053333333,2005.792,41.76,1.968,1.2546666666666666,2.917333333333333,1.476,1.6786666666666668,1.3226666666666667,100
1004142.2053333333,2005.792,41.76,1.968,1.2546666666666666,2.917333333333333,1.476,1.6786666666666668,1.3226666666666667,65
1004142.2053333333,2005.792,41.76,1.968,1.2546666666666666,2.917333333333333,1.476,1.6786666666666668,1.3226666666666667,94
1004142.2053333333,2005.792,41.76,1.968,1.2546666666666666,2.917333333333333,1.476,1.6786666666666668,1.3226666666666667,112
1004142.2053333333,2005.792,41.76,1.968,1.2546666666666666,2.917333333333333,1.476,1.6786666666666668,1.3226666666666667,143
1004142.2053333333,2005.792,41.76,1.968,1.2546666666666666,2.917333333333333,1.476,1.6786666666666668,1.3226666666666667,129
1004142.2053333333,2005.792,41.76,1.968,1.2546666666666666,2.917333333333333,1.476,1.6786666666666668,1.3226666666666667,94
1004142.2053333333,2005.792,41.76,1.968,1.2546666666666666,2.917333333333333,1.476,1.6786666666666668,1.3226666666666667,102
1004142.2053333333,2005.792,41.76,1.968,1.2546666666666666,2.917333333333333,1.476,1.6786666666666668,1.3226666666666667,158
1004142.2053333333,2005.792,41.76,1.968,1.2546666666666666,2.917333333333333,1.476,1.6786666666666668,1.3226666666666667,105
1004142.2053333333,2005.792,41.76,1.968,1.2546666666666666,2.917333333333333,1.476,1.6786666666666668,1.3226666666666667,192
1004142.2053333333,2005.792,41.76,1.968,1.2546666666666666,2.917333333333333,1.476,1.6786666666666668,1.3226666666666667,100
1004142.2053333333,2005.792,41.76,1.968,1.2546666666666666,2.917333333333333,1.476,1.6786666666666668,1.3226666666666667,114
1004142.2053333333,2005.792,41.76,1.968,1.2546666666666666,2.917333333333333,1.476,1.6786666666666668,1.3226666666666667,61
1004142.2053333333,2005.792,41.76,1.968,1.2546666666666666,2.917333333333333,1.476,1.6786666666666668,1.3226666666666667,97
1004142.2053333333,2005.792,41.76,1.968,1.2546666666666666,2.917333333333333,1.476,1.6786666666666668,1.3226666666666667,201
1004142.2053333333,2005.792,41.76,1.968,1.2546666666666666,2.917333333333333,1.476,1.6786666666666668,1.3226666666666667,119
1004142.2053333333,2005.792,41.76,1.968,1.2546666666666666,2.917333333333333,1.476,1.6786666666666668,1.3226666666666667,88
1004142.2053333333,2005.792,41.76,1.968,1.2546666666666666,2.917333333333333,1.476,1.6786666666666668,1.3226666666666667,112
1004142.2053333333,2005.792,41.76,1.968,1.2546666666666666,2.917333333333333,1.476,1.6786666666666668,1.3226666666666667,105
1004142.2053333333,2005.792,41.76,1.968,1.2546666666666666,2.917333333333333,1.476,1.6786666666666668,1.3226666666666667,127
1004142.2053333333,2005.792,41.76,1.968,1.2546666666666666,2.917333333333333,1.476,1.6786666666666668,1.3226666666666667,123
1004142.2053333333,2005.792,41.76,1.968,1.2546666666666666,2.917333333333333,1.476,1.6786666666666668,1.3226666666666667,100
1004142.2053333333,2005.792,41.76,1.968,1.2546666666666666,2.917333333333333,1.476,1.6786666666666668,1.3226666666666667,89
1004142.2053333333,2005.792,41.76,1.968,1.2546666666666666,2.917333333333333,1.476,1.6786666666666668,1.3226666666666667,129
1004142.2053333333,2005.792,41.76,1.968,1.2546666666666666,2.917333333333333,1.476,1.6786666666666668,1.3226666666666667,129
1004142.2053333333,2005.792,41.76,1.968,1.2546666666666666,2.917333333333333,1.476,1.6786666666666668,1.3226666666666667,88
1004142.2053333333,2005.792,41.76,1.968,1.2546666666666666,2.917333333333333,1.476,1.6786666666666668,1.3226666666666667,119
1004142.2053333333,2005.792,41.76,1.968,1.2546666666666666,2.917333333333333,1.476,1.6786666666666668,1.3226666666666667,152
1004142.2053333333,2005.792,41.76,1.968,1.2546666666666666,2.917333333333333,1.476,1.6786666666666668,1.3226666666666667,201
1004142.2053333333,2005.792,41.76,1.968,1.2546666666666666,2.917333333333333,1.476,1.6786666666666668,1.3226666666666667,118
1004142.2053333333,2005.792,41.76,1.968,1.2546666666666666,2.917333333333333,1.476,1.6786666666666668,1.3226666666666667,129
1004142.2053333333,2005.792,41.76,1.968,1.2546666666666666,2.917333333333333,1.476,1.6786666666666668,1.3226666666666667,80
1004142.2053333333,2005.792,41.76,1.968,1.2546666666666666,2.917333333333333,1.476,1.6786666666666668,1.3226666666666667,88
1004142.2053333333,2005.792,41.76,1.968,1.2546666666666666,2.917333333333333,1.476,1.6786666666666668,1.3226666666666667,112
1004142.2053333333,2005.792,41.76,1.968,1.2546666666666666,2.917333333333333,1.476,1.6786666666666668,1.3226666666666667,65
1004142.2053333333,2005.792,41.76,1.968,1.2546666666666666,2.917333333333333,1.476,1.6786666666666668,1.3226666666666667,61
1004142.2053333333,2005.792,41.76,1.968,1.2546666666666666,2.917333333333333,1.476,1.6786666666666668,1.3226666666666667,88
1004142.2053333333,2005.792,41.76,1.968,1.2546666666666666,2.917333333333333,1.476,1.6786666666666668,1.3226666666666667,63
1004142.2053333333,2005.792,41.76,1.968,1.2546666666666666,2.917333333333333,1.476,1.6786666666666668,1.3226666666666667,50
1004142.2053333333,2005.792,41.76,1.968,1.2546666666666666,2.917333333333333,1.476,1.6786666666666668,1.3226666666666667,129
1004142.2053333333,2005.792,41.76,1.968,1.2546666666666666,2.917333333333333,1.476,1.6786666666666668,1.3226666666666667,112
1004142.2053333333,2005.792,41.76,1.968,1.2546666666666666,2.917333333333333,1.476,1.6786666666666668,1.3226666666666667,129
1004142.2053333333,2005.792,41.76,1.968,1.2546666666666666,2.917333333333333,1.476,1.6786666666666668,1.3226666666666667,110
1004142.2053333333,2005.792,41.76,1.968,1.2546666666666666,2.917333333333333,1.476,1.6786666666666668,1.3226666666666667,129
1004142.2053333333,2005.792,41.76,1.968,1.2546666666666666,2.917333333333333,1.476,1.6786666666666668,1.3226666666666667,143
1004142.2053333333,2005.792,41.76,1.968,1.2546666666666666,2.917333333333333,1.476,1.6786666666666668,1.3226666666666667,104
1004142.2053333333,2005.792,41.76,1.968,1.2546666666666666,2.917333333333333,1.476,1.6786666666666668,1.3226666666666667,142
1004142.2053333333,2005.792,41.76,1.968,1.2546666666666666,2.917333333333333,1.476,1.6786666666666668,1.3226666666666667,142
1004142.2053333333,2005.792,41.76,1.968,1.2546666666666666,2.917333333333333,1.476,1.6786666666666668,1.3226666666666667,117
1004142.2053333333,2005.792,41.76,1.968,1.2546666666666666,2.917333333333333,1.476,1.6786666666666668,1.3226666666666667,74
1004142.2053333333,2005.792,41.76,1.968,1.2546666666666666,2.917333333333333,1.476,1.6786666666666668,1.3226666666666667,97
1004142.2053333333,2005.792,41.76,1.968,1.2546666666666666,2.917333333333333,1.476,1.6786666666666668,1.3226666666666667,65
1004142.2053333333,2005.792,41.76,1.968,1.2546666666666666,2.917333333333333,1.476,1.6786666666666668,1.3226666666666667,119
1004142.2053333333,2005.792,41.76,1.968,1.2546666666666666,2.917333333333333,1.476,1.6786666666666668,1.3226666666666667,143
1004142.2053333333,2005.792,41.76,1.968,1.2546666666666666,2.917333333333333,1.476,1.6786666666666668,1.3226666666666667,118
1004142.2053333333,2005.792,41.76,1.968,1.2546666666666666,2.917333333333333,1.476,1.6786666666666668,1.3226666666666667,100
1004142.2053333333,2005.792,41.76,1.968,1.2546666666666666,2.917333333333333,1.476,1.6786666666666668,1.3226666666666667,74
1004142.2053333333,2005.792,41.76,1.968,1.2546666666666666,2.917333333333333,1.476,1.6786666666666668,1.3226666666666667,94
1004142.2053333333,2005.792,41.76,1.968,1.2546666666666666,2.917333333333333,1.476,1.6786666666666668,1.3226666666666667,83
1004142.2053333333,2005.792,41.76,1.968,1.2546666666666666,2.917333333333333,1.476,1.6786666666666668,1.3226666666666667,100
1004142.2053333333,2005.792,41.76,1.968,1.2546666666666666,2.917333333333333,1.476,1.6786666666666668,1.3226666666666667,152
1004142.2053333333,2005.792,41.76,1.968,1.2546666666666666,2.917333333333333,1.476,1.6786666666666668,1.3226666666666667,129
1004142.2053333333,2005.792,41.76,1.968,1.2546666666666666,2.917333333333333,1.476,1.6786666666666668,1.3226666666666667,89
1004142.2053333333,2005.792,41.76,1.968,1.2546666666666666,2.917333333333333,1.476,1.6786666666666668,1.3226666666666667,88
1004142.2053333333,2005.792,41.76,1.968,1.2546666666666666,2.917333333333333,1.476,1.6786666666666668,1.3226666666666667,119
1004142.2053333333,2005.792,41.76,1.968,1.2546666666666666,2.917333333333333,1.476,1.6786666666666668,1.3226666666666667,105
1004142.2053333333,2005.792,41.76,1.968,1.2546666666666666,2.917333333333333,1.476,1.6786666666666668,1.3226666666666667,88
1004142.2053333333,2005.792,41.76,1.968,1.2546666666666666,2.917333333333333,1.476,1.6786666666666668,1.3226666666666667,127
1004142.2053333333,2005.792,41.76,1.968,1.2546666666666666,2.917333333333333,1.476,1.6786666666666668,1.3226666666666667,61
1004142.2053333333,2005.792,41.76,1.968,1.2546666666666666,2.917333333333333,1.476,1.6786666666666668,1.3226666666666667,123
1004142.2053333333,2005.792,41.76,1.968,1.2546666666666666,2.917333333333333,1.476,1.6786666666666668,1.3226666666666667,119
1004142.2053333333,2005.792,41.76,1.968,1.2546666666666666,2.917333333333333,1.476,1.6786666666666668,1.3226666666666667,119
1004142.2053333333,2005.792,41.76,1.968,1.2546666666666666,2.917333333333333,1.476,1.6786666666666668,1.3226666666666667,69
1004142.2053333333,2005.792,41.76,1.968,1.2546666666666666,2.917333333333333,1.476,1.6786666666666668,1.3226666666666667,87
1004142.2053333333,2005.792,41.76,1.968,1.2546666666666666,2.917333333333333,1.476,1.6786666666666668,1.3226666666666667,127
1004142.2053333333,2005.792,41.76,1.968,1.2546666666666666,2.917333333333333,1.476,1.6786666666666668,1.3226666666666667,100
1004142.2053333333,2005.792,41.76,1.968,1.2546666666666666,2.917333333333333,1.476,1.6786666666666668,1.3226666666666667,119
1004142.2053333333,2005.792,41.76,1.968,1.2546666666666666,2.917333333333333,1.476,1.6786666666666668,1.3226666666666667,74
1004142.2053333333,2005.792,41.76,1.968,1.2546666666666666,2.917333333333333,1.476,1.6786666666666668,1.3226666666666667,44
1004142.2053333333,2005.792,41.76,1.968,1.2546666666666666,2.917333333333333,1.476,1.6786666666666668,1.3226666666666667,74
1004142.2053333333,2005.792,41.76,1.968,1.2546666666666666,2.917333333333333,1.476,1.6786666666666668,1.3226666666666667,74
1004142.2053333333,2005.792,41.76,1.968,1.2546666666666666,2.917333333333333,1.476,1.6786666666666668,1.3226666666666667,94
1004142.2053333333,2005.792,41.76,1.968,1.2546666666666666,2.917333333333333,1.476,1.6786666666666668,1.3226666666666667,158
1004142.2053333333,2005.792,41.76,1.968,1.2546666666666666,2.917333333333333,1.476,1.6786666666666668,1.3226666666666667,73
1004142.2053333333,2005.792,41.76,1.968,1.2546666666666666,2.917333333333333,1.476,1.6786666666666668,1.3226666666666667,80
1004142.2053333333,2005.792,41.76,1.968,1.2546666666666666,2.917333333333333,1.476,1.6786666666666668,1.3226666666666667,129
1004142.2053333333,2005.792,41.76,1.968,1.2546666666666666,2.917333333333333,1.476,1.6786666666666668,1.3226666666666667,196
1004142.2053333333,2005.792,41.76,1.968,1.2546666666666666,2.917333333333333,1.476,1.6786666666666668,1.3226666666666667,201
1004142.2053333333,2005.792,41.76,1.968,1.2546666666666666,2.917333333333333,1.476,1.6786666666666668,1.3226666666666667,88
1004142.2053333333,2005.792,41.76,1.968,1.2546666666666666,2.917333333333333,1.476,1.6786666666666668,1.3226666666666667,88
1004142.2053333333,2005.792,41.76,1.968,1.2546666666666666,2.917333333333333,1.476,1.6786666666666668,1.3226666666666667,119
1004142.2053333333,2005.792,41.76,1.968,1.2546666666666666,2.917333333333333,1.476,1.6786666666666668,1.3226666666666667,119
1004142.2053333333,2005.792,41.76,1.968,1.2546666666666666,2.917333333333333,1.476,1.6786666666666668,1.3226666666666667,94
1004142.2053333333,2005.792,41.76,1.968,1.2546666666666666,2.917333333333333,1.476,1.6786666666666668,1.3226666666666667,100
1004142.2053333333,2005.792,41.76,1.968,1.2546666666666666,2.917333333333333,1.476,1.6786666666666668,1.3226666666666667,80
1004142.2053333333,2005.792,41.76,1.968,1.2546666666666666,2.917333333333333,1.476,1.6786666666666668,1.3226666666666667,97
1004142.2053333333,2005.792,41.76,1.968,1.2546666666666666,2.917333333333333,1.476,1.6786666666666668,1.3226666666666667,119
1004142.2053333333,2005.792,41.76,1.968,1.2546666666666666,2.917333333333333,1.476,1.6786666666666668,1.3226666666666667,100
1004142.2053333333,2005.792,41.76,1.968,1.2546666666666666,2.917333333333333,1.476,1.6786666666666668,1.3226666666666667,94
1004142.2053333333,2005.792,41.76,1.968,1.2546666666666666,2.917333333333333,1.476,1.6786666666666668,1.3226666666666667,114
1004142.2053333333,2005.792,41.76,1.968,1.2546666666666666,2.917333333333333,1.476,1.6786666666666668,1.3226666666666667,90
1004142.2053333333,2005.792,41.76,1.968,1.2546666666666666,2.917333333333333,1.476,1.6786666666666668,1.3226666666666667,97
1004142.2053333333,2005.792,41.76,1.968,1.2546666666666666,2.917333333333333,1.476,1.6786666666666668,1.3226666666666667,213
1004142.2053333333,2005.792,41.76,1.968,1.2546666666666666,2.917333333333333,1.476,1.6786666666666668,1.3226666666666667,112
1004142.2053333333,2005.792,41.76,1.968,1.2546666666666666,2.917333333333333,1.476,1.6786666666666668,1.3226666666666667,87
1004142.2053333333,2005.792,41.76,1.968,1.2546666666666666,2.917333333333333,1.476,1.6786666666666668,1.3226666666666667,100
1004142.2053333333,2005.792,41.76,1.968,1.2546666666666666,2.917333333333333,1.476,1.6786666666666668,1.3226666666666667,147
1004142.2053333333,2005.792,41.76,1.968,1.2546666666666666,2.917333333333333,1.476,1.6786666666666668,1.3226666666666667,55
1004142.2053333333,2005.792,41.76,1.968,1.2546666666666666,2.917333333333333,1.476,1.6786666666666668,1.3226666666666667,198
1004142.2053333333,2005.792,41.76,1.968,1.2546666666666666,2.917333333333333,1.476,1.6786666666666668,1.3226666666666667,119
1004142.2053333333,2005.792,41.76,1.968,1.2546666666666666,2.917333333333333,1.476,1.6786666666666668,1.3226666666666667,100
1004142.2053333333,2005.792,41.76,1.968,1.2546666666666666,2.917333333333333,1.476,1.6786666666666668,1.3226666666666667,142
1004142.2053333333,2005.792,41.76,1.968,1.2546666666666666,2.917333333333333,1.476,1.6786666666666668,1.3226666666666667,74
1004142.2053333333,2005.792,41.76,1.968,1.2546666666666666,2.917333333333333,1.476,1.6786666666666668,1.3226666666666667,84
1004142.2053333333,2005.792,41.76,1.968,1.2546666666666666,2.917333333333333,1.476,1.6786666666666668,1.3226666666666667,129
1004142.2053333333,2005.792,41.76,1.968,1.2546666666666666,2.917333333333333,1.476,1.6786666666666668,1.3226666666666667,80
1004142.2053333333,2005.792,41.76,1.968,1.2546666666666666,2.917333333333333,1.476,1.6786666666666668,1.3226666666666667,100
1004142.2053333333,2005.792,41.76,1.968,1.2546666666666666,2.917333333333333,1.476,1.6786666666666668,1.3226666666666667,40
1004142.2053333333,2005.792,41.76,1.968,1.2546666666666666,2.917333333333333,1.476,1.6786666666666668,1.3226666666666667,104
1004142.2053333333,2005.792,41.76,1.968,1.2546666666666666,2.917333333333333,1.476,1.6786666666666668,1.3226666666666667,80
1004142.2053333333,2005.792,41.76,1.968,1.2546666666666666,2.917333333333333,1.476,1.6786666666666668,1.3226666666666667,278
1004142.2053333333,2005.792,41.76,1.968,1.2546666666666666,2.917333333333333,1.476,1.6786666666666668,1.3226666666666667,127
1004142.2053333333,2005.792,41.76,1.968,1.2546666666666666,2.917333333333333,1.476,1.6786666666666668,1.3226666666666667,74
1004142.2053333333,2005.792,41.76,1.968,1.2546666666666666,2.917333333333333,1.476,1.6786666666666668,1.3226666666666667,97
1004142.2053333333,2005.792,41.76,1.968,1.2546666666666666,2.917333333333333,1.476,1.6786666666666668,1.3226666666666667,88
1004142.2053333333,2005.792,41.76,1.968,1.2546666666666666,2.917333333333333,1.476,1.6786666666666668,1.3226666666666667,117
1004142.2053333333,2005.792,41.76,1.968,1.2546666666666666,2.917333333333333,1.476,1.6786666666666668,1.3226666666666667,119
1004142.2053333333,2005.792,41.76,1.968,1.2546666666666666,2.917333333333333,1.476,1.6786666666666668,1.3226666666666667,105
1004142.2053333333,2005.792,41.76,1.968,1.2546666666666666,2.917333333333333,1.476,1.6786666666666668,1.3226666666666667,119
1004142.2053333333,2005.792,41.76,1.968,1.2546666666666666,2.917333333333333,1.476,1.6786666666666668,1.3226666666666667,100
1004142.2053333333,2005.792,41.76,1.968,1.2546666666666666,2.917333333333333,1.476,1.6786666666666668,1.3226666666666667,152
1004142.2053333333,2005.792,41.76,1.968,1.2546666666666666,2.917333333333333,1.476,1.6786666666666668,1.3226666666666667,100
1004142.2053333333,2005.792,41.76,1.968,1.2546666666666666,2.917333333333333,1.476,1.6786666666666668,1.3226666666666667,140
1004142.2053333333,2005.792,41.76,1.968,1.2546666666666666,2.917333333333333,1.476,1.6786666666666668,1.3226666666666667,97
1004142.2053333333,2005.792,41.76,1.968,1.2546666666666666,2.917333333333333,1.476,1.6786666666666668,1.3226666666666667,96
1004142.2053333333,2005.792,41.76,1.968,1.2546666666666666,2.917333333333333,1.476,1.6786666666666668,1.3226666666666667,114
1004142.2053333333,2005.792,41.76,1.968,1.2546666666666666,2.917333333333333,1.476,1.6786666666666668,1.3226666666666667,94
1004142.2053333333,2005.792,41.76,1.968,1.2546666666666666,2.917333333333333,1.476,1.6786666666666668,1.3226666666666667,201
1004142.2053333333,2005.792,41.76,1.968,1.2546666666666666,2.917333333333333,1.476,1.6786666666666668,1.3226666666666667,62
1004142.2053333333,2005.792,41.76,1.968,1.2546666666666666,2.917333333333333,1.476,1.6786666666666668,1.3226666666666667,110
1004142.2053333333,2005.792,41.76,1.968,1.2546666666666666,2.917333333333333,1.476,1.6786666666666668,1.3226666666666667,88
1004142.2053333333,2005.792,41.76,1.968,1.2546666666666666,2.917333333333333,1.476,1.6786666666666668,1.3226666666666667,80
1004142.2053333333,2005.792,41.76,1.968,1.2546666666666666,2.917333333333333,1.476,1.6786666666666668,1.3226666666666667,123
1004142.2053333333,2005.792,41.76,1.968,1.2546666666666666,2.917333333333333,1.476,1.6786666666666668,1.3226666666666667,90
1004142.2053333333,2005.792,41.76,1.968,1.2546666666666666,2.917333333333333,1.476,1.6786666666666668,1.3226666666666667,119
1004142.2053333333,2005.792,41.76,1.968,1.2546666666666666,2.917333333333333,1.476,1.6786666666666668,1.3226666666666667,119
1004142.2053333333,2005.792,41.76,1.968,1.2546666666666666,2.917333333333333,1.476,1.6786666666666668,1.3226666666666667,117
1004142.2053333333,2005.792,41.76,1.968,1.2546666666666666,2.917333333333333,1.476,1.6786666666666668,1.3226666666666667,142
1004142.2053333333,2005.792,41.76,1.968,1.2546666666666666,2.917333333333333,1.476,1.6786666666666668,1.3226666666666667,94
1004142.2053333333,2005.792,41.76,1.968,1.2546666666666666,2.917333333333333,1.476,1.6786666666666668,1.3226666666666667,55
1004142.2053333333,2005.792,41.76,1.968,1.2546666666666666,2.917333333333333,1.476,1.6786666666666668,1.3226666666666667,201
1004142.2053333333,2005.792,41.76,1.968,1.2546666666666666,2.917333333333333,1.476,1.6786666666666668,1.3226666666666667,80
1004142.2053333333,2005.792,41.76,1.968,1.2546666666666666,2.917333333333333,1.476,1.6786666666666668,1.3226666666666667,55
1004142.2053333333,2005.792,41.76,1.968,1.2546666666666666,2.917333333333333,1.476,1.6786666666666668,1.3226666666666667,104
1004142.2053333333,2005.792,41.76,1.968,1.2546666666666666,2.917333333333333,1.476,1.6786666666666668,1.3226666666666667,118
1004142.2053333333,2005.792,41.76,1.968,1.2546666666666666,2.917333333333333,1.476,1.6786666666666668,1.3226666666666667,119
1004142.2053333333,2005.792,41.76,1.968,1.2546666666666666,2.917333333333333,1.476,1.6786666666666668,1.3226666666666667,88
1004142.2053333333,2005.792,41.76,1.968,1.2546666666666666,2.917333333333333,1.476,1.6786666666666668,1.3226666666666667,147
1004142.2053333333,2005.792,41.76,1.968,1.2546666666666666,2.917333333333333,1.476,1.6786666666666668,1.3226666666666667,84
1004142.2053333333,2005.792,41.76,1.968,1.2546666666666666,2.917333333333333,1.476,1.6786666666666668,1.3226666666666667,94
1004142.2053333333,2005.792,41.76,1.968,1.2546666666666666,2.917333333333333,1.476,1.6786666666666668,1.3226666666666667,119
1004142.2053333333,2005.792,41.76,1.968,1.2546666666666666,2.917333333333333,1.476,1.6786666666666668,1.3226666666666667,110
1004142.2053333333,2005.792,41.76,1.968,1.2546666666666666,2.917333333333333,1.476,1.6786666666666668,1.3226666666666667,74
1004142.2053333333,2005.792,41.76,1.968,1.2546666666666666,2.917333333333333,1.476,1.6786666666666668,1.3226666666666667,129
1004142.2053333333,2005.792,41.76,1.968,1.2546666666666666,2.917333333333333,1.476,1.6786666666666668,1.3226666666666667,94
1004142.2053333333,2005.792,41.76,1.968,1.2546666666666666,2.917333333333333,1.476,1.6786666666666668,1.3226666666666667,65
1004142.2053333333,2005.792,41.76,1.968,1.2546666666666666,2.917333333333333,1.476,1.6786666666666668,1.3226666666666667,196
1004142.2053333333,2005.792,41.76,1.968,1.2546666666666666,2.917333333333333,1.476,1.6786666666666668,1.3226666666666667,80
1004142.2053333333,2005.792,41.76,1.968,1.2546666666666666,2.917333333333333,1.476,1.6786666666666668,1.3226666666666667,129
1004142.2053333333,2005.792,41.76,1.968,1.2546666666666666,2.917333333333333,1.476,1.6786666666666668,1.3226666666666667,198
1004142.2053333333,2005.792,41.76,1.968,1.2546666666666666,2.917333333333333,1.476,1.6786666666666668,1.3226666666666667,113
1004142.2053333333,2005.792,41.76,1.968,1.2546666666666666,2.917333333333333,1.476,1.6786666666666668,1.3226666666666667,88
1004142.2053333333,2005.792,41.76,1.968,1.2546666666666666,2.917333333333333,1.476,1.6786666666666668,1.3226666666666667,127
1004142.2053333333,2005.792,41.76,1.968,1.2546666666666666,2.917333333333333,1.476,1.6786666666666668,1.3226666666666667,94
1004142.2053333333,2005.792,41.76,1.968,1.2546666666666666,2.917333333333333,1.476,1.6786666666666668,1.3226666666666667,127
1004142.2053333333,2005.792,41.76,1.968,1.2546666666666666,2.917333333333333,1.476,1.6786666666666668,1.3226666666666667,100
1004142.2053333333,2005.792,41.76,1.968,1.2546666666666666,2.917333333333333,1.476,1.6786666666666668,1.3226666666666667,89
1004142.2053333333,2005.792,41.76,1.968,1.2546666666666666,2.917333333333333,1.476,1.6786666666666668,1.3226666666666667,74
1004142.2053333333,2005.792,41.76,1.968,1.2546666666666666,2.917333333333333,1.476,1.6786666666666668,1.3226666666666667,119
1004142.2053333333,2005.792,41.76,1.968,1.2546666666666666,2.917333333333333,1.476,1.6786666666666668,1.3226666666666667,90
1004142.2053333333,2005.792,41.76,1.968,1.2546666666666666,2.917333333333333,1.476,1.6786666666666668,1.3226666666666667,119
1004142.2053333333,2005.792,41.76,1.968,1.2546666666666666,2.917333333333333,1.476,1.6786666666666668,1.3226666666666667,143
1004142.2053333333,2005.792,41.76,1.968,1.2546666666666666,2.917333333333333,1.476,1.6786666666666668,1.3226666666666667,129
1004142.2053333333,2005.792,41.76,1.968,1.2546666666666666,2.917333333333333,1.476,1.6786666666666668,1.3226666666666667,90
1004142.2053333333,2005.792,41.76,1.968,1.2546666666666666,2.917333333333333,1.476,1.6786666666666668,1.3226666666666667,105
1004142.2053333333,2005.792,41.76,1.968,1.2546666666666666,2.917333333333333,1.476,1.6786666666666668,1.3226666666666667,100
1004142.2053333333,2005.792,41.76,1.968,1.2546666666666666,2.917333333333333,1.476,1.6786666666666668,1.3226666666666667,102
1004142.2053333333,2005.792,41.76,1.968,1.2546666666666666,2.917333333333333,1.476,1.6786666666666668,1.3226666666666667,21
1004142.2053333333,2005.792,41.76,1.968,1.2546666666666666,2.917333333333333,1.476,1.6786666666666668,1.3226666666666667,145
1004142.2053333333,2005.792,41.76,1.968,1.2546666666666666,2.917333333333333,1.476,1.6786666666666668,1.3226666666666667,80
1004142.2053333333,2005.792,41.76,1.968,1.2546666666666666,2.917333333333333,1.476,1.6786666666666668,1.3226666666666667,119
1004142.2053333333,2005.792,41.76,1.968,1.2546666666666666,2.917333333333333,1.476,1.6786666666666668,1.3226666666666667,97
1004142.2053333333,2005.792,41.76,1.968,1.2546666666666666,2.917333333333333,1.476,1.6786666666666668,1.3226666666666667,63
1004142.2053333333,2005.792,41.76,1.968,1.2546666666666666,2.917333333333333,1.476,1.6786666666666668,1.3226666666666667,112
1004142.2053333333,2005.792,41.76,1.968,1.2546666666666666,2.917333333333333,1.476,1.6786666666666668,1.3226666666666667,127
1004142.2053333333,2005.792,41.76,1.968,1.2546666666666666,2.917333333333333,1.476,1.6786666666666668,1.3226666666666667,65
1004142.2053333333,2005.792,41.76,1.968,1.2546666666666666,2.917333333333333,1.476,1.6786666666666668,1.3226666666666667,100
1004142.2053333333,2005.792,41.76,1.968,1.2546666666666666,2.917333333333333,1.476,1.6786666666666668,1.3226666666666667,117
1004142.2053333333,2005.792,41.76,1.968,1.2546666666666666,2.917333333333333,1.476,1.6786666666666668,1.3226666666666667,74
1004142.2053333333,2005.792,41.76,1.968,1.2546666666666666,2.917333333333333,1.476,1.6786666666666668,1.3226666666666667,110
1004142.2053333333,2005.792,41.76,1.968,1.2546666666666666,2.917333333333333,1.476,1.6786666666666668,1.3226666666666667,44
1004142.2053333333,2005.792,41.76,1.968,1.2546666666666666,2.917333333333333,1.476,1.6786666666666668,1.3226666666666667,89
1004142.2053333333,2005.792,41.76,1.968,1.2546666666666666,2.917333333333333,1.476,1.6786666666666668,1.3226666666666667,88
1004142.2053333333,2005.792,41.76,1.968,1.2546666666666666,2.917333333333333,1.476,1.6786666666666668,1.3226666666666667,83
1004142.2053333333,2005.792,41.76,1.968,1.2546666666666666,2.917333333333333,1.476,1.6786666666666668,1.3226666666666667,73
1004142.2053333333,2005.792,41.76,1.968,1.2546666666666666,2.917333333333333,1.476,1.6786666666666668,1.3226666666666667,140
1004142.2053333333,2005.792,41.76,1.968,1.2546666666666666,2.917333333333333,1.476,1.6786666666666668,1.3226666666666667,142
1004142.2053333333,2005.792,41.76,1.968,1.2546666666666666,2.917333333333333,1.476,1.6786666666666668,1.3226666666666667,112
1004142.2053333333,2005.792,41.76,1.968,1.2546666666666666,2.917333333333333,1.476,1.6786666666666668,1.3226666666666667,69
1004142.2053333333,2005.792,41.76,1.968,1.2546666666666666,2.917333333333333,1.476,1.6786666666666668,1.3226666666666667,119
1004142.2053333333,2005.792,41.76,1.968,1.2546666666666666,2.917333333333333,1.476,1.6786666666666668,1.3226666666666667,121
1004142.2053333333,2005.792,41.76,1.968,1.2546666666666666,2.917333333333333,1.476,1.6786666666666668,1.3226666666666667,119
1004142.2053333333,2005.792,41.76,1.968,1.2546666666666666,2.917333333333333,1.476,1.6786666666666668,1.3226666666666667,88
1004142.2053333333,2005.792,41.76,1.968,1.2546666666666666,2.917333333333333,1.476,1.6786666666666668,1.3226666666666667,119
1004142.2053333333,2005.792,41.76,1.968,1.2546666666666666,2.917333333333333,1.476,1.6786666666666668,1.3226666666666667,80
1004142.2053333333,2005.792,41.76,1.968,1.2546666666666666,2.917333333333333,1.476,1.6786666666666668,1.3226666666666667,100
1004142.2053333333,2005.792,41.76,1.968,1.2546666666666666,2.917333333333333,1.476,1.6786666666666668,1.3226666666666667,80
1004142.2053333333,2005.792,41.76,1.968,1.2546666666666666,2.917333333333333,1.476,1.6786666666666668,1.3226666666666667,129
1004142.2053333333,2005.792,41.76,1.968,1.2546666666666666,2.917333333333333,1.476,1.6786666666666668,1.3226666666666667,74
1004142.2053333333,2005.792,41.76,1.968,1.2546666666666666,2.917333333333333,1.476,1.6786666666666668,1.3226666666666667,62
1004142.2053333333,2005.792,41.76,1.968,1.2546666666666666,2.917333333333333,1.476,1.6786666666666668,1.3226666666666667,129
1004142.2053333333,2005.792,41.76,1.968,1.2546666666666666,2.917333333333333,1.476,1.6786666666666668,1.3226666666666667,94
1004142.2053333333,2005.792,41.76,1.968,1.2546666666666666,2.917333333333333,1.476,1.6786666666666668,1.3226666666666667,97
1004142.2053333333,2005.792,41.76,1.968,1.2546666666666666,2.917333333333333,1.476,1.6786666666666668,1.3226666666666667,114
1004142.2053333333,2005.792,41.76,1.968,1.2546666666666666,2.917333333333333,1.476,1.6786666666666668,1.3226666666666667,44
1004142.2053333333,2005.792,41.76,1.968,1.2546666666666666,2.917333333333333,1.476,1.6786666666666668,1.3226666666666667,278
1004142.2053333333,2005.792,41.76,1.968,1.2546666666666666,2.917333333333333,1.476,1.6786666666666668,1.3226666666666667,119
1004142.2053333333,2005.792,41.76,1.968,1.2546666666666666,2.917333333333333,1.476,1.6786666666666668,1.3226666666666667,152
1004142.2053333333,2005.792,41.76,1.968,1.2546666666666666,2.917333333333333,1.476,1.6786666666666668,1.3226666666666667,100
1004142.2053333333,2005.792,41.76,1.968,1.2546666666666666,2.917333333333333,1.476,1.6786666666666668,1.3226666666666667,88
1004142.2053333333,2005.792,41.76,1.968,1.2546666666666666,2.917333333333333,1.476,1.6786666666666668,1.3226666666666667,112
1004142.2053333333,2005.792,41.76,1.968,1.2546666666666666,2.917333333333333,1.476,1.6786666666666668,1.3226666666666667,119
1004142.2053333333,2005.792,41.76,1.968,1.2546666666666666,2.917333333333333,1.476,1.6786666666666668,1.3226666666666667,110
1004142.2053333333,2005.792,41.76,1.968,1.2546666666666666,2.917333333333333,1.476,1.6786666666666668,1.3226666666666667,74
1004142.2053333333,2005.792,41.76,1.968,1.2546666666666666,2.917333333333333,1.476,1.6786666666666668,1.3226666666666667,100
1004142.2053333333,2005.792,41.76,1.968,1.2546666666666666,2.917333333333333,1.476,1.6786666666666668,1.3226666666666667,114
1004142.2053333333,2005.792,41.76,1.968,1.2546666666666666,2.917333333333333,1.476,1.6786666666666668,1.3226666666666667,100
1004142.2053333333,2005.792,41.76,1.968,1.2546666666666666,2.917333333333333,1.476,1.6786666666666668,1.3226666666666667,129
1004142.2053333333,2005.792,41.76,1.968,1.2546666666666666,2.917333333333333,1.476,1.6786666666666668,1.3226666666666667,201
1004142.2053333333,2005.792,41.76,1.968,1.2546666666666666,2.917333333333333,1.476,1.6786666666666668,1.3226666666666667,97
1004142.2053333333,2005.792,41.76,1.968,1.2546666666666666,2.917333333333333,1.476,1.6786666666666668,1.3226666666666667,119
1004142.2053333333,2005.792,41.76,1.968,1.2546666666666666,2.917333333333333,1.476,1.6786666666666668,1.3226666666666667,118
1004142.2053333333,2005.792,41.76,1.968,1.2546666666666666,2.917333333333333,1.476,1.6786666666666668,1.3226666666666667,100
1004142.2053333333,2005.792,41.76,1.968,1.2546666666666666,2.917333333333333,1.476,1.6786666666666668,1.3226666666666667,74
1004142.2053333333,2005.792,41.76,1.968,1.2546666666666666,2.917333333333333,1.476,1.6786666666666668,1.3226666666666667,129
1004142.2053333333,2005.792,41.76,1.968,1.2546666666666666,2.917333333333333,1.476,1.6786666666666668,1.3226666666666667,123
1004142.2053333333,2005.792,41.76,1.968,1.2546666666666666,2.917333333333333,1.476,1.6786666666666668,1.3226666666666667,74
1004142.2053333333,2005.792,41.76,1.968,1.2546666666666666,2.917333333333333,1.476,1.6786666666666668,1.3226666666666667,104
1004142.2053333333,2005.792,41.76,1.968,1.2546666666666666,2.917333333333333,1.476,1.6786666666666668,1.3226666666666667,97
1004142.2053333333,2005.792,41.76,1.968,1.2546666666666666,2.917333333333333,1.476,1.6786666666666668,1.3226666666666667,84
1004142.2053333333,2005.792,41.76,1.968,1.2546666666666666,2.917333333333333,1.476,1.6786666666666668,1.3226666666666667,94
1004142.2053333333,2005.792,41.76,1.968,1.2546666666666666,2.917333333333333,1.476,1.6786666666666668,1.3226666666666667,64
1004142.2053333333,2005.792,41.76,1.968,1.2546666666666666,2.917333333333333,1.476,1.6786666666666668,1.3226666666666667,83
1004142.2053333333,2005.792,41.76,1.968,1.2546666666666666,2.917333333333333,1.476,1.6786666666666668,1.3226666666666667,65
1004142.2053333333,2005.792,41.76,1.968,1.2546666666666666,2.917333333333333,1.476,1.6786666666666668,1.3226666666666667,61
1004142.2053333333,2005.792,41.76,1.968,1.2546666666666666,2.917333333333333,1.476,1.6786666666666668,1.3226666666666667,158
1004142.2053333333,2005.792,41.76,1.968,1.2546666666666666,2.917333333333333,1.476,1.6786666666666668,1.3226666666666667,94
1004142.2053333333,2005.792,41.76,1.968,1.2546666666666666,2.917333333333333,1.476,1.6786666666666668,1.3226666666666667,87
1004142.2053333333,2005.792,41.76,1.968,1.2546666666666666,2.917333333333333,1.476,1.6786666666666668,1.3226666666666667,65
1004142.2053333333,2005.792,41.76,1.968,1.2546666666666666,2.917333333333333,1.476,1.6786666666666668,1.3226666666666667,129
1004142.2053333333,2005.792,41.76,1.968,1.2546666666666666,2.917333333333333,1.476,1.6786666666666668,1.3226666666666667,152
1004142.2053333333,2005.792,41.76,1.968,1.2546666666666666,2.917333333333333,1.476,1.6786666666666668,1.3226666666666667,102
1004142.2053333333,2005.792,41.76,1.968,1.2546666666666666,2.917333333333333,1.476,1.6786666666666668,1.3226666666666667,100
1004142.2053333333,2005.792,41.76,1.968,1.2546666666666666,2.917333333333333,1.476,1.6786666666666668,1.3226666666666667,201
1004142.2053333333,2005.792,41.76,1.968,1.2546666666666666,2.917333333333333,1.476,1.6786666666666668,1.3226666666666667,105
1004142.2053333333,2005.792,41.76,1.968,1.2546666666666666,2.917333333333333,1.476,1.6786666666666668,1.3226666666666667,119
1004142.2053333333,2005.792,41.76,1.968,1.2546666666666666,2.917333333333333,1.476,1.6786666666666668,1.3226666666666667,88
1004142.2053333333,2005.792,41.76,1.968,1.2546666666666666,2.917333333333333,1.476,1.6786666666666668,1.3226666666666667,61
1004142.2053333333,2005.792,41.76,1.968,1.2546666666666666,2.917333333333333,1.476,1.6786666666666668,1.3226666666666667,97
1004142.2053333333,2005.792,41.76,1.968,1.2546666666666666,2.917333333333333,1.476,1.6786666666666668,1.3226666666666667,171
1004142.2053333333,2005.792,41.76,1.968,1.2546666666666666,2.917333333333333,1.476,1.6786666666666668,1.3226666666666667,148
1004142.2053333333,2005.792,41.76,1.968,1.2546666666666666,2.917333333333333,1.476,1.6786666666666668,1.3226666666666667,126
1004142.2053333333,2005.792,41.76,1.968,1.2546666666666666,2.917333333333333,1.476,1.6786666666666668,1.3226666666666667,97
1004142.2053333333,2005.792,41.76,1.968,1.2546666666666666,2.917333333333333,1.476,1.6786666666666668,1.3226666666666667,88
1004142.2053333333,2005.792,41.76,1.968,1.2546666666666666,2.917333333333333,1.476,1.6786666666666668,1.3226666666666667,55
1004142.2053333333,2005.792,41.76,1.968,1.2546666666666666,2.917333333333333,1.476,1.6786666666666668,1.3226666666666667,80
1004142.2053333333,2005.792,41.76,1.968,1.2546666666666666,2.917333333333333,1.476,1.6786666666666668,1.3226666666666667,74
1004142.2053333333,2005.792,41.76,1.968,1.2546666666666666,2.917333333333333,1.476,1.6786666666666668,1.3226666666666667,192
1004142.2053333333,2005.792,41.76,1.968,1.2546666666666666,2.917333333333333,1.476,1.6786666666666668,1.3226666666666667,112
1004142.2053333333,2005.792,41.76,1.968,1.2546666666666666,2.917333333333333,1.476,1.6786666666666668,1.3226666666666667,147
1004142.2053333333,2005.792,41.76,1.968,1.2546666666666666,2.917333333333333,1.476,1.6786666666666668,1.3226666666666667,100
1004142.2053333333,2005.792,41.76,1.968,1.2546666666666666,2.917333333333333,1.476,1.6786666666666668,1.3226666666666667,110
1004142.2053333333,2005.792,41.76,1.968,1.2546666666666666,2.917333333333333,1.476,1.6786666666666668,1.3226666666666667,74
1004142.2053333333,2005.792,41.76,1.968,1.2546666666666666,2.917333333333333,1.476,1.6786666666666668,1.3226666666666667,152
1004142.2053333333,2005.792,41.76,1.968,1.2546666666666666,2.917333333333333,1.476,1.6786666666666668,1.3226666666666667,117
1004142.2053333333,2005.792,41.76,1.968,1.2546666666666666,2.917333333333333,1.476,1.6786666666666668,1.3226666666666667,104
1004142.2053333333,2005.792,41.76,1.968,1.2546666666666666,2.917333333333333,1.476,1.6786666666666668,1.3226666666666667,119
1004142.2053333333,2005.792,41.76,1.968,1.2546666666666666,2.917333333333333,1.476,1.6786666666666668,1.3226666666666667,90
1004142.2053333333,2005.792,41.76,1.968,1.2546666666666666,2.917333333333333,1.476,1.6786666666666668,1.3226666666666667,65
1004142.2053333333,2005.792,41.76,1.968,1.2546666666666666,2.917333333333333,1.476,1.6786666666666668,1.3226666666666667,119
1004142.2053333333,2005.792,41.76,1.968,1.2546666666666666,2.917333333333333,1.476,1.6786666666666668,1.3226666666666667,114
1004142.2053333333,2005.792,41.76,1.968,1.2546666666666666,2.917333333333333,1.476,1.6786666666666668,1.3226666666666667,127
1004142.2053333333,2005.792,41.76,1.968,1.2546666666666666,2.917333333333333,1.476,1.6786666666666668,1.3226666666666667,44
1004142.2053333333,2005.792,41.76,1.968,1.2546666666666666,2.917333333333333,1.476,1.6786666666666668,1.3226666666666667,97
1004142.2053333333,2005.792,41.76,1.968,1.2546666666666666,2.917333333333333,1.476,1.6786666666666668,1.3226666666666667,105
1004142.2053333333,2005.792,41.76,1.968,1.2546666666666666,2.917333333333333,1.476,1.6786666666666668,1.3226666666666667,84
1004142.2053333333,2005.792,41.76,1.968,1.2546666666666666,2.917333333333333,1.476,1.6786666666666668,1.3226666666666667,201
1004142.2053333333,2005.792,41.76,1.968,1.2546666666666666,2.917333333333333,1.476,1.6786666666666668,1.3226666666666667,100
1004142.2053333333,2005.792,41.76,1.968,1.2546666666666666,2.917333333333333,1.476,1.6786666666666668,1.3226666666666667,74
1004142.2053333333,2005.792,41.76,1.968,1.2546666666666666,2.917333333333333,1.476,1.6786666666666668,1.3226666666666667,129
1004142.2053333333,2005.792,41.76,1.968,1.2546666666666666,2.917333333333333,1.476,1.6786666666666668,1.3226666666666667,148
1004142.2053333333,2005.792,41.76,1.968,1.2546666666666666,2.917333333333333,1.476,1.6786666666666668,1.3226666666666667,127
1004142.2053333333,2005.792,41.76,1.968,1.2546666666666666,2.917333333333333,1.476,1.6786666666666668,1.3226666666666667,100
1004142.2053333333,2005.792,41.76,1.968,1.2546666666666666,2.917333333333333,1.476,1.6786666666666668,1.3226666666666667,123
1004142.2053333333,2005.792,41.76,1.968,1.2546666666666666,2.917333333333333,1.476,1.6786666666666668,1.3226666666666667,142
1004142.2053333333,2005.792,41.76,1.968,1.2546666666666666,2.917333333333333,1.476,1.6786666666666668,1.3226666666666667,129
1004142.2053333333,2005.792,41.76,1.968,1.2546666666666666,2.917333333333333,1.476,1.6786666666666668,1.3226666666666667,198
1004142.2053333333,2005.792,41.76,1.968,1.2546666666666666,2.917333333333333,1.476,1.6786666666666668,1.3226666666666667,83
1004142.2053333333,2005.792,41.76,1.968,1.2546666666666666,2.917333333333333,1.476,1.6786666666666668,1.3226666666666667,88
1004142.2053333333,2005.792,41.76,1.968,1.2546666666666666,2.917333333333333,1.476,1.6786666666666668,1.3226666666666667,119
1004142.2053333333,2005.792,41.76,1.968,1.2546666666666666,2.917333333333333,1.476,1.6786666666666668,1.3226666666666667,119
1004142.2053333333,2005.792,41.76,1.968,1.2546666666666666,2.917333333333333,1.476,1.6786666666666668,1.3226666666666667,74
1004142.2053333333,2005.792,41.76,1.968,1.2546666666666666,2.917333333333333,1.476,1.6786666666666668,1.3226666666666667,104
1004142.2053333333,2005.792,41.76,1.968,1.2546666666666666,2.917333333333333,1.476,1.6786666666666668,1.3226666666666667,55
1004142.2053333333,2005.792,41.76,1.968,1.2546666666666666,2.917333333333333,1.476,1.6786666666666668,1.3226666666666667,80
1004142.2053333333,2005.792,41.76,1.968,1.2546666666666666,2.917333333333333,1.476,1.6786666666666668,1.3226666666666667,61
1004142.2053333333,2005.792,41.76,1.968,1.2546666666666666,2.917333333333333,1.476,1.6786666666666668,1.3226666666666667,114
1004142.2053333333,2005.792,41.76,1.968,1.2546666666666666,2.917333333333333,1.476,1.6786666666666668,1.3226666666666667,105
1004142.2053333333,2005.792,41.76,1.968,1.2546666666666666,2.917333333333333,1.476,1.6786666666666668,1.3226666666666667,279
1004142.2053333333,2005.792,41.76,1.968,1.2546666666666666,2.917333333333333,1.476,1.6786666666666668,1.3226666666666667,83
1004142.2053333333,2005.792,41.76,1.968,1.2546666666666666,2.917333333333333,1.476,1.6786666666666668,1.3226666666666667,63
1004142.2053333333,2005.792,41.76,1.968,1.2546666666666666,2.917333333333333,1.476,1.6786666666666668,1.3226666666666667,88
1004142.2053333333,2005.792,41.76,1.968,1.2546666666666666,2.917333333333333,1.476,1.6786666666666668,1.3226666666666667,118
1004142.2053333333,2005.792,41.76,1.968,1.2546666666666666,2.917333333333333,1.476,1.6786666666666668,1.3226666666666667,94
1004142.2053333333,2005.792,41.76,1.968,1.2546666666666666,2.917333333333333,1.476,1.6786666666666668,1.3226666666666667,69
1004142.2053333333,2005.792,41.76,1.968,1.2546666666666666,2.917333333333333,1.476,1.6786666666666668,1.3226666666666667,88
1004142.2053333333,2005.792,41.76,1.968,1.2546666666666666,2.917333333333333,1.476,1.6786666666666668,1.3226666666666667,105
1004142.2053333333,2005.792,41.76,1.968,1.2546666666666666,2.917333333333333,1.476,1.6786666666666668,1.3226666666666667,140
1004142.2053333333,2005.792,41.76,1.968,1.2546666666666666,2.917333333333333,1.476,1.6786666666666668,1.3226666666666667,119
1004142.2053333333,2005.792,41.76,1.968,1.2546666666666666,2.917333333333333,1.476,1.6786666666666668,1.3226666666666667,94
1004142.2053333333,2005.792,41.76,1.968,1.2546666666666666,2.917333333333333,1.476,1.6786666666666668,1.3226666666666667,110
1004142.2053333333,2005.792,41.76,1.968,1.2546666666666666,2.917333333333333,1.476,1.6786666666666668,1.3226666666666667,100
1004142.2053333333,2005.792,41.76,1.968,1.2546666666666666,2.917333333333333,1.476,1.6786666666666668,1.3226666666666667,65
1004142.2053333333,2005.792,41.76,1.968,1.2546666666666666,2.917333333333333,1.476,1.6786666666666668,1.3226666666666667,143
1004142.2053333333,2005.792,41.76,1.968,1.2546666666666666,2.917333333333333,1.476,1.6786666666666668,1.3226666666666667,129
1004142.2053333333,2005.792,41.76,1.968,1.2546666666666666,2.917333333333333,1.476,1.6786666666666668,1.3226666666666667,94
1004142.2053333333,2005.792,41.76,1.968,1.2546666666666666,2.917333333333333,1.476,1.6786666666666668,1.3226666666666667,112
1004142.2053333333,2005.792,41.76,1.968,1.2546666666666666,2.917333333333333,1.476,1.6786666666666668,1.3226666666666667,145
1004142.2053333333,2005.792,41.76,1.968,1.2546666666666666,2.917333333333333,1.476,1.6786666666666668,1.3226666666666667,119
1004142.2053333333,2005.792,41.76,1.968,1.2546666666666666,2.917333333333333,1.476,1.6786666666666668,1.3226666666666667,88
1004142.2053333333,2005.792,41.76,1.968,1.2546666666666666,2.917333333333333,1.476,1.6786666666666668,1.3226666666666667,88
1004142.2053333333,2005.792,41.76,1.968,1.2546666666666666,2.917333333333333,1.476,1.6786666666666668,1.3226666666666667,80
1004142.2053333333,2005.792,41.76,1.968,1.2546666666666666,2.917333333333333,1.476,1.6786666666666668,1.3226666666666667,65
1004142.2053333333,2005.792,41.76,1.968,1.2546666666666666,2.917333333333333,1.476,1.6786666666666668,1.3226666666666667,80
1004142.2053333333,2005.792,41.76,1.968,1.2546666666666666,2.917333333333333,1.476,1.6786666666666668,1.3226666666666667,90
1004142.2053333333,2005.792,41.76,1.968,1.2546666666666666,2.917333333333333,1.476,1.6786666666666668,1.3226666666666667,100
1004142.2053333333,2005.792,41.76,1.968,1.2546666666666666,2.917333333333333,1.476,1.6786666666666668,1.3226666666666667,117
1004142.2053333333,2005.792,41.76,1.968,1.2546666666666666,2.917333333333333,1.476,1.6786666666666668,1.3226666666666667,84
1004142.2053333333,2005.792,41.76,1.968,1.2546666666666666,2.917333333333333,1.476,1.6786666666666668,1.3226666666666667,100
1004142.2053333333,2005.792,41.76,1.968,1.2546666666666666,2.917333333333333,1.476,1.6786666666666668,1.3226666666666667,61
1004142.2053333333,2005.792,41.76,1.968,1.2546666666666666,2.917333333333333,1.476,1.6786666666666668,1.3226666666666667,87
1004142.2053333333,2005.792,41.76,1.968,1.2546666666666666,2.917333333333333,1.476,1.6786666666666668,1.3226666666666667,89
1004142.2053333333,2005.792,41.76,1.968,1.2546666666666666,2.917333333333333,1.476,1.6786666666666668,1.3226666666666667,129
1004142.2053333333,2005.792,41.76,1.968,1.2546666666666666,2.917333333333333,1.476,1.6786666666666668,1.3226666666666667,74
1004142.2053333333,2005.792,41.76,1.968,1.2546666666666666,2.917333333333333,1.476,1.6786666666666668,1.3226666666666667,100
1004142.2053333333,2005.792,41.76,1.968,1.2546666666666666,2.917333333333333,1.476,1.6786666666666668,1.3226666666666667,129
1004142.2053333333,2005.792,41.76,1.968,1.2546666666666666,2.917333333333333,1.476,1.6786666666666668,1.3226666666666667,127
1004142.2053333333,2005.792,41.76,1.968,1.2546666666666666,2.917333333333333,1.476,1.6786666666666668,1.3226666666666667,74
1004142.2053333333,2005.792,41.76,1.968,1.2546666666666666,2.917333333333333,1.476,1.6786666666666668,1.3226666666666667,44
1004142.2053333333,2005.792,41.76,1.968,1.2546666666666666,2.917333333333333,1.476,1.6786666666666668,1.3226666666666667,64
1004142.2053333333,2005.792,41.76,1.968,1.2546666666666666,2.917333333333333,1.476,1.6786666666666668,1.3226666666666667,201
1004142.2053333333,2005.792,41.76,1.968,1.2546666666666666,2.917333333333333,1.476,1.6786666666666668,1.3226666666666667,80
1004142.2053333333,2005.792,41.76,1.968,1.2546666666666666,2.917333333333333,1.476,1.6786666666666668,1.3226666666666667,110
1004142.2053333333,2005.792,41.76,1.968,1.2546666666666666,2.917333333333333,1.476,1.6786666666666668,1.3226666666666667,201
1004142.2053333333,2005.792,41.76,1.968,1.2546666666666666,2.917333333333333,1.476,1.6786666666666668,1.3226666666666667,119
1004142.2053333333,2005.792,41.76,1.968,1.2546666666666666,2.917333333333333,1.476,1.6786666666666668,1.3226666666666667,62
1004142.2053333333,2005.792,41.76,1.968,1.2546666666666666,2.917333333333333,1.476,1.6786666666666668,1.3226666666666667,100
1004142.2053333333,2005.792,41.76,1.968,1.2546666666666666,2.917333333333333,1.476,1.6786666666666668,1.3226666666666667,97
1004142.2053333333,2005.792,41.76,1.968,1.2546666666666666,2.917333333333333,1.476,1.6786666666666668,1.3226666666666667,90
1004142.2053333333,2005.792,41.76,1.968,1.2546666666666666,2.917333333333333,1.476,1.6786666666666668,1.3226666666666667,42
1004142.2053333333,2005.792,41.76,1.968,1.2546666666666666,2.917333333333333,1.476,1.6786666666666668,1.3226666666666667,142
1004142.2053333333,2005.792,41.76,1.968,1.2546666666666666,2.917333333333333,1.476,1.6786666666666668,1.3226666666666667,100
1004142.2053333333,2005.792,41.76,1.968,1.2546666666666666,2.917333333333333,1.476,1.6786666666666668,1.3226666666666667,141
1004142.2053333333,2005.792,41.76,1.968,1.2546666666666666,2.917333333333333,1.476,1.6786666666666668,1.3226666666666667,129
1004142.2053333333,2005.792,41.76,1.968,1.2546666666666666,2.917333333333333,1.476,1.6786666666666668,1.3226666666666667,94
1004142.2053333333,2005.792,41.76,1.968,1.2546666666666666,2.917333333333333,1.476,1.6786666666666668,1.3226666666666667,119
1004142.2053333333,2005.792,41.76,1.968,1.2546666666666666,2.917333333333333,1.476,1.6786666666666668,1.3226666666666667,119
1004142.2053333333,2005.792,41.76,1.968,1.2546666666666666,2.917333333333333,1.476,1.6786666666666668,1.3226666666666667,97
1004142.2053333333,2005.792,41.76,1.968,1.2546666666666666,2.917333333333333,1.476,1.6786666666666668,1.3226666666666667,102
1004142.2053333333,2005.792,41.76,1.968,1.2546666666666666,2.917333333333333,1.476,1.6786666666666668,1.3226666666666667,129
1004142.2053333333,2005.792,41.76,1.968,1.2546666666666666,2.917333333333333,1.476,1.6786666666666668,1.3226666666666667,119
1004142.2053333333,2005.792,41.76,1.968,1.2546666666666666,2.917333333333333,1.476,1.6786666666666668,1.3226666666666667,88
1004142.2053333333,2005.792,41.76,1.968,1.2546666666666666,2.917333333333333,1.476,1.6786666666666668,1.3226666666666667,74
1004142.2053333333,2005.792,41.76,1.968,1.2546666666666666,2.917333333333333,1.476,1.6786666666666668,1.3226666666666667,158
1004142.2053333333,2005.792,41.76,1.968,1.2546666666666666,2.917333333333333,1.476,1.6786666666666668,1.3226666666666667,97
1004142.2053333333,2005.792,41.76,1.968,1.2546666666666666,2.917333333333333,1.476,1.6786666666666668,1.3226666666666667,80
1004142.2053333333,2005.792,41.76,1.968,1.2546666666666666,2.917333333333333,1.476,1.6786666666666668,1.3226666666666667,119
