1015943.3026666667,2005.836,41.668,1.9626666666666666,1.2426666666666666,2.964,1.448,1.7306666666666666,1.3333333333333333,89
1015943.3026666667,2005.836,41.668,1.9626666666666666,1.2426666666666666,2.964,1.448,1.7306666666666666,1.3333333333333333,114
1015943.3026666667,2005.836,41.668,1.9626666666666666,1.2426666666666666,2.964,1.448,1.7306666666666666,1.3333333333333333,114
1015943.3026666667,2005.836,41.668,1.9626666666666666,1.2426666666666666,2.964,1.448,1.7306666666666666,1.3333333333333333,94
1015943.3026666667,2005.836,41.668,1.9626666666666666,1.2426666666666666,2.964,1.448,1.7306666666666666,1.3333333333333333,114
1015943.3026666667,2005.836,41.668,1.9626666666666666,1.2426666666666666,2.964,1.448,1.7306666666666666,1.3333333333333333,50
1015943.3026666667,2005.836,41.668,1.9626666666666666,1.2426666666666666,2.964,1.448,1.7306666666666666,1.3333333333333333,119
1015943.3026666667,2005.836,41.668,1.9626666666666666,1.2426666666666666,2.964,1.448,1.7306666666666666,1.3333333333333333,89
1015943.3026666667,2005.836,41.668,1.9626666666666666,1.2426666666666666,2.964,1.448,1.7306666666666666,1.3333333333333333,148
1015943.3026666667,2005.836,41.668,1.9626666666666666,1.2426666666666666,2.964,1.448,1.7306666666666666,1.3333333333333333,119
1015943.3026666667,2005.836,41.668,1.9626666666666666,1.2426666666666666,2.964,1.448,1.7306666666666666,1.3333333333333333,115
1015943.3026666667,2005.836,41.668,1.9626666666666666,1.2426666666666666,2.964,1.448,1.7306666666666666,1.3333333333333333,105
1015943.3026666667,2005.836,41.668,1.9626666666666666,1.2426666666666666,2.964,1.448,1.7306666666666666,1.3333333333333333,114
1015943.3026666667,2005.836,41.668,1.9626666666666666,1.2426666666666666,2.964,1.448,1.7306666666666666,1.3333333333333333,100
1015943.3026666667,2005.836,41.668,1.9626666666666666,1.2426666666666666,2.964,1.448,1.7306666666666666,1.3333333333333333,100
1015943.3026666667,2005.836,41.668,1.9626666666666666,1.2426666666666666,2.964,1.448,1.7306666666666666,1.3333333333333333,99
1015943.3026666667,2005.836,41.668,1.9626666666666666,1.2426666666666666,2.964,1.448,1.7306666666666666,1.3333333333333333,114
1015943.3026666667,2005.836,41.668,1.9626666666666666,1.2426666666666666,2.964,1.448,1.7306666666666666,1.3333333333333333,95
1015943.3026666667,2005.836,41.668,1.9626666666666666,1.2426666666666666,2.964,1.448,1.7306666666666666,1.3333333333333333,148
1015943.3026666667,2005.836,41.668,1.9626666666666666,1.2426666666666666,2.964,1.448,1.7306666666666666,1.3333333333333333,119
1015943.3026666667,2005.836,41.668,1.9626666666666666,1.2426666666666666,2.964,1.448,1.7306666666666666,1.3333333333333333,148
1015943.3026666667,2005.836,41.668,1.9626666666666666,1.2426666666666666,2.964,1.448,1.7306666666666666,1.3333333333333333,90
1015943.3026666667,2005.836,41.668,1.9626666666666666,1.2426666666666666,2.964,1.448,1.7306666666666666,1.3333333333333333,81
1015943.3026666667,2005.836,41.668,1.9626666666666666,1.2426666666666666,2.964,1.448,1.7306666666666666,1.3333333333333333,121
1015943.3026666667,2005.836,41.668,1.9626666666666666,1.2426666666666666,2.964,1.448,1.7306666666666666,1.3333333333333333,100
1015943.3026666667,2005.836,41.668,1.9626666666666666,1.2426666666666666,2.964,1.448,1.7306666666666666,1.3333333333333333,35
1015943.3026666667,2005.836,41.668,1.9626666666666666,1.2426666666666666,2.964,1.448,1.7306666666666666,1.3333333333333333,80
1015943.3026666667,2005.836,41.668,1.9626666666666666,1.2426666666666666,2.964,1.448,1.7306666666666666,1.3333333333333333,65
1015943.3026666667,2005.836,41.668,1.9626666666666666,1.2426666666666666,2.964,1.448,1.7306666666666666,1.3333333333333333,94
1015943.3026666667,2005.836,41.668,1.9626666666666666,1.2426666666666666,2.964,1.448,1.7306666666666666,1.3333333333333333,119
1015943.3026666667,2005.836,41.668,1.9626666666666666,1.2426666666666666,2.964,1.448,1.7306666666666666,1.3333333333333333,81
1015943.3026666667,2005.836,41.668,1.9626666666666666,1.2426666666666666,2.964,1.448,1.7306666666666666,1.3333333333333333,278
1015943.3026666667,2005.836,41.668,1.9626666666666666,1.2426666666666666,2.964,1.448,1.7306666666666666,1.3333333333333333,84
1015943.3026666667,2005.836,41.668,1.9626666666666666,1.2426666666666666,2.964,1.448,1.7306666666666666,1.3333333333333333,60
1015943.3026666667,2005.836,41.668,1.9626666666666666,1.2426666666666666,2.964,1.448,1.7306666666666666,1.3333333333333333,65
1015943.3026666667,2005.836,41.668,1.9626666666666666,1.2426666666666666,2.964,1.448,1.7306666666666666,1.3333333333333333,99
1015943.3026666667,2005.836,41.668,1.9626666666666666,1.2426666666666666,2.964,1.448,1.7306666666666666,1.3333333333333333,55
1015943.3026666667,2005.836,41.668,1.9626666666666666,1.2426666666666666,2.964,1.448,1.7306666666666666,1.3333333333333333,94
1015943.3026666667,2005.836,41.668,1.9626666666666666,1.2426666666666666,2.964,1.448,1.7306666666666666,1.3333333333333333,81
1015943.3026666667,2005.836,41.668,1.9626666666666666,1.2426666666666666,2.964,1.448,1.7306666666666666,1.3333333333333333,84
1015943.3026666667,2005.836,41.668,1.9626666666666666,1.2426666666666666,2.964,1.448,1.7306666666666666,1.3333333333333333,121
1015943.3026666667,2005.836,41.668,1.9626666666666666,1.2426666666666666,2.964,1.448,1.7306666666666666,1.3333333333333333,94
1015943.3026666667,2005.836,41.668,1.9626666666666666,1.2426666666666666,2.964,1.448,1.7306666666666666,1.3333333333333333,100
1015943.3026666667,2005.836,41.668,1.9626666666666666,1.2426666666666666,2.964,1.448,1.7306666666666666,1.3333333333333333,113
1015943.3026666667,2005.836,41.668,1.9626666666666666,1.2426666666666666,2.964,1.448,1.7306666666666666,1.3333333333333333,100
1015943.3026666667,2005.836,41.668,1.9626666666666666,1.2426666666666666,2.964,1.448,1.7306666666666666,1.3333333333333333,81
1015943.3026666667,2005.836,41.668,1.9626666666666666,1.2426666666666666,2.964,1.448,1.7306666666666666,1.3333333333333333,100
1015943.3026666667,2005.836,41.668,1.9626666666666666,1.2426666666666666,2.964,1.448,1.7306666666666666,1.3333333333333333,65
1015943.3026666667,2005.836,41.668,1.9626666666666666,1.2426666666666666,2.964,1.448,1.7306666666666666,1.3333333333333333,94
1015943.3026666667,2005.836,41.668,1.9626666666666666,1.2426666666666666,2.964,1.448,1.7306666666666666,1.3333333333333333,148
1015943.3026666667,2005.836,41.668,1.9626666666666666,1.2426666666666666,2.964,1.448,1.7306666666666666,1.3333333333333333,100
1015943.3026666667,2005.836,41.668,1.9626666666666666,1.2426666666666666,2.964,1.448,1.7306666666666666,1.3333333333333333,51
1015943.3026666667,2005.836,41.668,1.9626666666666666,1.2426666666666666,2.964,1.448,1.7306666666666666,1.3333333333333333,114
1015943.3026666667,2005.836,41.668,1.9626666666666666,1.2426666666666666,2.964,1.448,1.7306666666666666,1.3333333333333333,100
1015943.3026666667,2005.836,41.668,1.9626666666666666,1.2426666666666666,2.964,1.448,1.7306666666666666,1.3333333333333333,80
1015943.3026666667,2005.836,41.668,1.9626666666666666,1.2426666666666666,2.964,1.448,1.7306666666666666,1.3333333333333333,87
1015943.3026666667,2005.836,41.668,1.9626666666666666,1.2426666666666666,2.964,1.448,1.7306666666666666,1.3333333333333333,65
1015943.3026666667,2005.836,41.668,1.9626666666666666,1.2426666666666666,2.964,1.448,1.7306666666666666,1.3333333333333333,65
1015943.3026666667,2005.836,41.668,1.9626666666666666,1.2426666666666666,2.964,1.448,1.7306666666666666,1.3333333333333333,148
1015943.3026666667,2005.836,41.668,1.9626666666666666,1.2426666666666666,2.964,1.448,1.7306666666666666,1.3333333333333333,102
1015943.3026666667,2005.836,41.668,1.9626666666666666,1.2426666666666666,2.964,1.448,1.7306666666666666,1.3333333333333333,87
1015943.3026666667,2005.836,41.668,1.9626666666666666,1.2426666666666666,2.964,1.448,1.7306666666666666,1.3333333333333333,278
1015943.3026666667,2005.836,41.668,1.9626666666666666,1.2426666666666666,2.964,1.448,1.7306666666666666,1.3333333333333333,94
1015943.3026666667,2005.836,41.668,1.9626666666666666,1.2426666666666666,2.964,1.448,1.7306666666666666,1.3333333333333333,70
1015943.3026666667,2005.836,41.668,1.9626666666666666,1.2426666666666666,2.964,1.448,1.7306666666666666,1.3333333333333333,81
1015943.3026666667,2005.836,41.668,1.9626666666666666,1.2426666666666666,2.964,1.448,1.7306666666666666,1.3333333333333333,101
1015943.3026666667,2005.836,41.668,1.9626666666666666,1.2426666666666666,2.964,1.448,1.7306666666666666,1.3333333333333333,70
1015943.3026666667,2005.836,41.668,1.9626666666666666,1.2426666666666666,2.964,1.448,1.7306666666666666,1.3333333333333333,100
1015943.3026666667,2005.836,41.668,1.9626666666666666,1.2426666666666666,2.964,1.448,1.7306666666666666,1.3333333333333333,84
1015943.3026666667,2005.836,41.668,1.9626666666666666,1.2426666666666666,2.964,1.448,1.7306666666666666,1.3333333333333333,153
1015943.3026666667,2005.836,41.668,1.9626666666666666,1.2426666666666666,2.964,1.448,1.7306666666666666,1.3333333333333333,40
1015943.3026666667,2005.836,41.668,1.9626666666666666,1.2426666666666666,2.964,1.448,1.7306666666666666,1.3333333333333333,94
1015943.3026666667,2005.836,41.668,1.9626666666666666,1.2426666666666666,2.964,1.448,1.7306666666666666,1.3333333333333333,94
1015943.3026666667,2005.836,41.668,1.9626666666666666,1.2426666666666666,2.964,1.448,1.7306666666666666,1.3333333333333333,99
1015943.3026666667,2005.836,41.668,1.9626666666666666,1.2426666666666666,2.964,1.448,1.7306666666666666,1.3333333333333333,63
1015943.3026666667,2005.836,41.668,1.9626666666666666,1.2426666666666666,2.964,1.448,1.7306666666666666,1.3333333333333333,94
1015943.3026666667,2005.836,41.668,1.9626666666666666,1.2426666666666666,2.964,1.448,1.7306666666666666,1.3333333333333333,100
1015943.3026666667,2005.836,41.668,1.9626666666666666,1.2426666666666666,2.964,1.448,1.7306666666666666,1.3333333333333333,142
1015943.3026666667,2005.836,41.668,1.9626666666666666,1.2426666666666666,2.964,1.448,1.7306666666666666,1.3333333333333333,119
1015943.3026666667,2005.836,41.668,1.9626666666666666,1.2426666666666666,2.964,1.448,1.7306666666666666,1.3333333333333333,70
1015943.3026666667,2005.836,41.668,1.9626666666666666,1.2426666666666666,2.964,1.448,1.7306666666666666,1.3333333333333333,81
1015943.3026666667,2005.836,41.668,1.9626666666666666,1.2426666666666666,2.964,1.448,1.7306666666666666,1.3333333333333333,129
1015943.3026666667,2005.836,41.668,1.9626666666666666,1.2426666666666666,2.964,1.448,1.7306666666666666,1.3333333333333333,101
1015943.3026666667,2005.836,41.668,1.9626666666666666,1.2426666666666666,2.964,1.448,1.7306666666666666,1.3333333333333333,84
1015943.3026666667,2005.836,41.668,1.9626666666666666,1.2426666666666666,2.964,1.448,1.7306666666666666,1.3333333333333333,170
1015943.3026666667,2005.836,41.668,1.9626666666666666,1.2426666666666666,2.964,1.448,1.7306666666666666,1.3333333333333333,84
1015943.3026666667,2005.836,41.668,1.9626666666666666,1.2426666666666666,2.964,1.448,1.7306666666666666,1.3333333333333333,129
1015943.3026666667,2005.836,41.668,1.9626666666666666,1.2426666666666666,2.964,1.448,1.7306666666666666,1.3333333333333333,81
1015943.3026666667,2005.836,41.668,1.9626666666666666,1.2426666666666666,2.964,1.448,1.7306666666666666,1.3333333333333333,83
1015943.3026666667,2005.836,41.668,1.9626666666666666,1.2426666666666666,2.964,1.448,1.7306666666666666,1.3333333333333333,119
1015943.3026666667,2005.836,41.668,1.9626666666666666,1.2426666666666666,2.964,1.448,1.7306666666666666,1.3333333333333333,119
1015943.3026666667,2005.836,41.668,1.9626666666666666,1.2426666666666666,2.964,1.448,1.7306666666666666,1.3333333333333333,32
1015943.3026666667,2005.836,41.668,1.9626666666666666,1.2426666666666666,2.964,1.448,1.7306666666666666,1.3333333333333333,127
1015943.3026666667,2005.836,41.668,1.9626666666666666,1.2426666666666666,2.964,1.448,1.7306666666666666,1.3333333333333333,27
1015943.3026666667,2005.836,41.668,1.9626666666666666,1.2426666666666666,2.964,1.448,1.7306666666666666,1.3333333333333333,115
1015943.3026666667,2005.836,41.668,1.9626666666666666,1.2426666666666666,2.964,1.448,1.7306666666666666,1.3333333333333333,142
1015943.3026666667,2005.836,41.668,1.9626666666666666,1.2426666666666666,2.964,1.448,1.7306666666666666,1.3333333333333333,99
1015943.3026666667,2005.836,41.668,1.9626666666666666,1.2426666666666666,2.964,1.448,1.7306666666666666,1.3333333333333333,272
1015943.3026666667,2005.836,41.668,1.9626666666666666,1.2426666666666666,2.964,1.448,1.7306666666666666,1.3333333333333333,63
1015943.3026666667,2005.836,41.668,1.9626666666666666,1.2426666666666666,2.964,1.448,1.7306666666666666,1.3333333333333333,66
1015943.3026666667,2005.836,41.668,1.9626666666666666,1.2426666666666666,2.964,1.448,1.7306666666666666,1.3333333333333333,100
1015943.3026666667,2005.836,41.668,1.9626666666666666,1.2426666666666666,2.964,1.448,1.7306666666666666,1.3333333333333333,87
1015943.3026666667,2005.836,41.668,1.9626666666666666,1.2426666666666666,2.964,1.448,1.7306666666666666,1.3333333333333333,150
1015943.3026666667,2005.836,41.668,1.9626666666666666,1.2426666666666666,2.964,1.448,1.7306666666666666,1.3333333333333333,35
1015943.3026666667,2005.836,41.668,1.9626666666666666,1.2426666666666666,2.964,1.448,1.7306666666666666,1.3333333333333333,126
1015943.3026666667,2005.836,41.668,1.9626666666666666,1.2426666666666666,2.964,1.448,1.7306666666666666,1.3333333333333333,84
1015943.3026666667,2005.836,41.668,1.9626666666666666,1.2426666666666666,2.964,1.448,1.7306666666666666,1.3333333333333333,148
1015943.3026666667,2005.836,41.668,1.9626666666666666,1.2426666666666666,2.964,1.448,1.7306666666666666,1.3333333333333333,119
1015943.3026666667,2005.836,41.668,1.9626666666666666,1.2426666666666666,2.964,1.448,1.7306666666666666,1.3333333333333333,100
1015943.3026666667,2005.836,41.668,1.9626666666666666,1.2426666666666666,2.964,1.448,1.7306666666666666,1.3333333333333333,105
1015943.3026666667,2005.836,41.668,1.9626666666666666,1.2426666666666666,2.964,1.448,1.7306666666666666,1.3333333333333333,268
1015943.3026666667,2005.836,41.668,1.9626666666666666,1.2426666666666666,2.964,1.448,1.7306666666666666,1.3333333333333333,100
1015943.3026666667,2005.836,41.668,1.9626666666666666,1.2426666666666666,2.964,1.448,1.7306666666666666,1.3333333333333333,117
1015943.3026666667,2005.836,41.668,1.9626666666666666,1.2426666666666666,2.964,1.448,1.7306666666666666,1.3333333333333333,94
1015943.3026666667,2005.836,41.668,1.9626666666666666,1.2426666666666666,2.964,1.448,1.7306666666666666,1.3333333333333333,117
1015943.3026666667,2005.836,41.668,1.9626666666666666,1.2426666666666666,2.964,1.448,1.7306666666666666,1.3333333333333333,100
1015943.3026666667,2005.836,41.668,1.9626666666666666,1.2426666666666666,2.964,1.448,1.7306666666666666,1.3333333333333333,71
1015943.3026666667,2005.836,41.668,1.9626666666666666,1.2426666666666666,2.964,1.448,1.7306666666666666,1.3333333333333333,142
1015943.3026666667,2005.836,41.668,1.9626666666666666,1.2426666666666666,2.964,1.448,1.7306666666666666,1.3333333333333333,127
1015943.3026666667,2005.836,41.668,1.9626666666666666,1.2426666666666666,2.964,1.448,1.7306666666666666,1.3333333333333333,70
1015943.3026666667,2005.836,41.668,1.9626666666666666,1.2426666666666666,2.964,1.448,1.7306666666666666,1.3333333333333333,94
1015943.3026666667,2005.836,41.668,1.9626666666666666,1.2426666666666666,2.964,1.448,1.7306666666666666,1.3333333333333333,101
1015943.3026666667,2005.836,41.668,1.9626666666666666,1.2426666666666666,2.964,1.448,1.7306666666666666,1.3333333333333333,148
1015943.3026666667,2005.836,41.668,1.9626666666666666,1.2426666666666666,2.964,1.448,1.7306666666666666,1.3333333333333333,64
1015943.3026666667,2005.836,41.668,1.9626666666666666,1.2426666666666666,2.964,1.448,1.7306666666666666,1.3333333333333333,126
1015943.3026666667,2005.836,41.668,1.9626666666666666,1.2426666666666666,2.964,1.448,1.7306666666666666,1.3333333333333333,277
1015943.3026666667,2005.836,41.668,1.9626666666666666,1.2426666666666666,2.964,1.448,1.7306666666666666,1.3333333333333333,142
1015943.3026666667,2005.836,41.668,1.9626666666666666,1.2426666666666666,2.964,1.448,1.7306666666666666,1.3333333333333333,123
1015943.3026666667,2005.836,41.668,1.9626666666666666,1.2426666666666666,2.964,1.448,1.7306666666666666,1.3333333333333333,123
1015943.3026666667,2005.836,41.668,1.9626666666666666,1.2426666666666666,2.964,1.448,1.7306666666666666,1.3333333333333333,94
1015943.3026666667,2005.836,41.668,1.9626666666666666,1.2426666666666666,2.964,1.448,1.7306666666666666,1.3333333333333333,148
1015943.3026666667,2005.836,41.668,1.9626666666666666,1.2426666666666666,2.964,1.448,1.7306666666666666,1.3333333333333333,148
1015943.3026666667,2005.836,41.668,1.9626666666666666,1.2426666666666666,2.964,1.448,1.7306666666666666,1.3333333333333333,83
1015943.3026666667,2005.836,41.668,1.9626666666666666,1.2426666666666666,2.964,1.448,1.7306666666666666,1.3333333333333333,94
1015943.3026666667,2005.836,41.668,1.9626666666666666,1.2426666666666666,2.964,1.448,1.7306666666666666,1.3333333333333333,100
1015943.3026666667,2005.836,41.668,1.9626666666666666,1.2426666666666666,2.964,1.448,1.7306666666666666,1.3333333333333333,70
1015943.3026666667,2005.836,41.668,1.9626666666666666,1.2426666666666666,2.964,1.448,1.7306666666666666,1.3333333333333333,81
1015943.3026666667,2005.836,41.668,1.9626666666666666,1.2426666666666666,2.964,1.448,1.7306666666666666,1.3333333333333333,50
1015943.3026666667,2005.836,41.668,1.9626666666666666,1.2426666666666666,2.964,1.448,1.7306666666666666,1.3333333333333333,142
1015943.3026666667,2005.836,41.668,1.9626666666666666,1.2426666666666666,2.964,1.448,1.7306666666666666,1.3333333333333333,94
1015943.3026666667,2005.836,41.668,1.9626666666666666,1.2426666666666666,2.964,1.448,1.7306666666666666,1.3333333333333333,35
1015943.3026666667,2005.836,41.668,1.9626666666666666,1.2426666666666666,2.964,1.448,1.7306666666666666,1.3333333333333333,94
1015943.3026666667,2005.836,41.668,1.9626666666666666,1.2426666666666666,2.964,1.448,1.7306666666666666,1.3333333333333333,60
1015943.3026666667,2005.836,41.668,1.9626666666666666,1.2426666666666666,2.964,1.448,1.7306666666666666,1.3333333333333333,148
1015943.3026666667,2005.836,41.668,1.9626666666666666,1.2426666666666666,2.964,1.448,1.7306666666666666,1.3333333333333333,81
1015943.3026666667,2005.836,41.668,1.9626666666666666,1.2426666666666666,2.964,1.448,1.7306666666666666,1.3333333333333333,70
1015943.3026666667,2005.836,41.668,1.9626666666666666,1.2426666666666666,2.964,1.448,1.7306666666666666,1.3333333333333333,102
1015943.3026666667,2005.836,41.668,1.9626666666666666,1.2426666666666666,2.964,1.448,1.7306666666666666,1.3333333333333333,127
1015943.3026666667,2005.836,41.668,1.9626666666666666,1.2426666666666666,2.964,1.448,1.7306666666666666,1.3333333333333333,100
1015943.3026666667,2005.836,41.668,1.9626666666666666,1.2426666666666666,2.964,1.448,1.7306666666666666,1.3333333333333333,84
1015943.3026666667,2005.836,41.668,1.9626666666666666,1.2426666666666666,2.964,1.448,1.7306666666666666,1.3333333333333333,153
1015943.3026666667,2005.836,41.668,1.9626666666666666,1.2426666666666666,2.964,1.448,1.7306666666666666,1.3333333333333333,81
1015943.3026666667,2005.836,41.668,1.9626666666666666,1.2426666666666666,2.964,1.448,1.7306666666666666,1.3333333333333333,129
1015943.3026666667,2005.836,41.668,1.9626666666666666,1.2426666666666666,2.964,1.448,1.7306666666666666,1.3333333333333333,119
1015943.3026666667,2005.836,41.668,1.9626666666666666,1.2426666666666666,2.964,1.448,1.7306666666666666,1.3333333333333333,80
1015943.3026666667,2005.836,41.668,1.9626666666666666,1.2426666666666666,2.964,1.448,1.7306666666666666,1.3333333333333333,94
1015943.3026666667,2005.836,41.668,1.9626666666666666,1.2426666666666666,2.964,1.448,1.7306666666666666,1.3333333333333333,119
1015943.3026666667,2005.836,41.668,1.9626666666666666,1.2426666666666666,2.964,1.448,1.7306666666666666,1.3333333333333333,148
1015943.3026666667,2005.836,41.668,1.9626666666666666,1.2426666666666666,2.964,1.448,1.7306666666666666,1.3333333333333333,71
1015943.3026666667,2005.836,41.668,1.9626666666666666,1.2426666666666666,2.964,1.448,1.7306666666666666,1.3333333333333333,142
1015943.3026666667,2005.836,41.668,1.9626666666666666,1.2426666666666666,2.964,1.448,1.7306666666666666,1.3333333333333333,142
1015943.3026666667,2005.836,41.668,1.9626666666666666,1.2426666666666666,2.964,1.448,1.7306666666666666,1.3333333333333333,84
1015943.3026666667,2005.836,41.668,1.9626666666666666,1.2426666666666666,2.964,1.448,1.7306666666666666,1.3333333333333333,99
1015943.3026666667,2005.836,41.668,1.9626666666666666,1.2426666666666666,2.964,1.448,1.7306666666666666,1.3333333333333333,83
1015943.3026666667,2005.836,41.668,1.9626666666666666,1.2426666666666666,2.964,1.448,1.7306666666666666,1.3333333333333333,65
1015943.3026666667,2005.836,41.668,1.9626666666666666,1.2426666666666666,2.964,1.448,1.7306666666666666,1.3333333333333333,87
1015943.3026666667,2005.836,41.668,1.9626666666666666,1.2426666666666666,2.964,1.448,1.7306666666666666,1.3333333333333333,148
1015943.3026666667,2005.836,41.668,1.9626666666666666,1.2426666666666666,2.964,1.448,1.7306666666666666,1.3333333333333333,95
1015943.3026666667,2005.836,41.668,1.9626666666666666,1.2426666666666666,2.964,1.448,1.7306666666666666,1.3333333333333333,119
1015943.3026666667,2005.836,41.668,1.9626666666666666,1.2426666666666666,2.964,1.448,1.7306666666666666,1.3333333333333333,105
1015943.3026666667,2005.836,41.668,1.9626666666666666,1.2426666666666666,2.964,1.448,1.7306666666666666,1.3333333333333333,114
1015943.3026666667,2005.836,41.668,1.9626666666666666,1.2426666666666666,2.964,1.448,1.7306666666666666,1.3333333333333333,114
1015943.3026666667,2005.836,41.668,1.9626666666666666,1.2426666666666666,2.964,1.448,1.7306666666666666,1.3333333333333333,60
1015943.3026666667,2005.836,41.668,1.9626666666666666,1.2426666666666666,2.964,1.448,1.7306666666666666,1.3333333333333333,278
1015943.3026666667,2005.836,41.668,1.9626666666666666,1.2426666666666666,2.964,1.448,1.7306666666666666,1.3333333333333333,70
1015943.3026666667,2005.836,41.668,1.9626666666666666,1.2426666666666666,2.964,1.448,1.7306666666666666,1.3333333333333333,127
1015943.3026666667,2005.836,41.668,1.9626666666666666,1.2426666666666666,2.964,1.448,1.7306666666666666,1.3333333333333333,94
1015943.3026666667,2005.836,41.668,1.9626666666666666,1.2426666666666666,2.964,1.448,1.7306666666666666,1.3333333333333333,84
1015943.3026666667,2005.836,41.668,1.9626666666666666,1.2426666666666666,2.964,1.448,1.7306666666666666,1.3333333333333333,114
1015943.3026666667,2005.836,41.668,1.9626666666666666,1.2426666666666666,2.964,1.448,1.7306666666666666,1.3333333333333333,65
1015943.3026666667,2005.836,41.668,1.9626666666666666,1.2426666666666666,2.964,1.448,1.7306666666666666,1.3333333333333333,170
1015943.3026666667,2005.836,41.668,1.9626666666666666,1.2426666666666666,2.964,1.448,1.7306666666666666,1.3333333333333333,113
1015943.3026666667,2005.836,41.668,1.9626666666666666,1.2426666666666666,2.964,1.448,1.7306666666666666,1.3333333333333333,99
1015943.3026666667,2005.836,41.668,1.9626666666666666,1.2426666666666666,2.964,1.448,1.7306666666666666,1.3333333333333333,65
1015943.3026666667,2005.836,41.668,1.9626666666666666,1.2426666666666666,2.964,1.448,1.7306666666666666,1.3333333333333333,119
1015943.3026666667,2005.836,41.668,1.9626666666666666,1.2426666666666666,2.964,1.448,1.7306666666666666,1.3333333333333333,100
1015943.3026666667,2005.836,41.668,1.9626666666666666,1.2426666666666666,2.964,1.448,1.7306666666666666,1.3333333333333333,100
1015943.3026666667,2005.836,41.668,1.9626666666666666,1.2426666666666666,2.964,1.448,1.7306666666666666,1.3333333333333333,99
1015943.3026666667,2005.836,41.668,1.9626666666666666,1.2426666666666666,2.964,1.448,1.7306666666666666,1.3333333333333333,65
1015943.3026666667,2005.836,41.668,1.9626666666666666,1.2426666666666666,2.964,1.448,1.7306666666666666,1.3333333333333333,115
1015943.3026666667,2005.836,41.668,1.9626666666666666,1.2426666666666666,2.964,1.448,1.7306666666666666,1.3333333333333333,101
1015943.3026666667,2005.836,41.668,1.9626666666666666,1.2426666666666666,2.964,1.448,1.7306666666666666,1.3333333333333333,121
1015943.3026666667,2005.836,41.668,1.9626666666666666,1.2426666666666666,2.964,1.448,1.7306666666666666,1.3333333333333333,94
1015943.3026666667,2005.836,41.668,1.9626666666666666,1.2426666666666666,2.964,1.448,1.7306666666666666,1.3333333333333333,148
1015943.3026666667,2005.836,41.668,1.9626666666666666,1.2426666666666666,2.964,1.448,1.7306666666666666,1.3333333333333333,100
1015943.3026666667,2005.836,41.668,1.9626666666666666,1.2426666666666666,2.964,1.448,1.7306666666666666,1.3333333333333333,100
1015943.3026666667,2005.836,41.668,1.9626666666666666,1.2426666666666666,2.964,1.448,1.7306666666666666,1.3333333333333333,277
1015943.3026666667,2005.836,41.668,1.9626666666666666,1.2426666666666666,2.964,1.448,1.7306666666666666,1.3333333333333333,81
1015943.3026666667,2005.836,41.668,1.9626666666666666,1.2426666666666666,2.964,1.448,1.7306666666666666,1.3333333333333333,129
1015943.3026666667,2005.836,41.668,1.9626666666666666,1.2426666666666666,2.964,1.448,1.7306666666666666,1.3333333333333333,63
1015943.3026666667,2005.836,41.668,1.9626666666666666,1.2426666666666666,2.964,1.448,1.7306666666666666,1.3333333333333333,100
1015943.3026666667,2005.836,41.668,1.9626666666666666,1.2426666666666666,2.964,1.448,1.7306666666666666,1.3333333333333333,94
1015943.3026666667,2005.836,41.668,1.9626666666666666,1.2426666666666666,2.964,1.448,1.7306666666666666,1.3333333333333333,84
1015943.3026666667,2005.836,41.668,1.9626666666666666,1.2426666666666666,2.964,1.448,1.7306666666666666,1.3333333333333333,148
1015943.3026666667,2005.836,41.668,1.9626666666666666,1.2426666666666666,2.964,1.448,1.7306666666666666,1.3333333333333333,81
1015943.3026666667,2005.836,41.668,1.9626666666666666,1.2426666666666666,2.964,1.448,1.7306666666666666,1.3333333333333333,105
1015943.3026666667,2005.836,41.668,1.9626666666666666,1.2426666666666666,2.964,1.448,1.7306666666666666,1.3333333333333333,81
1015943.3026666667,2005.836,41.668,1.9626666666666666,1.2426666666666666,2.964,1.448,1.7306666666666666,1.3333333333333333,100
1015943.3026666667,2005.836,41.668,1.9626666666666666,1.2426666666666666,2.964,1.448,1.7306666666666666,1.3333333333333333,94
1015943.3026666667,2005.836,41.668,1.9626666666666666,1.2426666666666666,2.964,1.448,1.7306666666666666,1.3333333333333333,114
1015943.3026666667,2005.836,41.668,1.9626666666666666,1.2426666666666666,2.964,1.448,1.7306666666666666,1.3333333333333333,148
1015943.3026666667,2005.836,41.668,1.9626666666666666,1.2426666666666666,2.964,1.448,1.7306666666666666,1.3333333333333333,114
1015943.3026666667,2005.836,41.668,1.9626666666666666,1.2426666666666666,2.964,1.448,1.7306666666666666,1.3333333333333333,148
1015943.3026666667,2005.836,41.668,1.9626666666666666,1.2426666666666666,2.964,1.448,1.7306666666666666,1.3333333333333333,101
1015943.3026666667,2005.836,41.668,1.9626666666666666,1.2426666666666666,2.964,1.448,1.7306666666666666,1.3333333333333333,65
1015943.3026666667,2005.836,41.668,1.9626666666666666,1.2426666666666666,2.964,1.448,1.7306666666666666,1.3333333333333333,123
1015943.3026666667,2005.836,41.668,1.9626666666666666,1.2426666666666666,2.964,1.448,1.7306666666666666,1.3333333333333333,94
1015943.3026666667,2005.836,41.668,1.9626666666666666,1.2426666666666666,2.964,1.448,1.7306666666666666,1.3333333333333333,117
1015943.3026666667,2005.836,41.668,1.9626666666666666,1.2426666666666666,2.964,1.448,1.7306666666666666,1.3333333333333333,114
1015943.3026666667,2005.836,41.668,1.9626666666666666,1.2426666666666666,2.964,1.448,1.7306666666666666,1.3333333333333333,100
1015943.3026666667,2005.836,41.668,1.9626666666666666,1.2426666666666666,2.964,1.448,1.7306666666666666,1.3333333333333333,27
1015943.3026666667,2005.836,41.668,1.9626666666666666,1.2426666666666666,2.964,1.448,1.7306666666666666,1.3333333333333333,119
1015943.3026666667,2005.836,41.668,1.9626666666666666,1.2426666666666666,2.964,1.448,1.7306666666666666,1.3333333333333333,87
1015943.3026666667,2005.836,41.668,1.9626666666666666,1.2426666666666666,2.964,1.448,1.7306666666666666,1.3333333333333333,153
1015943.3026666667,2005.836,41.668,1.9626666666666666,1.2426666666666666,2.964,1.448,1.7306666666666666,1.3333333333333333,119
1015943.3026666667,2005.836,41.668,1.9626666666666666,1.2426666666666666,2.964,1.448,1.7306666666666666,1.3333333333333333,100
1015943.3026666667,2005.836,41.668,1.9626666666666666,1.2426666666666666,2.964,1.448,1.7306666666666666,1.3333333333333333,83
1015943.3026666667,2005.836,41.668,1.9626666666666666,1.2426666666666666,2.964,1.448,1.7306666666666666,1.3333333333333333,81
1015943.3026666667,2005.836,41.668,1.9626666666666666,1.2426666666666666,2.964,1.448,1.7306666666666666,1.3333333333333333,70
1015943.3026666667,2005.836,41.668,1.9626666666666666,1.2426666666666666,2.964,1.448,1.7306666666666666,1.3333333333333333,119
1015943.3026666667,2005.836,41.668,1.9626666666666666,1.2426666666666666,2.964,1.448,1.7306666666666666,1.3333333333333333,94
1015943.3026666667,2005.836,41.668,1.9626666666666666,1.2426666666666666,2.964,1.448,1.7306666666666666,1.3333333333333333,40
1015943.3026666667,2005.836,41.668,1.9626666666666666,1.2426666666666666,2.964,1.448,1.7306666666666666,1.3333333333333333,117
1015943.3026666667,2005.836,41.668,1.9626666666666666,1.2426666666666666,2.964,1.448,1.7306666666666666,1.3333333333333333,150
1015943.3026666667,2005.836,41.668,1.9626666666666666,1.2426666666666666,2.964,1.448,1.7306666666666666,1.3333333333333333,53
1015943.3026666667,2005.836,41.668,1.9626666666666666,1.2426666666666666,2.964,1.448,1.7306666666666666,1.3333333333333333,278
1015943.3026666667,2005.836,41.668,1.9626666666666666,1.2426666666666666,2.964,1.448,1.7306666666666666,1.3333333333333333,100
1015943.3026666667,2005.836,41.668,1.9626666666666666,1.2426666666666666,2.964,1.448,1.7306666666666666,1.3333333333333333,35
1015943.3026666667,2005.836,41.668,1.9626666666666666,1.2426666666666666,2.964,1.448,1.7306666666666666,1.3333333333333333,84
1015943.3026666667,2005.836,41.668,1.9626666666666666,1.2426666666666666,2.964,1.448,1.7306666666666666,1.3333333333333333,142
1015943.3026666667,2005.836,41.668,1.9626666666666666,1.2426666666666666,2.964,1.448,1.7306666666666666,1.3333333333333333,66
1015943.3026666667,2005.836,41.668,1.9626666666666666,1.2426666666666666,2.964,1.448,1.7306666666666666,1.3333333333333333,148
1015943.3026666667,2005.836,41.668,1.9626666666666666,1.2426666666666666,2.964,1.448,1.7306666666666666,1.3333333333333333,100
1015943.3026666667,2005.836,41.668,1.9626666666666666,1.2426666666666666,2.964,1.448,1.7306666666666666,1.3333333333333333,32
1015943.3026666667,2005.836,41.668,1.9626666666666666,1.2426666666666666,2.964,1.448,1.7306666666666666,1.3333333333333333,126
1015943.3026666667,2005.836,41.668,1.9626666666666666,1.2426666666666666,2.964,1.448,1.7306666666666666,1.3333333333333333,119
1015943.3026666667,2005.836,41.668,1.9626666666666666,1.2426666666666666,2.964,1.448,1.7306666666666666,1.3333333333333333,89
1015943.3026666667,2005.836,41.668,1.9626666666666666,1.2426666666666666,2.964,1.448,1.7306666666666666,1.3333333333333333,99
1015943.3026666667,2005.836,41.668,1.9626666666666666,1.2426666666666666,2.964,1.448,1.7306666666666666,1.3333333333333333,272
1015943.3026666667,2005.836,41.668,1.9626666666666666,1.2426666666666666,2.964,1.448,1.7306666666666666,1.3333333333333333,65
1015943.3026666667,2005.836,41.668,1.9626666666666666,1.2426666666666666,2.964,1.448,1.7306666666666666,1.3333333333333333,60
1015943.3026666667,2005.836,41.668,1.9626666666666666,1.2426666666666666,2.964,1.448,1.7306666666666666,1.3333333333333333,102
1015943.3026666667,2005.836,41.668,1.9626666666666666,1.2426666666666666,2.964,1.448,1.7306666666666666,1.3333333333333333,142
1015943.3026666667,2005.836,41.668,1.9626666666666666,1.2426666666666666,2.964,1.448,1.7306666666666666,1.3333333333333333,117
1015943.3026666667,2005.836,41.668,1.9626666666666666,1.2426666666666666,2.964,1.448,1.7306666666666666,1.3333333333333333,272
1015943.3026666667,2005.836,41.668,1.9626666666666666,1.2426666666666666,2.964,1.448,1.7306666666666666,1.3333333333333333,114
1015943.3026666667,2005.836,41.668,1.9626666666666666,1.2426666666666666,2.964,1.448,1.7306666666666666,1.3333333333333333,148
1015943.3026666667,2005.836,41.668,1.9626666666666666,1.2426666666666666,2.964,1.448,1.7306666666666666,1.3333333333333333,100
1015943.3026666667,2005.836,41.668,1.9626666666666666,1.2426666666666666,2.964,1.448,1.7306666666666666,1.3333333333333333,119
1015943.3026666667,2005.836,41.668,1.9626666666666666,1.2426666666666666,2.964,1.448,1.7306666666666666,1.3333333333333333,94
1015943.3026666667,2005.836,41.668,1.9626666666666666,1.2426666666666666,2.964,1.448,1.7306666666666666,1.3333333333333333,148
1015943.3026666667,2005.836,41.668,1.9626666666666666,1.2426666666666666,2.964,1.448,1.7306666666666666,1.3333333333333333,81
1015943.3026666667,2005.836,41.668,1.9626666666666666,1.2426666666666666,2.964,1.448,1.7306666666666666,1.3333333333333333,99
1015943.3026666667,2005.836,41.668,1.9626666666666666,1.2426666666666666,2.964,1.448,1.7306666666666666,1.3333333333333333,105
1015943.3026666667,2005.836,41.668,1.9626666666666666,1.2426666666666666,2.964,1.448,1.7306666666666666,1.3333333333333333,105
1015943.3026666667,2005.836,41.668,1.9626666666666666,1.2426666666666666,2.964,1.448,1.7306666666666666,1.3333333333333333,24
1015943.3026666667,2005.836,41.668,1.9626666666666666,1.2426666666666666,2.964,1.448,1.7306666666666666,1.3333333333333333,99
1015943.3026666667,2005.836,41.668,1.9626666666666666,1.2426666666666666,2.964,1.448,1.7306666666666666,1.3333333333333333,119
1015943.3026666667,2005.836,41.668,1.9626666666666666,1.2426666666666666,2.964,1.448,1.7306666666666666,1.3333333333333333,70
1015943.3026666667,2005.836,41.668,1.9626666666666666,1.2426666666666666,2.964,1.448,1.7306666666666666,1.3333333333333333,81
1015943.3026666667,2005.836,41.668,1.9626666666666666,1.2426666666666666,2.964,1.448,1.7306666666666666,1.3333333333333333,44
1015943.3026666667,2005.836,41.668,1.9626666666666666,1.2426666666666666,2.964,1.448,1.7306666666666666,1.3333333333333333,148
1015943.3026666667,2005.836,41.668,1.9626666666666666,1.2426666666666666,2.964,1.448,1.7306666666666666,1.3333333333333333,89
1015943.3026666667,2005.836,41.668,1.9626666666666666,1.2426666666666666,2.964,1.448,1.7306666666666666,1.3333333333333333,94
1015943.3026666667,2005.836,41.668,1.9626666666666666,1.2426666666666666,2.964,1.448,1.7306666666666666,1.3333333333333333,123
1015943.3026666667,2005.836,41.668,1.9626666666666666,1.2426666666666666,2.964,1.448,1.7306666666666666,1.3333333333333333,127
1015943.3026666667,2005.836,41.668,1.9626666666666666,1.2426666666666666,2.964,1.448,1.7306666666666666,1.3333333333333333,94
1015943.3026666667,2005.836,41.668,1.9626666666666666,1.2426666666666666,2.964,1.448,1.7306666666666666,1.3333333333333333,127
1015943.3026666667,2005.836,41.668,1.9626666666666666,1.2426666666666666,2.964,1.448,1.7306666666666666,1.3333333333333333,142
1015943.3026666667,2005.836,41.668,1.9626666666666666,1.2426666666666666,2.964,1.448,1.7306666666666666,1.3333333333333333,81
1015943.3026666667,2005.836,41.668,1.9626666666666666,1.2426666666666666,2.964,1.448,1.7306666666666666,1.3333333333333333,119
1015943.3026666667,2005.836,41.668,1.9626666666666666,1.2426666666666666,2.964,1.448,1.7306666666666666,1.3333333333333333,101
1015943.3026666667,2005.836,41.668,1.9626666666666666,1.2426666666666666,2.964,1.448,1.7306666666666666,1.3333333333333333,70
1015943.3026666667,2005.836,41.668,1.9626666666666666,1.2426666666666666,2.964,1.448,1.7306666666666666,1.3333333333333333,148
1015943.3026666667,2005.836,41.668,1.9626666666666666,1.2426666666666666,2.964,1.448,1.7306666666666666,1.3333333333333333,145
1015943.3026666667,2005.836,41.668,1.9626666666666666,1.2426666666666666,2.964,1.448,1.7306666666666666,1.3333333333333333,114
1015943.3026666667,2005.836,41.668,1.9626666666666666,1.2426666666666666,2.964,1.448,1.7306666666666666,1.3333333333333333,81
1015943.3026666667,2005.836,41.668,1.9626666666666666,1.2426666666666666,2.964,1.448,1.7306666666666666,1.3333333333333333,114
1015943.3026666667,2005.836,41.668,1.9626666666666666,1.2426666666666666,2.964,1.448,1.7306666666666666,1.3333333333333333,96
1015943.3026666667,2005.836,41.668,1.9626666666666666,1.2426666666666666,2.964,1.448,1.7306666666666666,1.3333333333333333,148
1015943.3026666667,2005.836,41.668,1.9626666666666666,1.2426666666666666,2.964,1.448,1.7306666666666666,1.3333333333333333,65
1015943.3026666667,2005.836,41.668,1.9626666666666666,1.2426666666666666,2.964,1.448,1.7306666666666666,1.3333333333333333,119
1015943.3026666667,2005.836,41.668,1.9626666666666666,1.2426666666666666,2.964,1.448,1.7306666666666666,1.3333333333333333,100
1015943.3026666667,2005.836,41.668,1.9626666666666666,1.2426666666666666,2.964,1.448,1.7306666666666666,1.3333333333333333,94
1015943.3026666667,2005.836,41.668,1.9626666666666666,1.2426666666666666,2.964,1.448,1.7306666666666666,1.3333333333333333,87
1015943.3026666667,2005.836,41.668,1.9626666666666666,1.2426666666666666,2.964,1.448,1.7306666666666666,1.3333333333333333,80
1015943.3026666667,2005.836,41.668,1.9626666666666666,1.2426666666666666,2.964,1.448,1.7306666666666666,1.3333333333333333,100
1015943.3026666667,2005.836,41.668,1.9626666666666666,1.2426666666666666,2.964,1.448,1.7306666666666666,1.3333333333333333,70
1015943.3026666667,2005.836,41.668,1.9626666666666666,1.2426666666666666,2.964,1.448,1.7306666666666666,1.3333333333333333,119
1015943.3026666667,2005.836,41.668,1.9626666666666666,1.2426666666666666,2.964,1.448,1.7306666666666666,1.3333333333333333,94
1015943.3026666667,2005.836,41.668,1.9626666666666666,1.2426666666666666,2.964,1.448,1.7306666666666666,1.3333333333333333,142
1015943.3026666667,2005.836,41.668,1.9626666666666666,1.2426666666666666,2.964,1.448,1.7306666666666666,1.3333333333333333,278
1015943.3026666667,2005.836,41.668,1.9626666666666666,1.2426666666666666,2.964,1.448,1.7306666666666666,1.3333333333333333,94
1015943.3026666667,2005.836,41.668,1.9626666666666666,1.2426666666666666,2.964,1.448,1.7306666666666666,1.3333333333333333,114
1015943.3026666667,2005.836,41.668,1.9626666666666666,1.2426666666666666,2.964,1.448,1.7306666666666666,1.3333333333333333,148
1015943.3026666667,2005.836,41.668,1.9626666666666666,1.2426666666666666,2.964,1.448,1.7306666666666666,1.3333333333333333,94
1015943.3026666667,2005.836,41.668,1.9626666666666666,1.2426666666666666,2.964,1.448,1.7306666666666666,1.3333333333333333,101
1015943.3026666667,2005.836,41.668,1.9626666666666666,1.2426666666666666,2.964,1.448,1.7306666666666666,1.3333333333333333,94
1015943.3026666667,2005.836,41.668,1.9626666666666666,1.2426666666666666,2.964,1.448,1.7306666666666666,1.3333333333333333,121
1015943.3026666667,2005.836,41.668,1.9626666666666666,1.2426666666666666,2.964,1.448,1.7306666666666666,1.3333333333333333,101
1015943.3026666667,2005.836,41.668,1.9626666666666666,1.2426666666666666,2.964,1.448,1.7306666666666666,1.3333333333333333,50
1015943.3026666667,2005.836,41.668,1.9626666666666666,1.2426666666666666,2.964,1.448,1.7306666666666666,1.3333333333333333,84
1015943.3026666667,2005.836,41.668,1.9626666666666666,1.2426666666666666,2.964,1.448,1.7306666666666666,1.3333333333333333,27
1015943.3026666667,2005.836,41.668,1.9626666666666666,1.2426666666666666,2.964,1.448,1.7306666666666666,1.3333333333333333,84
1015943.3026666667,2005.836,41.668,1.9626666666666666,1.2426666666666666,2.964,1.448,1.7306666666666666,1.3333333333333333,31
1015943.3026666667,2005.836,41.668,1.9626666666666666,1.2426666666666666,2.964,1.448,1.7306666666666666,1.3333333333333333,123
1015943.3026666667,2005.836,41.668,1.9626666666666666,1.2426666666666666,2.964,1.448,1.7306666666666666,1.3333333333333333,100
1015943.3026666667,2005.836,41.668,1.9626666666666666,1.2426666666666666,2.964,1.448,1.7306666666666666,1.3333333333333333,99
1015943.3026666667,2005.836,41.668,1.9626666666666666,1.2426666666666666,2.964,1.448,1.7306666666666666,1.3333333333333333,84
1015943.3026666667,2005.836,41.668,1.9626666666666666,1.2426666666666666,2.964,1.448,1.7306666666666666,1.3333333333333333,126
1015943.3026666667,2005.836,41.668,1.9626666666666666,1.2426666666666666,2.964,1.448,1.7306666666666666,1.3333333333333333,81
1015943.3026666667,2005.836,41.668,1.9626666666666666,1.2426666666666666,2.964,1.448,1.7306666666666666,1.3333333333333333,113
1015943.3026666667,2005.836,41.668,1.9626666666666666,1.2426666666666666,2.964,1.448,1.7306666666666666,1.3333333333333333,83
1015943.3026666667,2005.836,41.668,1.9626666666666666,1.2426666666666666,2.964,1.448,1.7306666666666666,1.3333333333333333,102
1015943.3026666667,2005.836,41.668,1.9626666666666666,1.2426666666666666,2.964,1.448,1.7306666666666666,1.3333333333333333,105
1015943.3026666667,2005.836,41.668,1.9626666666666666,1.2426666666666666,2.964,1.448,1.7306666666666666,1.3333333333333333,71
1015943.3026666667,2005.836,41.668,1.9626666666666666,1.2426666666666666,2.964,1.448,1.7306666666666666,1.3333333333333333,94
1015943.3026666667,2005.836,41.668,1.9626666666666666,1.2426666666666666,2.964,1.448,1.7306666666666666,1.3333333333333333,94
1015943.3026666667,2005.836,41.668,1.9626666666666666,1.2426666666666666,2.964,1.448,1.7306666666666666,1.3333333333333333,70
1015943.3026666667,2005.836,41.668,1.9626666666666666,1.2426666666666666,2.964,1.448,1.7306666666666666,1.3333333333333333,89
1015943.3026666667,2005.836,41.668,1.9626666666666666,1.2426666666666666,2.964,1.448,1.7306666666666666,1.3333333333333333,129
1015943.3026666667,2005.836,41.668,1.9626666666666666,1.2426666666666666,2.964,1.448,1.7306666666666666,1.3333333333333333,100
1015943.3026666667,2005.836,41.668,1.9626666666666666,1.2426666666666666,2.964,1.448,1.7306666666666666,1.3333333333333333,105
1015943.3026666667,2005.836,41.668,1.9626666666666666,1.2426666666666666,2.964,1.448,1.7306666666666666,1.3333333333333333,119
1015943.3026666667,2005.836,41.668,1.9626666666666666,1.2426666666666666,2.964,1.448,1.7306666666666666,1.3333333333333333,153
1015943.3026666667,2005.836,41.668,1.9626666666666666,1.2426666666666666,2.964,1.448,1.7306666666666666,1.3333333333333333,53
1015943.3026666667,2005.836,41.668,1.9626666666666666,1.2426666666666666,2.964,1.448,1.7306666666666666,1.3333333333333333,65
1015943.3026666667,2005.836,41.668,1.9626666666666666,1.2426666666666666,2.964,1.448,1.7306666666666666,1.3333333333333333,94
1015943.3026666667,2005.836,41.668,1.9626666666666666,1.2426666666666666,2.964,1.448,1.7306666666666666,1.3333333333333333,129
1015943.3026666667,2005.836,41.668,1.9626666666666666,1.2426666666666666,2.964,1.448,1.7306666666666666,1.3333333333333333,148
1015943.3026666667,2005.836,41.668,1.9626666666666666,1.2426666666666666,2.964,1.448,1.7306666666666666,1.3333333333333333,100
1015943.3026666667,2005.836,41.668,1.9626666666666666,1.2426666666666666,2.964,1.448,1.7306666666666666,1.3333333333333333,94
1015943.3026666667,2005.836,41.668,1.9626666666666666,1.2426666666666666,2.964,1.448,1.7306666666666666,1.3333333333333333,100
1015943.3026666667,2005.836,41.668,1.9626666666666666,1.2426666666666666,2.964,1.448,1.7306666666666666,1.3333333333333333,112
1015943.3026666667,2005.836,41.668,1.9626666666666666,1.2426666666666666,2.964,1.448,1.7306666666666666,1.3333333333333333,65
1015943.3026666667,2005.836,41.668,1.9626666666666666,1.2426666666666666,2.964,1.448,1.7306666666666666,1.3333333333333333,88
1015943.3026666667,2005.836,41.668,1.9626666666666666,1.2426666666666666,2.964,1.448,1.7306666666666666,1.3333333333333333,47
1015943.3026666667,2005.836,41.668,1.9626666666666666,1.2426666666666666,2.964,1.448,1.7306666666666666,1.3333333333333333,126
1015943.3026666667,2005.836,41.668,1.9626666666666666,1.2426666666666666,2.964,1.448,1.7306666666666666,1.3333333333333333,114
1015943.3026666667,2005.836,41.668,1.9626666666666666,1.2426666666666666,2.964,1.448,1.7306666666666666,1.3333333333333333,81
1015943.3026666667,2005.836,41.668,1.9626666666666666,1.2426666666666666,2.964,1.448,1.7306666666666666,1.3333333333333333,70
1015943.3026666667,2005.836,41.668,1.9626666666666666,1.2426666666666666,2.964,1.448,1.7306666666666666,1.3333333333333333,142
1015943.3026666667,2005.836,41.668,1.9626666666666666,1.2426666666666666,2.964,1.448,1.7306666666666666,1.3333333333333333,100
1015943.3026666667,2005.836,41.668,1.9626666666666666,1.2426666666666666,2.964,1.448,1.7306666666666666,1.3333333333333333,83
1015943.3026666667,2005.836,41.668,1.9626666666666666,1.2426666666666666,2.964,1.448,1.7306666666666666,1.3333333333333333,65
1015943.3026666667,2005.836,41.668,1.9626666666666666,1.2426666666666666,2.964,1.448,1.7306666666666666,1.3333333333333333,99
1015943.3026666667,2005.836,41.668,1.9626666666666666,1.2426666666666666,2.964,1.448,1.7306666666666666,1.3333333333333333,114
1015943.3026666667,2005.836,41.668,1.9626666666666666,1.2426666666666666,2.964,1.448,1.7306666666666666,1.3333333333333333,115
1015943.3026666667,2005.836,41.668,1.9626666666666666,1.2426666666666666,2.964,1.448,1.7306666666666666,1.3333333333333333,114
1015943.3026666667,2005.836,41.668,1.9626666666666666,1.2426666666666666,2.964,1.448,1.7306666666666666,1.3333333333333333,100
1015943.3026666667,2005.836,41.668,1.9626666666666666,1.2426666666666666,2.964,1.448,1.7306666666666666,1.3333333333333333,23
1015943.3026666667,2005.836,41.668,1.9626666666666666,1.2426666666666666,2.964,1.448,1.7306666666666666,1.3333333333333333,277
1015943.3026666667,2005.836,41.668,1.9626666666666666,1.2426666666666666,2.964,1.448,1.7306666666666666,1.3333333333333333,60
1015943.3026666667,2005.836,41.668,1.9626666666666666,1.2426666666666666,2.964,1.448,1.7306666666666666,1.3333333333333333,100
1015943.3026666667,2005.836,41.668,1.9626666666666666,1.2426666666666666,2.964,1.448,1.7306666666666666,1.3333333333333333,148
1015943.3026666667,2005.836,41.668,1.9626666666666666,1.2426666666666666,2.964,1.448,1.7306666666666666,1.3333333333333333,193
1015943.3026666667,2005.836,41.668,1.9626666666666666,1.2426666666666666,2.964,1.448,1.7306666666666666,1.3333333333333333,100
1015943.3026666667,2005.836,41.668,1.9626666666666666,1.2426666666666666,2.964,1.448,1.7306666666666666,1.3333333333333333,150
1015943.3026666667,2005.836,41.668,1.9626666666666666,1.2426666666666666,2.964,1.448,1.7306666666666666,1.3333333333333333,94
1015943.3026666667,2005.836,41.668,1.9626666666666666,1.2426666666666666,2.964,1.448,1.7306666666666666,1.3333333333333333,119
1015943.3026666667,2005.836,41.668,1.9626666666666666,1.2426666666666666,2.964,1.448,1.7306666666666666,1.3333333333333333,102
1015943.3026666667,2005.836,41.668,1.9626666666666666,1.2426666666666666,2.964,1.448,1.7306666666666666,1.3333333333333333,119
1015943.3026666667,2005.836,41.668,1.9626666666666666,1.2426666666666666,2.964,1.448,1.7306666666666666,1.3333333333333333,50
1015943.3026666667,2005.836,41.668,1.9626666666666666,1.2426666666666666,2.964,1.448,1.7306666666666666,1.3333333333333333,84
1015943.3026666667,2005.836,41.668,1.9626666666666666,1.2426666666666666,2.964,1.448,1.7306666666666666,1.3333333333333333,63
1015943.3026666667,2005.836,41.668,1.9626666666666666,1.2426666666666666,2.964,1.448,1.7306666666666666,1.3333333333333333,80
1015943.3026666667,2005.836,41.668,1.9626666666666666,1.2426666666666666,2.964,1.448,1.7306666666666666,1.3333333333333333,66
1015943.3026666667,2005.836,41.668,1.9626666666666666,1.2426666666666666,2.964,1.448,1.7306666666666666,1.3333333333333333,87
1015943.3026666667,2005.836,41.668,1.9626666666666666,1.2426666666666666,2.964,1.448,1.7306666666666666,1.3333333333333333,94
1015943.3026666667,2005.836,41.668,1.9626666666666666,1.2426666666666666,2.964,1.448,1.7306666666666666,1.3333333333333333,127
1015943.3026666667,2005.836,41.668,1.9626666666666666,1.2426666666666666,2.964,1.448,1.7306666666666666,1.3333333333333333,123
1015943.3026666667,2005.836,41.668,1.9626666666666666,1.2426666666666666,2.964,1.448,1.7306666666666666,1.3333333333333333,119
1015943.3026666667,2005.836,41.668,1.9626666666666666,1.2426666666666666,2.964,1.448,1.7306666666666666,1.3333333333333333,81
1015943.3026666667,2005.836,41.668,1.9626666666666666,1.2426666666666666,2.964,1.448,1.7306666666666666,1.3333333333333333,35
1015943.3026666667,2005.836,41.668,1.9626666666666666,1.2426666666666666,2.964,1.448,1.7306666666666666,1.3333333333333333,84
1015943.3026666667,2005.836,41.668,1.9626666666666666,1.2426666666666666,2.964,1.448,1.7306666666666666,1.3333333333333333,94
1015943.3026666667,2005.836,41.668,1.9626666666666666,1.2426666666666666,2.964,1.448,1.7306666666666666,1.3333333333333333,80
1015943.3026666667,2005.836,41.668,1.9626666666666666,1.2426666666666666,2.964,1.448,1.7306666666666666,1.3333333333333333,277
1015943.3026666667,2005.836,41.668,1.9626666666666666,1.2426666666666666,2.964,1.448,1.7306666666666666,1.3333333333333333,84
1015943.3026666667,2005.836,41.668,1.9626666666666666,1.2426666666666666,2.964,1.448,1.7306666666666666,1.3333333333333333,81
1015943.3026666667,2005.836,41.668,1.9626666666666666,1.2426666666666666,2.964,1.448,1.7306666666666666,1.3333333333333333,129
1015943.3026666667,2005.836,41.668,1.9626666666666666,1.2426666666666666,2.964,1.448,1.7306666666666666,1.3333333333333333,277
1015943.3026666667,2005.836,41.668,1.9626666666666666,1.2426666666666666,2.964,1.448,1.7306666666666666,1.3333333333333333,126
1015943.3026666667,2005.836,41.668,1.9626666666666666,1.2426666666666666,2.964,1.448,1.7306666666666666,1.3333333333333333,99
1015943.3026666667,2005.836,41.668,1.9626666666666666,1.2426666666666666,2.964,1.448,1.7306666666666666,1.3333333333333333,105
1015943.3026666667,2005.836,41.668,1.9626666666666666,1.2426666666666666,2.964,1.448,1.7306666666666666,1.3333333333333333,94
1015943.3026666667,2005.836,41.668,1.9626666666666666,1.2426666666666666,2.964,1.448,1.7306666666666666,1.3333333333333333,99
1015943.3026666667,2005.836,41.668,1.9626666666666666,1.2426666666666666,2.964,1.448,1.7306666666666666,1.3333333333333333,89
1015943.3026666667,2005.836,41.668,1.9626666666666666,1.2426666666666666,2.964,1.448,1.7306666666666666,1.3333333333333333,88
1015943.3026666667,2005.836,41.668,1.9626666666666666,1.2426666666666666,2.964,1.448,1.7306666666666666,1.3333333333333333,142
1015943.3026666667,2005.836,41.668,1.9626666666666666,1.2426666666666666,2.964,1.448,1.7306666666666666,1.3333333333333333,142
1015943.3026666667,2005.836,41.668,1.9626666666666666,1.2426666666666666,2.964,1.448,1.7306666666666666,1.3333333333333333,148
1015943.3026666667,2005.836,41.668,1.9626666666666666,1.2426666666666666,2.964,1.448,1.7306666666666666,1.3333333333333333,84
1015943.3026666667,2005.836,41.668,1.9626666666666666,1.2426666666666666,2.964,1.448,1.7306666666666666,1.3333333333333333,71
1015943.3026666667,2005.836,41.668,1.9626666666666666,1.2426666666666666,2.964,1.448,1.7306666666666666,1.3333333333333333,148
1015943.3026666667,2005.836,41.668,1.9626666666666666,1.2426666666666666,2.964,1.448,1.7306666666666666,1.3333333333333333,127
1015943.3026666667,2005.836,41.668,1.9626666666666666,1.2426666666666666,2.964,1.448,1.7306666666666666,1.3333333333333333,94
1015943.3026666667,2005.836,41.668,1.9626666666666666,1.2426666666666666,2.964,1.448,1.7306666666666666,1.3333333333333333,23
1015943.3026666667,2005.836,41.668,1.9626666666666666,1.2426666666666666,2.964,1.448,1.7306666666666666,1.3333333333333333,94
1015943.3026666667,2005.836,41.668,1.9626666666666666,1.2426666666666666,2.964,1.448,1.7306666666666666,1.3333333333333333,65
1015943.3026666667,2005.836,41.668,1.9626666666666666,1.2426666666666666,2.964,1.448,1.7306666666666666,1.3333333333333333,123
1015943.3026666667,2005.836,41.668,1.9626666666666666,1.2426666666666666,2.964,1.448,1.7306666666666666,1.3333333333333333,31
1015943.3026666667,2005.836,41.668,1.9626666666666666,1.2426666666666666,2.964,1.448,1.7306666666666666,1.3333333333333333,101
1015943.3026666667,2005.836,41.668,1.9626666666666666,1.2426666666666666,2.964,1.448,1.7306666666666666,1.3333333333333333,99
1015943.3026666667,2005.836,41.668,1.9626666666666666,1.2426666666666666,2.964,1.448,1.7306666666666666,1.3333333333333333,102
1015943.3026666667,2005.836,41.668,1.9626666666666666,1.2426666666666666,2.964,1.448,1.7306666666666666,1.3333333333333333,119
1015943.3026666667,2005.836,41.668,1.9626666666666666,1.2426666666666666,2.964,1.448,1.7306666666666666,1.3333333333333333,94
1015943.3026666667,2005.836,41.668,1.9626666666666666,1.2426666666666666,2.964,1.448,1.7306666666666666,1.3333333333333333,148
1015943.3026666667,2005.836,41.668,1.9626666666666666,1.2426666666666666,2.964,1.448,1.7306666666666666,1.3333333333333333,102
1015943.3026666667,2005.836,41.668,1.9626666666666666,1.2426666666666666,2.964,1.448,1.7306666666666666,1.3333333333333333,83
1015943.3026666667,2005.836,41.668,1.9626666666666666,1.2426666666666666,2.964,1.448,1.7306666666666666,1.3333333333333333,114
1015943.3026666667,2005.836,41.668,1.9626666666666666,1.2426666666666666,2.964,1.448,1.7306666666666666,1.3333333333333333,94
1015943.3026666667,2005.836,41.668,1.9626666666666666,1.2426666666666666,2.964,1.448,1.7306666666666666,1.3333333333333333,148
1015943.3026666667,2005.836,41.668,1.9626666666666666,1.2426666666666666,2.964,1.448,1.7306666666666666,1.3333333333333333,100
1015943.3026666667,2005.836,41.668,1.9626666666666666,1.2426666666666666,2.964,1.448,1.7306666666666666,1.3333333333333333,54
1015943.3026666667,2005.836,41.668,1.9626666666666666,1.2426666666666666,2.964,1.448,1.7306666666666666,1.3333333333333333,100
1015943.3026666667,2005.836,41.668,1.9626666666666666,1.2426666666666666,2.964,1.448,1.7306666666666666,1.3333333333333333,70
1015943.3026666667,2005.836,41.668,1.9626666666666666,1.2426666666666666,2.964,1.448,1.7306666666666666,1.3333333333333333,148
1015943.3026666667,2005.836,41.668,1.9626666666666666,1.2426666666666666,2.964,1.448,1.7306666666666666,1.3333333333333333,114
1015943.3026666667,2005.836,41.668,1.9626666666666666,1.2426666666666666,2.964,1.448,1.7306666666666666,1.3333333333333333,101
1015943.3026666667,2005.836,41.668,1.9626666666666666,1.2426666666666666,2.964,1.448,1.7306666666666666,1.3333333333333333,94
1015943.3026666667,2005.836,41.668,1.9626666666666666,1.2426666666666666,2.964,1.448,1.7306666666666666,1.3333333333333333,100
1015943.3026666667,2005.836,41.668,1.9626666666666666,1.2426666666666666,2.964,1.448,1.7306666666666666,1.3333333333333333,272
1015943.3026666667,2005.836,41.668,1.9626666666666666,1.2426666666666666,2.964,1.448,1.7306666666666666,1.3333333333333333,50
1015943.3026666667,2005.836,41.668,1.9626666666666666,1.2426666666666666,2.964,1.448,1.7306666666666666,1.3333333333333333,148
1015943.3026666667,2005.836,41.668,1.9626666666666666,1.2426666666666666,2.964,1.448,1.7306666666666666,1.3333333333333333,70
1015943.3026666667,2005.836,41.668,1.9626666666666666,1.2426666666666666,2.964,1.448,1.7306666666666666,1.3333333333333333,153
1015943.3026666667,2005.836,41.668,1.9626666666666666,1.2426666666666666,2.964,1.448,1.7306666666666666,1.3333333333333333,84
1015943.3026666667,2005.836,41.668,1.9626666666666666,1.2426666666666666,2.964,1.448,1.7306666666666666,1.3333333333333333,100
1015943.3026666667,2005.836,41.668,1.9626666666666666,1.2426666666666666,2.964,1.448,1.7306666666666666,1.3333333333333333,148
1015943.3026666667,2005.836,41.668,1.9626666666666666,1.2426666666666666,2.964,1.448,1.7306666666666666,1.3333333333333333,142
1015943.3026666667,2005.836,41.668,1.9626666666666666,1.2426666666666666,2.964,1.448,1.7306666666666666,1.3333333333333333,114
1015943.3026666667,2005.836,41.668,1.9626666666666666,1.2426666666666666,2.964,1.448,1.7306666666666666,1.3333333333333333,80
1015943.3026666667,2005.836,41.668,1.9626666666666666,1.2426666666666666,2.964,1.448,1.7306666666666666,1.3333333333333333,81
1015943.3026666667,2005.836,41.668,1.9626666666666666,1.2426666666666666,2.964,1.448,1.7306666666666666,1.3333333333333333,119
1015943.3026666667,2005.836,41.668,1.9626666666666666,1.2426666666666666,2.964,1.448,1.7306666666666666,1.3333333333333333,100
1015943.3026666667,2005.836,41.668,1.9626666666666666,1.2426666666666666,2.964,1.448,1.7306666666666666,1.3333333333333333,94
1015943.3026666667,2005.836,41.668,1.9626666666666666,1.2426666666666666,2.964,1.448,1.7306666666666666,1.3333333333333333,115
1015943.3026666667,2005.836,41.668,1.9626666666666666,1.2426666666666666,2.964,1.448,1.7306666666666666,1.3333333333333333,114
1015943.3026666667,2005.836,41.668,1.9626666666666666,1.2426666666666666,2.964,1.448,1.7306666666666666,1.3333333333333333,65
1015943.3026666667,2005.836,41.668,1.9626666666666666,1.2426666666666666,2.964,1.448,1.7306666666666666,1.3333333333333333,81
1015943.3026666667,2005.836,41.668,1.9626666666666666,1.2426666666666666,2.964,1.448,1.7306666666666666,1.3333333333333333,94
1015943.3026666667,2005.836,41.668,1.9626666666666666,1.2426666666666666,2.964,1.448,1.7306666666666666,1.3333333333333333,81
1015943.3026666667,2005.836,41.668,1.9626666666666666,1.2426666666666666,2.964,1.448,1.7306666666666666,1.3333333333333333,113
1015943.3026666667,2005.836,41.668,1.9626666666666666,1.2426666666666666,2.964,1.448,1.7306666666666666,1.3333333333333333,105
1015943.3026666667,2005.836,41.668,1.9626666666666666,1.2426666666666666,2.964,1.448,1.7306666666666666,1.3333333333333333,40
1015943.3026666667,2005.836,41.668,1.9626666666666666,1.2426666666666666,2.964,1.448,1.7306666666666666,1.3333333333333333,81
1015943.3026666667,2005.836,41.668,1.9626666666666666,1.2426666666666666,2.964,1.448,1.7306666666666666,1.3333333333333333,150
1015943.3026666667,2005.836,41.668,1.9626666666666666,1.2426666666666666,2.964,1.448,1.7306666666666666,1.3333333333333333,44
1015943.3026666667,2005.836,41.668,1.9626666666666666,1.2426666666666666,2.964,1.448,1.7306666666666666,1.3333333333333333,84
1015943.3026666667,2005.836,41.668,1.9626666666666666,1.2426666666666666,2.964,1.448,1.7306666666666666,1.3333333333333333,66
1015943.3026666667,2005.836,41.668,1.9626666666666666,1.2426666666666666,2.964,1.448,1.7306666666666666,1.3333333333333333,129
1015943.3026666667,2005.836,41.668,1.9626666666666666,1.2426666666666666,2.964,1.448,1.7306666666666666,1.3333333333333333,148
1015943.3026666667,2005.836,41.668,1.9626666666666666,1.2426666666666666,2.964,1.448,1.7306666666666666,1.3333333333333333,81
1015943.3026666667,2005.836,41.668,1.9626666666666666,1.2426666666666666,2.964,1.448,1.7306666666666666,1.3333333333333333,114
1015943.3026666667,2005.836,41.668,1.9626666666666666,1.2426666666666666,2.964,1.448,1.7306666666666666,1.3333333333333333,193
1015943.3026666667,2005.836,41.668,1.9626666666666666,1.2426666666666666,2.964,1.448,1.7306666666666666,1.3333333333333333,119
1015943.3026666667,2005.836,41.668,1.9626666666666666,1.2426666666666666,2.964,1.448,1.7306666666666666,1.3333333333333333,100
1015943.3026666667,2005.836,41.668,1.9626666666666666,1.2426666666666666,2.964,1.448,1.7306666666666666,1.3333333333333333,145
1015943.3026666667,2005.836,41.668,1.9626666666666666,1.2426666666666666,2.964,1.448,1.7306666666666666,1.3333333333333333,70
1015943.3026666667,2005.836,41.668,1.9626666666666666,1.2426666666666666,2.964,1.448,1.7306666666666666,1.3333333333333333,119
1015943.3026666667,2005.836,41.668,1.9626666666666666,1.2426666666666666,2.964,1.448,1.7306666666666666,1.3333333333333333,278
1015943.3026666667,2005.836,41.668,1.9626666666666666,1.2426666666666666,2.964,1.448,1.7306666666666666,1.3333333333333333,47
1015943.3026666667,2005.836,41.668,1.9626666666666666,1.2426666666666666,2.964,1.448,1.7306666666666666,1.3333333333333333,84
1015943.3026666667,2005.836,41.668,1.9626666666666666,1.2426666666666666,2.964,1.448,1.7306666666666666,1.3333333333333333,81
1015943.3026666667,2005.836,41.668,1.9626666666666666,1.2426666666666666,2.964,1.448,1.7306666666666666,1.3333333333333333,129
1015943.3026666667,2005.836,41.668,1.9626666666666666,1.2426666666666666,2.964,1.448,1.7306666666666666,1.3333333333333333,65
1015943.3026666667,2005.836,41.668,1.9626666666666666,1.2426666666666666,2.964,1.448,1.7306666666666666,1.3333333333333333,114
1015943.3026666667,2005.836,41.668,1.9626666666666666,1.2426666666666666,2.964,1.448,1.7306666666666666,1.3333333333333333,100
1015943.3026666667,2005.836,41.668,1.9626666666666666,1.2426666666666666,2.964,1.448,1.7306666666666666,1.3333333333333333,117
1015943.3026666667,2005.836,41.668,1.9626666666666666,1.2426666666666666,2.964,1.448,1.7306666666666666,1.3333333333333333,127
1015943.3026666667,2005.836,41.668,1.9626666666666666,1.2426666666666666,2.964,1.448,1.7306666666666666,1.3333333333333333,101
1015943.3026666667,2005.836,41.668,1.9626666666666666,1.2426666666666666,2.964,1.448,1.7306666666666666,1.3333333333333333,105
1015943.3026666667,2005.836,41.668,1.9626666666666666,1.2426666666666666,2.964,1.448,1.7306666666666666,1.3333333333333333,114
1015943.3026666667,2005.836,41.668,1.9626666666666666,1.2426666666666666,2.964,1.448,1.7306666666666666,1.3333333333333333,83
1015943.3026666667,2005.836,41.668,1.9626666666666666,1.2426666666666666,2.964,1.448,1.7306666666666666,1.3333333333333333,95
1015943.3026666667,2005.836,41.668,1.9626666666666666,1.2426666666666666,2.964,1.448,1.7306666666666666,1.3333333333333333,94
1015943.3026666667,2005.836,41.668,1.9626666666666666,1.2426666666666666,2.964,1.448,1.7306666666666666,1.3333333333333333,96
1015943.3026666667,2005.836,41.668,1.9626666666666666,1.2426666666666666,2.964,1.448,1.7306666666666666,1.3333333333333333,60
1015943.3026666667,2005.836,41.668,1.9626666666666666,1.2426666666666666,2.964,1.448,1.7306666666666666,1.3333333333333333,63
1015943.3026666667,2005.836,41.668,1.9626666666666666,1.2426666666666666,2.964,1.448,1.7306666666666666,1.3333333333333333,65
1015943.3026666667,2005.836,41.668,1.9626666666666666,1.2426666666666666,2.964,1.448,1.7306666666666666,1.3333333333333333,87
1015943.3026666667,2005.836,41.668,1.9626666666666666,1.2426666666666666,2.964,1.448,1.7306666666666666,1.3333333333333333,35
1015943.3026666667,2005.836,41.668,1.9626666666666666,1.2426666666666666,2.964,1.448,1.7306666666666666,1.3333333333333333,37
1015943.3026666667,2005.836,41.668,1.9626666666666666,1.2426666666666666,2.964,1.448,1.7306666666666666,1.3333333333333333,70
1015943.3026666667,2005.836,41.668,1.9626666666666666,1.2426666666666666,2.964,1.448,1.7306666666666666,1.3333333333333333,105
1015943.3026666667,2005.836,41.668,1.9626666666666666,1.2426666666666666,2.964,1.448,1.7306666666666666,1.3333333333333333,65
1015943.3026666667,2005.836,41.668,1.9626666666666666,1.2426666666666666,2.964,1.448,1.7306666666666666,1.3333333333333333,100
1015943.3026666667,2005.836,41.668,1.9626666666666666,1.2426666666666666,2.964,1.448,1.7306666666666666,1.3333333333333333,94
1015943.3026666667,2005.836,41.668,1.9626666666666666,1.2426666666666666,2.964,1.448,1.7306666666666666,1.3333333333333333,100
1015943.3026666667,2005.836,41.668,1.9626666666666666,1.2426666666666666,2.964,1.448,1.7306666666666666,1.3333333333333333,70
1015943.3026666667,2005.836,41.668,1.9626666666666666,1.2426666666666666,2.964,1.448,1.7306666666666666,1.3333333333333333,99
1015943.3026666667,2005.836,41.668,1.9626666666666666,1.2426666666666666,2.964,1.448,1.7306666666666666,1.3333333333333333,145
1015943.3026666667,2005.836,41.668,1.9626666666666666,1.2426666666666666,2.964,1.448,1.7306666666666666,1.3333333333333333,101
1015943.3026666667,2005.836,41.668,1.9626666666666666,1.2426666666666666,2.964,1.448,1.7306666666666666,1.3333333333333333,101
1015943.3026666667,2005.836,41.668,1.9626666666666666,1.2426666666666666,2.964,1.448,1.7306666666666666,1.3333333333333333,84
1015943.3026666667,2005.836,41.668,1.9626666666666666,1.2426666666666666,2.964,1.448,1.7306666666666666,1.3333333333333333,63
1015943.3026666667,2005.836,41.668,1.9626666666666666,1.2426666666666666,2.964,1.448,1.7306666666666666,1.3333333333333333,100
1015943.3026666667,2005.836,41.668,1.9626666666666666,1.2426666666666666,2.964,1.448,1.7306666666666666,1.3333333333333333,50
1015943.3026666667,2005.836,41.668,1.9626666666666666,1.2426666666666666,2.964,1.448,1.7306666666666666,1.3333333333333333,65
1015943.3026666667,2005.836,41.668,1.9626666666666666,1.2426666666666666,2.964,1.448,1.7306666666666666,1.3333333333333333,272
1015943.3026666667,2005.836,41.668,1.9626666666666666,1.2426666666666666,2.964,1.448,1.7306666666666666,1.3333333333333333,86
1015943.3026666667,2005.836,41.668,1.9626666666666666,1.2426666666666666,2.964,1.448,1.7306666666666666,1.3333333333333333,148
1015943.3026666667,2005.836,41.668,1.9626666666666666,1.2426666666666666,2.964,1.448,1.7306666666666666,1.3333333333333333,101
1015943.3026666667,2005.836,41.668,1.9626666666666666,1.2426666666666666,2.964,1.448,1.7306666666666666,1.3333333333333333,277
1015943.3026666667,2005.836,41.668,1.9626666666666666,1.2426666666666666,2.964,1.448,1.7306666666666666,1.3333333333333333,94
1015943.3026666667,2005.836,41.668,1.9626666666666666,1.2426666666666666,2.964,1.448,1.7306666666666666,1.3333333333333333,127
1015943.3026666667,2005.836,41.668,1.9626666666666666,1.2426666666666666,2.964,1.448,1.7306666666666666,1.3333333333333333,100
1015943.3026666667,2005.836,41.668,1.9626666666666666,1.2426666666666666,2.964,1.448,1.7306666666666666,1.3333333333333333,80
1015943.3026666667,2005.836,41.668,1.9626666666666666,1.2426666666666666,2.964,1.448,1.7306666666666666,1.3333333333333333,84
1015943.3026666667,2005.836,41.668,1.9626666666666666,1.2426666666666666,2.964,1.448,1.7306666666666666,1.3333333333333333,278
1015943.3026666667,2005.836,41.668,1.9626666666666666,1.2426666666666666,2.964,1.448,1.7306666666666666,1.3333333333333333,80
1015943.3026666667,2005.836,41.668,1.9626666666666666,1.2426666666666666,2.964,1.448,1.7306666666666666,1.3333333333333333,148
1015943.3026666667,2005.836,41.668,1.9626666666666666,1.2426666666666666,2.964,1.448,1.7306666666666666,1.3333333333333333,142
1015943.3026666667,2005.836,41.668,1.9626666666666666,1.2426666666666666,2.964,1.448,1.7306666666666666,1.3333333333333333,100
1015943.3026666667,2005.836,41.668,1.9626666666666666,1.2426666666666666,2.964,1.448,1.7306666666666666,1.3333333333333333,80
1015943.3026666667,2005.836,41.668,1.9626666666666666,1.2426666666666666,2.964,1.448,1.7306666666666666,1.3333333333333333,37
1015943.3026666667,2005.836,41.668,1.9626666666666666,1.2426666666666666,2.964,1.448,1.7306666666666666,1.3333333333333333,126
1015943.3026666667,2005.836,41.668,1.9626666666666666,1.2426666666666666,2.964,1.448,1.7306666666666666,1.3333333333333333,100
1015943.3026666667,2005.836,41.668,1.9626666666666666,1.2426666666666666,2.964,1.448,1.7306666666666666,1.3333333333333333,65
1015943.3026666667,2005.836,41.668,1.9626666666666666,1.2426666666666666,2.964,1.448,1.7306666666666666,1.3333333333333333,123
1015943.3026666667,2005.836,41.668,1.9626666666666666,1.2426666666666666,2.964,1.448,1.7306666666666666,1.3333333333333333,114
1015943.3026666667,2005.836,41.668,1.9626666666666666,1.2426666666666666,2.964,1.448,1.7306666666666666,1.3333333333333333,100
1015943.3026666667,2005.836,41.668,1.9626666666666666,1.2426666666666666,2.964,1.448,1.7306666666666666,1.3333333333333333,66
1015943.3026666667,2005.836,41.668,1.9626666666666666,1.2426666666666666,2.964,1.448,1.7306666666666666,1.3333333333333333,100
1015943.3026666667,2005.836,41.668,1.9626666666666666,1.2426666666666666,2.964,1.448,1.7306666666666666,1.3333333333333333,127
1015943.3026666667,2005.836,41.668,1.9626666666666666,1.2426666666666666,2.964,1.448,1.7306666666666666,1.3333333333333333,148
1015943.3026666667,2005.836,41.668,1.9626666666666666,1.2426666666666666,2.964,1.448,1.7306666666666666,1.3333333333333333,119
1015943.3026666667,2005.836,41.668,1.9626666666666666,1.2426666666666666,2.964,1.448,1.7306666666666666,1.3333333333333333,84
1015943.3026666667,2005.836,41.668,1.9626666666666666,1.2426666666666666,2.964,1.448,1.7306666666666666,1.3333333333333333,95
1015943.3026666667,2005.836,41.668,1.9626666666666666,1.2426666666666666,2.964,1.448,1.7306666666666666,1.3333333333333333,114
1015943.3026666667,2005.836,41.668,1.9626666666666666,1.2426666666666666,2.964,1.448,1.7306666666666666,1.3333333333333333,148
1015943.3026666667,2005.836,41.668,1.9626666666666666,1.2426666666666666,2.964,1.448,1.7306666666666666,1.3333333333333333,54
1015943.3026666667,2005.836,41.668,1.9626666666666666,1.2426666666666666,2.964,1.448,1.7306666666666666,1.3333333333333333,94
1015943.3026666667,2005.836,41.668,1.9626666666666666,1.2426666666666666,2.964,1.448,1.7306666666666666,1.3333333333333333,70
1015943.3026666667,2005.836,41.668,1.9626666666666666,1.2426666666666666,2.964,1.448,1.7306666666666666,1.3333333333333333,83
1015943.3026666667,2005.836,41.668,1.9626666666666666,1.2426666666666666,2.964,1.448,1.7306666666666666,1.3333333333333333,88
1015943.3026666667,2005.836,41.668,1.9626666666666666,1.2426666666666666,2.964,1.448,1.7306666666666666,1.3333333333333333,94
1015943.3026666667,2005.836,41.668,1.9626666666666666,1.2426666666666666,2.964,1.448,1.7306666666666666,1.3333333333333333,81
1015943.3026666667,2005.836,41.668,1.9626666666666666,1.2426666666666666,2.964,1.448,1.7306666666666666,1.3333333333333333,44
1015943.3026666667,2005.836,41.668,1.9626666666666666,1.2426666666666666,2.964,1.448,1.7306666666666666,1.3333333333333333,81
1015943.3026666667,2005.836,41.668,1.9626666666666666,1.2426666666666666,2.964,1.448,1.7306666666666666,1.3333333333333333,60
1015943.3026666667,2005.836,41.668,1.9626666666666666,1.2426666666666666,2.964,1.448,1.7306666666666666,1.3333333333333333,115
1015943.3026666667,2005.836,41.668,1.9626666666666666,1.2426666666666666,2.964,1.448,1.7306666666666666,1.3333333333333333,119
1015943.3026666667,2005.836,41.668,1.9626666666666666,1.2426666666666666,2.964,1.448,1.7306666666666666,1.3333333333333333,142
1015943.3026666667,2005.836,41.668,1.9626666666666666,1.2426666666666666,2.964,1.448,1.7306666666666666,1.3333333333333333,66
1015943.3026666667,2005.836,41.668,1.9626666666666666,1.2426666666666666,2.964,1.448,1.7306666666666666,1.3333333333333333,70
1015943.3026666667,2005.836,41.668,1.9626666666666666,1.2426666666666666,2.964,1.448,1.7306666666666666,1.3333333333333333,81
1015943.3026666667,2005.836,41.668,1.9626666666666666,1.2426666666666666,2.964,1.448,1.7306666666666666,1.3333333333333333,99
1015943.3026666667,2005.836,41.668,1.9626666666666666,1.2426666666666666,2.964,1.448,1.7306666666666666,1.3333333333333333,277
1015943.3026666667,2005.836,41.668,1.9626666666666666,1.2426666666666666,2.964,1.448,1.7306666666666666,1.3333333333333333,114
1015943.3026666667,2005.836,41.668,1.9626666666666666,1.2426666666666666,2.964,1.448,1.7306666666666666,1.3333333333333333,105
1015943.3026666667,2005.836,41.668,1.9626666666666666,1.2426666666666666,2.964,1.448,1.7306666666666666,1.3333333333333333,117
1015943.3026666667,2005.836,41.668,1.9626666666666666,1.2426666666666666,2.964,1.448,1.7306666666666666,1.3333333333333333,81
1015943.3026666667,2005.836,41.668,1.9626666666666666,1.2426666666666666,2.964,1.448,1.7306666666666666,1.3333333333333333,83
1015943.3026666667,2005.836,41.668,1.9626666666666666,1.2426666666666666,2.964,1.448,1.7306666666666666,1.3333333333333333,113
1015943.3026666667,2005.836,41.668,1.9626666666666666,1.2426666666666666,2.964,1.448,1.7306666666666666,1.3333333333333333,94
1015943.3026666667,2005.836,41.668,1.9626666666666666,1.2426666666666666,2.964,1.448,1.7306666666666666,1.3333333333333333,114
1015943.3026666667,2005.836,41.668,1.9626666666666666,1.2426666666666666,2.964,1.448,1.7306666666666666,1.3333333333333333,114
1015943.3026666667,2005.836,41.668,1.9626666666666666,1.2426666666666666,2.964,1.448,1.7306666666666666,1.3333333333333333,119
1015943.3026666667,2005.836,41.668,1.9626666666666666,1.2426666666666666,2.964,1.448,1.7306666666666666,1.3333333333333333,100
1015943.3026666667,2005.836,41.668,1.9626666666666666,1.2426666666666666,2.964,1.448,1.7306666666666666,1.3333333333333333,87
1015943.3026666667,2005.836,41.668,1.9626666666666666,1.2426666666666666,2.964,1.448,1.7306666666666666,1.3333333333333333,160
1015943.3026666667,2005.836,41.668,1.9626666666666666,1.2426666666666666,2.964,1.448,1.7306666666666666,1.3333333333333333,150
1015943.3026666667,2005.836,41.668,1.9626666666666666,1.2426666666666666,2.964,1.448,1.7306666666666666,1.3333333333333333,94
1015943.3026666667,2005.836,41.668,1.9626666666666666,1.2426666666666666,2.964,1.448,1.7306666666666666,1.3333333333333333,96
1015943.3026666667,2005.836,41.668,1.9626666666666666,1.2426666666666666,2.964,1.448,1.7306666666666666,1.3333333333333333,89
1015943.3026666667,2005.836,41.668,1.9626666666666666,1.2426666666666666,2.964,1.448,1.7306666666666666,1.3333333333333333,194
1015943.3026666667,2005.836,41.668,1.9626666666666666,1.2426666666666666,2.964,1.448,1.7306666666666666,1.3333333333333333,35
1015943.3026666667,2005.836,41.668,1.9626666666666666,1.2426666666666666,2.964,1.448,1.7306666666666666,1.3333333333333333,105
1015943.3026666667,2005.836,41.668,1.9626666666666666,1.2426666666666666,2.964,1.448,1.7306666666666666,1.3333333333333333,148
1015943.3026666667,2005.836,41.668,1.9626666666666666,1.2426666666666666,2.964,1.448,1.7306666666666666,1.3333333333333333,99
1015943.3026666667,2005.836,41.668,1.9626666666666666,1.2426666666666666,2.964,1.448,1.7306666666666666,1.3333333333333333,100
1015943.3026666667,2005.836,41.668,1.9626666666666666,1.2426666666666666,2.964,1.448,1.7306666666666666,1.3333333333333333,94
1015943.3026666667,2005.836,41.668,1.9626666666666666,1.2426666666666666,2.964,1.448,1.7306666666666666,1.3333333333333333,148
1015943.3026666667,2005.836,41.668,1.9626666666666666,1.2426666666666666,2.964,1.448,1.7306666666666666,1.3333333333333333,35
1015943.3026666667,2005.836,41.668,1.9626666666666666,1.2426666666666666,2.964,1.448,1.7306666666666666,1.3333333333333333,148
1015943.3026666667,2005.836,41.668,1.9626666666666666,1.2426666666666666,2.964,1.448,1.7306666666666666,1.3333333333333333,100
1015943.3026666667,2005.836,41.668,1.9626666666666666,1.2426666666666666,2.964,1.448,1.7306666666666666,1.3333333333333333,105
1015943.3026666667,2005.836,41.668,1.9626666666666666,1.2426666666666666,2.964,1.448,1.7306666666666666,1.3333333333333333,145
1015943.3026666667,2005.836,41.668,1.9626666666666666,1.2426666666666666,2.964,1.448,1.7306666666666666,1.3333333333333333,99
1015943.3026666667,2005.836,41.668,1.9626666666666666,1.2426666666666666,2.964,1.448,1.7306666666666666,1.3333333333333333,115
1015943.3026666667,2005.836,41.668,1.9626666666666666,1.2426666666666666,2.964,1.448,1.7306666666666666,1.3333333333333333,63
1015943.3026666667,2005.836,41.668,1.9626666666666666,1.2426666666666666,2.964,1.448,1.7306666666666666,1.3333333333333333,50
1015943.3026666667,2005.836,41.668,1.9626666666666666,1.2426666666666666,2.964,1.448,1.7306666666666666,1.3333333333333333,94
1015943.3026666667,2005.836,41.668,1.9626666666666666,1.2426666666666666,2.964,1.448,1.7306666666666666,1.3333333333333333,94
1015943.3026666667,2005.836,41.668,1.9626666666666666,1.2426666666666666,2.964,1.448,1.7306666666666666,1.3333333333333333,65
1015943.3026666667,2005.836,41.668,1.9626666666666666,1.2426666666666666,2.964,1.448,1.7306666666666666,1.3333333333333333,81
1015943.3026666667,2005.836,41.668,1.9626666666666666,1.2426666666666666,2.964,1.448,1.7306666666666666,1.3333333333333333,70
1015943.3026666667,2005.836,41.668,1.9626666666666666,1.2426666666666666,2.964,1.448,1.7306666666666666,1.3333333333333333,81
1015943.3026666667,2005.836,41.668,1.9626666666666666,1.2426666666666666,2.964,1.448,1.7306666666666666,1.3333333333333333,65
1015943.3026666667,2005.836,41.668,1.9626666666666666,1.2426666666666666,2.964,1.448,1.7306666666666666,1.3333333333333333,277
1015943.3026666667,2005.836,41.668,1.9626666666666666,1.2426666666666666,2.964,1.448,1.7306666666666666,1.3333333333333333,153
1015943.3026666667,2005.836,41.668,1.9626666666666666,1.2426666666666666,2.964,1.448,1.7306666666666666,1.3333333333333333,129
1015943.3026666667,2005.836,41.668,1.9626666666666666,1.2426666666666666,2.964,1.448,1.7306666666666666,1.3333333333333333,100
1015943.3026666667,2005.836,41.668,1.9626666666666666,1.2426666666666666,2.964,1.448,1.7306666666666666,1.3333333333333333,81
1015943.3026666667,2005.836,41.668,1.9626666666666666,1.2426666666666666,2.964,1.448,1.7306666666666666,1.3333333333333333,32
1015943.3026666667,2005.836,41.668,1.9626666666666666,1.2426666666666666,2.964,1.448,1.7306666666666666,1.3333333333333333,114
1015943.3026666667,2005.836,41.668,1.9626666666666666,1.2426666666666666,2.964,1.448,1.7306666666666666,1.3333333333333333,102
1015943.3026666667,2005.836,41.668,1.9626666666666666,1.2426666666666666,2.964,1.448,1.7306666666666666,1.3333333333333333,90
1015943.3026666667,2005.836,41.668,1.9626666666666666,1.2426666666666666,2.964,1.448,1.7306666666666666,1.3333333333333333,114
1015943.3026666667,2005.836,41.668,1.9626666666666666,1.2426666666666666,2.964,1.448,1.7306666666666666,1.3333333333333333,84
1015943.3026666667,2005.836,41.668,1.9626666666666666,1.2426666666666666,2.964,1.448,1.7306666666666666,1.3333333333333333,65
1015943.3026666667,2005.836,41.668,1.9626666666666666,1.2426666666666666,2.964,1.448,1.7306666666666666,1.3333333333333333,94
1015943.3026666667,2005.836,41.668,1.9626666666666666,1.2426666666666666,2.964,1.448,1.7306666666666666,1.3333333333333333,94
1015943.3026666667,2005.836,41.668,1.9626666666666666,1.2426666666666666,2.964,1.448,1.7306666666666666,1.3333333333333333,84
1015943.3026666667,2005.836,41.668,1.9626666666666666,1.2426666666666666,2.964,1.448,1.7306666666666666,1.3333333333333333,119
1015943.3026666667,2005.836,41.668,1.9626666666666666,1.2426666666666666,2.964,1.448,1.7306666666666666,1.3333333333333333,119
1015943.3026666667,2005.836,41.668,1.9626666666666666,1.2426666666666666,2.964,1.448,1.7306666666666666,1.3333333333333333,94
1015943.3026666667,2005.836,41.668,1.9626666666666666,1.2426666666666666,2.964,1.448,1.7306666666666666,1.3333333333333333,40
1015943.3026666667,2005.836,41.668,1.9626666666666666,1.2426666666666666,2.964,1.448,1.7306666666666666,1.3333333333333333,142
1015943.3026666667,2005.836,41.668,1.9626666666666666,1.2426666666666666,2.964,1.448,1.7306666666666666,1.3333333333333333,105
1015943.3026666667,2005.836,41.668,1.9626666666666666,1.2426666666666666,2.964,1.448,1.7306666666666666,1.3333333333333333,100
1015943.3026666667,2005.836,41.668,1.9626666666666666,1.2426666666666666,2.964,1.448,1.7306666666666666,1.3333333333333333,94
1015943.3026666667,2005.836,41.668,1.9626666666666666,1.2426666666666666,2.964,1.448,1.7306666666666666,1.3333333333333333,80
1015943.3026666667,2005.836,41.668,1.9626666666666666,1.2426666666666666,2.964,1.448,1.7306666666666666,1.3333333333333333,123
1015943.3026666667,2005.836,41.668,1.9626666666666666,1.2426666666666666,2.964,1.448,1.7306666666666666,1.3333333333333333,70
1015943.3026666667,2005.836,41.668,1.9626666666666666,1.2426666666666666,2.964,1.448,1.7306666666666666,1.3333333333333333,278
1015943.3026666667,2005.836,41.668,1.9626666666666666,1.2426666666666666,2.964,1.448,1.7306666666666666,1.3333333333333333,81
1015943.3026666667,2005.836,41.668,1.9626666666666666,1.2426666666666666,2.964,1.448,1.7306666666666666,1.3333333333333333,148
1015943.3026666667,2005.836,41.668,1.9626666666666666,1.2426666666666666,2.964,1.448,1.7306666666666666,1.3333333333333333,129
1015943.3026666667,2005.836,41.668,1.9626666666666666,1.2426666666666666,2.964,1.448,1.7306666666666666,1.3333333333333333,89
1015943.3026666667,2005.836,41.668,1.9626666666666666,1.2426666666666666,2.964,1.448,1.7306666666666666,1.3333333333333333,314
1015943.3026666667,2005.836,41.668,1.9626666666666666,1.2426666666666666,2.964,1.448,1.7306666666666666,1.3333333333333333,100
1015943.3026666667,2005.836,41.668,1.9626666666666666,1.2426666666666666,2.964,1.448,1.7306666666666666,1.3333333333333333,129
1015943.3026666667,2005.836,41.668,1.9626666666666666,1.2426666666666666,2.964,1.448,1.7306666666666666,1.3333333333333333,47
1015943.3026666667,2005.836,41.668,1.9626666666666666,1.2426666666666666,2.964,1.448,1.7306666666666666,1.3333333333333333,101
1015943.3026666667,2005.836,41.668,1.9626666666666666,1.2426666666666666,2.964,1.448,1.7306666666666666,1.3333333333333333,65
1015943.3026666667,2005.836,41.668,1.9626666666666666,1.2426666666666666,2.964,1.448,1.7306666666666666,1.3333333333333333,84
1015943.3026666667,2005.836,41.668,1.9626666666666666,1.2426666666666666,2.964,1.448,1.7306666666666666,1.3333333333333333,32
1015943.3026666667,2005.836,41.668,1.9626666666666666,1.2426666666666666,2.964,1.448,1.7306666666666666,1.3333333333333333,81
1015943.3026666667,2005.836,41.668,1.9626666666666666,1.2426666666666666,2.964,1.448,1.7306666666666666,1.3333333333333333,129
1015943.3026666667,2005.836,41.668,1.9626666666666666,1.2426666666666666,2.964,1.448,1.7306666666666666,1.3333333333333333,65
1015943.3026666667,2005.836,41.668,1.9626666666666666,1.2426666666666666,2.964,1.448,1.7306666666666666,1.3333333333333333,114
1015943.3026666667,2005.836,41.668,1.9626666666666666,1.2426666666666666,2.964,1.448,1.7306666666666666,1.3333333333333333,114
1015943.3026666667,2005.836,41.668,1.9626666666666666,1.2426666666666666,2.964,1.448,1.7306666666666666,1.3333333333333333,100
1015943.3026666667,2005.836,41.668,1.9626666666666666,1.2426666666666666,2.964,1.448,1.7306666666666666,1.3333333333333333,94
1015943.3026666667,2005.836,41.668,1.9626666666666666,1.2426666666666666,2.964,1.448,1.7306666666666666,1.3333333333333333,115
1015943.3026666667,2005.836,41.668,1.9626666666666666,1.2426666666666666,2.964,1.448,1.7306666666666666,1.3333333333333333,148
1015943.3026666667,2005.836,41.668,1.9626666666666666,1.2426666666666666,2.964,1.448,1.7306666666666666,1.3333333333333333,100
1015943.3026666667,2005.836,41.668,1.9626666666666666,1.2426666666666666,2.964,1.448,1.7306666666666666,1.3333333333333333,100
1015943.3026666667,2005.836,41.668,1.9626666666666666,1.2426666666666666,2.964,1.448,1.7306666666666666,1.3333333333333333,65
1015943.3026666667,2005.836,41.668,1.9626666666666666,1.2426666666666666,2.964,1.448,1.7306666666666666,1.3333333333333333,71
1015943.3026666667,2005.836,41.668,1.9626666666666666,1.2426666666666666,2.964,1.448,1.7306666666666666,1.3333333333333333,119
1015943.3026666667,2005.836,41.668,1.9626666666666666,1.2426666666666666,2.964,1.448,1.7306666666666666,1.3333333333333333,81
1015943.3026666667,2005.836,41.668,1.9626666666666666,1.2426666666666666,2.964,1.448,1.7306666666666666,1.3333333333333333,127
1015943.3026666667,2005.836,41.668,1.9626666666666666,1.2426666666666666,2.964,1.448,1.7306666666666666,1.3333333333333333,153
1015943.3026666667,2005.836,41.668,1.9626666666666666,1.2426666666666666,2.964,1.448,1.7306666666666666,1.3333333333333333,148
1015943.3026666667,2005.836,41.668,1.9626666666666666,1.2426666666666666,2.964,1.448,1.7306666666666666,1.3333333333333333,100
1015943.3026666667,2005.836,41.668,1.9626666666666666,1.2426666666666666,2.964,1.448,1.7306666666666666,1.3333333333333333,105
1015943.3026666667,2005.836,41.668,1.9626666666666666,1.2426666666666666,2.964,1.448,1.7306666666666666,1.3333333333333333,94
1015943.3026666667,2005.836,41.668,1.9626666666666666,1.2426666666666666,2.964,1.448,1.7306666666666666,1.3333333333333333,100
1015943.3026666667,2005.836,41.668,1.9626666666666666,1.2426666666666666,2.964,1.448,1.7306666666666666,1.3333333333333333,84
1015943.3026666667,2005.836,41.668,1.9626666666666666,1.2426666666666666,2.964,1.448,1.7306666666666666,1.3333333333333333,87
1015943.3026666667,2005.836,41.668,1.9626666666666666,1.2426666666666666,2.964,1.448,1.7306666666666666,1.3333333333333333,70
1015943.3026666667,2005.836,41.668,1.9626666666666666,1.2426666666666666,2.964,1.448,1.7306666666666666,1.3333333333333333,123
1015943.3026666667,2005.836,41.668,1.9626666666666666,1.2426666666666666,2.964,1.448,1.7306666666666666,1.3333333333333333,100
1015943.3026666667,2005.836,41.668,1.9626666666666666,1.2426666666666666,2.964,1.448,1.7306666666666666,1.3333333333333333,114
1015943.3026666667,2005.836,41.668,1.9626666666666666,1.2426666666666666,2.964,1.448,1.7306666666666666,1.3333333333333333,80
1015943.3026666667,2005.836,41.668,1.9626666666666666,1.2426666666666666,2.964,1.448,1.7306666666666666,1.3333333333333333,142
1015943.3026666667,2005.836,41.668,1.9626666666666666,1.2426666666666666,2.964,1.448,1.7306666666666666,1.3333333333333333,70
1015943.3026666667,2005.836,41.668,1.9626666666666666,1.2426666666666666,2.964,1.448,1.7306666666666666,1.3333333333333333,40
1015943.3026666667,2005.836,41.668,1.9626666666666666,1.2426666666666666,2.964,1.448,1.7306666666666666,1.3333333333333333,148
1015943.3026666667,2005.836,41.668,1.9626666666666666,1.2426666666666666,2.964,1.448,1.7306666666666666,1.3333333333333333,115
1015943.3026666667,2005.836,41.668,1.9626666666666666,1.2426666666666666,2.964,1.448,1.7306666666666666,1.3333333333333333,54
1015943.3026666667,2005.836,41.668,1.9626666666666666,1.2426666666666666,2.964,1.448,1.7306666666666666,1.3333333333333333,142
1015943.3026666667,2005.836,41.668,1.9626666666666666,1.2426666666666666,2.964,1.448,1.7306666666666666,1.3333333333333333,100
1015943.3026666667,2005.836,41.668,1.9626666666666666,1.2426666666666666,2.964,1.448,1.7306666666666666,1.3333333333333333,162
1015943.3026666667,2005.836,41.668,1.9626666666666666,1.2426666666666666,2.964,1.448,1.7306666666666666,1.3333333333333333,81
1015943.3026666667,2005.836,41.668,1.9626666666666666,1.2426666666666666,2.964,1.448,1.7306666666666666,1.3333333333333333,81
1015943.3026666667,2005.836,41.668,1.9626666666666666,1.2426666666666666,2.964,1.448,1.7306666666666666,1.3333333333333333,50
1015943.3026666667,2005.836,41.668,1.9626666666666666,1.2426666666666666,2.964,1.448,1.7306666666666666,1.3333333333333333,84
1015943.3026666667,2005.836,41.668,1.9626666666666666,1.2426666666666666,2.964,1.448,1.7306666666666666,1.3333333333333333,105
1015943.3026666667,2005.836,41.668,1.9626666666666666,1.2426666666666666,2.964,1.448,1.7306666666666666,1.3333333333333333,94
1015943.3026666667,2005.836,41.668,1.9626666666666666,1.2426666666666666,2.964,1.448,1.7306666666666666,1.3333333333333333,50
1015943.3026666667,2005.836,41.668,1.9626666666666666,1.2426666666666666,2.964,1.448,1.7306666666666666,1.3333333333333333,35
1015943.3026666667,2005.836,41.668,1.9626666666666666,1.2426666666666666,2.964,1.448,1.7306666666666666,1.3333333333333333,65
1015943.3026666667,2005.836,41.668,1.9626666666666666,1.2426666666666666,2.964,1.448,1.7306666666666666,1.3333333333333333,84
1015943.3026666667,2005.836,41.668,1.9626666666666666,1.2426666666666666,2.964,1.448,1.7306666666666666,1.3333333333333333,94
1015943.3026666667,2005.836,41.668,1.9626666666666666,1.2426666666666666,2.964,1.448,1.7306666666666666,1.3333333333333333,114
1015943.3026666667,2005.836,41.668,1.9626666666666666,1.2426666666666666,2.964,1.448,1.7306666666666666,1.3333333333333333,81
1015943.3026666667,2005.836,41.668,1.9626666666666666,1.2426666666666666,2.964,1.448,1.7306666666666666,1.3333333333333333,129
1015943.3026666667,2005.836,41.668,1.9626666666666666,1.2426666666666666,2.964,1.448,1.7306666666666666,1.3333333333333333,95
1015943.3026666667,2005.836,41.668,1.9626666666666666,1.2426666666666666,2.964,1.448,1.7306666666666666,1.3333333333333333,89
1015943.3026666667,2005.836,41.668,1.9626666666666666,1.2426666666666666,2.964,1.448,1.7306666666666666,1.3333333333333333,100
1015943.3026666667,2005.836,41.668,1.9626666666666666,1.2426666666666666,2.964,1.448,1.7306666666666666,1.3333333333333333,94
1015943.3026666667,2005.836,41.668,1.9626666666666666,1.2426666666666666,2.964,1.448,1.7306666666666666,1.3333333333333333,94
1015943.3026666667,2005.836,41.668,1.9626666666666666,1.2426666666666666,2.964,1.448,1.7306666666666666,1.3333333333333333,148
1015943.3026666667,2005.836,41.668,1.9626666666666666,1.2426666666666666,2.964,1.448,1.7306666666666666,1.3333333333333333,99
1015943.3026666667,2005.836,41.668,1.9626666666666666,1.2426666666666666,2.964,1.448,1.7306666666666666,1.3333333333333333,148
1015943.3026666667,2005.836,41.668,1.9626666666666666,1.2426666666666666,2.964,1.448,1.7306666666666666,1.3333333333333333,117
1015943.3026666667,2005.836,41.668,1.9626666666666666,1.2426666666666666,2.964,1.448,1.7306666666666666,1.3333333333333333,101
1015943.3026666667,2005.836,41.668,1.9626666666666666,1.2426666666666666,2.964,1.448,1.7306666666666666,1.3333333333333333,142
1015943.3026666667,2005.836,41.668,1.9626666666666666,1.2426666666666666,2.964,1.448,1.7306666666666666,1.3333333333333333,114
1015943.3026666667,2005.836,41.668,1.9626666666666666,1.2426666666666666,2.964,1.448,1.7306666666666666,1.3333333333333333,99
1015943.3026666667,2005.836,41.668,1.9626666666666666,1.2426666666666666,2.964,1.448,1.7306666666666666,1.3333333333333333,277
1015943.3026666667,2005.836,41.668,1.9626666666666666,1.2426666666666666,2.964,1.448,1.7306666666666666,1.3333333333333333,119
1015943.3026666667,2005.836,41.668,1.9626666666666666,1.2426666666666666,2.964,1.448,1.7306666666666666,1.3333333333333333,119
1015943.3026666667,2005.836,41.668,1.9626666666666666,1.2426666666666666,2.964,1.448,1.7306666666666666,1.3333333333333333,99
1015943.3026666667,2005.836,41.668,1.9626666666666666,1.2426666666666666,2.964,1.448,1.7306666666666666,1.3333333333333333,66
1015943.3026666667,2005.836,41.668,1.9626666666666666,1.2426666666666666,2.964,1.448,1.7306666666666666,1.3333333333333333,63
1015943.3026666667,2005.836,41.668,1.9626666666666666,1.2426666666666666,2.964,1.448,1.7306666666666666,1.3333333333333333,27
1015943.3026666667,2005.836,41.668,1.9626666666666666,1.2426666666666666,2.964,1.448,1.7306666666666666,1.3333333333333333,100
1015943.3026666667,2005.836,41.668,1.9626666666666666,1.2426666666666666,2.964,1.448,1.7306666666666666,1.3333333333333333,80
1015943.3026666667,2005.836,41.668,1.9626666666666666,1.2426666666666666,2.964,1.448,1.7306666666666666,1.3333333333333333,119
1015943.3026666667,2005.836,41.668,1.9626666666666666,1.2426666666666666,2.964,1.448,1.7306666666666666,1.3333333333333333,80
1015943.3026666667,2005.836,41.668,1.9626666666666666,1.2426666666666666,2.964,1.448,1.7306666666666666,1.3333333333333333,277
1015943.3026666667,2005.836,41.668,1.9626666666666666,1.2426666666666666,2.964,1.448,1.7306666666666666,1.3333333333333333,55
1015943.3026666667,2005.836,41.668,1.9626666666666666,1.2426666666666666,2.964,1.448,1.7306666666666666,1.3333333333333333,278
1015943.3026666667,2005.836,41.668,1.9626666666666666,1.2426666666666666,2.964,1.448,1.7306666666666666,1.3333333333333333,150
1015943.3026666667,2005.836,41.668,1.9626666666666666,1.2426666666666666,2.964,1.448,1.7306666666666666,1.3333333333333333,100
1015943.3026666667,2005.836,41.668,1.9626666666666666,1.2426666666666666,2.964,1.448,1.7306666666666666,1.3333333333333333,148
1015943.3026666667,2005.836,41.668,1.9626666666666666,1.2426666666666666,2.964,1.448,1.7306666666666666,1.3333333333333333,70
1015943.3026666667,2005.836,41.668,1.9626666666666666,1.2426666666666666,2.964,1.448,1.7306666666666666,1.3333333333333333,94
1015943.3026666667,2005.836,41.668,1.9626666666666666,1.2426666666666666,2.964,1.448,1.7306666666666666,1.3333333333333333,90
1015943.3026666667,2005.836,41.668,1.9626666666666666,1.2426666666666666,2.964,1.448,1.7306666666666666,1.3333333333333333,191
1015943.3026666667,2005.836,41.668,1.9626666666666666,1.2426666666666666,2.964,1.448,1.7306666666666666,1.3333333333333333,119
1015943.3026666667,2005.836,41.668,1.9626666666666666,1.2426666666666666,2.964,1.448,1.7306666666666666,1.3333333333333333,99
1015943.3026666667,2005.836,41.668,1.9626666666666666,1.2426666666666666,2.964,1.448,1.7306666666666666,1.3333333333333333,148
1015943.3026666667,2005.836,41.668,1.9626666666666666,1.2426666666666666,2.964,1.448,1.7306666666666666,1.3333333333333333,114
1015943.3026666667,2005.836,41.668,1.9626666666666666,1.2426666666666666,2.964,1.448,1.7306666666666666,1.3333333333333333,87
1015943.3026666667,2005.836,41.668,1.9626666666666666,1.2426666666666666,2.964,1.448,1.7306666666666666,1.3333333333333333,80
1015943.3026666667,2005.836,41.668,1.9626666666666666,1.2426666666666666,2.964,1.448,1.7306666666666666,1.3333333333333333,35
1015943.3026666667,2005.836,41.668,1.9626666666666666,1.2426666666666666,2.964,1.448,1.7306666666666666,1.3333333333333333,84
1015943.3026666667,2005.836,41.668,1.9626666666666666,1.2426666666666666,2.964,1.448,1.7306666666666666,1.3333333333333333,129
1015943.3026666667,2005.836,41.668,1.9626666666666666,1.2426666666666666,2.964,1.448,1.7306666666666666,1.3333333333333333,81
1015943.3026666667,2005.836,41.668,1.9626666666666666,1.2426666666666666,2.964,1.448,1.7306666666666666,1.3333333333333333,101
1015943.3026666667,2005.836,41.668,1.9626666666666666,1.2426666666666666,2.964,1.448,1.7306666666666666,1.3333333333333333,94
1015943.3026666667,2005.836,41.668,1.9626666666666666,1.2426666666666666,2.964,1.448,1.7306666666666666,1.3333333333333333,88
1015943.3026666667,2005.836,41.668,1.9626666666666666,1.2426666666666666,2.964,1.448,1.7306666666666666,1.3333333333333333,105
1015943.3026666667,2005.836,41.668,1.9626666666666666,1.2426666666666666,2.964,1.448,1.7306666666666666,1.3333333333333333,94
1015943.3026666667,2005.836,41.668,1.9626666666666666,1.2426666666666666,2.964,1.448,1.7306666666666666,1.3333333333333333,148
1015943.3026666667,2005.836,41.668,1.9626666666666666,1.2426666666666666,2.964,1.448,1.7306666666666666,1.3333333333333333,126
1015943.3026666667,2005.836,41.668,1.9626666666666666,1.2426666666666666,2.964,1.448,1.7306666666666666,1.3333333333333333,70
1015943.3026666667,2005.836,41.668,1.9626666666666666,1.2426666666666666,2.964,1.448,1.7306666666666666,1.3333333333333333,278
1015943.3026666667,2005.836,41.668,1.9626666666666666,1.2426666666666666,2.964,1.448,1.7306666666666666,1.3333333333333333,272
1015943.3026666667,2005.836,41.668,1.9626666666666666,1.2426666666666666,2.964,1.448,1.7306666666666666,1.3333333333333333,145
1015943.3026666667,2005.836,41.668,1.9626666666666666,1.2426666666666666,2.964,1.448,1.7306666666666666,1.3333333333333333,83
1015943.3026666667,2005.836,41.668,1.9626666666666666,1.2426666666666666,2.964,1.448,1.7306666666666666,1.3333333333333333,100
1015943.3026666667,2005.836,41.668,1.9626666666666666,1.2426666666666666,2.964,1.448,1.7306666666666666,1.3333333333333333,81
