1125274.5732484076,2005.6815286624203,41.88535031847134,1.9363057324840764,1.2484076433121019,2.9044585987261144,1.4394904458598725,1.7070063694267517,1.3375796178343948,102
1125274.5732484076,2005.6815286624203,41.88535031847134,1.9363057324840764,1.2484076433121019,2.9044585987261144,1.4394904458598725,1.7070063694267517,1.3375796178343948,177
1125274.5732484076,2005.6815286624203,41.88535031847134,1.9363057324840764,1.2484076433121019,2.9044585987261144,1.4394904458598725,1.7070063694267517,1.3375796178343948,148
1125274.5732484076,2005.6815286624203,41.88535031847134,1.9363057324840764,1.2484076433121019,2.9044585987261144,1.4394904458598725,1.7070063694267517,1.3375796178343948,67
1125274.5732484076,2005.6815286624203,41.88535031847134,1.9363057324840764,1.2484076433121019,2.9044585987261144,1.4394904458598725,1.7070063694267517,1.3375796178343948,112
1125274.5732484076,2005.6815286624203,41.88535031847134,1.9363057324840764,1.2484076433121019,2.9044585987261144,1.4394904458598725,1.7070063694267517,1.3375796178343948,114
1125274.5732484076,2005.6815286624203,41.88535031847134,1.9363057324840764,1.2484076433121019,2.9044585987261144,1.4394904458598725,1.7070063694267517,1.3375796178343948,83
1125274.5732484076,2005.6815286624203,41.88535031847134,1.9363057324840764,1.2484076433121019,2.9044585987261144,1.4394904458598725,1.7070063694267517,1.3375796178343948,65
1125274.5732484076,2005.6815286624203,41.88535031847134,1.9363057324840764,1.2484076433121019,2.9044585987261144,1.4394904458598725,1.7070063694267517,1.3375796178343948,88
1125274.5732484076,2005.6815286624203,41.88535031847134,1.9363057324840764,1.2484076433121019,2.9044585987261144,1.4394904458598725,1.7070063694267517,1.3375796178343948,137
1125274.5732484076,2005.6815286624203,41.88535031847134,1.9363057324840764,1.2484076433121019,2.9044585987261144,1.4394904458598725,1.7070063694267517,1.3375796178343948,119
1125274.5732484076,2005.6815286624203,41.88535031847134,1.9363057324840764,1.2484076433121019,2.9044585987261144,1.4394904458598725,1.7070063694267517,1.3375796178343948,74
1125274.5732484076,2005.6815286624203,41.88535031847134,1.9363057324840764,1.2484076433121019,2.9044585987261144,1.4394904458598725,1.7070063694267517,1.3375796178343948,93
1125274.5732484076,2005.6815286624203,41.88535031847134,1.9363057324840764,1.2484076433121019,2.9044585987261144,1.4394904458598725,1.7070063694267517,1.3375796178343948,109
1125274.5732484076,2005.6815286624203,41.88535031847134,1.9363057324840764,1.2484076433121019,2.9044585987261144,1.4394904458598725,1.7070063694267517,1.3375796178343948,80
1125274.5732484076,2005.6815286624203,41.88535031847134,1.9363057324840764,1.2484076433121019,2.9044585987261144,1.4394904458598725,1.7070063694267517,1.3375796178343948,94
1125274.5732484076,2005.6815286624203,41.88535031847134,1.9363057324840764,1.2484076433121019,2.9044585987261144,1.4394904458598725,1.7070063694267517,1.3375796178343948,201
1125274.5732484076,2005.6815286624203,41.88535031847134,1.9363057324840764,1.2484076433121019,2.9044585987261144,1.4394904458598725,1.7070063694267517,1.3375796178343948,97
1125274.5732484076,2005.6815286624203,41.88535031847134,1.9363057324840764,1.2484076433121019,2.9044585987261144,1.4394904458598725,1.7070063694267517,1.3375796178343948,81
1125274.5732484076,2005.6815286624203,41.88535031847134,1.9363057324840764,1.2484076433121019,2.9044585987261144,1.4394904458598725,1.7070063694267517,1.3375796178343948,144
1125274.5732484076,2005.6815286624203,41.88535031847134,1.9363057324840764,1.2484076433121019,2.9044585987261144,1.4394904458598725,1.7070063694267517,1.3375796178343948,119
1125274.5732484076,2005.6815286624203,41.88535031847134,1.9363057324840764,1.2484076433121019,2.9044585987261144,1.4394904458598725,1.7070063694267517,1.3375796178343948,69
1125274.5732484076,2005.6815286624203,41.88535031847134,1.9363057324840764,1.2484076433121019,2.9044585987261144,1.4394904458598725,1.7070063694267517,1.3375796178343948,161
1125274.5732484076,2005.6815286624203,41.88535031847134,1.9363057324840764,1.2484076433121019,2.9044585987261144,1.4394904458598725,1.7070063694267517,1.3375796178343948,100
1125274.5732484076,2005.6815286624203,41.88535031847134,1.9363057324840764,1.2484076433121019,2.9044585987261144,1.4394904458598725,1.7070063694267517,1.3375796178343948,110
1125274.5732484076,2005.6815286624203,41.88535031847134,1.9363057324840764,1.2484076433121019,2.9044585987261144,1.4394904458598725,1.7070063694267517,1.3375796178343948,101
1125274.5732484076,2005.6815286624203,41.88535031847134,1.9363057324840764,1.2484076433121019,2.9044585987261144,1.4394904458598725,1.7070063694267517,1.3375796178343948,78
1125274.5732484076,2005.6815286624203,41.88535031847134,1.9363057324840764,1.2484076433121019,2.9044585987261144,1.4394904458598725,1.7070063694267517,1.3375796178343948,88
1125274.5732484076,2005.6815286624203,41.88535031847134,1.9363057324840764,1.2484076433121019,2.9044585987261144,1.4394904458598725,1.7070063694267517,1.3375796178343948,127
1125274.5732484076,2005.6815286624203,41.88535031847134,1.9363057324840764,1.2484076433121019,2.9044585987261144,1.4394904458598725,1.7070063694267517,1.3375796178343948,103
1125274.5732484076,2005.6815286624203,41.88535031847134,1.9363057324840764,1.2484076433121019,2.9044585987261144,1.4394904458598725,1.7070063694267517,1.3375796178343948,85
1125274.5732484076,2005.6815286624203,41.88535031847134,1.9363057324840764,1.2484076433121019,2.9044585987261144,1.4394904458598725,1.7070063694267517,1.3375796178343948,95
1125274.5732484076,2005.6815286624203,41.88535031847134,1.9363057324840764,1.2484076433121019,2.9044585987261144,1.4394904458598725,1.7070063694267517,1.3375796178343948,131
1125274.5732484076,2005.6815286624203,41.88535031847134,1.9363057324840764,1.2484076433121019,2.9044585987261144,1.4394904458598725,1.7070063694267517,1.3375796178343948,70
1125274.5732484076,2005.6815286624203,41.88535031847134,1.9363057324840764,1.2484076433121019,2.9044585987261144,1.4394904458598725,1.7070063694267517,1.3375796178343948,105
1125274.5732484076,2005.6815286624203,41.88535031847134,1.9363057324840764,1.2484076433121019,2.9044585987261144,1.4394904458598725,1.7070063694267517,1.3375796178343948,114
1125274.5732484076,2005.6815286624203,41.88535031847134,1.9363057324840764,1.2484076433121019,2.9044585987261144,1.4394904458598725,1.7070063694267517,1.3375796178343948,112
1125274.5732484076,2005.6815286624203,41.88535031847134,1.9363057324840764,1.2484076433121019,2.9044585987261144,1.4394904458598725,1.7070063694267517,1.3375796178343948,90
1125274.5732484076,2005.6815286624203,41.88535031847134,1.9363057324840764,1.2484076433121019,2.9044585987261144,1.4394904458598725,1.7070063694267517,1.3375796178343948,140
1125274.5732484076,2005.6815286624203,41.88535031847134,1.9363057324840764,1.2484076433121019,2.9044585987261144,1.4394904458598725,1.7070063694267517,1.3375796178343948,61
1125274.5732484076,2005.6815286624203,41.88535031847134,1.9363057324840764,1.2484076433121019,2.9044585987261144,1.4394904458598725,1.7070063694267517,1.3375796178343948,152
1125274.5732484076,2005.6815286624203,41.88535031847134,1.9363057324840764,1.2484076433121019,2.9044585987261144,1.4394904458598725,1.7070063694267517,1.3375796178343948,161
1125274.5732484076,2005.6815286624203,41.88535031847134,1.9363057324840764,1.2484076433121019,2.9044585987261144,1.4394904458598725,1.7070063694267517,1.3375796178343948,97
1125274.5732484076,2005.6815286624203,41.88535031847134,1.9363057324840764,1.2484076433121019,2.9044585987261144,1.4394904458598725,1.7070063694267517,1.3375796178343948,110
1125274.5732484076,2005.6815286624203,41.88535031847134,1.9363057324840764,1.2484076433121019,2.9044585987261144,1.4394904458598725,1.7070063694267517,1.3375796178343948,148
1125274.5732484076,2005.6815286624203,41.88535031847134,1.9363057324840764,1.2484076433121019,2.9044585987261144,1.4394904458598725,1.7070063694267517,1.3375796178343948,133
1125274.5732484076,2005.6815286624203,41.88535031847134,1.9363057324840764,1.2484076433121019,2.9044585987261144,1.4394904458598725,1.7070063694267517,1.3375796178343948,71
1125274.5732484076,2005.6815286624203,41.88535031847134,1.9363057324840764,1.2484076433121019,2.9044585987261144,1.4394904458598725,1.7070063694267517,1.3375796178343948,100
1125274.5732484076,2005.6815286624203,41.88535031847134,1.9363057324840764,1.2484076433121019,2.9044585987261144,1.4394904458598725,1.7070063694267517,1.3375796178343948,50
1125274.5732484076,2005.6815286624203,41.88535031847134,1.9363057324840764,1.2484076433121019,2.9044585987261144,1.4394904458598725,1.7070063694267517,1.3375796178343948,88
1125274.5732484076,2005.6815286624203,41.88535031847134,1.9363057324840764,1.2484076433121019,2.9044585987261144,1.4394904458598725,1.7070063694267517,1.3375796178343948,93
1125274.5732484076,2005.6815286624203,41.88535031847134,1.9363057324840764,1.2484076433121019,2.9044585987261144,1.4394904458598725,1.7070063694267517,1.3375796178343948,166
1125274.5732484076,2005.6815286624203,41.88535031847134,1.9363057324840764,1.2484076433121019,2.9044585987261144,1.4394904458598725,1.7070063694267517,1.3375796178343948,65
1125274.5732484076,2005.6815286624203,41.88535031847134,1.9363057324840764,1.2484076433121019,2.9044585987261144,1.4394904458598725,1.7070063694267517,1.3375796178343948,127
1125274.5732484076,2005.6815286624203,41.88535031847134,1.9363057324840764,1.2484076433121019,2.9044585987261144,1.4394904458598725,1.7070063694267517,1.3375796178343948,74
1125274.5732484076,2005.6815286624203,41.88535031847134,1.9363057324840764,1.2484076433121019,2.9044585987261144,1.4394904458598725,1.7070063694267517,1.3375796178343948,116
1125274.5732484076,2005.6815286624203,41.88535031847134,1.9363057324840764,1.2484076433121019,2.9044585987261144,1.4394904458598725,1.7070063694267517,1.3375796178343948,94
1125274.5732484076,2005.6815286624203,41.88535031847134,1.9363057324840764,1.2484076433121019,2.9044585987261144,1.4394904458598725,1.7070063694267517,1.3375796178343948,177
1125274.5732484076,2005.6815286624203,41.88535031847134,1.9363057324840764,1.2484076433121019,2.9044585987261144,1.4394904458598725,1.7070063694267517,1.3375796178343948,142
1125274.5732484076,2005.6815286624203,41.88535031847134,1.9363057324840764,1.2484076433121019,2.9044585987261144,1.4394904458598725,1.7070063694267517,1.3375796178343948,119
1125274.5732484076,2005.6815286624203,41.88535031847134,1.9363057324840764,1.2484076433121019,2.9044585987261144,1.4394904458598725,1.7070063694267517,1.3375796178343948,81
1125274.5732484076,2005.6815286624203,41.88535031847134,1.9363057324840764,1.2484076433121019,2.9044585987261144,1.4394904458598725,1.7070063694267517,1.3375796178343948,164
1125274.5732484076,2005.6815286624203,41.88535031847134,1.9363057324840764,1.2484076433121019,2.9044585987261144,1.4394904458598725,1.7070063694267517,1.3375796178343948,127
1125274.5732484076,2005.6815286624203,41.88535031847134,1.9363057324840764,1.2484076433121019,2.9044585987261144,1.4394904458598725,1.7070063694267517,1.3375796178343948,132
1125274.5732484076,2005.6815286624203,41.88535031847134,1.9363057324840764,1.2484076433121019,2.9044585987261144,1.4394904458598725,1.7070063694267517,1.3375796178343948,75
1125274.5732484076,2005.6815286624203,41.88535031847134,1.9363057324840764,1.2484076433121019,2.9044585987261144,1.4394904458598725,1.7070063694267517,1.3375796178343948,278
1125274.5732484076,2005.6815286624203,41.88535031847134,1.9363057324840764,1.2484076433121019,2.9044585987261144,1.4394904458598725,1.7070063694267517,1.3375796178343948,81
1125274.5732484076,2005.6815286624203,41.88535031847134,1.9363057324840764,1.2484076433121019,2.9044585987261144,1.4394904458598725,1.7070063694267517,1.3375796178343948,106
1125274.5732484076,2005.6815286624203,41.88535031847134,1.9363057324840764,1.2484076433121019,2.9044585987261144,1.4394904458598725,1.7070063694267517,1.3375796178343948,88
1125274.5732484076,2005.6815286624203,41.88535031847134,1.9363057324840764,1.2484076433121019,2.9044585987261144,1.4394904458598725,1.7070063694267517,1.3375796178343948,90
1125274.5732484076,2005.6815286624203,41.88535031847134,1.9363057324840764,1.2484076433121019,2.9044585987261144,1.4394904458598725,1.7070063694267517,1.3375796178343948,111
1125274.5732484076,2005.6815286624203,41.88535031847134,1.9363057324840764,1.2484076433121019,2.9044585987261144,1.4394904458598725,1.7070063694267517,1.3375796178343948,110
1125274.5732484076,2005.6815286624203,41.88535031847134,1.9363057324840764,1.2484076433121019,2.9044585987261144,1.4394904458598725,1.7070063694267517,1.3375796178343948,114
1125274.5732484076,2005.6815286624203,41.88535031847134,1.9363057324840764,1.2484076433121019,2.9044585987261144,1.4394904458598725,1.7070063694267517,1.3375796178343948,108
1125274.5732484076,2005.6815286624203,41.88535031847134,1.9363057324840764,1.2484076433121019,2.9044585987261144,1.4394904458598725,1.7070063694267517,1.3375796178343948,148
1125274.5732484076,2005.6815286624203,41.88535031847134,1.9363057324840764,1.2484076433121019,2.9044585987261144,1.4394904458598725,1.7070063694267517,1.3375796178343948,89
1125274.5732484076,2005.6815286624203,41.88535031847134,1.9363057324840764,1.2484076433121019,2.9044585987261144,1.4394904458598725,1.7070063694267517,1.3375796178343948,119
1125274.5732484076,2005.6815286624203,41.88535031847134,1.9363057324840764,1.2484076433121019,2.9044585987261144,1.4394904458598725,1.7070063694267517,1.3375796178343948,74
1125274.5732484076,2005.6815286624203,41.88535031847134,1.9363057324840764,1.2484076433121019,2.9044585987261144,1.4394904458598725,1.7070063694267517,1.3375796178343948,59
1125274.5732484076,2005.6815286624203,41.88535031847134,1.9363057324840764,1.2484076433121019,2.9044585987261144,1.4394904458598725,1.7070063694267517,1.3375796178343948,100
1125274.5732484076,2005.6815286624203,41.88535031847134,1.9363057324840764,1.2484076433121019,2.9044585987261144,1.4394904458598725,1.7070063694267517,1.3375796178343948,142
1125274.5732484076,2005.6815286624203,41.88535031847134,1.9363057324840764,1.2484076433121019,2.9044585987261144,1.4394904458598725,1.7070063694267517,1.3375796178343948,148
1125274.5732484076,2005.6815286624203,41.88535031847134,1.9363057324840764,1.2484076433121019,2.9044585987261144,1.4394904458598725,1.7070063694267517,1.3375796178343948,123
1125274.5732484076,2005.6815286624203,41.88535031847134,1.9363057324840764,1.2484076433121019,2.9044585987261144,1.4394904458598725,1.7070063694267517,1.3375796178343948,88
1125274.5732484076,2005.6815286624203,41.88535031847134,1.9363057324840764,1.2484076433121019,2.9044585987261144,1.4394904458598725,1.7070063694267517,1.3375796178343948,89
1125274.5732484076,2005.6815286624203,41.88535031847134,1.9363057324840764,1.2484076433121019,2.9044585987261144,1.4394904458598725,1.7070063694267517,1.3375796178343948,126
1125274.5732484076,2005.6815286624203,41.88535031847134,1.9363057324840764,1.2484076433121019,2.9044585987261144,1.4394904458598725,1.7070063694267517,1.3375796178343948,96
1125274.5732484076,2005.6815286624203,41.88535031847134,1.9363057324840764,1.2484076433121019,2.9044585987261144,1.4394904458598725,1.7070063694267517,1.3375796178343948,108
1125274.5732484076,2005.6815286624203,41.88535031847134,1.9363057324840764,1.2484076433121019,2.9044585987261144,1.4394904458598725,1.7070063694267517,1.3375796178343948,92
1125274.5732484076,2005.6815286624203,41.88535031847134,1.9363057324840764,1.2484076433121019,2.9044585987261144,1.4394904458598725,1.7070063694267517,1.3375796178343948,74
1125274.5732484076,2005.6815286624203,41.88535031847134,1.9363057324840764,1.2484076433121019,2.9044585987261144,1.4394904458598725,1.7070063694267517,1.3375796178343948,145
1125274.5732484076,2005.6815286624203,41.88535031847134,1.9363057324840764,1.2484076433121019,2.9044585987261144,1.4394904458598725,1.7070063694267517,1.3375796178343948,66
1125274.5732484076,2005.6815286624203,41.88535031847134,1.9363057324840764,1.2484076433121019,2.9044585987261144,1.4394904458598725,1.7070063694267517,1.3375796178343948,114
1125274.5732484076,2005.6815286624203,41.88535031847134,1.9363057324840764,1.2484076433121019,2.9044585987261144,1.4394904458598725,1.7070063694267517,1.3375796178343948,75
1125274.5732484076,2005.6815286624203,41.88535031847134,1.9363057324840764,1.2484076433121019,2.9044585987261144,1.4394904458598725,1.7070063694267517,1.3375796178343948,107
1125274.5732484076,2005.6815286624203,41.88535031847134,1.9363057324840764,1.2484076433121019,2.9044585987261144,1.4394904458598725,1.7070063694267517,1.3375796178343948,84
1125274.5732484076,2005.6815286624203,41.88535031847134,1.9363057324840764,1.2484076433121019,2.9044585987261144,1.4394904458598725,1.7070063694267517,1.3375796178343948,94
1125274.5732484076,2005.6815286624203,41.88535031847134,1.9363057324840764,1.2484076433121019,2.9044585987261144,1.4394904458598725,1.7070063694267517,1.3375796178343948,117
1125274.5732484076,2005.6815286624203,41.88535031847134,1.9363057324840764,1.2484076433121019,2.9044585987261144,1.4394904458598725,1.7070063694267517,1.3375796178343948,119
1125274.5732484076,2005.6815286624203,41.88535031847134,1.9363057324840764,1.2484076433121019,2.9044585987261144,1.4394904458598725,1.7070063694267517,1.3375796178343948,105
1125274.5732484076,2005.6815286624203,41.88535031847134,1.9363057324840764,1.2484076433121019,2.9044585987261144,1.4394904458598725,1.7070063694267517,1.3375796178343948,72
1125274.5732484076,2005.6815286624203,41.88535031847134,1.9363057324840764,1.2484076433121019,2.9044585987261144,1.4394904458598725,1.7070063694267517,1.3375796178343948,127
1125274.5732484076,2005.6815286624203,41.88535031847134,1.9363057324840764,1.2484076433121019,2.9044585987261144,1.4394904458598725,1.7070063694267517,1.3375796178343948,55
1125274.5732484076,2005.6815286624203,41.88535031847134,1.9363057324840764,1.2484076433121019,2.9044585987261144,1.4394904458598725,1.7070063694267517,1.3375796178343948,81
1125274.5732484076,2005.6815286624203,41.88535031847134,1.9363057324840764,1.2484076433121019,2.9044585987261144,1.4394904458598725,1.7070063694267517,1.3375796178343948,127
1125274.5732484076,2005.6815286624203,41.88535031847134,1.9363057324840764,1.2484076433121019,2.9044585987261144,1.4394904458598725,1.7070063694267517,1.3375796178343948,100
1125274.5732484076,2005.6815286624203,41.88535031847134,1.9363057324840764,1.2484076433121019,2.9044585987261144,1.4394904458598725,1.7070063694267517,1.3375796178343948,110
1125274.5732484076,2005.6815286624203,41.88535031847134,1.9363057324840764,1.2484076433121019,2.9044585987261144,1.4394904458598725,1.7070063694267517,1.3375796178343948,121
1125274.5732484076,2005.6815286624203,41.88535031847134,1.9363057324840764,1.2484076433121019,2.9044585987261144,1.4394904458598725,1.7070063694267517,1.3375796178343948,88
1125274.5732484076,2005.6815286624203,41.88535031847134,1.9363057324840764,1.2484076433121019,2.9044585987261144,1.4394904458598725,1.7070063694267517,1.3375796178343948,63
1125274.5732484076,2005.6815286624203,41.88535031847134,1.9363057324840764,1.2484076433121019,2.9044585987261144,1.4394904458598725,1.7070063694267517,1.3375796178343948,119
1125274.5732484076,2005.6815286624203,41.88535031847134,1.9363057324840764,1.2484076433121019,2.9044585987261144,1.4394904458598725,1.7070063694267517,1.3375796178343948,129
1125274.5732484076,2005.6815286624203,41.88535031847134,1.9363057324840764,1.2484076433121019,2.9044585987261144,1.4394904458598725,1.7070063694267517,1.3375796178343948,115
1125274.5732484076,2005.6815286624203,41.88535031847134,1.9363057324840764,1.2484076433121019,2.9044585987261144,1.4394904458598725,1.7070063694267517,1.3375796178343948,99
1125274.5732484076,2005.6815286624203,41.88535031847134,1.9363057324840764,1.2484076433121019,2.9044585987261144,1.4394904458598725,1.7070063694267517,1.3375796178343948,105
1125274.5732484076,2005.6815286624203,41.88535031847134,1.9363057324840764,1.2484076433121019,2.9044585987261144,1.4394904458598725,1.7070063694267517,1.3375796178343948,127
1125274.5732484076,2005.6815286624203,41.88535031847134,1.9363057324840764,1.2484076433121019,2.9044585987261144,1.4394904458598725,1.7070063694267517,1.3375796178343948,74
1125274.5732484076,2005.6815286624203,41.88535031847134,1.9363057324840764,1.2484076433121019,2.9044585987261144,1.4394904458598725,1.7070063694267517,1.3375796178343948,92
1125274.5732484076,2005.6815286624203,41.88535031847134,1.9363057324840764,1.2484076433121019,2.9044585987261144,1.4394904458598725,1.7070063694267517,1.3375796178343948,94
1125274.5732484076,2005.6815286624203,41.88535031847134,1.9363057324840764,1.2484076433121019,2.9044585987261144,1.4394904458598725,1.7070063694267517,1.3375796178343948,139
1125274.5732484076,2005.6815286624203,41.88535031847134,1.9363057324840764,1.2484076433121019,2.9044585987261144,1.4394904458598725,1.7070063694267517,1.3375796178343948,100
1125274.5732484076,2005.6815286624203,41.88535031847134,1.9363057324840764,1.2484076433121019,2.9044585987261144,1.4394904458598725,1.7070063694267517,1.3375796178343948,123
1125274.5732484076,2005.6815286624203,41.88535031847134,1.9363057324840764,1.2484076433121019,2.9044585987261144,1.4394904458598725,1.7070063694267517,1.3375796178343948,114
1125274.5732484076,2005.6815286624203,41.88535031847134,1.9363057324840764,1.2484076433121019,2.9044585987261144,1.4394904458598725,1.7070063694267517,1.3375796178343948,81
1125274.5732484076,2005.6815286624203,41.88535031847134,1.9363057324840764,1.2484076433121019,2.9044585987261144,1.4394904458598725,1.7070063694267517,1.3375796178343948,155
1125274.5732484076,2005.6815286624203,41.88535031847134,1.9363057324840764,1.2484076433121019,2.9044585987261144,1.4394904458598725,1.7070063694267517,1.3375796178343948,104
1125274.5732484076,2005.6815286624203,41.88535031847134,1.9363057324840764,1.2484076433121019,2.9044585987261144,1.4394904458598725,1.7070063694267517,1.3375796178343948,131
1125274.5732484076,2005.6815286624203,41.88535031847134,1.9363057324840764,1.2484076433121019,2.9044585987261144,1.4394904458598725,1.7070063694267517,1.3375796178343948,110
1125274.5732484076,2005.6815286624203,41.88535031847134,1.9363057324840764,1.2484076433121019,2.9044585987261144,1.4394904458598725,1.7070063694267517,1.3375796178343948,77
1125274.5732484076,2005.6815286624203,41.88535031847134,1.9363057324840764,1.2484076433121019,2.9044585987261144,1.4394904458598725,1.7070063694267517,1.3375796178343948,117
1125274.5732484076,2005.6815286624203,41.88535031847134,1.9363057324840764,1.2484076433121019,2.9044585987261144,1.4394904458598725,1.7070063694267517,1.3375796178343948,138
1125274.5732484076,2005.6815286624203,41.88535031847134,1.9363057324840764,1.2484076433121019,2.9044585987261144,1.4394904458598725,1.7070063694267517,1.3375796178343948,272
1125274.5732484076,2005.6815286624203,41.88535031847134,1.9363057324840764,1.2484076433121019,2.9044585987261144,1.4394904458598725,1.7070063694267517,1.3375796178343948,127
1125274.5732484076,2005.6815286624203,41.88535031847134,1.9363057324840764,1.2484076433121019,2.9044585987261144,1.4394904458598725,1.7070063694267517,1.3375796178343948,119
1125274.5732484076,2005.6815286624203,41.88535031847134,1.9363057324840764,1.2484076433121019,2.9044585987261144,1.4394904458598725,1.7070063694267517,1.3375796178343948,94
1125274.5732484076,2005.6815286624203,41.88535031847134,1.9363057324840764,1.2484076433121019,2.9044585987261144,1.4394904458598725,1.7070063694267517,1.3375796178343948,102
1125274.5732484076,2005.6815286624203,41.88535031847134,1.9363057324840764,1.2484076433121019,2.9044585987261144,1.4394904458598725,1.7070063694267517,1.3375796178343948,100
1125274.5732484076,2005.6815286624203,41.88535031847134,1.9363057324840764,1.2484076433121019,2.9044585987261144,1.4394904458598725,1.7070063694267517,1.3375796178343948,88
1125274.5732484076,2005.6815286624203,41.88535031847134,1.9363057324840764,1.2484076433121019,2.9044585987261144,1.4394904458598725,1.7070063694267517,1.3375796178343948,268
1125274.5732484076,2005.6815286624203,41.88535031847134,1.9363057324840764,1.2484076433121019,2.9044585987261144,1.4394904458598725,1.7070063694267517,1.3375796178343948,83
1125274.5732484076,2005.6815286624203,41.88535031847134,1.9363057324840764,1.2484076433121019,2.9044585987261144,1.4394904458598725,1.7070063694267517,1.3375796178343948,129
1125274.5732484076,2005.6815286624203,41.88535031847134,1.9363057324840764,1.2484076433121019,2.9044585987261144,1.4394904458598725,1.7070063694267517,1.3375796178343948,65
1125274.5732484076,2005.6815286624203,41.88535031847134,1.9363057324840764,1.2484076433121019,2.9044585987261144,1.4394904458598725,1.7070063694267517,1.3375796178343948,110
1125274.5732484076,2005.6815286624203,41.88535031847134,1.9363057324840764,1.2484076433121019,2.9044585987261144,1.4394904458598725,1.7070063694267517,1.3375796178343948,131
1125274.5732484076,2005.6815286624203,41.88535031847134,1.9363057324840764,1.2484076433121019,2.9044585987261144,1.4394904458598725,1.7070063694267517,1.3375796178343948,119
1125274.5732484076,2005.6815286624203,41.88535031847134,1.9363057324840764,1.2484076433121019,2.9044585987261144,1.4394904458598725,1.7070063694267517,1.3375796178343948,105
1125274.5732484076,2005.6815286624203,41.88535031847134,1.9363057324840764,1.2484076433121019,2.9044585987261144,1.4394904458598725,1.7070063694267517,1.3375796178343948,70
1125274.5732484076,2005.6815286624203,41.88535031847134,1.9363057324840764,1.2484076433121019,2.9044585987261144,1.4394904458598725,1.7070063694267517,1.3375796178343948,87
1125274.5732484076,2005.6815286624203,41.88535031847134,1.9363057324840764,1.2484076433121019,2.9044585987261144,1.4394904458598725,1.7070063694267517,1.3375796178343948,148
1125274.5732484076,2005.6815286624203,41.88535031847134,1.9363057324840764,1.2484076433121019,2.9044585987261144,1.4394904458598725,1.7070063694267517,1.3375796178343948,113
1125274.5732484076,2005.6815286624203,41.88535031847134,1.9363057324840764,1.2484076433121019,2.9044585987261144,1.4394904458598725,1.7070063694267517,1.3375796178343948,95
1125274.5732484076,2005.6815286624203,41.88535031847134,1.9363057324840764,1.2484076433121019,2.9044585987261144,1.4394904458598725,1.7070063694267517,1.3375796178343948,81
1125274.5732484076,2005.6815286624203,41.88535031847134,1.9363057324840764,1.2484076433121019,2.9044585987261144,1.4394904458598725,1.7070063694267517,1.3375796178343948,138
1125274.5732484076,2005.6815286624203,41.88535031847134,1.9363057324840764,1.2484076433121019,2.9044585987261144,1.4394904458598725,1.7070063694267517,1.3375796178343948,77
1125274.5732484076,2005.6815286624203,41.88535031847134,1.9363057324840764,1.2484076433121019,2.9044585987261144,1.4394904458598725,1.7070063694267517,1.3375796178343948,85
1125274.5732484076,2005.6815286624203,41.88535031847134,1.9363057324840764,1.2484076433121019,2.9044585987261144,1.4394904458598725,1.7070063694267517,1.3375796178343948,100
1125274.5732484076,2005.6815286624203,41.88535031847134,1.9363057324840764,1.2484076433121019,2.9044585987261144,1.4394904458598725,1.7070063694267517,1.3375796178343948,80
1040403.6829268293,2005.9756097560976,42.25,1.9451219512195121,1.25,3.073170731707317,1.4878048780487805,1.7134146341463414,1.2865853658536586,81
1040403.6829268293,2005.9756097560976,42.25,1.9451219512195121,1.25,3.073170731707317,1.4878048780487805,1.7134146341463414,1.2865853658536586,127
1040403.6829268293,2005.9756097560976,42.25,1.9451219512195121,1.25,3.073170731707317,1.4878048780487805,1.7134146341463414,1.2865853658536586,268
1040403.6829268293,2005.9756097560976,42.25,1.9451219512195121,1.25,3.073170731707317,1.4878048780487805,1.7134146341463414,1.2865853658536586,63
1040403.6829268293,2005.9756097560976,42.25,1.9451219512195121,1.25,3.073170731707317,1.4878048780487805,1.7134146341463414,1.2865853658536586,110
1040403.6829268293,2005.9756097560976,42.25,1.9451219512195121,1.25,3.073170731707317,1.4878048780487805,1.7134146341463414,1.2865853658536586,131
1040403.6829268293,2005.9756097560976,42.25,1.9451219512195121,1.25,3.073170731707317,1.4878048780487805,1.7134146341463414,1.2865853658536586,108
1040403.6829268293,2005.9756097560976,42.25,1.9451219512195121,1.25,3.073170731707317,1.4878048780487805,1.7134146341463414,1.2865853658536586,272
1040403.6829268293,2005.9756097560976,42.25,1.9451219512195121,1.25,3.073170731707317,1.4878048780487805,1.7134146341463414,1.2865853658536586,139
1040403.6829268293,2005.9756097560976,42.25,1.9451219512195121,1.25,3.073170731707317,1.4878048780487805,1.7134146341463414,1.2865853658536586,94
1040403.6829268293,2005.9756097560976,42.25,1.9451219512195121,1.25,3.073170731707317,1.4878048780487805,1.7134146341463414,1.2865853658536586,100
1040403.6829268293,2005.9756097560976,42.25,1.9451219512195121,1.25,3.073170731707317,1.4878048780487805,1.7134146341463414,1.2865853658536586,89
1040403.6829268293,2005.9756097560976,42.25,1.9451219512195121,1.25,3.073170731707317,1.4878048780487805,1.7134146341463414,1.2865853658536586,129
1040403.6829268293,2005.9756097560976,42.25,1.9451219512195121,1.25,3.073170731707317,1.4878048780487805,1.7134146341463414,1.2865853658536586,74
1040403.6829268293,2005.9756097560976,42.25,1.9451219512195121,1.25,3.073170731707317,1.4878048780487805,1.7134146341463414,1.2865853658536586,148
1040403.6829268293,2005.9756097560976,42.25,1.9451219512195121,1.25,3.073170731707317,1.4878048780487805,1.7134146341463414,1.2865853658536586,105
1040403.6829268293,2005.9756097560976,42.25,1.9451219512195121,1.25,3.073170731707317,1.4878048780487805,1.7134146341463414,1.2865853658536586,99
1040403.6829268293,2005.9756097560976,42.25,1.9451219512195121,1.25,3.073170731707317,1.4878048780487805,1.7134146341463414,1.2865853658536586,125
1040403.6829268293,2005.9756097560976,42.25,1.9451219512195121,1.25,3.073170731707317,1.4878048780487805,1.7134146341463414,1.2865853658536586,114
1040403.6829268293,2005.9756097560976,42.25,1.9451219512195121,1.25,3.073170731707317,1.4878048780487805,1.7134146341463414,1.2865853658536586,104
1040403.6829268293,2005.9756097560976,42.25,1.9451219512195121,1.25,3.073170731707317,1.4878048780487805,1.7134146341463414,1.2865853658536586,88
1040403.6829268293,2005.9756097560976,42.25,1.9451219512195121,1.25,3.073170731707317,1.4878048780487805,1.7134146341463414,1.2865853658536586,65
1040403.6829268293,2005.9756097560976,42.25,1.9451219512195121,1.25,3.073170731707317,1.4878048780487805,1.7134146341463414,1.2865853658536586,119
1040403.6829268293,2005.9756097560976,42.25,1.9451219512195121,1.25,3.073170731707317,1.4878048780487805,1.7134146341463414,1.2865853658536586,108
1040403.6829268293,2005.9756097560976,42.25,1.9451219512195121,1.25,3.073170731707317,1.4878048780487805,1.7134146341463414,1.2865853658536586,81
1040403.6829268293,2005.9756097560976,42.25,1.9451219512195121,1.25,3.073170731707317,1.4878048780487805,1.7134146341463414,1.2865853658536586,102
1040403.6829268293,2005.9756097560976,42.25,1.9451219512195121,1.25,3.073170731707317,1.4878048780487805,1.7134146341463414,1.2865853658536586,74
1040403.6829268293,2005.9756097560976,42.25,1.9451219512195121,1.25,3.073170731707317,1.4878048780487805,1.7134146341463414,1.2865853658536586,85
1040403.6829268293,2005.9756097560976,42.25,1.9451219512195121,1.25,3.073170731707317,1.4878048780487805,1.7134146341463414,1.2865853658536586,105
1040403.6829268293,2005.9756097560976,42.25,1.9451219512195121,1.25,3.073170731707317,1.4878048780487805,1.7134146341463414,1.2865853658536586,119
1040403.6829268293,2005.9756097560976,42.25,1.9451219512195121,1.25,3.073170731707317,1.4878048780487805,1.7134146341463414,1.2865853658536586,100
1040403.6829268293,2005.9756097560976,42.25,1.9451219512195121,1.25,3.073170731707317,1.4878048780487805,1.7134146341463414,1.2865853658536586,127
1040403.6829268293,2005.9756097560976,42.25,1.9451219512195121,1.25,3.073170731707317,1.4878048780487805,1.7134146341463414,1.2865853658536586,113
1040403.6829268293,2005.9756097560976,42.25,1.9451219512195121,1.25,3.073170731707317,1.4878048780487805,1.7134146341463414,1.2865853658536586,100
1040403.6829268293,2005.9756097560976,42.25,1.9451219512195121,1.25,3.073170731707317,1.4878048780487805,1.7134146341463414,1.2865853658536586,80
1040403.6829268293,2005.9756097560976,42.25,1.9451219512195121,1.25,3.073170731707317,1.4878048780487805,1.7134146341463414,1.2865853658536586,117
1040403.6829268293,2005.9756097560976,42.25,1.9451219512195121,1.25,3.073170731707317,1.4878048780487805,1.7134146341463414,1.2865853658536586,110
1040403.6829268293,2005.9756097560976,42.25,1.9451219512195121,1.25,3.073170731707317,1.4878048780487805,1.7134146341463414,1.2865853658536586,65
1040403.6829268293,2005.9756097560976,42.25,1.9451219512195121,1.25,3.073170731707317,1.4878048780487805,1.7134146341463414,1.2865853658536586,88
1040403.6829268293,2005.9756097560976,42.25,1.9451219512195121,1.25,3.073170731707317,1.4878048780487805,1.7134146341463414,1.2865853658536586,89
1040403.6829268293,2005.9756097560976,42.25,1.9451219512195121,1.25,3.073170731707317,1.4878048780487805,1.7134146341463414,1.2865853658536586,92
1040403.6829268293,2005.9756097560976,42.25,1.9451219512195121,1.25,3.073170731707317,1.4878048780487805,1.7134146341463414,1.2865853658536586,95
1040403.6829268293,2005.9756097560976,42.25,1.9451219512195121,1.25,3.073170731707317,1.4878048780487805,1.7134146341463414,1.2865853658536586,87
1040403.6829268293,2005.9756097560976,42.25,1.9451219512195121,1.25,3.073170731707317,1.4878048780487805,1.7134146341463414,1.2865853658536586,103
1040403.6829268293,2005.9756097560976,42.25,1.9451219512195121,1.25,3.073170731707317,1.4878048780487805,1.7134146341463414,1.2865853658536586,148
1040403.6829268293,2005.9756097560976,42.25,1.9451219512195121,1.25,3.073170731707317,1.4878048780487805,1.7134146341463414,1.2865853658536586,83
1040403.6829268293,2005.9756097560976,42.25,1.9451219512195121,1.25,3.073170731707317,1.4878048780487805,1.7134146341463414,1.2865853658536586,78
1040403.6829268293,2005.9756097560976,42.25,1.9451219512195121,1.25,3.073170731707317,1.4878048780487805,1.7134146341463414,1.2865853658536586,129
1040403.6829268293,2005.9756097560976,42.25,1.9451219512195121,1.25,3.073170731707317,1.4878048780487805,1.7134146341463414,1.2865853658536586,114
1040403.6829268293,2005.9756097560976,42.25,1.9451219512195121,1.25,3.073170731707317,1.4878048780487805,1.7134146341463414,1.2865853658536586,95
1040403.6829268293,2005.9756097560976,42.25,1.9451219512195121,1.25,3.073170731707317,1.4878048780487805,1.7134146341463414,1.2865853658536586,161
1040403.6829268293,2005.9756097560976,42.25,1.9451219512195121,1.25,3.073170731707317,1.4878048780487805,1.7134146341463414,1.2865853658536586,81
1040403.6829268293,2005.9756097560976,42.25,1.9451219512195121,1.25,3.073170731707317,1.4878048780487805,1.7134146341463414,1.2865853658536586,102
1040403.6829268293,2005.9756097560976,42.25,1.9451219512195121,1.25,3.073170731707317,1.4878048780487805,1.7134146341463414,1.2865853658536586,85
1040403.6829268293,2005.9756097560976,42.25,1.9451219512195121,1.25,3.073170731707317,1.4878048780487805,1.7134146341463414,1.2865853658536586,100
1040403.6829268293,2005.9756097560976,42.25,1.9451219512195121,1.25,3.073170731707317,1.4878048780487805,1.7134146341463414,1.2865853658536586,143
1040403.6829268293,2005.9756097560976,42.25,1.9451219512195121,1.25,3.073170731707317,1.4878048780487805,1.7134146341463414,1.2865853658536586,201
1040403.6829268293,2005.9756097560976,42.25,1.9451219512195121,1.25,3.073170731707317,1.4878048780487805,1.7134146341463414,1.2865853658536586,83
1040403.6829268293,2005.9756097560976,42.25,1.9451219512195121,1.25,3.073170731707317,1.4878048780487805,1.7134146341463414,1.2865853658536586,97
1040403.6829268293,2005.9756097560976,42.25,1.9451219512195121,1.25,3.073170731707317,1.4878048780487805,1.7134146341463414,1.2865853658536586,67
1040403.6829268293,2005.9756097560976,42.25,1.9451219512195121,1.25,3.073170731707317,1.4878048780487805,1.7134146341463414,1.2865853658536586,127
1040403.6829268293,2005.9756097560976,42.25,1.9451219512195121,1.25,3.073170731707317,1.4878048780487805,1.7134146341463414,1.2865853658536586,80
1040403.6829268293,2005.9756097560976,42.25,1.9451219512195121,1.25,3.073170731707317,1.4878048780487805,1.7134146341463414,1.2865853658536586,109
1040403.6829268293,2005.9756097560976,42.25,1.9451219512195121,1.25,3.073170731707317,1.4878048780487805,1.7134146341463414,1.2865853658536586,92
1040403.6829268293,2005.9756097560976,42.25,1.9451219512195121,1.25,3.073170731707317,1.4878048780487805,1.7134146341463414,1.2865853658536586,105
1040403.6829268293,2005.9756097560976,42.25,1.9451219512195121,1.25,3.073170731707317,1.4878048780487805,1.7134146341463414,1.2865853658536586,114
1040403.6829268293,2005.9756097560976,42.25,1.9451219512195121,1.25,3.073170731707317,1.4878048780487805,1.7134146341463414,1.2865853658536586,177
1040403.6829268293,2005.9756097560976,42.25,1.9451219512195121,1.25,3.073170731707317,1.4878048780487805,1.7134146341463414,1.2865853658536586,100
1040403.6829268293,2005.9756097560976,42.25,1.9451219512195121,1.25,3.073170731707317,1.4878048780487805,1.7134146341463414,1.2865853658536586,117
1040403.6829268293,2005.9756097560976,42.25,1.9451219512195121,1.25,3.073170731707317,1.4878048780487805,1.7134146341463414,1.2865853658536586,88
1040403.6829268293,2005.9756097560976,42.25,1.9451219512195121,1.25,3.073170731707317,1.4878048780487805,1.7134146341463414,1.2865853658536586,77
1040403.6829268293,2005.9756097560976,42.25,1.9451219512195121,1.25,3.073170731707317,1.4878048780487805,1.7134146341463414,1.2865853658536586,137
1040403.6829268293,2005.9756097560976,42.25,1.9451219512195121,1.25,3.073170731707317,1.4878048780487805,1.7134146341463414,1.2865853658536586,94
1040403.6829268293,2005.9756097560976,42.25,1.9451219512195121,1.25,3.073170731707317,1.4878048780487805,1.7134146341463414,1.2865853658536586,138
1040403.6829268293,2005.9756097560976,42.25,1.9451219512195121,1.25,3.073170731707317,1.4878048780487805,1.7134146341463414,1.2865853658536586,110
1040403.6829268293,2005.9756097560976,42.25,1.9451219512195121,1.25,3.073170731707317,1.4878048780487805,1.7134146341463414,1.2865853658536586,88
1040403.6829268293,2005.9756097560976,42.25,1.9451219512195121,1.25,3.073170731707317,1.4878048780487805,1.7134146341463414,1.2865853658536586,119
1040403.6829268293,2005.9756097560976,42.25,1.9451219512195121,1.25,3.073170731707317,1.4878048780487805,1.7134146341463414,1.2865853658536586,148
1040403.6829268293,2005.9756097560976,42.25,1.9451219512195121,1.25,3.073170731707317,1.4878048780487805,1.7134146341463414,1.2865853658536586,144
1040403.6829268293,2005.9756097560976,42.25,1.9451219512195121,1.25,3.073170731707317,1.4878048780487805,1.7134146341463414,1.2865853658536586,101
1040403.6829268293,2005.9756097560976,42.25,1.9451219512195121,1.25,3.073170731707317,1.4878048780487805,1.7134146341463414,1.2865853658536586,74
1040403.6829268293,2005.9756097560976,42.25,1.9451219512195121,1.25,3.073170731707317,1.4878048780487805,1.7134146341463414,1.2865853658536586,69
1040403.6829268293,2005.9756097560976,42.25,1.9451219512195121,1.25,3.073170731707317,1.4878048780487805,1.7134146341463414,1.2865853658536586,61
1040403.6829268293,2005.9756097560976,42.25,1.9451219512195121,1.25,3.073170731707317,1.4878048780487805,1.7134146341463414,1.2865853658536586,70
1040403.6829268293,2005.9756097560976,42.25,1.9451219512195121,1.25,3.073170731707317,1.4878048780487805,1.7134146341463414,1.2865853658536586,152
1040403.6829268293,2005.9756097560976,42.25,1.9451219512195121,1.25,3.073170731707317,1.4878048780487805,1.7134146341463414,1.2865853658536586,182
1040403.6829268293,2005.9756097560976,42.25,1.9451219512195121,1.25,3.073170731707317,1.4878048780487805,1.7134146341463414,1.2865853658536586,138
1040403.6829268293,2005.9756097560976,42.25,1.9451219512195121,1.25,3.073170731707317,1.4878048780487805,1.7134146341463414,1.2865853658536586,161
1040403.6829268293,2005.9756097560976,42.25,1.9451219512195121,1.25,3.073170731707317,1.4878048780487805,1.7134146341463414,1.2865853658536586,119
1040403.6829268293,2005.9756097560976,42.25,1.9451219512195121,1.25,3.073170731707317,1.4878048780487805,1.7134146341463414,1.2865853658536586,166
1040403.6829268293,2005.9756097560976,42.25,1.9451219512195121,1.25,3.073170731707317,1.4878048780487805,1.7134146341463414,1.2865853658536586,164
1040403.6829268293,2005.9756097560976,42.25,1.9451219512195121,1.25,3.073170731707317,1.4878048780487805,1.7134146341463414,1.2865853658536586,106
1040403.6829268293,2005.9756097560976,42.25,1.9451219512195121,1.25,3.073170731707317,1.4878048780487805,1.7134146341463414,1.2865853658536586,50
1040403.6829268293,2005.9756097560976,42.25,1.9451219512195121,1.25,3.073170731707317,1.4878048780487805,1.7134146341463414,1.2865853658536586,127
1040403.6829268293,2005.9756097560976,42.25,1.9451219512195121,1.25,3.073170731707317,1.4878048780487805,1.7134146341463414,1.2865853658536586,140
1040403.6829268293,2005.9756097560976,42.25,1.9451219512195121,1.25,3.073170731707317,1.4878048780487805,1.7134146341463414,1.2865853658536586,100
1040403.6829268293,2005.9756097560976,42.25,1.9451219512195121,1.25,3.073170731707317,1.4878048780487805,1.7134146341463414,1.2865853658536586,105
1040403.6829268293,2005.9756097560976,42.25,1.9451219512195121,1.25,3.073170731707317,1.4878048780487805,1.7134146341463414,1.2865853658536586,90
1040403.6829268293,2005.9756097560976,42.25,1.9451219512195121,1.25,3.073170731707317,1.4878048780487805,1.7134146341463414,1.2865853658536586,177
1040403.6829268293,2005.9756097560976,42.25,1.9451219512195121,1.25,3.073170731707317,1.4878048780487805,1.7134146341463414,1.2865853658536586,77
1040403.6829268293,2005.9756097560976,42.25,1.9451219512195121,1.25,3.073170731707317,1.4878048780487805,1.7134146341463414,1.2865853658536586,119
1040403.6829268293,2005.9756097560976,42.25,1.9451219512195121,1.25,3.073170731707317,1.4878048780487805,1.7134146341463414,1.2865853658536586,142
1040403.6829268293,2005.9756097560976,42.25,1.9451219512195121,1.25,3.073170731707317,1.4878048780487805,1.7134146341463414,1.2865853658536586,88
1040403.6829268293,2005.9756097560976,42.25,1.9451219512195121,1.25,3.073170731707317,1.4878048780487805,1.7134146341463414,1.2865853658536586,110
1040403.6829268293,2005.9756097560976,42.25,1.9451219512195121,1.25,3.073170731707317,1.4878048780487805,1.7134146341463414,1.2865853658536586,97
1040403.6829268293,2005.9756097560976,42.25,1.9451219512195121,1.25,3.073170731707317,1.4878048780487805,1.7134146341463414,1.2865853658536586,116
1040403.6829268293,2005.9756097560976,42.25,1.9451219512195121,1.25,3.073170731707317,1.4878048780487805,1.7134146341463414,1.2865853658536586,81
1040403.6829268293,2005.9756097560976,42.25,1.9451219512195121,1.25,3.073170731707317,1.4878048780487805,1.7134146341463414,1.2865853658536586,277
1040403.6829268293,2005.9756097560976,42.25,1.9451219512195121,1.25,3.073170731707317,1.4878048780487805,1.7134146341463414,1.2865853658536586,133
1040403.6829268293,2005.9756097560976,42.25,1.9451219512195121,1.25,3.073170731707317,1.4878048780487805,1.7134146341463414,1.2865853658536586,94
1040403.6829268293,2005.9756097560976,42.25,1.9451219512195121,1.25,3.073170731707317,1.4878048780487805,1.7134146341463414,1.2865853658536586,71
1040403.6829268293,2005.9756097560976,42.25,1.9451219512195121,1.25,3.073170731707317,1.4878048780487805,1.7134146341463414,1.2865853658536586,123
1040403.6829268293,2005.9756097560976,42.25,1.9451219512195121,1.25,3.073170731707317,1.4878048780487805,1.7134146341463414,1.2865853658536586,132
1040403.6829268293,2005.9756097560976,42.25,1.9451219512195121,1.25,3.073170731707317,1.4878048780487805,1.7134146341463414,1.2865853658536586,145
1040403.6829268293,2005.9756097560976,42.25,1.9451219512195121,1.25,3.073170731707317,1.4878048780487805,1.7134146341463414,1.2865853658536586,148
1040403.6829268293,2005.9756097560976,42.25,1.9451219512195121,1.25,3.073170731707317,1.4878048780487805,1.7134146341463414,1.2865853658536586,70
1040403.6829268293,2005.9756097560976,42.25,1.9451219512195121,1.25,3.073170731707317,1.4878048780487805,1.7134146341463414,1.2865853658536586,81
1040403.6829268293,2005.9756097560976,42.25,1.9451219512195121,1.25,3.073170731707317,1.4878048780487805,1.7134146341463414,1.2865853658536586,142
1040403.6829268293,2005.9756097560976,42.25,1.9451219512195121,1.25,3.073170731707317,1.4878048780487805,1.7134146341463414,1.2865853658536586,93
1040403.6829268293,2005.9756097560976,42.25,1.9451219512195121,1.25,3.073170731707317,1.4878048780487805,1.7134146341463414,1.2865853658536586,123
1040403.6829268293,2005.9756097560976,42.25,1.9451219512195121,1.25,3.073170731707317,1.4878048780487805,1.7134146341463414,1.2865853658536586,278
1040403.6829268293,2005.9756097560976,42.25,1.9451219512195121,1.25,3.073170731707317,1.4878048780487805,1.7134146341463414,1.2865853658536586,107
1040403.6829268293,2005.9756097560976,42.25,1.9451219512195121,1.25,3.073170731707317,1.4878048780487805,1.7134146341463414,1.2865853658536586,75
1040403.6829268293,2005.9756097560976,42.25,1.9451219512195121,1.25,3.073170731707317,1.4878048780487805,1.7134146341463414,1.2865853658536586,110
1040403.6829268293,2005.9756097560976,42.25,1.9451219512195121,1.25,3.073170731707317,1.4878048780487805,1.7134146341463414,1.2865853658536586,72
1040403.6829268293,2005.9756097560976,42.25,1.9451219512195121,1.25,3.073170731707317,1.4878048780487805,1.7134146341463414,1.2865853658536586,74
1040403.6829268293,2005.9756097560976,42.25,1.9451219512195121,1.25,3.073170731707317,1.4878048780487805,1.7134146341463414,1.2865853658536586,114
1040403.6829268293,2005.9756097560976,42.25,1.9451219512195121,1.25,3.073170731707317,1.4878048780487805,1.7134146341463414,1.2865853658536586,88
1040403.6829268293,2005.9756097560976,42.25,1.9451219512195121,1.25,3.073170731707317,1.4878048780487805,1.7134146341463414,1.2865853658536586,96
1040403.6829268293,2005.9756097560976,42.25,1.9451219512195121,1.25,3.073170731707317,1.4878048780487805,1.7134146341463414,1.2865853658536586,127
1040403.6829268293,2005.9756097560976,42.25,1.9451219512195121,1.25,3.073170731707317,1.4878048780487805,1.7134146341463414,1.2865853658536586,55
1040403.6829268293,2005.9756097560976,42.25,1.9451219512195121,1.25,3.073170731707317,1.4878048780487805,1.7134146341463414,1.2865853658536586,100
1040403.6829268293,2005.9756097560976,42.25,1.9451219512195121,1.25,3.073170731707317,1.4878048780487805,1.7134146341463414,1.2865853658536586,84
1040403.6829268293,2005.9756097560976,42.25,1.9451219512195121,1.25,3.073170731707317,1.4878048780487805,1.7134146341463414,1.2865853658536586,59
1040403.6829268293,2005.9756097560976,42.25,1.9451219512195121,1.25,3.073170731707317,1.4878048780487805,1.7134146341463414,1.2865853658536586,90
1040403.6829268293,2005.9756097560976,42.25,1.9451219512195121,1.25,3.073170731707317,1.4878048780487805,1.7134146341463414,1.2865853658536586,119
1040403.6829268293,2005.9756097560976,42.25,1.9451219512195121,1.25,3.073170731707317,1.4878048780487805,1.7134146341463414,1.2865853658536586,112
1040403.6829268293,2005.9756097560976,42.25,1.9451219512195121,1.25,3.073170731707317,1.4878048780487805,1.7134146341463414,1.2865853658536586,131
1040403.6829268293,2005.9756097560976,42.25,1.9451219512195121,1.25,3.073170731707317,1.4878048780487805,1.7134146341463414,1.2865853658536586,94
1040403.6829268293,2005.9756097560976,42.25,1.9451219512195121,1.25,3.073170731707317,1.4878048780487805,1.7134146341463414,1.2865853658536586,111
1040403.6829268293,2005.9756097560976,42.25,1.9451219512195121,1.25,3.073170731707317,1.4878048780487805,1.7134146341463414,1.2865853658536586,119
1040403.6829268293,2005.9756097560976,42.25,1.9451219512195121,1.25,3.073170731707317,1.4878048780487805,1.7134146341463414,1.2865853658536586,115
1040403.6829268293,2005.9756097560976,42.25,1.9451219512195121,1.25,3.073170731707317,1.4878048780487805,1.7134146341463414,1.2865853658536586,131
1040403.6829268293,2005.9756097560976,42.25,1.9451219512195121,1.25,3.073170731707317,1.4878048780487805,1.7134146341463414,1.2865853658536586,127
1040403.6829268293,2005.9756097560976,42.25,1.9451219512195121,1.25,3.073170731707317,1.4878048780487805,1.7134146341463414,1.2865853658536586,93
1040403.6829268293,2005.9756097560976,42.25,1.9451219512195121,1.25,3.073170731707317,1.4878048780487805,1.7134146341463414,1.2865853658536586,66
1040403.6829268293,2005.9756097560976,42.25,1.9451219512195121,1.25,3.073170731707317,1.4878048780487805,1.7134146341463414,1.2865853658536586,155
1040403.6829268293,2005.9756097560976,42.25,1.9451219512195121,1.25,3.073170731707317,1.4878048780487805,1.7134146341463414,1.2865853658536586,126
1040403.6829268293,2005.9756097560976,42.25,1.9451219512195121,1.25,3.073170731707317,1.4878048780487805,1.7134146341463414,1.2865853658536586,119
1040403.6829268293,2005.9756097560976,42.25,1.9451219512195121,1.25,3.073170731707317,1.4878048780487805,1.7134146341463414,1.2865853658536586,148
1040403.6829268293,2005.9756097560976,42.25,1.9451219512195121,1.25,3.073170731707317,1.4878048780487805,1.7134146341463414,1.2865853658536586,65
1040403.6829268293,2005.9756097560976,42.25,1.9451219512195121,1.25,3.073170731707317,1.4878048780487805,1.7134146341463414,1.2865853658536586,127
1040403.6829268293,2005.9756097560976,42.25,1.9451219512195121,1.25,3.073170731707317,1.4878048780487805,1.7134146341463414,1.2865853658536586,105
1040403.6829268293,2005.9756097560976,42.25,1.9451219512195121,1.25,3.073170731707317,1.4878048780487805,1.7134146341463414,1.2865853658536586,110
1040403.6829268293,2005.9756097560976,42.25,1.9451219512195121,1.25,3.073170731707317,1.4878048780487805,1.7134146341463414,1.2865853658536586,75
1040403.6829268293,2005.9756097560976,42.25,1.9451219512195121,1.25,3.073170731707317,1.4878048780487805,1.7134146341463414,1.2865853658536586,100
1040403.6829268293,2005.9756097560976,42.25,1.9451219512195121,1.25,3.073170731707317,1.4878048780487805,1.7134146341463414,1.2865853658536586,112
1040403.6829268293,2005.9756097560976,42.25,1.9451219512195121,1.25,3.073170731707317,1.4878048780487805,1.7134146341463414,1.2865853658536586,123
1040403.6829268293,2005.9756097560976,42.25,1.9451219512195121,1.25,3.073170731707317,1.4878048780487805,1.7134146341463414,1.2865853658536586,114
1040403.6829268293,2005.9756097560976,42.25,1.9451219512195121,1.25,3.073170731707317,1.4878048780487805,1.7134146341463414,1.2865853658536586,94
1040403.6829268293,2005.9756097560976,42.25,1.9451219512195121,1.25,3.073170731707317,1.4878048780487805,1.7134146341463414,1.2865853658536586,74
1040403.6829268293,2005.9756097560976,42.25,1.9451219512195121,1.25,3.073170731707317,1.4878048780487805,1.7134146341463414,1.2865853658536586,81
1040403.6829268293,2005.9756097560976,42.25,1.9451219512195121,1.25,3.073170731707317,1.4878048780487805,1.7134146341463414,1.2865853658536586,88
1040403.6829268293,2005.9756097560976,42.25,1.9451219512195121,1.25,3.073170731707317,1.4878048780487805,1.7134146341463414,1.2865853658536586,121
