1053103.6165413533,2005.857142857143,42.7593984962406,1.894736842105263,1.2706766917293233,3.1240601503759398,1.443609022556391,1.6917293233082706,1.3082706766917294,156
1053103.6165413533,2005.857142857143,42.7593984962406,1.894736842105263,1.2706766917293233,3.1240601503759398,1.443609022556391,1.6917293233082706,1.3082706766917294,123
1053103.6165413533,2005.857142857143,42.7593984962406,1.894736842105263,1.2706766917293233,3.1240601503759398,1.443609022556391,1.6917293233082706,1.3082706766917294,89
1053103.6165413533,2005.857142857143,42.7593984962406,1.894736842105263,1.2706766917293233,3.1240601503759398,1.443609022556391,1.6917293233082706,1.3082706766917294,105
1053103.6165413533,2005.857142857143,42.7593984962406,1.894736842105263,1.2706766917293233,3.1240601503759398,1.443609022556391,1.6917293233082706,1.3082706766917294,66
1053103.6165413533,2005.857142857143,42.7593984962406,1.894736842105263,1.2706766917293233,3.1240601503759398,1.443609022556391,1.6917293233082706,1.3082706766917294,68
1053103.6165413533,2005.857142857143,42.7593984962406,1.894736842105263,1.2706766917293233,3.1240601503759398,1.443609022556391,1.6917293233082706,1.3082706766917294,29
1053103.6165413533,2005.857142857143,42.7593984962406,1.894736842105263,1.2706766917293233,3.1240601503759398,1.443609022556391,1.6917293233082706,1.3082706766917294,110
1053103.6165413533,2005.857142857143,42.7593984962406,1.894736842105263,1.2706766917293233,3.1240601503759398,1.443609022556391,1.6917293233082706,1.3082706766917294,112
1053103.6165413533,2005.857142857143,42.7593984962406,1.894736842105263,1.2706766917293233,3.1240601503759398,1.443609022556391,1.6917293233082706,1.3082706766917294,114
1053103.6165413533,2005.857142857143,42.7593984962406,1.894736842105263,1.2706766917293233,3.1240601503759398,1.443609022556391,1.6917293233082706,1.3082706766917294,70
1053103.6165413533,2005.857142857143,42.7593984962406,1.894736842105263,1.2706766917293233,3.1240601503759398,1.443609022556391,1.6917293233082706,1.3082706766917294,86
1053103.6165413533,2005.857142857143,42.7593984962406,1.894736842105263,1.2706766917293233,3.1240601503759398,1.443609022556391,1.6917293233082706,1.3082706766917294,81
1053103.6165413533,2005.857142857143,42.7593984962406,1.894736842105263,1.2706766917293233,3.1240601503759398,1.443609022556391,1.6917293233082706,1.3082706766917294,88
1053103.6165413533,2005.857142857143,42.7593984962406,1.894736842105263,1.2706766917293233,3.1240601503759398,1.443609022556391,1.6917293233082706,1.3082706766917294,74
1053103.6165413533,2005.857142857143,42.7593984962406,1.894736842105263,1.2706766917293233,3.1240601503759398,1.443609022556391,1.6917293233082706,1.3082706766917294,94
1053103.6165413533,2005.857142857143,42.7593984962406,1.894736842105263,1.2706766917293233,3.1240601503759398,1.443609022556391,1.6917293233082706,1.3082706766917294,127
1053103.6165413533,2005.857142857143,42.7593984962406,1.894736842105263,1.2706766917293233,3.1240601503759398,1.443609022556391,1.6917293233082706,1.3082706766917294,93
1053103.6165413533,2005.857142857143,42.7593984962406,1.894736842105263,1.2706766917293233,3.1240601503759398,1.443609022556391,1.6917293233082706,1.3082706766917294,136
1053103.6165413533,2005.857142857143,42.7593984962406,1.894736842105263,1.2706766917293233,3.1240601503759398,1.443609022556391,1.6917293233082706,1.3082706766917294,148
1053103.6165413533,2005.857142857143,42.7593984962406,1.894736842105263,1.2706766917293233,3.1240601503759398,1.443609022556391,1.6917293233082706,1.3082706766917294,91
1053103.6165413533,2005.857142857143,42.7593984962406,1.894736842105263,1.2706766917293233,3.1240601503759398,1.443609022556391,1.6917293233082706,1.3082706766917294,106
1053103.6165413533,2005.857142857143,42.7593984962406,1.894736842105263,1.2706766917293233,3.1240601503759398,1.443609022556391,1.6917293233082706,1.3082706766917294,90
1053103.6165413533,2005.857142857143,42.7593984962406,1.894736842105263,1.2706766917293233,3.1240601503759398,1.443609022556391,1.6917293233082706,1.3082706766917294,279
1053103.6165413533,2005.857142857143,42.7593984962406,1.894736842105263,1.2706766917293233,3.1240601503759398,1.443609022556391,1.6917293233082706,1.3082706766917294,100
1053103.6165413533,2005.857142857143,42.7593984962406,1.894736842105263,1.2706766917293233,3.1240601503759398,1.443609022556391,1.6917293233082706,1.3082706766917294,127
1053103.6165413533,2005.857142857143,42.7593984962406,1.894736842105263,1.2706766917293233,3.1240601503759398,1.443609022556391,1.6917293233082706,1.3082706766917294,119
1053103.6165413533,2005.857142857143,42.7593984962406,1.894736842105263,1.2706766917293233,3.1240601503759398,1.443609022556391,1.6917293233082706,1.3082706766917294,119
1053103.6165413533,2005.857142857143,42.7593984962406,1.894736842105263,1.2706766917293233,3.1240601503759398,1.443609022556391,1.6917293233082706,1.3082706766917294,159
1053103.6165413533,2005.857142857143,42.7593984962406,1.894736842105263,1.2706766917293233,3.1240601503759398,1.443609022556391,1.6917293233082706,1.3082706766917294,142
1053103.6165413533,2005.857142857143,42.7593984962406,1.894736842105263,1.2706766917293233,3.1240601503759398,1.443609022556391,1.6917293233082706,1.3082706766917294,75
1053103.6165413533,2005.857142857143,42.7593984962406,1.894736842105263,1.2706766917293233,3.1240601503759398,1.443609022556391,1.6917293233082706,1.3082706766917294,153
1053103.6165413533,2005.857142857143,42.7593984962406,1.894736842105263,1.2706766917293233,3.1240601503759398,1.443609022556391,1.6917293233082706,1.3082706766917294,120
1053103.6165413533,2005.857142857143,42.7593984962406,1.894736842105263,1.2706766917293233,3.1240601503759398,1.443609022556391,1.6917293233082706,1.3082706766917294,112
1053103.6165413533,2005.857142857143,42.7593984962406,1.894736842105263,1.2706766917293233,3.1240601503759398,1.443609022556391,1.6917293233082706,1.3082706766917294,272
1053103.6165413533,2005.857142857143,42.7593984962406,1.894736842105263,1.2706766917293233,3.1240601503759398,1.443609022556391,1.6917293233082706,1.3082706766917294,89
1053103.6165413533,2005.857142857143,42.7593984962406,1.894736842105263,1.2706766917293233,3.1240601503759398,1.443609022556391,1.6917293233082706,1.3082706766917294,107
1053103.6165413533,2005.857142857143,42.7593984962406,1.894736842105263,1.2706766917293233,3.1240601503759398,1.443609022556391,1.6917293233082706,1.3082706766917294,105
1053103.6165413533,2005.857142857143,42.7593984962406,1.894736842105263,1.2706766917293233,3.1240601503759398,1.443609022556391,1.6917293233082706,1.3082706766917294,129
1053103.6165413533,2005.857142857143,42.7593984962406,1.894736842105263,1.2706766917293233,3.1240601503759398,1.443609022556391,1.6917293233082706,1.3082706766917294,100
1053103.6165413533,2005.857142857143,42.7593984962406,1.894736842105263,1.2706766917293233,3.1240601503759398,1.443609022556391,1.6917293233082706,1.3082706766917294,148
1053103.6165413533,2005.857142857143,42.7593984962406,1.894736842105263,1.2706766917293233,3.1240601503759398,1.443609022556391,1.6917293233082706,1.3082706766917294,84
1053103.6165413533,2005.857142857143,42.7593984962406,1.894736842105263,1.2706766917293233,3.1240601503759398,1.443609022556391,1.6917293233082706,1.3082706766917294,106
1053103.6165413533,2005.857142857143,42.7593984962406,1.894736842105263,1.2706766917293233,3.1240601503759398,1.443609022556391,1.6917293233082706,1.3082706766917294,96
1053103.6165413533,2005.857142857143,42.7593984962406,1.894736842105263,1.2706766917293233,3.1240601503759398,1.443609022556391,1.6917293233082706,1.3082706766917294,55
1053103.6165413533,2005.857142857143,42.7593984962406,1.894736842105263,1.2706766917293233,3.1240601503759398,1.443609022556391,1.6917293233082706,1.3082706766917294,94
1053103.6165413533,2005.857142857143,42.7593984962406,1.894736842105263,1.2706766917293233,3.1240601503759398,1.443609022556391,1.6917293233082706,1.3082706766917294,32
1053103.6165413533,2005.857142857143,42.7593984962406,1.894736842105263,1.2706766917293233,3.1240601503759398,1.443609022556391,1.6917293233082706,1.3082706766917294,72
1053103.6165413533,2005.857142857143,42.7593984962406,1.894736842105263,1.2706766917293233,3.1240601503759398,1.443609022556391,1.6917293233082706,1.3082706766917294,81
1053103.6165413533,2005.857142857143,42.7593984962406,1.894736842105263,1.2706766917293233,3.1240601503759398,1.443609022556391,1.6917293233082706,1.3082706766917294,184
1053103.6165413533,2005.857142857143,42.7593984962406,1.894736842105263,1.2706766917293233,3.1240601503759398,1.443609022556391,1.6917293233082706,1.3082706766917294,125
1053103.6165413533,2005.857142857143,42.7593984962406,1.894736842105263,1.2706766917293233,3.1240601503759398,1.443609022556391,1.6917293233082706,1.3082706766917294,119
1053103.6165413533,2005.857142857143,42.7593984962406,1.894736842105263,1.2706766917293233,3.1240601503759398,1.443609022556391,1.6917293233082706,1.3082706766917294,75
1053103.6165413533,2005.857142857143,42.7593984962406,1.894736842105263,1.2706766917293233,3.1240601503759398,1.443609022556391,1.6917293233082706,1.3082706766917294,93
1053103.6165413533,2005.857142857143,42.7593984962406,1.894736842105263,1.2706766917293233,3.1240601503759398,1.443609022556391,1.6917293233082706,1.3082706766917294,110
1053103.6165413533,2005.857142857143,42.7593984962406,1.894736842105263,1.2706766917293233,3.1240601503759398,1.443609022556391,1.6917293233082706,1.3082706766917294,127
1053103.6165413533,2005.857142857143,42.7593984962406,1.894736842105263,1.2706766917293233,3.1240601503759398,1.443609022556391,1.6917293233082706,1.3082706766917294,189
1053103.6165413533,2005.857142857143,42.7593984962406,1.894736842105263,1.2706766917293233,3.1240601503759398,1.443609022556391,1.6917293233082706,1.3082706766917294,131
1053103.6165413533,2005.857142857143,42.7593984962406,1.894736842105263,1.2706766917293233,3.1240601503759398,1.443609022556391,1.6917293233082706,1.3082706766917294,139
1053103.6165413533,2005.857142857143,42.7593984962406,1.894736842105263,1.2706766917293233,3.1240601503759398,1.443609022556391,1.6917293233082706,1.3082706766917294,114
1053103.6165413533,2005.857142857143,42.7593984962406,1.894736842105263,1.2706766917293233,3.1240601503759398,1.443609022556391,1.6917293233082706,1.3082706766917294,52
1053103.6165413533,2005.857142857143,42.7593984962406,1.894736842105263,1.2706766917293233,3.1240601503759398,1.443609022556391,1.6917293233082706,1.3082706766917294,122
1053103.6165413533,2005.857142857143,42.7593984962406,1.894736842105263,1.2706766917293233,3.1240601503759398,1.443609022556391,1.6917293233082706,1.3082706766917294,88
1053103.6165413533,2005.857142857143,42.7593984962406,1.894736842105263,1.2706766917293233,3.1240601503759398,1.443609022556391,1.6917293233082706,1.3082706766917294,99
1053103.6165413533,2005.857142857143,42.7593984962406,1.894736842105263,1.2706766917293233,3.1240601503759398,1.443609022556391,1.6917293233082706,1.3082706766917294,74
1053103.6165413533,2005.857142857143,42.7593984962406,1.894736842105263,1.2706766917293233,3.1240601503759398,1.443609022556391,1.6917293233082706,1.3082706766917294,123
1053103.6165413533,2005.857142857143,42.7593984962406,1.894736842105263,1.2706766917293233,3.1240601503759398,1.443609022556391,1.6917293233082706,1.3082706766917294,126
1053103.6165413533,2005.857142857143,42.7593984962406,1.894736842105263,1.2706766917293233,3.1240601503759398,1.443609022556391,1.6917293233082706,1.3082706766917294,145
1053103.6165413533,2005.857142857143,42.7593984962406,1.894736842105263,1.2706766917293233,3.1240601503759398,1.443609022556391,1.6917293233082706,1.3082706766917294,40
1053103.6165413533,2005.857142857143,42.7593984962406,1.894736842105263,1.2706766917293233,3.1240601503759398,1.443609022556391,1.6917293233082706,1.3082706766917294,157
1053103.6165413533,2005.857142857143,42.7593984962406,1.894736842105263,1.2706766917293233,3.1240601503759398,1.443609022556391,1.6917293233082706,1.3082706766917294,63
1053103.6165413533,2005.857142857143,42.7593984962406,1.894736842105263,1.2706766917293233,3.1240601503759398,1.443609022556391,1.6917293233082706,1.3082706766917294,104
1053103.6165413533,2005.857142857143,42.7593984962406,1.894736842105263,1.2706766917293233,3.1240601503759398,1.443609022556391,1.6917293233082706,1.3082706766917294,123
1053103.6165413533,2005.857142857143,42.7593984962406,1.894736842105263,1.2706766917293233,3.1240601503759398,1.443609022556391,1.6917293233082706,1.3082706766917294,121
1053103.6165413533,2005.857142857143,42.7593984962406,1.894736842105263,1.2706766917293233,3.1240601503759398,1.443609022556391,1.6917293233082706,1.3082706766917294,87
1053103.6165413533,2005.857142857143,42.7593984962406,1.894736842105263,1.2706766917293233,3.1240601503759398,1.443609022556391,1.6917293233082706,1.3082706766917294,181
1053103.6165413533,2005.857142857143,42.7593984962406,1.894736842105263,1.2706766917293233,3.1240601503759398,1.443609022556391,1.6917293233082706,1.3082706766917294,170
1053103.6165413533,2005.857142857143,42.7593984962406,1.894736842105263,1.2706766917293233,3.1240601503759398,1.443609022556391,1.6917293233082706,1.3082706766917294,100
1053103.6165413533,2005.857142857143,42.7593984962406,1.894736842105263,1.2706766917293233,3.1240601503759398,1.443609022556391,1.6917293233082706,1.3082706766917294,113
1053103.6165413533,2005.857142857143,42.7593984962406,1.894736842105263,1.2706766917293233,3.1240601503759398,1.443609022556391,1.6917293233082706,1.3082706766917294,129
1053103.6165413533,2005.857142857143,42.7593984962406,1.894736842105263,1.2706766917293233,3.1240601503759398,1.443609022556391,1.6917293233082706,1.3082706766917294,145
1053103.6165413533,2005.857142857143,42.7593984962406,1.894736842105263,1.2706766917293233,3.1240601503759398,1.443609022556391,1.6917293233082706,1.3082706766917294,96
1053103.6165413533,2005.857142857143,42.7593984962406,1.894736842105263,1.2706766917293233,3.1240601503759398,1.443609022556391,1.6917293233082706,1.3082706766917294,27
1053103.6165413533,2005.857142857143,42.7593984962406,1.894736842105263,1.2706766917293233,3.1240601503759398,1.443609022556391,1.6917293233082706,1.3082706766917294,31
1053103.6165413533,2005.857142857143,42.7593984962406,1.894736842105263,1.2706766917293233,3.1240601503759398,1.443609022556391,1.6917293233082706,1.3082706766917294,146
1053103.6165413533,2005.857142857143,42.7593984962406,1.894736842105263,1.2706766917293233,3.1240601503759398,1.443609022556391,1.6917293233082706,1.3082706766917294,134
1053103.6165413533,2005.857142857143,42.7593984962406,1.894736842105263,1.2706766917293233,3.1240601503759398,1.443609022556391,1.6917293233082706,1.3082706766917294,115
1053103.6165413533,2005.857142857143,42.7593984962406,1.894736842105263,1.2706766917293233,3.1240601503759398,1.443609022556391,1.6917293233082706,1.3082706766917294,76
1053103.6165413533,2005.857142857143,42.7593984962406,1.894736842105263,1.2706766917293233,3.1240601503759398,1.443609022556391,1.6917293233082706,1.3082706766917294,53
1053103.6165413533,2005.857142857143,42.7593984962406,1.894736842105263,1.2706766917293233,3.1240601503759398,1.443609022556391,1.6917293233082706,1.3082706766917294,148
1053103.6165413533,2005.857142857143,42.7593984962406,1.894736842105263,1.2706766917293233,3.1240601503759398,1.443609022556391,1.6917293233082706,1.3082706766917294,179
1053103.6165413533,2005.857142857143,42.7593984962406,1.894736842105263,1.2706766917293233,3.1240601503759398,1.443609022556391,1.6917293233082706,1.3082706766917294,124
1053103.6165413533,2005.857142857143,42.7593984962406,1.894736842105263,1.2706766917293233,3.1240601503759398,1.443609022556391,1.6917293233082706,1.3082706766917294,85
1053103.6165413533,2005.857142857143,42.7593984962406,1.894736842105263,1.2706766917293233,3.1240601503759398,1.443609022556391,1.6917293233082706,1.3082706766917294,102
1053103.6165413533,2005.857142857143,42.7593984962406,1.894736842105263,1.2706766917293233,3.1240601503759398,1.443609022556391,1.6917293233082706,1.3082706766917294,88
1053103.6165413533,2005.857142857143,42.7593984962406,1.894736842105263,1.2706766917293233,3.1240601503759398,1.443609022556391,1.6917293233082706,1.3082706766917294,110
1053103.6165413533,2005.857142857143,42.7593984962406,1.894736842105263,1.2706766917293233,3.1240601503759398,1.443609022556391,1.6917293233082706,1.3082706766917294,110
1053103.6165413533,2005.857142857143,42.7593984962406,1.894736842105263,1.2706766917293233,3.1240601503759398,1.443609022556391,1.6917293233082706,1.3082706766917294,131
1053103.6165413533,2005.857142857143,42.7593984962406,1.894736842105263,1.2706766917293233,3.1240601503759398,1.443609022556391,1.6917293233082706,1.3082706766917294,81
1053103.6165413533,2005.857142857143,42.7593984962406,1.894736842105263,1.2706766917293233,3.1240601503759398,1.443609022556391,1.6917293233082706,1.3082706766917294,127
1053103.6165413533,2005.857142857143,42.7593984962406,1.894736842105263,1.2706766917293233,3.1240601503759398,1.443609022556391,1.6917293233082706,1.3082706766917294,176
1053103.6165413533,2005.857142857143,42.7593984962406,1.894736842105263,1.2706766917293233,3.1240601503759398,1.443609022556391,1.6917293233082706,1.3082706766917294,94
1053103.6165413533,2005.857142857143,42.7593984962406,1.894736842105263,1.2706766917293233,3.1240601503759398,1.443609022556391,1.6917293233082706,1.3082706766917294,80
1053103.6165413533,2005.857142857143,42.7593984962406,1.894736842105263,1.2706766917293233,3.1240601503759398,1.443609022556391,1.6917293233082706,1.3082706766917294,79
1053103.6165413533,2005.857142857143,42.7593984962406,1.894736842105263,1.2706766917293233,3.1240601503759398,1.443609022556391,1.6917293233082706,1.3082706766917294,198
1053103.6165413533,2005.857142857143,42.7593984962406,1.894736842105263,1.2706766917293233,3.1240601503759398,1.443609022556391,1.6917293233082706,1.3082706766917294,95
1053103.6165413533,2005.857142857143,42.7593984962406,1.894736842105263,1.2706766917293233,3.1240601503759398,1.443609022556391,1.6917293233082706,1.3082706766917294,155
1053103.6165413533,2005.857142857143,42.7593984962406,1.894736842105263,1.2706766917293233,3.1240601503759398,1.443609022556391,1.6917293233082706,1.3082706766917294,83
1053103.6165413533,2005.857142857143,42.7593984962406,1.894736842105263,1.2706766917293233,3.1240601503759398,1.443609022556391,1.6917293233082706,1.3082706766917294,65
1053103.6165413533,2005.857142857143,42.7593984962406,1.894736842105263,1.2706766917293233,3.1240601503759398,1.443609022556391,1.6917293233082706,1.3082706766917294,47
1053103.6165413533,2005.857142857143,42.7593984962406,1.894736842105263,1.2706766917293233,3.1240601503759398,1.443609022556391,1.6917293233082706,1.3082706766917294,23
1053103.6165413533,2005.857142857143,42.7593984962406,1.894736842105263,1.2706766917293233,3.1240601503759398,1.443609022556391,1.6917293233082706,1.3082706766917294,84
1053103.6165413533,2005.857142857143,42.7593984962406,1.894736842105263,1.2706766917293233,3.1240601503759398,1.443609022556391,1.6917293233082706,1.3082706766917294,126
1053103.6165413533,2005.857142857143,42.7593984962406,1.894736842105263,1.2706766917293233,3.1240601503759398,1.443609022556391,1.6917293233082706,1.3082706766917294,55
1053103.6165413533,2005.857142857143,42.7593984962406,1.894736842105263,1.2706766917293233,3.1240601503759398,1.443609022556391,1.6917293233082706,1.3082706766917294,119
1053103.6165413533,2005.857142857143,42.7593984962406,1.894736842105263,1.2706766917293233,3.1240601503759398,1.443609022556391,1.6917293233082706,1.3082706766917294,154
1053103.6165413533,2005.857142857143,42.7593984962406,1.894736842105263,1.2706766917293233,3.1240601503759398,1.443609022556391,1.6917293233082706,1.3082706766917294,105
1053103.6165413533,2005.857142857143,42.7593984962406,1.894736842105263,1.2706766917293233,3.1240601503759398,1.443609022556391,1.6917293233082706,1.3082706766917294,107
1053103.6165413533,2005.857142857143,42.7593984962406,1.894736842105263,1.2706766917293233,3.1240601503759398,1.443609022556391,1.6917293233082706,1.3082706766917294,73
1053103.6165413533,2005.857142857143,42.7593984962406,1.894736842105263,1.2706766917293233,3.1240601503759398,1.443609022556391,1.6917293233082706,1.3082706766917294,72
1053103.6165413533,2005.857142857143,42.7593984962406,1.894736842105263,1.2706766917293233,3.1240601503759398,1.443609022556391,1.6917293233082706,1.3082706766917294,108
1053103.6165413533,2005.857142857143,42.7593984962406,1.894736842105263,1.2706766917293233,3.1240601503759398,1.443609022556391,1.6917293233082706,1.3082706766917294,121
1053103.6165413533,2005.857142857143,42.7593984962406,1.894736842105263,1.2706766917293233,3.1240601503759398,1.443609022556391,1.6917293233082706,1.3082706766917294,268
1053103.6165413533,2005.857142857143,42.7593984962406,1.894736842105263,1.2706766917293233,3.1240601503759398,1.443609022556391,1.6917293233082706,1.3082706766917294,57
1053103.6165413533,2005.857142857143,42.7593984962406,1.894736842105263,1.2706766917293233,3.1240601503759398,1.443609022556391,1.6917293233082706,1.3082706766917294,97
1053103.6165413533,2005.857142857143,42.7593984962406,1.894736842105263,1.2706766917293233,3.1240601503759398,1.443609022556391,1.6917293233082706,1.3082706766917294,67
1053103.6165413533,2005.857142857143,42.7593984962406,1.894736842105263,1.2706766917293233,3.1240601503759398,1.443609022556391,1.6917293233082706,1.3082706766917294,109
1053103.6165413533,2005.857142857143,42.7593984962406,1.894736842105263,1.2706766917293233,3.1240601503759398,1.443609022556391,1.6917293233082706,1.3082706766917294,85
1053103.6165413533,2005.857142857143,42.7593984962406,1.894736842105263,1.2706766917293233,3.1240601503759398,1.443609022556391,1.6917293233082706,1.3082706766917294,100
1053103.6165413533,2005.857142857143,42.7593984962406,1.894736842105263,1.2706766917293233,3.1240601503759398,1.443609022556391,1.6917293233082706,1.3082706766917294,114
1053103.6165413533,2005.857142857143,42.7593984962406,1.894736842105263,1.2706766917293233,3.1240601503759398,1.443609022556391,1.6917293233082706,1.3082706766917294,88
1053103.6165413533,2005.857142857143,42.7593984962406,1.894736842105263,1.2706766917293233,3.1240601503759398,1.443609022556391,1.6917293233082706,1.3082706766917294,83
1053103.6165413533,2005.857142857143,42.7593984962406,1.894736842105263,1.2706766917293233,3.1240601503759398,1.443609022556391,1.6917293233082706,1.3082706766917294,129
1053103.6165413533,2005.857142857143,42.7593984962406,1.894736842105263,1.2706766917293233,3.1240601503759398,1.443609022556391,1.6917293233082706,1.3082706766917294,102
1053103.6165413533,2005.857142857143,42.7593984962406,1.894736842105263,1.2706766917293233,3.1240601503759398,1.443609022556391,1.6917293233082706,1.3082706766917294,127
1053103.6165413533,2005.857142857143,42.7593984962406,1.894736842105263,1.2706766917293233,3.1240601503759398,1.443609022556391,1.6917293233082706,1.3082706766917294,148
1053103.6165413533,2005.857142857143,42.7593984962406,1.894736842105263,1.2706766917293233,3.1240601503759398,1.443609022556391,1.6917293233082706,1.3082706766917294,155
1053103.6165413533,2005.857142857143,42.7593984962406,1.894736842105263,1.2706766917293233,3.1240601503759398,1.443609022556391,1.6917293233082706,1.3082706766917294,80
1053103.6165413533,2005.857142857143,42.7593984962406,1.894736842105263,1.2706766917293233,3.1240601503759398,1.443609022556391,1.6917293233082706,1.3082706766917294,92
1053103.6165413533,2005.857142857143,42.7593984962406,1.894736842105263,1.2706766917293233,3.1240601503759398,1.443609022556391,1.6917293233082706,1.3082706766917294,128
1053103.6165413533,2005.857142857143,42.7593984962406,1.894736842105263,1.2706766917293233,3.1240601503759398,1.443609022556391,1.6917293233082706,1.3082706766917294,318
1053103.6165413533,2005.857142857143,42.7593984962406,1.894736842105263,1.2706766917293233,3.1240601503759398,1.443609022556391,1.6917293233082706,1.3082706766917294,65
1053103.6165413533,2005.857142857143,42.7593984962406,1.894736842105263,1.2706766917293233,3.1240601503759398,1.443609022556391,1.6917293233082706,1.3082706766917294,94
1053103.6165413533,2005.857142857143,42.7593984962406,1.894736842105263,1.2706766917293233,3.1240601503759398,1.443609022556391,1.6917293233082706,1.3082706766917294,161
1053103.6165413533,2005.857142857143,42.7593984962406,1.894736842105263,1.2706766917293233,3.1240601503759398,1.443609022556391,1.6917293233082706,1.3082706766917294,168
1053103.6165413533,2005.857142857143,42.7593984962406,1.894736842105263,1.2706766917293233,3.1240601503759398,1.443609022556391,1.6917293233082706,1.3082706766917294,137
1053103.6165413533,2005.857142857143,42.7593984962406,1.894736842105263,1.2706766917293233,3.1240601503759398,1.443609022556391,1.6917293233082706,1.3082706766917294,187
1053103.6165413533,2005.857142857143,42.7593984962406,1.894736842105263,1.2706766917293233,3.1240601503759398,1.443609022556391,1.6917293233082706,1.3082706766917294,88
1053103.6165413533,2005.857142857143,42.7593984962406,1.894736842105263,1.2706766917293233,3.1240601503759398,1.443609022556391,1.6917293233082706,1.3082706766917294,69
1053103.6165413533,2005.857142857143,42.7593984962406,1.894736842105263,1.2706766917293233,3.1240601503759398,1.443609022556391,1.6917293233082706,1.3082706766917294,144
1053103.6165413533,2005.857142857143,42.7593984962406,1.894736842105263,1.2706766917293233,3.1240601503759398,1.443609022556391,1.6917293233082706,1.3082706766917294,282
1053103.6165413533,2005.857142857143,42.7593984962406,1.894736842105263,1.2706766917293233,3.1240601503759398,1.443609022556391,1.6917293233082706,1.3082706766917294,117
1053103.6165413533,2005.857142857143,42.7593984962406,1.894736842105263,1.2706766917293233,3.1240601503759398,1.443609022556391,1.6917293233082706,1.3082706766917294,169
1053103.6165413533,2005.857142857143,42.7593984962406,1.894736842105263,1.2706766917293233,3.1240601503759398,1.443609022556391,1.6917293233082706,1.3082706766917294,193
1053103.6165413533,2005.857142857143,42.7593984962406,1.894736842105263,1.2706766917293233,3.1240601503759398,1.443609022556391,1.6917293233082706,1.3082706766917294,62
1053103.6165413533,2005.857142857143,42.7593984962406,1.894736842105263,1.2706766917293233,3.1240601503759398,1.443609022556391,1.6917293233082706,1.3082706766917294,54
1053103.6165413533,2005.857142857143,42.7593984962406,1.894736842105263,1.2706766917293233,3.1240601503759398,1.443609022556391,1.6917293233082706,1.3082706766917294,100
1053103.6165413533,2005.857142857143,42.7593984962406,1.894736842105263,1.2706766917293233,3.1240601503759398,1.443609022556391,1.6917293233082706,1.3082706766917294,115
1053103.6165413533,2005.857142857143,42.7593984962406,1.894736842105263,1.2706766917293233,3.1240601503759398,1.443609022556391,1.6917293233082706,1.3082706766917294,143
1053103.6165413533,2005.857142857143,42.7593984962406,1.894736842105263,1.2706766917293233,3.1240601503759398,1.443609022556391,1.6917293233082706,1.3082706766917294,81
1053103.6165413533,2005.857142857143,42.7593984962406,1.894736842105263,1.2706766917293233,3.1240601503759398,1.443609022556391,1.6917293233082706,1.3082706766917294,95
1053103.6165413533,2005.857142857143,42.7593984962406,1.894736842105263,1.2706766917293233,3.1240601503759398,1.443609022556391,1.6917293233082706,1.3082706766917294,24
1053103.6165413533,2005.857142857143,42.7593984962406,1.894736842105263,1.2706766917293233,3.1240601503759398,1.443609022556391,1.6917293233082706,1.3082706766917294,177
1053103.6165413533,2005.857142857143,42.7593984962406,1.894736842105263,1.2706766917293233,3.1240601503759398,1.443609022556391,1.6917293233082706,1.3082706766917294,171
1053103.6165413533,2005.857142857143,42.7593984962406,1.894736842105263,1.2706766917293233,3.1240601503759398,1.443609022556391,1.6917293233082706,1.3082706766917294,131
1053103.6165413533,2005.857142857143,42.7593984962406,1.894736842105263,1.2706766917293233,3.1240601503759398,1.443609022556391,1.6917293233082706,1.3082706766917294,64
1053103.6165413533,2005.857142857143,42.7593984962406,1.894736842105263,1.2706766917293233,3.1240601503759398,1.443609022556391,1.6917293233082706,1.3082706766917294,119
1053103.6165413533,2005.857142857143,42.7593984962406,1.894736842105263,1.2706766917293233,3.1240601503759398,1.443609022556391,1.6917293233082706,1.3082706766917294,110
1053103.6165413533,2005.857142857143,42.7593984962406,1.894736842105263,1.2706766917293233,3.1240601503759398,1.443609022556391,1.6917293233082706,1.3082706766917294,74
1053103.6165413533,2005.857142857143,42.7593984962406,1.894736842105263,1.2706766917293233,3.1240601503759398,1.443609022556391,1.6917293233082706,1.3082706766917294,130
1053103.6165413533,2005.857142857143,42.7593984962406,1.894736842105263,1.2706766917293233,3.1240601503759398,1.443609022556391,1.6917293233082706,1.3082706766917294,82
1053103.6165413533,2005.857142857143,42.7593984962406,1.894736842105263,1.2706766917293233,3.1240601503759398,1.443609022556391,1.6917293233082706,1.3082706766917294,108
1053103.6165413533,2005.857142857143,42.7593984962406,1.894736842105263,1.2706766917293233,3.1240601503759398,1.443609022556391,1.6917293233082706,1.3082706766917294,118
1053103.6165413533,2005.857142857143,42.7593984962406,1.894736842105263,1.2706766917293233,3.1240601503759398,1.443609022556391,1.6917293233082706,1.3082706766917294,80
1053103.6165413533,2005.857142857143,42.7593984962406,1.894736842105263,1.2706766917293233,3.1240601503759398,1.443609022556391,1.6917293233082706,1.3082706766917294,41
1053103.6165413533,2005.857142857143,42.7593984962406,1.894736842105263,1.2706766917293233,3.1240601503759398,1.443609022556391,1.6917293233082706,1.3082706766917294,92
1053103.6165413533,2005.857142857143,42.7593984962406,1.894736842105263,1.2706766917293233,3.1240601503759398,1.443609022556391,1.6917293233082706,1.3082706766917294,140
1053103.6165413533,2005.857142857143,42.7593984962406,1.894736842105263,1.2706766917293233,3.1240601503759398,1.443609022556391,1.6917293233082706,1.3082706766917294,149
1053103.6165413533,2005.857142857143,42.7593984962406,1.894736842105263,1.2706766917293233,3.1240601503759398,1.443609022556391,1.6917293233082706,1.3082706766917294,177
1053103.6165413533,2005.857142857143,42.7593984962406,1.894736842105263,1.2706766917293233,3.1240601503759398,1.443609022556391,1.6917293233082706,1.3082706766917294,201
1053103.6165413533,2005.857142857143,42.7593984962406,1.894736842105263,1.2706766917293233,3.1240601503759398,1.443609022556391,1.6917293233082706,1.3082706766917294,78
1053103.6165413533,2005.857142857143,42.7593984962406,1.894736842105263,1.2706766917293233,3.1240601503759398,1.443609022556391,1.6917293233082706,1.3082706766917294,100
1053103.6165413533,2005.857142857143,42.7593984962406,1.894736842105263,1.2706766917293233,3.1240601503759398,1.443609022556391,1.6917293233082706,1.3082706766917294,94
1053103.6165413533,2005.857142857143,42.7593984962406,1.894736842105263,1.2706766917293233,3.1240601503759398,1.443609022556391,1.6917293233082706,1.3082706766917294,83
1053103.6165413533,2005.857142857143,42.7593984962406,1.894736842105263,1.2706766917293233,3.1240601503759398,1.443609022556391,1.6917293233082706,1.3082706766917294,71
1053103.6165413533,2005.857142857143,42.7593984962406,1.894736842105263,1.2706766917293233,3.1240601503759398,1.443609022556391,1.6917293233082706,1.3082706766917294,119
1053103.6165413533,2005.857142857143,42.7593984962406,1.894736842105263,1.2706766917293233,3.1240601503759398,1.443609022556391,1.6917293233082706,1.3082706766917294,152
1053103.6165413533,2005.857142857143,42.7593984962406,1.894736842105263,1.2706766917293233,3.1240601503759398,1.443609022556391,1.6917293233082706,1.3082706766917294,182
1053103.6165413533,2005.857142857143,42.7593984962406,1.894736842105263,1.2706766917293233,3.1240601503759398,1.443609022556391,1.6917293233082706,1.3082706766917294,103
1053103.6165413533,2005.857142857143,42.7593984962406,1.894736842105263,1.2706766917293233,3.1240601503759398,1.443609022556391,1.6917293233082706,1.3082706766917294,77
1053103.6165413533,2005.857142857143,42.7593984962406,1.894736842105263,1.2706766917293233,3.1240601503759398,1.443609022556391,1.6917293233082706,1.3082706766917294,97
1053103.6165413533,2005.857142857143,42.7593984962406,1.894736842105263,1.2706766917293233,3.1240601503759398,1.443609022556391,1.6917293233082706,1.3082706766917294,138
1053103.6165413533,2005.857142857143,42.7593984962406,1.894736842105263,1.2706766917293233,3.1240601503759398,1.443609022556391,1.6917293233082706,1.3082706766917294,160
1053103.6165413533,2005.857142857143,42.7593984962406,1.894736842105263,1.2706766917293233,3.1240601503759398,1.443609022556391,1.6917293233082706,1.3082706766917294,148
1053103.6165413533,2005.857142857143,42.7593984962406,1.894736842105263,1.2706766917293233,3.1240601503759398,1.443609022556391,1.6917293233082706,1.3082706766917294,105
1053103.6165413533,2005.857142857143,42.7593984962406,1.894736842105263,1.2706766917293233,3.1240601503759398,1.443609022556391,1.6917293233082706,1.3082706766917294,114
1053103.6165413533,2005.857142857143,42.7593984962406,1.894736842105263,1.2706766917293233,3.1240601503759398,1.443609022556391,1.6917293233082706,1.3082706766917294,50
1053103.6165413533,2005.857142857143,42.7593984962406,1.894736842105263,1.2706766917293233,3.1240601503759398,1.443609022556391,1.6917293233082706,1.3082706766917294,56
1053103.6165413533,2005.857142857143,42.7593984962406,1.894736842105263,1.2706766917293233,3.1240601503759398,1.443609022556391,1.6917293233082706,1.3082706766917294,100
1053103.6165413533,2005.857142857143,42.7593984962406,1.894736842105263,1.2706766917293233,3.1240601503759398,1.443609022556391,1.6917293233082706,1.3082706766917294,161
1053103.6165413533,2005.857142857143,42.7593984962406,1.894736842105263,1.2706766917293233,3.1240601503759398,1.443609022556391,1.6917293233082706,1.3082706766917294,37
1053103.6165413533,2005.857142857143,42.7593984962406,1.894736842105263,1.2706766917293233,3.1240601503759398,1.443609022556391,1.6917293233082706,1.3082706766917294,117
1053103.6165413533,2005.857142857143,42.7593984962406,1.894736842105263,1.2706766917293233,3.1240601503759398,1.443609022556391,1.6917293233082706,1.3082706766917294,166
1053103.6165413533,2005.857142857143,42.7593984962406,1.894736842105263,1.2706766917293233,3.1240601503759398,1.443609022556391,1.6917293233082706,1.3082706766917294,88
1053103.6165413533,2005.857142857143,42.7593984962406,1.894736842105263,1.2706766917293233,3.1240601503759398,1.443609022556391,1.6917293233082706,1.3082706766917294,172
1053103.6165413533,2005.857142857143,42.7593984962406,1.894736842105263,1.2706766917293233,3.1240601503759398,1.443609022556391,1.6917293233082706,1.3082706766917294,164
1053103.6165413533,2005.857142857143,42.7593984962406,1.894736842105263,1.2706766917293233,3.1240601503759398,1.443609022556391,1.6917293233082706,1.3082706766917294,142
1053103.6165413533,2005.857142857143,42.7593984962406,1.894736842105263,1.2706766917293233,3.1240601503759398,1.443609022556391,1.6917293233082706,1.3082706766917294,127
1053103.6165413533,2005.857142857143,42.7593984962406,1.894736842105263,1.2706766917293233,3.1240601503759398,1.443609022556391,1.6917293233082706,1.3082706766917294,81
1053103.6165413533,2005.857142857143,42.7593984962406,1.894736842105263,1.2706766917293233,3.1240601503759398,1.443609022556391,1.6917293233082706,1.3082706766917294,116
1053103.6165413533,2005.857142857143,42.7593984962406,1.894736842105263,1.2706766917293233,3.1240601503759398,1.443609022556391,1.6917293233082706,1.3082706766917294,95
1053103.6165413533,2005.857142857143,42.7593984962406,1.894736842105263,1.2706766917293233,3.1240601503759398,1.443609022556391,1.6917293233082706,1.3082706766917294,61
1053103.6165413533,2005.857142857143,42.7593984962406,1.894736842105263,1.2706766917293233,3.1240601503759398,1.443609022556391,1.6917293233082706,1.3082706766917294,58
1053103.6165413533,2005.857142857143,42.7593984962406,1.894736842105263,1.2706766917293233,3.1240601503759398,1.443609022556391,1.6917293233082706,1.3082706766917294,101
1053103.6165413533,2005.857142857143,42.7593984962406,1.894736842105263,1.2706766917293233,3.1240601503759398,1.443609022556391,1.6917293233082706,1.3082706766917294,277
1053103.6165413533,2005.857142857143,42.7593984962406,1.894736842105263,1.2706766917293233,3.1240601503759398,1.443609022556391,1.6917293233082706,1.3082706766917294,85
1053103.6165413533,2005.857142857143,42.7593984962406,1.894736842105263,1.2706766917293233,3.1240601503759398,1.443609022556391,1.6917293233082706,1.3082706766917294,102
1053103.6165413533,2005.857142857143,42.7593984962406,1.894736842105263,1.2706766917293233,3.1240601503759398,1.443609022556391,1.6917293233082706,1.3082706766917294,74
1053103.6165413533,2005.857142857143,42.7593984962406,1.894736842105263,1.2706766917293233,3.1240601503759398,1.443609022556391,1.6917293233082706,1.3082706766917294,65
1053103.6165413533,2005.857142857143,42.7593984962406,1.894736842105263,1.2706766917293233,3.1240601503759398,1.443609022556391,1.6917293233082706,1.3082706766917294,110
1053103.6165413533,2005.857142857143,42.7593984962406,1.894736842105263,1.2706766917293233,3.1240601503759398,1.443609022556391,1.6917293233082706,1.3082706766917294,196
1053103.6165413533,2005.857142857143,42.7593984962406,1.894736842105263,1.2706766917293233,3.1240601503759398,1.443609022556391,1.6917293233082706,1.3082706766917294,90
1053103.6165413533,2005.857142857143,42.7593984962406,1.894736842105263,1.2706766917293233,3.1240601503759398,1.443609022556391,1.6917293233082706,1.3082706766917294,150
1053103.6165413533,2005.857142857143,42.7593984962406,1.894736842105263,1.2706766917293233,3.1240601503759398,1.443609022556391,1.6917293233082706,1.3082706766917294,147
1053103.6165413533,2005.857142857143,42.7593984962406,1.894736842105263,1.2706766917293233,3.1240601503759398,1.443609022556391,1.6917293233082706,1.3082706766917294,133
1053103.6165413533,2005.857142857143,42.7593984962406,1.894736842105263,1.2706766917293233,3.1240601503759398,1.443609022556391,1.6917293233082706,1.3082706766917294,268
1053103.6165413533,2005.857142857143,42.7593984962406,1.894736842105263,1.2706766917293233,3.1240601503759398,1.443609022556391,1.6917293233082706,1.3082706766917294,142
1053103.6165413533,2005.857142857143,42.7593984962406,1.894736842105263,1.2706766917293233,3.1240601503759398,1.443609022556391,1.6917293233082706,1.3082706766917294,48
1053103.6165413533,2005.857142857143,42.7593984962406,1.894736842105263,1.2706766917293233,3.1240601503759398,1.443609022556391,1.6917293233082706,1.3082706766917294,310
1053103.6165413533,2005.857142857143,42.7593984962406,1.894736842105263,1.2706766917293233,3.1240601503759398,1.443609022556391,1.6917293233082706,1.3082706766917294,59
1053103.6165413533,2005.857142857143,42.7593984962406,1.894736842105263,1.2706766917293233,3.1240601503759398,1.443609022556391,1.6917293233082706,1.3082706766917294,132
1053103.6165413533,2005.857142857143,42.7593984962406,1.894736842105263,1.2706766917293233,3.1240601503759398,1.443609022556391,1.6917293233082706,1.3082706766917294,89
1053103.6165413533,2005.857142857143,42.7593984962406,1.894736842105263,1.2706766917293233,3.1240601503759398,1.443609022556391,1.6917293233082706,1.3082706766917294,256
1053103.6165413533,2005.857142857143,42.7593984962406,1.894736842105263,1.2706766917293233,3.1240601503759398,1.443609022556391,1.6917293233082706,1.3082706766917294,45
1053103.6165413533,2005.857142857143,42.7593984962406,1.894736842105263,1.2706766917293233,3.1240601503759398,1.443609022556391,1.6917293233082706,1.3082706766917294,138
1053103.6165413533,2005.857142857143,42.7593984962406,1.894736842105263,1.2706766917293233,3.1240601503759398,1.443609022556391,1.6917293233082706,1.3082706766917294,77
1053103.6165413533,2005.857142857143,42.7593984962406,1.894736842105263,1.2706766917293233,3.1240601503759398,1.443609022556391,1.6917293233082706,1.3082706766917294,161
1053103.6165413533,2005.857142857143,42.7593984962406,1.894736842105263,1.2706766917293233,3.1240601503759398,1.443609022556391,1.6917293233082706,1.3082706766917294,127
1053103.6165413533,2005.857142857143,42.7593984962406,1.894736842105263,1.2706766917293233,3.1240601503759398,1.443609022556391,1.6917293233082706,1.3082706766917294,70
1053103.6165413533,2005.857142857143,42.7593984962406,1.894736842105263,1.2706766917293233,3.1240601503759398,1.443609022556391,1.6917293233082706,1.3082706766917294,119
1053103.6165413533,2005.857142857143,42.7593984962406,1.894736842105263,1.2706766917293233,3.1240601503759398,1.443609022556391,1.6917293233082706,1.3082706766917294,98
1053103.6165413533,2005.857142857143,42.7593984962406,1.894736842105263,1.2706766917293233,3.1240601503759398,1.443609022556391,1.6917293233082706,1.3082706766917294,201
1053103.6165413533,2005.857142857143,42.7593984962406,1.894736842105263,1.2706766917293233,3.1240601503759398,1.443609022556391,1.6917293233082706,1.3082706766917294,74
1053103.6165413533,2005.857142857143,42.7593984962406,1.894736842105263,1.2706766917293233,3.1240601503759398,1.443609022556391,1.6917293233082706,1.3082706766917294,278
1053103.6165413533,2005.857142857143,42.7593984962406,1.894736842105263,1.2706766917293233,3.1240601503759398,1.443609022556391,1.6917293233082706,1.3082706766917294,119
1053103.6165413533,2005.857142857143,42.7593984962406,1.894736842105263,1.2706766917293233,3.1240601503759398,1.443609022556391,1.6917293233082706,1.3082706766917294,158
1053103.6165413533,2005.857142857143,42.7593984962406,1.894736842105263,1.2706766917293233,3.1240601503759398,1.443609022556391,1.6917293233082706,1.3082706766917294,111
1053103.6165413533,2005.857142857143,42.7593984962406,1.894736842105263,1.2706766917293233,3.1240601503759398,1.443609022556391,1.6917293233082706,1.3082706766917294,97
1053103.6165413533,2005.857142857143,42.7593984962406,1.894736842105263,1.2706766917293233,3.1240601503759398,1.443609022556391,1.6917293233082706,1.3082706766917294,105
1053103.6165413533,2005.857142857143,42.7593984962406,1.894736842105263,1.2706766917293233,3.1240601503759398,1.443609022556391,1.6917293233082706,1.3082706766917294,148
1053103.6165413533,2005.857142857143,42.7593984962406,1.894736842105263,1.2706766917293233,3.1240601503759398,1.443609022556391,1.6917293233082706,1.3082706766917294,180
1053103.6165413533,2005.857142857143,42.7593984962406,1.894736842105263,1.2706766917293233,3.1240601503759398,1.443609022556391,1.6917293233082706,1.3082706766917294,81
1053103.6165413533,2005.857142857143,42.7593984962406,1.894736842105263,1.2706766917293233,3.1240601503759398,1.443609022556391,1.6917293233082706,1.3082706766917294,88
1053103.6165413533,2005.857142857143,42.7593984962406,1.894736842105263,1.2706766917293233,3.1240601503759398,1.443609022556391,1.6917293233082706,1.3082706766917294,177
1053103.6165413533,2005.857142857143,42.7593984962406,1.894736842105263,1.2706766917293233,3.1240601503759398,1.443609022556391,1.6917293233082706,1.3082706766917294,103
1053103.6165413533,2005.857142857143,42.7593984962406,1.894736842105263,1.2706766917293233,3.1240601503759398,1.443609022556391,1.6917293233082706,1.3082706766917294,78
1053103.6165413533,2005.857142857143,42.7593984962406,1.894736842105263,1.2706766917293233,3.1240601503759398,1.443609022556391,1.6917293233082706,1.3082706766917294,100
1053103.6165413533,2005.857142857143,42.7593984962406,1.894736842105263,1.2706766917293233,3.1240601503759398,1.443609022556391,1.6917293233082706,1.3082706766917294,101
1053103.6165413533,2005.857142857143,42.7593984962406,1.894736842105263,1.2706766917293233,3.1240601503759398,1.443609022556391,1.6917293233082706,1.3082706766917294,151
1053103.6165413533,2005.857142857143,42.7593984962406,1.894736842105263,1.2706766917293233,3.1240601503759398,1.443609022556391,1.6917293233082706,1.3082706766917294,35
1053103.6165413533,2005.857142857143,42.7593984962406,1.894736842105263,1.2706766917293233,3.1240601503759398,1.443609022556391,1.6917293233082706,1.3082706766917294,110
1053103.6165413533,2005.857142857143,42.7593984962406,1.894736842105263,1.2706766917293233,3.1240601503759398,1.443609022556391,1.6917293233082706,1.3082706766917294,44
1053103.6165413533,2005.857142857143,42.7593984962406,1.894736842105263,1.2706766917293233,3.1240601503759398,1.443609022556391,1.6917293233082706,1.3082706766917294,94
1053103.6165413533,2005.857142857143,42.7593984962406,1.894736842105263,1.2706766917293233,3.1240601503759398,1.443609022556391,1.6917293233082706,1.3082706766917294,75
1053103.6165413533,2005.857142857143,42.7593984962406,1.894736842105263,1.2706766917293233,3.1240601503759398,1.443609022556391,1.6917293233082706,1.3082706766917294,90
1053103.6165413533,2005.857142857143,42.7593984962406,1.894736842105263,1.2706766917293233,3.1240601503759398,1.443609022556391,1.6917293233082706,1.3082706766917294,114
