1095094.1458333333,2005.9125,42.25833333333333,2.029166666666667,1.2208333333333334,3.091666666666667,1.4333333333333333,1.7458333333333333,1.3083333333333333,92
1095094.1458333333,2005.9125,42.25833333333333,2.029166666666667,1.2208333333333334,3.091666666666667,1.4333333333333333,1.7458333333333333,1.3083333333333333,148
1095094.1458333333,2005.9125,42.25833333333333,2.029166666666667,1.2208333333333334,3.091666666666667,1.4333333333333333,1.7458333333333333,1.3083333333333333,117
1095094.1458333333,2005.9125,42.25833333333333,2.029166666666667,1.2208333333333334,3.091666666666667,1.4333333333333333,1.7458333333333333,1.3083333333333333,87
1095094.1458333333,2005.9125,42.25833333333333,2.029166666666667,1.2208333333333334,3.091666666666667,1.4333333333333333,1.7458333333333333,1.3083333333333333,77
1095094.1458333333,2005.9125,42.25833333333333,2.029166666666667,1.2208333333333334,3.091666666666667,1.4333333333333333,1.7458333333333333,1.3083333333333333,96
1095094.1458333333,2005.9125,42.25833333333333,2.029166666666667,1.2208333333333334,3.091666666666667,1.4333333333333333,1.7458333333333333,1.3083333333333333,119
1095094.1458333333,2005.9125,42.25833333333333,2.029166666666667,1.2208333333333334,3.091666666666667,1.4333333333333333,1.7458333333333333,1.3083333333333333,110
1095094.1458333333,2005.9125,42.25833333333333,2.029166666666667,1.2208333333333334,3.091666666666667,1.4333333333333333,1.7458333333333333,1.3083333333333333,102
1095094.1458333333,2005.9125,42.25833333333333,2.029166666666667,1.2208333333333334,3.091666666666667,1.4333333333333333,1.7458333333333333,1.3083333333333333,97
1095094.1458333333,2005.9125,42.25833333333333,2.029166666666667,1.2208333333333334,3.091666666666667,1.4333333333333333,1.7458333333333333,1.3083333333333333,129
1095094.1458333333,2005.9125,42.25833333333333,2.029166666666667,1.2208333333333334,3.091666666666667,1.4333333333333333,1.7458333333333333,1.3083333333333333,100
1095094.1458333333,2005.9125,42.25833333333333,2.029166666666667,1.2208333333333334,3.091666666666667,1.4333333333333333,1.7458333333333333,1.3083333333333333,177
1095094.1458333333,2005.9125,42.25833333333333,2.029166666666667,1.2208333333333334,3.091666666666667,1.4333333333333333,1.7458333333333333,1.3083333333333333,115
1095094.1458333333,2005.9125,42.25833333333333,2.029166666666667,1.2208333333333334,3.091666666666667,1.4333333333333333,1.7458333333333333,1.3083333333333333,138
1095094.1458333333,2005.9125,42.25833333333333,2.029166666666667,1.2208333333333334,3.091666666666667,1.4333333333333333,1.7458333333333333,1.3083333333333333,113
1095094.1458333333,2005.9125,42.25833333333333,2.029166666666667,1.2208333333333334,3.091666666666667,1.4333333333333333,1.7458333333333333,1.3083333333333333,85
1095094.1458333333,2005.9125,42.25833333333333,2.029166666666667,1.2208333333333334,3.091666666666667,1.4333333333333333,1.7458333333333333,1.3083333333333333,161
1095094.1458333333,2005.9125,42.25833333333333,2.029166666666667,1.2208333333333334,3.091666666666667,1.4333333333333333,1.7458333333333333,1.3083333333333333,189
1095094.1458333333,2005.9125,42.25833333333333,2.029166666666667,1.2208333333333334,3.091666666666667,1.4333333333333333,1.7458333333333333,1.3083333333333333,123
1095094.1458333333,2005.9125,42.25833333333333,2.029166666666667,1.2208333333333334,3.091666666666667,1.4333333333333333,1.7458333333333333,1.3083333333333333,74
1095094.1458333333,2005.9125,42.25833333333333,2.029166666666667,1.2208333333333334,3.091666666666667,1.4333333333333333,1.7458333333333333,1.3083333333333333,127
1095094.1458333333,2005.9125,42.25833333333333,2.029166666666667,1.2208333333333334,3.091666666666667,1.4333333333333333,1.7458333333333333,1.3083333333333333,40
1095094.1458333333,2005.9125,42.25833333333333,2.029166666666667,1.2208333333333334,3.091666666666667,1.4333333333333333,1.7458333333333333,1.3083333333333333,80
1095094.1458333333,2005.9125,42.25833333333333,2.029166666666667,1.2208333333333334,3.091666666666667,1.4333333333333333,1.7458333333333333,1.3083333333333333,88
1095094.1458333333,2005.9125,42.25833333333333,2.029166666666667,1.2208333333333334,3.091666666666667,1.4333333333333333,1.7458333333333333,1.3083333333333333,105
1095094.1458333333,2005.9125,42.25833333333333,2.029166666666667,1.2208333333333334,3.091666666666667,1.4333333333333333,1.7458333333333333,1.3083333333333333,100
1095094.1458333333,2005.9125,42.25833333333333,2.029166666666667,1.2208333333333334,3.091666666666667,1.4333333333333333,1.7458333333333333,1.3083333333333333,81
1095094.1458333333,2005.9125,42.25833333333333,2.029166666666667,1.2208333333333334,3.091666666666667,1.4333333333333333,1.7458333333333333,1.3083333333333333,122
1095094.1458333333,2005.9125,42.25833333333333,2.029166666666667,1.2208333333333334,3.091666666666667,1.4333333333333333,1.7458333333333333,1.3083333333333333,55
1095094.1458333333,2005.9125,42.25833333333333,2.029166666666667,1.2208333333333334,3.091666666666667,1.4333333333333333,1.7458333333333333,1.3083333333333333,83
1095094.1458333333,2005.9125,42.25833333333333,2.029166666666667,1.2208333333333334,3.091666666666667,1.4333333333333333,1.7458333333333333,1.3083333333333333,121
1095094.1458333333,2005.9125,42.25833333333333,2.029166666666667,1.2208333333333334,3.091666666666667,1.4333333333333333,1.7458333333333333,1.3083333333333333,94
1095094.1458333333,2005.9125,42.25833333333333,2.029166666666667,1.2208333333333334,3.091666666666667,1.4333333333333333,1.7458333333333333,1.3083333333333333,72
1095094.1458333333,2005.9125,42.25833333333333,2.029166666666667,1.2208333333333334,3.091666666666667,1.4333333333333333,1.7458333333333333,1.3083333333333333,95
1095094.1458333333,2005.9125,42.25833333333333,2.029166666666667,1.2208333333333334,3.091666666666667,1.4333333333333333,1.7458333333333333,1.3083333333333333,84
1095094.1458333333,2005.9125,42.25833333333333,2.029166666666667,1.2208333333333334,3.091666666666667,1.4333333333333333,1.7458333333333333,1.3083333333333333,155
1095094.1458333333,2005.9125,42.25833333333333,2.029166666666667,1.2208333333333334,3.091666666666667,1.4333333333333333,1.7458333333333333,1.3083333333333333,145
1095094.1458333333,2005.9125,42.25833333333333,2.029166666666667,1.2208333333333334,3.091666666666667,1.4333333333333333,1.7458333333333333,1.3083333333333333,114
1095094.1458333333,2005.9125,42.25833333333333,2.029166666666667,1.2208333333333334,3.091666666666667,1.4333333333333333,1.7458333333333333,1.3083333333333333,157
1095094.1458333333,2005.9125,42.25833333333333,2.029166666666667,1.2208333333333334,3.091666666666667,1.4333333333333333,1.7458333333333333,1.3083333333333333,52
1095094.1458333333,2005.9125,42.25833333333333,2.029166666666667,1.2208333333333334,3.091666666666667,1.4333333333333333,1.7458333333333333,1.3083333333333333,107
1095094.1458333333,2005.9125,42.25833333333333,2.029166666666667,1.2208333333333334,3.091666666666667,1.4333333333333333,1.7458333333333333,1.3083333333333333,32
1095094.1458333333,2005.9125,42.25833333333333,2.029166666666667,1.2208333333333334,3.091666666666667,1.4333333333333333,1.7458333333333333,1.3083333333333333,67
1095094.1458333333,2005.9125,42.25833333333333,2.029166666666667,1.2208333333333334,3.091666666666667,1.4333333333333333,1.7458333333333333,1.3083333333333333,143
1095094.1458333333,2005.9125,42.25833333333333,2.029166666666667,1.2208333333333334,3.091666666666667,1.4333333333333333,1.7458333333333333,1.3083333333333333,73
1095094.1458333333,2005.9125,42.25833333333333,2.029166666666667,1.2208333333333334,3.091666666666667,1.4333333333333333,1.7458333333333333,1.3083333333333333,198
1095094.1458333333,2005.9125,42.25833333333333,2.029166666666667,1.2208333333333334,3.091666666666667,1.4333333333333333,1.7458333333333333,1.3083333333333333,81
1095094.1458333333,2005.9125,42.25833333333333,2.029166666666667,1.2208333333333334,3.091666666666667,1.4333333333333333,1.7458333333333333,1.3083333333333333,138
1095094.1458333333,2005.9125,42.25833333333333,2.029166666666667,1.2208333333333334,3.091666666666667,1.4333333333333333,1.7458333333333333,1.3083333333333333,119
1095094.1458333333,2005.9125,42.25833333333333,2.029166666666667,1.2208333333333334,3.091666666666667,1.4333333333333333,1.7458333333333333,1.3083333333333333,146
1095094.1458333333,2005.9125,42.25833333333333,2.029166666666667,1.2208333333333334,3.091666666666667,1.4333333333333333,1.7458333333333333,1.3083333333333333,137
1095094.1458333333,2005.9125,42.25833333333333,2.029166666666667,1.2208333333333334,3.091666666666667,1.4333333333333333,1.7458333333333333,1.3083333333333333,101
1095094.1458333333,2005.9125,42.25833333333333,2.029166666666667,1.2208333333333334,3.091666666666667,1.4333333333333333,1.7458333333333333,1.3083333333333333,179
1095094.1458333333,2005.9125,42.25833333333333,2.029166666666667,1.2208333333333334,3.091666666666667,1.4333333333333333,1.7458333333333333,1.3083333333333333,148
1095094.1458333333,2005.9125,42.25833333333333,2.029166666666667,1.2208333333333334,3.091666666666667,1.4333333333333333,1.7458333333333333,1.3083333333333333,85
1095094.1458333333,2005.9125,42.25833333333333,2.029166666666667,1.2208333333333334,3.091666666666667,1.4333333333333333,1.7458333333333333,1.3083333333333333,27
1095094.1458333333,2005.9125,42.25833333333333,2.029166666666667,1.2208333333333334,3.091666666666667,1.4333333333333333,1.7458333333333333,1.3083333333333333,144
1095094.1458333333,2005.9125,42.25833333333333,2.029166666666667,1.2208333333333334,3.091666666666667,1.4333333333333333,1.7458333333333333,1.3083333333333333,170
1095094.1458333333,2005.9125,42.25833333333333,2.029166666666667,1.2208333333333334,3.091666666666667,1.4333333333333333,1.7458333333333333,1.3083333333333333,88
1095094.1458333333,2005.9125,42.25833333333333,2.029166666666667,1.2208333333333334,3.091666666666667,1.4333333333333333,1.7458333333333333,1.3083333333333333,127
1095094.1458333333,2005.9125,42.25833333333333,2.029166666666667,1.2208333333333334,3.091666666666667,1.4333333333333333,1.7458333333333333,1.3083333333333333,110
1095094.1458333333,2005.9125,42.25833333333333,2.029166666666667,1.2208333333333334,3.091666666666667,1.4333333333333333,1.7458333333333333,1.3083333333333333,100
1095094.1458333333,2005.9125,42.25833333333333,2.029166666666667,1.2208333333333334,3.091666666666667,1.4333333333333333,1.7458333333333333,1.3083333333333333,110
1095094.1458333333,2005.9125,42.25833333333333,2.029166666666667,1.2208333333333334,3.091666666666667,1.4333333333333333,1.7458333333333333,1.3083333333333333,47
1095094.1458333333,2005.9125,42.25833333333333,2.029166666666667,1.2208333333333334,3.091666666666667,1.4333333333333333,1.7458333333333333,1.3083333333333333,142
1095094.1458333333,2005.9125,42.25833333333333,2.029166666666667,1.2208333333333334,3.091666666666667,1.4333333333333333,1.7458333333333333,1.3083333333333333,94
1095094.1458333333,2005.9125,42.25833333333333,2.029166666666667,1.2208333333333334,3.091666666666667,1.4333333333333333,1.7458333333333333,1.3083333333333333,90
1095094.1458333333,2005.9125,42.25833333333333,2.029166666666667,1.2208333333333334,3.091666666666667,1.4333333333333333,1.7458333333333333,1.3083333333333333,79
1095094.1458333333,2005.9125,42.25833333333333,2.029166666666667,1.2208333333333334,3.091666666666667,1.4333333333333333,1.7458333333333333,1.3083333333333333,74
1095094.1458333333,2005.9125,42.25833333333333,2.029166666666667,1.2208333333333334,3.091666666666667,1.4333333333333333,1.7458333333333333,1.3083333333333333,77
1095094.1458333333,2005.9125,42.25833333333333,2.029166666666667,1.2208333333333334,3.091666666666667,1.4333333333333333,1.7458333333333333,1.3083333333333333,161
1095094.1458333333,2005.9125,42.25833333333333,2.029166666666667,1.2208333333333334,3.091666666666667,1.4333333333333333,1.7458333333333333,1.3083333333333333,109
1095094.1458333333,2005.9125,42.25833333333333,2.029166666666667,1.2208333333333334,3.091666666666667,1.4333333333333333,1.7458333333333333,1.3083333333333333,114
1095094.1458333333,2005.9125,42.25833333333333,2.029166666666667,1.2208333333333334,3.091666666666667,1.4333333333333333,1.7458333333333333,1.3083333333333333,102
1095094.1458333333,2005.9125,42.25833333333333,2.029166666666667,1.2208333333333334,3.091666666666667,1.4333333333333333,1.7458333333333333,1.3083333333333333,69
1095094.1458333333,2005.9125,42.25833333333333,2.029166666666667,1.2208333333333334,3.091666666666667,1.4333333333333333,1.7458333333333333,1.3083333333333333,123
1095094.1458333333,2005.9125,42.25833333333333,2.029166666666667,1.2208333333333334,3.091666666666667,1.4333333333333333,1.7458333333333333,1.3083333333333333,115
1095094.1458333333,2005.9125,42.25833333333333,2.029166666666667,1.2208333333333334,3.091666666666667,1.4333333333333333,1.7458333333333333,1.3083333333333333,177
1095094.1458333333,2005.9125,42.25833333333333,2.029166666666667,1.2208333333333334,3.091666666666667,1.4333333333333333,1.7458333333333333,1.3083333333333333,124
1095094.1458333333,2005.9125,42.25833333333333,2.029166666666667,1.2208333333333334,3.091666666666667,1.4333333333333333,1.7458333333333333,1.3083333333333333,83
1095094.1458333333,2005.9125,42.25833333333333,2.029166666666667,1.2208333333333334,3.091666666666667,1.4333333333333333,1.7458333333333333,1.3083333333333333,155
1095094.1458333333,2005.9125,42.25833333333333,2.029166666666667,1.2208333333333334,3.091666666666667,1.4333333333333333,1.7458333333333333,1.3083333333333333,105
1095094.1458333333,2005.9125,42.25833333333333,2.029166666666667,1.2208333333333334,3.091666666666667,1.4333333333333333,1.7458333333333333,1.3083333333333333,131
1095094.1458333333,2005.9125,42.25833333333333,2.029166666666667,1.2208333333333334,3.091666666666667,1.4333333333333333,1.7458333333333333,1.3083333333333333,121
1095094.1458333333,2005.9125,42.25833333333333,2.029166666666667,1.2208333333333334,3.091666666666667,1.4333333333333333,1.7458333333333333,1.3083333333333333,80
1095094.1458333333,2005.9125,42.25833333333333,2.029166666666667,1.2208333333333334,3.091666666666667,1.4333333333333333,1.7458333333333333,1.3083333333333333,76
1095094.1458333333,2005.9125,42.25833333333333,2.029166666666667,1.2208333333333334,3.091666666666667,1.4333333333333333,1.7458333333333333,1.3083333333333333,97
1095094.1458333333,2005.9125,42.25833333333333,2.029166666666667,1.2208333333333334,3.091666666666667,1.4333333333333333,1.7458333333333333,1.3083333333333333,201
1095094.1458333333,2005.9125,42.25833333333333,2.029166666666667,1.2208333333333334,3.091666666666667,1.4333333333333333,1.7458333333333333,1.3083333333333333,95
1095094.1458333333,2005.9125,42.25833333333333,2.029166666666667,1.2208333333333334,3.091666666666667,1.4333333333333333,1.7458333333333333,1.3083333333333333,268
1095094.1458333333,2005.9125,42.25833333333333,2.029166666666667,1.2208333333333334,3.091666666666667,1.4333333333333333,1.7458333333333333,1.3083333333333333,134
1095094.1458333333,2005.9125,42.25833333333333,2.029166666666667,1.2208333333333334,3.091666666666667,1.4333333333333333,1.7458333333333333,1.3083333333333333,88
1095094.1458333333,2005.9125,42.25833333333333,2.029166666666667,1.2208333333333334,3.091666666666667,1.4333333333333333,1.7458333333333333,1.3083333333333333,119
1095094.1458333333,2005.9125,42.25833333333333,2.029166666666667,1.2208333333333334,3.091666666666667,1.4333333333333333,1.7458333333333333,1.3083333333333333,70
1095094.1458333333,2005.9125,42.25833333333333,2.029166666666667,1.2208333333333334,3.091666666666667,1.4333333333333333,1.7458333333333333,1.3083333333333333,152
1095094.1458333333,2005.9125,42.25833333333333,2.029166666666667,1.2208333333333334,3.091666666666667,1.4333333333333333,1.7458333333333333,1.3083333333333333,182
1095094.1458333333,2005.9125,42.25833333333333,2.029166666666667,1.2208333333333334,3.091666666666667,1.4333333333333333,1.7458333333333333,1.3083333333333333,277
1095094.1458333333,2005.9125,42.25833333333333,2.029166666666667,1.2208333333333334,3.091666666666667,1.4333333333333333,1.7458333333333333,1.3083333333333333,161
1095094.1458333333,2005.9125,42.25833333333333,2.029166666666667,1.2208333333333334,3.091666666666667,1.4333333333333333,1.7458333333333333,1.3083333333333333,105
1095094.1458333333,2005.9125,42.25833333333333,2.029166666666667,1.2208333333333334,3.091666666666667,1.4333333333333333,1.7458333333333333,1.3083333333333333,164
1095094.1458333333,2005.9125,42.25833333333333,2.029166666666667,1.2208333333333334,3.091666666666667,1.4333333333333333,1.7458333333333333,1.3083333333333333,169
1095094.1458333333,2005.9125,42.25833333333333,2.029166666666667,1.2208333333333334,3.091666666666667,1.4333333333333333,1.7458333333333333,1.3083333333333333,57
1095094.1458333333,2005.9125,42.25833333333333,2.029166666666667,1.2208333333333334,3.091666666666667,1.4333333333333333,1.7458333333333333,1.3083333333333333,88
1095094.1458333333,2005.9125,42.25833333333333,2.029166666666667,1.2208333333333334,3.091666666666667,1.4333333333333333,1.7458333333333333,1.3083333333333333,128
1095094.1458333333,2005.9125,42.25833333333333,2.029166666666667,1.2208333333333334,3.091666666666667,1.4333333333333333,1.7458333333333333,1.3083333333333333,100
1095094.1458333333,2005.9125,42.25833333333333,2.029166666666667,1.2208333333333334,3.091666666666667,1.4333333333333333,1.7458333333333333,1.3083333333333333,94
1095094.1458333333,2005.9125,42.25833333333333,2.029166666666667,1.2208333333333334,3.091666666666667,1.4333333333333333,1.7458333333333333,1.3083333333333333,90
1095094.1458333333,2005.9125,42.25833333333333,2.029166666666667,1.2208333333333334,3.091666666666667,1.4333333333333333,1.7458333333333333,1.3083333333333333,64
1095094.1458333333,2005.9125,42.25833333333333,2.029166666666667,1.2208333333333334,3.091666666666667,1.4333333333333333,1.7458333333333333,1.3083333333333333,119
1095094.1458333333,2005.9125,42.25833333333333,2.029166666666667,1.2208333333333334,3.091666666666667,1.4333333333333333,1.7458333333333333,1.3083333333333333,112
1095094.1458333333,2005.9125,42.25833333333333,2.029166666666667,1.2208333333333334,3.091666666666667,1.4333333333333333,1.7458333333333333,1.3083333333333333,110
1095094.1458333333,2005.9125,42.25833333333333,2.029166666666667,1.2208333333333334,3.091666666666667,1.4333333333333333,1.7458333333333333,1.3083333333333333,119
1095094.1458333333,2005.9125,42.25833333333333,2.029166666666667,1.2208333333333334,3.091666666666667,1.4333333333333333,1.7458333333333333,1.3083333333333333,130
1095094.1458333333,2005.9125,42.25833333333333,2.029166666666667,1.2208333333333334,3.091666666666667,1.4333333333333333,1.7458333333333333,1.3083333333333333,75
1095094.1458333333,2005.9125,42.25833333333333,2.029166666666667,1.2208333333333334,3.091666666666667,1.4333333333333333,1.7458333333333333,1.3083333333333333,103
1095094.1458333333,2005.9125,42.25833333333333,2.029166666666667,1.2208333333333334,3.091666666666667,1.4333333333333333,1.7458333333333333,1.3083333333333333,82
1095094.1458333333,2005.9125,42.25833333333333,2.029166666666667,1.2208333333333334,3.091666666666667,1.4333333333333333,1.7458333333333333,1.3083333333333333,71
1095094.1458333333,2005.9125,42.25833333333333,2.029166666666667,1.2208333333333334,3.091666666666667,1.4333333333333333,1.7458333333333333,1.3083333333333333,70
1095094.1458333333,2005.9125,42.25833333333333,2.029166666666667,1.2208333333333334,3.091666666666667,1.4333333333333333,1.7458333333333333,1.3083333333333333,268
1095094.1458333333,2005.9125,42.25833333333333,2.029166666666667,1.2208333333333334,3.091666666666667,1.4333333333333333,1.7458333333333333,1.3083333333333333,123
1095094.1458333333,2005.9125,42.25833333333333,2.029166666666667,1.2208333333333334,3.091666666666667,1.4333333333333333,1.7458333333333333,1.3083333333333333,127
1095094.1458333333,2005.9125,42.25833333333333,2.029166666666667,1.2208333333333334,3.091666666666667,1.4333333333333333,1.7458333333333333,1.3083333333333333,61
1095094.1458333333,2005.9125,42.25833333333333,2.029166666666667,1.2208333333333334,3.091666666666667,1.4333333333333333,1.7458333333333333,1.3083333333333333,140
1095094.1458333333,2005.9125,42.25833333333333,2.029166666666667,1.2208333333333334,3.091666666666667,1.4333333333333333,1.7458333333333333,1.3083333333333333,54
1095094.1458333333,2005.9125,42.25833333333333,2.029166666666667,1.2208333333333334,3.091666666666667,1.4333333333333333,1.7458333333333333,1.3083333333333333,116
1095094.1458333333,2005.9125,42.25833333333333,2.029166666666667,1.2208333333333334,3.091666666666667,1.4333333333333333,1.7458333333333333,1.3083333333333333,93
1095094.1458333333,2005.9125,42.25833333333333,2.029166666666667,1.2208333333333334,3.091666666666667,1.4333333333333333,1.7458333333333333,1.3083333333333333,142
1095094.1458333333,2005.9125,42.25833333333333,2.029166666666667,1.2208333333333334,3.091666666666667,1.4333333333333333,1.7458333333333333,1.3083333333333333,97
1095094.1458333333,2005.9125,42.25833333333333,2.029166666666667,1.2208333333333334,3.091666666666667,1.4333333333333333,1.7458333333333333,1.3083333333333333,187
1095094.1458333333,2005.9125,42.25833333333333,2.029166666666667,1.2208333333333334,3.091666666666667,1.4333333333333333,1.7458333333333333,1.3083333333333333,114
1095094.1458333333,2005.9125,42.25833333333333,2.029166666666667,1.2208333333333334,3.091666666666667,1.4333333333333333,1.7458333333333333,1.3083333333333333,148
1095094.1458333333,2005.9125,42.25833333333333,2.029166666666667,1.2208333333333334,3.091666666666667,1.4333333333333333,1.7458333333333333,1.3083333333333333,78
1095094.1458333333,2005.9125,42.25833333333333,2.029166666666667,1.2208333333333334,3.091666666666667,1.4333333333333333,1.7458333333333333,1.3083333333333333,177
1095094.1458333333,2005.9125,42.25833333333333,2.029166666666667,1.2208333333333334,3.091666666666667,1.4333333333333333,1.7458333333333333,1.3083333333333333,166
1095094.1458333333,2005.9125,42.25833333333333,2.029166666666667,1.2208333333333334,3.091666666666667,1.4333333333333333,1.7458333333333333,1.3083333333333333,50
1095094.1458333333,2005.9125,42.25833333333333,2.029166666666667,1.2208333333333334,3.091666666666667,1.4333333333333333,1.7458333333333333,1.3083333333333333,62
1095094.1458333333,2005.9125,42.25833333333333,2.029166666666667,1.2208333333333334,3.091666666666667,1.4333333333333333,1.7458333333333333,1.3083333333333333,282
1095094.1458333333,2005.9125,42.25833333333333,2.029166666666667,1.2208333333333334,3.091666666666667,1.4333333333333333,1.7458333333333333,1.3083333333333333,133
1095094.1458333333,2005.9125,42.25833333333333,2.029166666666667,1.2208333333333334,3.091666666666667,1.4333333333333333,1.7458333333333333,1.3083333333333333,81
1095094.1458333333,2005.9125,42.25833333333333,2.029166666666667,1.2208333333333334,3.091666666666667,1.4333333333333333,1.7458333333333333,1.3083333333333333,74
1095094.1458333333,2005.9125,42.25833333333333,2.029166666666667,1.2208333333333334,3.091666666666667,1.4333333333333333,1.7458333333333333,1.3083333333333333,131
1095094.1458333333,2005.9125,42.25833333333333,2.029166666666667,1.2208333333333334,3.091666666666667,1.4333333333333333,1.7458333333333333,1.3083333333333333,65
1095094.1458333333,2005.9125,42.25833333333333,2.029166666666667,1.2208333333333334,3.091666666666667,1.4333333333333333,1.7458333333333333,1.3083333333333333,112
1095094.1458333333,2005.9125,42.25833333333333,2.029166666666667,1.2208333333333334,3.091666666666667,1.4333333333333333,1.7458333333333333,1.3083333333333333,131
1095094.1458333333,2005.9125,42.25833333333333,2.029166666666667,1.2208333333333334,3.091666666666667,1.4333333333333333,1.7458333333333333,1.3083333333333333,127
1095094.1458333333,2005.9125,42.25833333333333,2.029166666666667,1.2208333333333334,3.091666666666667,1.4333333333333333,1.7458333333333333,1.3083333333333333,147
1095094.1458333333,2005.9125,42.25833333333333,2.029166666666667,1.2208333333333334,3.091666666666667,1.4333333333333333,1.7458333333333333,1.3083333333333333,172
1095094.1458333333,2005.9125,42.25833333333333,2.029166666666667,1.2208333333333334,3.091666666666667,1.4333333333333333,1.7458333333333333,1.3083333333333333,114
1095094.1458333333,2005.9125,42.25833333333333,2.029166666666667,1.2208333333333334,3.091666666666667,1.4333333333333333,1.7458333333333333,1.3083333333333333,59
1095094.1458333333,2005.9125,42.25833333333333,2.029166666666667,1.2208333333333334,3.091666666666667,1.4333333333333333,1.7458333333333333,1.3083333333333333,88
1095094.1458333333,2005.9125,42.25833333333333,2.029166666666667,1.2208333333333334,3.091666666666667,1.4333333333333333,1.7458333333333333,1.3083333333333333,111
1095094.1458333333,2005.9125,42.25833333333333,2.029166666666667,1.2208333333333334,3.091666666666667,1.4333333333333333,1.7458333333333333,1.3083333333333333,65
1095094.1458333333,2005.9125,42.25833333333333,2.029166666666667,1.2208333333333334,3.091666666666667,1.4333333333333333,1.7458333333333333,1.3083333333333333,196
1095094.1458333333,2005.9125,42.25833333333333,2.029166666666667,1.2208333333333334,3.091666666666667,1.4333333333333333,1.7458333333333333,1.3083333333333333,94
1095094.1458333333,2005.9125,42.25833333333333,2.029166666666667,1.2208333333333334,3.091666666666667,1.4333333333333333,1.7458333333333333,1.3083333333333333,81
1095094.1458333333,2005.9125,42.25833333333333,2.029166666666667,1.2208333333333334,3.091666666666667,1.4333333333333333,1.7458333333333333,1.3083333333333333,142
1095094.1458333333,2005.9125,42.25833333333333,2.029166666666667,1.2208333333333334,3.091666666666667,1.4333333333333333,1.7458333333333333,1.3083333333333333,93
1095094.1458333333,2005.9125,42.25833333333333,2.029166666666667,1.2208333333333334,3.091666666666667,1.4333333333333333,1.7458333333333333,1.3083333333333333,90
1095094.1458333333,2005.9125,42.25833333333333,2.029166666666667,1.2208333333333334,3.091666666666667,1.4333333333333333,1.7458333333333333,1.3083333333333333,74
1095094.1458333333,2005.9125,42.25833333333333,2.029166666666667,1.2208333333333334,3.091666666666667,1.4333333333333333,1.7458333333333333,1.3083333333333333,149
1095094.1458333333,2005.9125,42.25833333333333,2.029166666666667,1.2208333333333334,3.091666666666667,1.4333333333333333,1.7458333333333333,1.3083333333333333,119
1095094.1458333333,2005.9125,42.25833333333333,2.029166666666667,1.2208333333333334,3.091666666666667,1.4333333333333333,1.7458333333333333,1.3083333333333333,103
1095094.1458333333,2005.9125,42.25833333333333,2.029166666666667,1.2208333333333334,3.091666666666667,1.4333333333333333,1.7458333333333333,1.3083333333333333,75
1095094.1458333333,2005.9125,42.25833333333333,2.029166666666667,1.2208333333333334,3.091666666666667,1.4333333333333333,1.7458333333333333,1.3083333333333333,56
1095094.1458333333,2005.9125,42.25833333333333,2.029166666666667,1.2208333333333334,3.091666666666667,1.4333333333333333,1.7458333333333333,1.3083333333333333,118
1095094.1458333333,2005.9125,42.25833333333333,2.029166666666667,1.2208333333333334,3.091666666666667,1.4333333333333333,1.7458333333333333,1.3083333333333333,37
1095094.1458333333,2005.9125,42.25833333333333,2.029166666666667,1.2208333333333334,3.091666666666667,1.4333333333333333,1.7458333333333333,1.3083333333333333,105
1095094.1458333333,2005.9125,42.25833333333333,2.029166666666667,1.2208333333333334,3.091666666666667,1.4333333333333333,1.7458333333333333,1.3083333333333333,278
1095094.1458333333,2005.9125,42.25833333333333,2.029166666666667,1.2208333333333334,3.091666666666667,1.4333333333333333,1.7458333333333333,1.3083333333333333,132
1095094.1458333333,2005.9125,42.25833333333333,2.029166666666667,1.2208333333333334,3.091666666666667,1.4333333333333333,1.7458333333333333,1.3083333333333333,148
1095094.1458333333,2005.9125,42.25833333333333,2.029166666666667,1.2208333333333334,3.091666666666667,1.4333333333333333,1.7458333333333333,1.3083333333333333,41
1095094.1458333333,2005.9125,42.25833333333333,2.029166666666667,1.2208333333333334,3.091666666666667,1.4333333333333333,1.7458333333333333,1.3083333333333333,100
1095094.1458333333,2005.9125,42.25833333333333,2.029166666666667,1.2208333333333334,3.091666666666667,1.4333333333333333,1.7458333333333333,1.3083333333333333,110
1095094.1458333333,2005.9125,42.25833333333333,2.029166666666667,1.2208333333333334,3.091666666666667,1.4333333333333333,1.7458333333333333,1.3083333333333333,150
1095094.1458333333,2005.9125,42.25833333333333,2.029166666666667,1.2208333333333334,3.091666666666667,1.4333333333333333,1.7458333333333333,1.3083333333333333,78
1095094.1458333333,2005.9125,42.25833333333333,2.029166666666667,1.2208333333333334,3.091666666666667,1.4333333333333333,1.7458333333333333,1.3083333333333333,108
1095094.1458333333,2005.9125,42.25833333333333,2.029166666666667,1.2208333333333334,3.091666666666667,1.4333333333333333,1.7458333333333333,1.3083333333333333,48
1095094.1458333333,2005.9125,42.25833333333333,2.029166666666667,1.2208333333333334,3.091666666666667,1.4333333333333333,1.7458333333333333,1.3083333333333333,105
1095094.1458333333,2005.9125,42.25833333333333,2.029166666666667,1.2208333333333334,3.091666666666667,1.4333333333333333,1.7458333333333333,1.3083333333333333,127
1095094.1458333333,2005.9125,42.25833333333333,2.029166666666667,1.2208333333333334,3.091666666666667,1.4333333333333333,1.7458333333333333,1.3083333333333333,66
1095094.1458333333,2005.9125,42.25833333333333,2.029166666666667,1.2208333333333334,3.091666666666667,1.4333333333333333,1.7458333333333333,1.3083333333333333,35
1095094.1458333333,2005.9125,42.25833333333333,2.029166666666667,1.2208333333333334,3.091666666666667,1.4333333333333333,1.7458333333333333,1.3083333333333333,75
1095094.1458333333,2005.9125,42.25833333333333,2.029166666666667,1.2208333333333334,3.091666666666667,1.4333333333333333,1.7458333333333333,1.3083333333333333,129
1095094.1458333333,2005.9125,42.25833333333333,2.029166666666667,1.2208333333333334,3.091666666666667,1.4333333333333333,1.7458333333333333,1.3083333333333333,81
1095094.1458333333,2005.9125,42.25833333333333,2.029166666666667,1.2208333333333334,3.091666666666667,1.4333333333333333,1.7458333333333333,1.3083333333333333,119
1095094.1458333333,2005.9125,42.25833333333333,2.029166666666667,1.2208333333333334,3.091666666666667,1.4333333333333333,1.7458333333333333,1.3083333333333333,158
1095094.1458333333,2005.9125,42.25833333333333,2.029166666666667,1.2208333333333334,3.091666666666667,1.4333333333333333,1.7458333333333333,1.3083333333333333,180
1095094.1458333333,2005.9125,42.25833333333333,2.029166666666667,1.2208333333333334,3.091666666666667,1.4333333333333333,1.7458333333333333,1.3083333333333333,127
1095094.1458333333,2005.9125,42.25833333333333,2.029166666666667,1.2208333333333334,3.091666666666667,1.4333333333333333,1.7458333333333333,1.3083333333333333,65
1095094.1458333333,2005.9125,42.25833333333333,2.029166666666667,1.2208333333333334,3.091666666666667,1.4333333333333333,1.7458333333333333,1.3083333333333333,126
1095094.1458333333,2005.9125,42.25833333333333,2.029166666666667,1.2208333333333334,3.091666666666667,1.4333333333333333,1.7458333333333333,1.3083333333333333,110
1095094.1458333333,2005.9125,42.25833333333333,2.029166666666667,1.2208333333333334,3.091666666666667,1.4333333333333333,1.7458333333333333,1.3083333333333333,88
1095094.1458333333,2005.9125,42.25833333333333,2.029166666666667,1.2208333333333334,3.091666666666667,1.4333333333333333,1.7458333333333333,1.3083333333333333,148
1095094.1458333333,2005.9125,42.25833333333333,2.029166666666667,1.2208333333333334,3.091666666666667,1.4333333333333333,1.7458333333333333,1.3083333333333333,89
1095094.1458333333,2005.9125,42.25833333333333,2.029166666666667,1.2208333333333334,3.091666666666667,1.4333333333333333,1.7458333333333333,1.3083333333333333,100
1095094.1458333333,2005.9125,42.25833333333333,2.029166666666667,1.2208333333333334,3.091666666666667,1.4333333333333333,1.7458333333333333,1.3083333333333333,106
1095094.1458333333,2005.9125,42.25833333333333,2.029166666666667,1.2208333333333334,3.091666666666667,1.4333333333333333,1.7458333333333333,1.3083333333333333,44
1095094.1458333333,2005.9125,42.25833333333333,2.029166666666667,1.2208333333333334,3.091666666666667,1.4333333333333333,1.7458333333333333,1.3083333333333333,94
1095094.1458333333,2005.9125,42.25833333333333,2.029166666666667,1.2208333333333334,3.091666666666667,1.4333333333333333,1.7458333333333333,1.3083333333333333,100
1095094.1458333333,2005.9125,42.25833333333333,2.029166666666667,1.2208333333333334,3.091666666666667,1.4333333333333333,1.7458333333333333,1.3083333333333333,139
1095094.1458333333,2005.9125,42.25833333333333,2.029166666666667,1.2208333333333334,3.091666666666667,1.4333333333333333,1.7458333333333333,1.3083333333333333,107
1095094.1458333333,2005.9125,42.25833333333333,2.029166666666667,1.2208333333333334,3.091666666666667,1.4333333333333333,1.7458333333333333,1.3083333333333333,92
1095094.1458333333,2005.9125,42.25833333333333,2.029166666666667,1.2208333333333334,3.091666666666667,1.4333333333333333,1.7458333333333333,1.3083333333333333,272
1095094.1458333333,2005.9125,42.25833333333333,2.029166666666667,1.2208333333333334,3.091666666666667,1.4333333333333333,1.7458333333333333,1.3083333333333333,114
1095094.1458333333,2005.9125,42.25833333333333,2.029166666666667,1.2208333333333334,3.091666666666667,1.4333333333333333,1.7458333333333333,1.3083333333333333,89
1095094.1458333333,2005.9125,42.25833333333333,2.029166666666667,1.2208333333333334,3.091666666666667,1.4333333333333333,1.7458333333333333,1.3083333333333333,80
1095094.1458333333,2005.9125,42.25833333333333,2.029166666666667,1.2208333333333334,3.091666666666667,1.4333333333333333,1.7458333333333333,1.3083333333333333,120
1095094.1458333333,2005.9125,42.25833333333333,2.029166666666667,1.2208333333333334,3.091666666666667,1.4333333333333333,1.7458333333333333,1.3083333333333333,55
1095094.1458333333,2005.9125,42.25833333333333,2.029166666666667,1.2208333333333334,3.091666666666667,1.4333333333333333,1.7458333333333333,1.3083333333333333,94
1095094.1458333333,2005.9125,42.25833333333333,2.029166666666667,1.2208333333333334,3.091666666666667,1.4333333333333333,1.7458333333333333,1.3083333333333333,110
1095094.1458333333,2005.9125,42.25833333333333,2.029166666666667,1.2208333333333334,3.091666666666667,1.4333333333333333,1.7458333333333333,1.3083333333333333,106
1095094.1458333333,2005.9125,42.25833333333333,2.029166666666667,1.2208333333333334,3.091666666666667,1.4333333333333333,1.7458333333333333,1.3083333333333333,108
1095094.1458333333,2005.9125,42.25833333333333,2.029166666666667,1.2208333333333334,3.091666666666667,1.4333333333333333,1.7458333333333333,1.3083333333333333,127
1095094.1458333333,2005.9125,42.25833333333333,2.029166666666667,1.2208333333333334,3.091666666666667,1.4333333333333333,1.7458333333333333,1.3083333333333333,125
1095094.1458333333,2005.9125,42.25833333333333,2.029166666666667,1.2208333333333334,3.091666666666667,1.4333333333333333,1.7458333333333333,1.3083333333333333,72
1095094.1458333333,2005.9125,42.25833333333333,2.029166666666667,1.2208333333333334,3.091666666666667,1.4333333333333333,1.7458333333333333,1.3083333333333333,100
1095094.1458333333,2005.9125,42.25833333333333,2.029166666666667,1.2208333333333334,3.091666666666667,1.4333333333333333,1.7458333333333333,1.3083333333333333,102
1095094.1458333333,2005.9125,42.25833333333333,2.029166666666667,1.2208333333333334,3.091666666666667,1.4333333333333333,1.7458333333333333,1.3083333333333333,117
1095094.1458333333,2005.9125,42.25833333333333,2.029166666666667,1.2208333333333334,3.091666666666667,1.4333333333333333,1.7458333333333333,1.3083333333333333,74
1095094.1458333333,2005.9125,42.25833333333333,2.029166666666667,1.2208333333333334,3.091666666666667,1.4333333333333333,1.7458333333333333,1.3083333333333333,91
1095094.1458333333,2005.9125,42.25833333333333,2.029166666666667,1.2208333333333334,3.091666666666667,1.4333333333333333,1.7458333333333333,1.3083333333333333,99
1095094.1458333333,2005.9125,42.25833333333333,2.029166666666667,1.2208333333333334,3.091666666666667,1.4333333333333333,1.7458333333333333,1.3083333333333333,145
1095094.1458333333,2005.9125,42.25833333333333,2.029166666666667,1.2208333333333334,3.091666666666667,1.4333333333333333,1.7458333333333333,1.3083333333333333,136
1095094.1458333333,2005.9125,42.25833333333333,2.029166666666667,1.2208333333333334,3.091666666666667,1.4333333333333333,1.7458333333333333,1.3083333333333333,84
1095094.1458333333,2005.9125,42.25833333333333,2.029166666666667,1.2208333333333334,3.091666666666667,1.4333333333333333,1.7458333333333333,1.3083333333333333,95
1095094.1458333333,2005.9125,42.25833333333333,2.029166666666667,1.2208333333333334,3.091666666666667,1.4333333333333333,1.7458333333333333,1.3083333333333333,104
1095094.1458333333,2005.9125,42.25833333333333,2.029166666666667,1.2208333333333334,3.091666666666667,1.4333333333333333,1.7458333333333333,1.3083333333333333,63
1095094.1458333333,2005.9125,42.25833333333333,2.029166666666667,1.2208333333333334,3.091666666666667,1.4333333333333333,1.7458333333333333,1.3083333333333333,86
1095094.1458333333,2005.9125,42.25833333333333,2.029166666666667,1.2208333333333334,3.091666666666667,1.4333333333333333,1.7458333333333333,1.3083333333333333,88
1095094.1458333333,2005.9125,42.25833333333333,2.029166666666667,1.2208333333333334,3.091666666666667,1.4333333333333333,1.7458333333333333,1.3083333333333333,81
1095094.1458333333,2005.9125,42.25833333333333,2.029166666666667,1.2208333333333334,3.091666666666667,1.4333333333333333,1.7458333333333333,1.3083333333333333,96
1095094.1458333333,2005.9125,42.25833333333333,2.029166666666667,1.2208333333333334,3.091666666666667,1.4333333333333333,1.7458333333333333,1.3083333333333333,174
1095094.1458333333,2005.9125,42.25833333333333,2.029166666666667,1.2208333333333334,3.091666666666667,1.4333333333333333,1.7458333333333333,1.3083333333333333,85
1095094.1458333333,2005.9125,42.25833333333333,2.029166666666667,1.2208333333333334,3.091666666666667,1.4333333333333333,1.7458333333333333,1.3083333333333333,129
1095094.1458333333,2005.9125,42.25833333333333,2.029166666666667,1.2208333333333334,3.091666666666667,1.4333333333333333,1.7458333333333333,1.3083333333333333,153
1095094.1458333333,2005.9125,42.25833333333333,2.029166666666667,1.2208333333333334,3.091666666666667,1.4333333333333333,1.7458333333333333,1.3083333333333333,148
1095094.1458333333,2005.9125,42.25833333333333,2.029166666666667,1.2208333333333334,3.091666666666667,1.4333333333333333,1.7458333333333333,1.3083333333333333,119
1095094.1458333333,2005.9125,42.25833333333333,2.029166666666667,1.2208333333333334,3.091666666666667,1.4333333333333333,1.7458333333333333,1.3083333333333333,83
1095094.1458333333,2005.9125,42.25833333333333,2.029166666666667,1.2208333333333334,3.091666666666667,1.4333333333333333,1.7458333333333333,1.3083333333333333,68
