994141.8291925465,2005.7018633540372,42.63664596273292,1.9285714285714286,1.2888198757763976,3.015527950310559,1.5124223602484472,1.6770186335403727,1.2888198757763976,114
994141.8291925465,2005.7018633540372,42.63664596273292,1.9285714285714286,1.2888198757763976,3.015527950310559,1.5124223602484472,1.6770186335403727,1.2888198757763976,70
994141.8291925465,2005.7018633540372,42.63664596273292,1.9285714285714286,1.2888198757763976,3.015527950310559,1.5124223602484472,1.6770186335403727,1.2888198757763976,101
994141.8291925465,2005.7018633540372,42.63664596273292,1.9285714285714286,1.2888198757763976,3.015527950310559,1.5124223602484472,1.6770186335403727,1.2888198757763976,74
994141.8291925465,2005.7018633540372,42.63664596273292,1.9285714285714286,1.2888198757763976,3.015527950310559,1.5124223602484472,1.6770186335403727,1.2888198757763976,92
994141.8291925465,2005.7018633540372,42.63664596273292,1.9285714285714286,1.2888198757763976,3.015527950310559,1.5124223602484472,1.6770186335403727,1.2888198757763976,100
994141.8291925465,2005.7018633540372,42.63664596273292,1.9285714285714286,1.2888198757763976,3.015527950310559,1.5124223602484472,1.6770186335403727,1.2888198757763976,94
994141.8291925465,2005.7018633540372,42.63664596273292,1.9285714285714286,1.2888198757763976,3.015527950310559,1.5124223602484472,1.6770186335403727,1.2888198757763976,97
994141.8291925465,2005.7018633540372,42.63664596273292,1.9285714285714286,1.2888198757763976,3.015527950310559,1.5124223602484472,1.6770186335403727,1.2888198757763976,161
994141.8291925465,2005.7018633540372,42.63664596273292,1.9285714285714286,1.2888198757763976,3.015527950310559,1.5124223602484472,1.6770186335403727,1.2888198757763976,138
994141.8291925465,2005.7018633540372,42.63664596273292,1.9285714285714286,1.2888198757763976,3.015527950310559,1.5124223602484472,1.6770186335403727,1.2888198757763976,131
994141.8291925465,2005.7018633540372,42.63664596273292,1.9285714285714286,1.2888198757763976,3.015527950310559,1.5124223602484472,1.6770186335403727,1.2888198757763976,57
994141.8291925465,2005.7018633540372,42.63664596273292,1.9285714285714286,1.2888198757763976,3.015527950310559,1.5124223602484472,1.6770186335403727,1.2888198757763976,87
994141.8291925465,2005.7018633540372,42.63664596273292,1.9285714285714286,1.2888198757763976,3.015527950310559,1.5124223602484472,1.6770186335403727,1.2888198757763976,119
994141.8291925465,2005.7018633540372,42.63664596273292,1.9285714285714286,1.2888198757763976,3.015527950310559,1.5124223602484472,1.6770186335403727,1.2888198757763976,201
994141.8291925465,2005.7018633540372,42.63664596273292,1.9285714285714286,1.2888198757763976,3.015527950310559,1.5124223602484472,1.6770186335403727,1.2888198757763976,100
994141.8291925465,2005.7018633540372,42.63664596273292,1.9285714285714286,1.2888198757763976,3.015527950310559,1.5124223602484472,1.6770186335403727,1.2888198757763976,177
994141.8291925465,2005.7018633540372,42.63664596273292,1.9285714285714286,1.2888198757763976,3.015527950310559,1.5124223602484472,1.6770186335403727,1.2888198757763976,117
994141.8291925465,2005.7018633540372,42.63664596273292,1.9285714285714286,1.2888198757763976,3.015527950310559,1.5124223602484472,1.6770186335403727,1.2888198757763976,105
994141.8291925465,2005.7018633540372,42.63664596273292,1.9285714285714286,1.2888198757763976,3.015527950310559,1.5124223602484472,1.6770186335403727,1.2888198757763976,127
994141.8291925465,2005.7018633540372,42.63664596273292,1.9285714285714286,1.2888198757763976,3.015527950310559,1.5124223602484472,1.6770186335403727,1.2888198757763976,148
994141.8291925465,2005.7018633540372,42.63664596273292,1.9285714285714286,1.2888198757763976,3.015527950310559,1.5124223602484472,1.6770186335403727,1.2888198757763976,105
994141.8291925465,2005.7018633540372,42.63664596273292,1.9285714285714286,1.2888198757763976,3.015527950310559,1.5124223602484472,1.6770186335403727,1.2888198757763976,123
994141.8291925465,2005.7018633540372,42.63664596273292,1.9285714285714286,1.2888198757763976,3.015527950310559,1.5124223602484472,1.6770186335403727,1.2888198757763976,112
994141.8291925465,2005.7018633540372,42.63664596273292,1.9285714285714286,1.2888198757763976,3.015527950310559,1.5124223602484472,1.6770186335403727,1.2888198757763976,88
994141.8291925465,2005.7018633540372,42.63664596273292,1.9285714285714286,1.2888198757763976,3.015527950310559,1.5124223602484472,1.6770186335403727,1.2888198757763976,277
994141.8291925465,2005.7018633540372,42.63664596273292,1.9285714285714286,1.2888198757763976,3.015527950310559,1.5124223602484472,1.6770186335403727,1.2888198757763976,75
994141.8291925465,2005.7018633540372,42.63664596273292,1.9285714285714286,1.2888198757763976,3.015527950310559,1.5124223602484472,1.6770186335403727,1.2888198757763976,119
994141.8291925465,2005.7018633540372,42.63664596273292,1.9285714285714286,1.2888198757763976,3.015527950310559,1.5124223602484472,1.6770186335403727,1.2888198757763976,80
994141.8291925465,2005.7018633540372,42.63664596273292,1.9285714285714286,1.2888198757763976,3.015527950310559,1.5124223602484472,1.6770186335403727,1.2888198757763976,94
994141.8291925465,2005.7018633540372,42.63664596273292,1.9285714285714286,1.2888198757763976,3.015527950310559,1.5124223602484472,1.6770186335403727,1.2888198757763976,110
994141.8291925465,2005.7018633540372,42.63664596273292,1.9285714285714286,1.2888198757763976,3.015527950310559,1.5124223602484472,1.6770186335403727,1.2888198757763976,81
994141.8291925465,2005.7018633540372,42.63664596273292,1.9285714285714286,1.2888198757763976,3.015527950310559,1.5124223602484472,1.6770186335403727,1.2888198757763976,148
994141.8291925465,2005.7018633540372,42.63664596273292,1.9285714285714286,1.2888198757763976,3.015527950310559,1.5124223602484472,1.6770186335403727,1.2888198757763976,90
994141.8291925465,2005.7018633540372,42.63664596273292,1.9285714285714286,1.2888198757763976,3.015527950310559,1.5124223602484472,1.6770186335403727,1.2888198757763976,142
994141.8291925465,2005.7018633540372,42.63664596273292,1.9285714285714286,1.2888198757763976,3.015527950310559,1.5124223602484472,1.6770186335403727,1.2888198757763976,83
994141.8291925465,2005.7018633540372,42.63664596273292,1.9285714285714286,1.2888198757763976,3.015527950310559,1.5124223602484472,1.6770186335403727,1.2888198757763976,102
994141.8291925465,2005.7018633540372,42.63664596273292,1.9285714285714286,1.2888198757763976,3.015527950310559,1.5124223602484472,1.6770186335403727,1.2888198757763976,127
994141.8291925465,2005.7018633540372,42.63664596273292,1.9285714285714286,1.2888198757763976,3.015527950310559,1.5124223602484472,1.6770186335403727,1.2888198757763976,127
994141.8291925465,2005.7018633540372,42.63664596273292,1.9285714285714286,1.2888198757763976,3.015527950310559,1.5124223602484472,1.6770186335403727,1.2888198757763976,108
994141.8291925465,2005.7018633540372,42.63664596273292,1.9285714285714286,1.2888198757763976,3.015527950310559,1.5124223602484472,1.6770186335403727,1.2888198757763976,128
994141.8291925465,2005.7018633540372,42.63664596273292,1.9285714285714286,1.2888198757763976,3.015527950310559,1.5124223602484472,1.6770186335403727,1.2888198757763976,71
994141.8291925465,2005.7018633540372,42.63664596273292,1.9285714285714286,1.2888198757763976,3.015527950310559,1.5124223602484472,1.6770186335403727,1.2888198757763976,140
994141.8291925465,2005.7018633540372,42.63664596273292,1.9285714285714286,1.2888198757763976,3.015527950310559,1.5124223602484472,1.6770186335403727,1.2888198757763976,89
994141.8291925465,2005.7018633540372,42.63664596273292,1.9285714285714286,1.2888198757763976,3.015527950310559,1.5124223602484472,1.6770186335403727,1.2888198757763976,182
994141.8291925465,2005.7018633540372,42.63664596273292,1.9285714285714286,1.2888198757763976,3.015527950310559,1.5124223602484472,1.6770186335403727,1.2888198757763976,95
994141.8291925465,2005.7018633540372,42.63664596273292,1.9285714285714286,1.2888198757763976,3.015527950310559,1.5124223602484472,1.6770186335403727,1.2888198757763976,119
994141.8291925465,2005.7018633540372,42.63664596273292,1.9285714285714286,1.2888198757763976,3.015527950310559,1.5124223602484472,1.6770186335403727,1.2888198757763976,65
994141.8291925465,2005.7018633540372,42.63664596273292,1.9285714285714286,1.2888198757763976,3.015527950310559,1.5124223602484472,1.6770186335403727,1.2888198757763976,100
994141.8291925465,2005.7018633540372,42.63664596273292,1.9285714285714286,1.2888198757763976,3.015527950310559,1.5124223602484472,1.6770186335403727,1.2888198757763976,110
994141.8291925465,2005.7018633540372,42.63664596273292,1.9285714285714286,1.2888198757763976,3.015527950310559,1.5124223602484472,1.6770186335403727,1.2888198757763976,88
994141.8291925465,2005.7018633540372,42.63664596273292,1.9285714285714286,1.2888198757763976,3.015527950310559,1.5124223602484472,1.6770186335403727,1.2888198757763976,164
994141.8291925465,2005.7018633540372,42.63664596273292,1.9285714285714286,1.2888198757763976,3.015527950310559,1.5124223602484472,1.6770186335403727,1.2888198757763976,50
994141.8291925465,2005.7018633540372,42.63664596273292,1.9285714285714286,1.2888198757763976,3.015527950310559,1.5124223602484472,1.6770186335403727,1.2888198757763976,88
994141.8291925465,2005.7018633540372,42.63664596273292,1.9285714285714286,1.2888198757763976,3.015527950310559,1.5124223602484472,1.6770186335403727,1.2888198757763976,116
994141.8291925465,2005.7018633540372,42.63664596273292,1.9285714285714286,1.2888198757763976,3.015527950310559,1.5124223602484472,1.6770186335403727,1.2888198757763976,103
994141.8291925465,2005.7018633540372,42.63664596273292,1.9285714285714286,1.2888198757763976,3.015527950310559,1.5124223602484472,1.6770186335403727,1.2888198757763976,81
994141.8291925465,2005.7018633540372,42.63664596273292,1.9285714285714286,1.2888198757763976,3.015527950310559,1.5124223602484472,1.6770186335403727,1.2888198757763976,90
994141.8291925465,2005.7018633540372,42.63664596273292,1.9285714285714286,1.2888198757763976,3.015527950310559,1.5124223602484472,1.6770186335403727,1.2888198757763976,177
994141.8291925465,2005.7018633540372,42.63664596273292,1.9285714285714286,1.2888198757763976,3.015527950310559,1.5124223602484472,1.6770186335403727,1.2888198757763976,131
994141.8291925465,2005.7018633540372,42.63664596273292,1.9285714285714286,1.2888198757763976,3.015527950310559,1.5124223602484472,1.6770186335403727,1.2888198757763976,161
994141.8291925465,2005.7018633540372,42.63664596273292,1.9285714285714286,1.2888198757763976,3.015527950310559,1.5124223602484472,1.6770186335403727,1.2888198757763976,74
994141.8291925465,2005.7018633540372,42.63664596273292,1.9285714285714286,1.2888198757763976,3.015527950310559,1.5124223602484472,1.6770186335403727,1.2888198757763976,110
994141.8291925465,2005.7018633540372,42.63664596273292,1.9285714285714286,1.2888198757763976,3.015527950310559,1.5124223602484472,1.6770186335403727,1.2888198757763976,65
994141.8291925465,2005.7018633540372,42.63664596273292,1.9285714285714286,1.2888198757763976,3.015527950310559,1.5124223602484472,1.6770186335403727,1.2888198757763976,100
994141.8291925465,2005.7018633540372,42.63664596273292,1.9285714285714286,1.2888198757763976,3.015527950310559,1.5124223602484472,1.6770186335403727,1.2888198757763976,81
994141.8291925465,2005.7018633540372,42.63664596273292,1.9285714285714286,1.2888198757763976,3.015527950310559,1.5124223602484472,1.6770186335403727,1.2888198757763976,127
994141.8291925465,2005.7018633540372,42.63664596273292,1.9285714285714286,1.2888198757763976,3.015527950310559,1.5124223602484472,1.6770186335403727,1.2888198757763976,127
994141.8291925465,2005.7018633540372,42.63664596273292,1.9285714285714286,1.2888198757763976,3.015527950310559,1.5124223602484472,1.6770186335403727,1.2888198757763976,92
994141.8291925465,2005.7018633540372,42.63664596273292,1.9285714285714286,1.2888198757763976,3.015527950310559,1.5124223602484472,1.6770186335403727,1.2888198757763976,103
994141.8291925465,2005.7018633540372,42.63664596273292,1.9285714285714286,1.2888198757763976,3.015527950310559,1.5124223602484472,1.6770186335403727,1.2888198757763976,129
994141.8291925465,2005.7018633540372,42.63664596273292,1.9285714285714286,1.2888198757763976,3.015527950310559,1.5124223602484472,1.6770186335403727,1.2888198757763976,105
994141.8291925465,2005.7018633540372,42.63664596273292,1.9285714285714286,1.2888198757763976,3.015527950310559,1.5124223602484472,1.6770186335403727,1.2888198757763976,70
994141.8291925465,2005.7018633540372,42.63664596273292,1.9285714285714286,1.2888198757763976,3.015527950310559,1.5124223602484472,1.6770186335403727,1.2888198757763976,75
994141.8291925465,2005.7018633540372,42.63664596273292,1.9285714285714286,1.2888198757763976,3.015527950310559,1.5124223602484472,1.6770186335403727,1.2888198757763976,111
994141.8291925465,2005.7018633540372,42.63664596273292,1.9285714285714286,1.2888198757763976,3.015527950310559,1.5124223602484472,1.6770186335403727,1.2888198757763976,148
994141.8291925465,2005.7018633540372,42.63664596273292,1.9285714285714286,1.2888198757763976,3.015527950310559,1.5124223602484472,1.6770186335403727,1.2888198757763976,112
994141.8291925465,2005.7018633540372,42.63664596273292,1.9285714285714286,1.2888198757763976,3.015527950310559,1.5124223602484472,1.6770186335403727,1.2888198757763976,108
994141.8291925465,2005.7018633540372,42.63664596273292,1.9285714285714286,1.2888198757763976,3.015527950310559,1.5124223602484472,1.6770186335403727,1.2888198757763976,97
994141.8291925465,2005.7018633540372,42.63664596273292,1.9285714285714286,1.2888198757763976,3.015527950310559,1.5124223602484472,1.6770186335403727,1.2888198757763976,81
994141.8291925465,2005.7018633540372,42.63664596273292,1.9285714285714286,1.2888198757763976,3.015527950310559,1.5124223602484472,1.6770186335403727,1.2888198757763976,119
994141.8291925465,2005.7018633540372,42.63664596273292,1.9285714285714286,1.2888198757763976,3.015527950310559,1.5124223602484472,1.6770186335403727,1.2888198757763976,94
994141.8291925465,2005.7018633540372,42.63664596273292,1.9285714285714286,1.2888198757763976,3.015527950310559,1.5124223602484472,1.6770186335403727,1.2888198757763976,107
994141.8291925465,2005.7018633540372,42.63664596273292,1.9285714285714286,1.2888198757763976,3.015527950310559,1.5124223602484472,1.6770186335403727,1.2888198757763976,110
994141.8291925465,2005.7018633540372,42.63664596273292,1.9285714285714286,1.2888198757763976,3.015527950310559,1.5124223602484472,1.6770186335403727,1.2888198757763976,88
994141.8291925465,2005.7018633540372,42.63664596273292,1.9285714285714286,1.2888198757763976,3.015527950310559,1.5124223602484472,1.6770186335403727,1.2888198757763976,100
994141.8291925465,2005.7018633540372,42.63664596273292,1.9285714285714286,1.2888198757763976,3.015527950310559,1.5124223602484472,1.6770186335403727,1.2888198757763976,119
994141.8291925465,2005.7018633540372,42.63664596273292,1.9285714285714286,1.2888198757763976,3.015527950310559,1.5124223602484472,1.6770186335403727,1.2888198757763976,96
994141.8291925465,2005.7018633540372,42.63664596273292,1.9285714285714286,1.2888198757763976,3.015527950310559,1.5124223602484472,1.6770186335403727,1.2888198757763976,44
994141.8291925465,2005.7018633540372,42.63664596273292,1.9285714285714286,1.2888198757763976,3.015527950310559,1.5124223602484472,1.6770186335403727,1.2888198757763976,119
994141.8291925465,2005.7018633540372,42.63664596273292,1.9285714285714286,1.2888198757763976,3.015527950310559,1.5124223602484472,1.6770186335403727,1.2888198757763976,166
994141.8291925465,2005.7018633540372,42.63664596273292,1.9285714285714286,1.2888198757763976,3.015527950310559,1.5124223602484472,1.6770186335403727,1.2888198757763976,114
994141.8291925465,2005.7018633540372,42.63664596273292,1.9285714285714286,1.2888198757763976,3.015527950310559,1.5124223602484472,1.6770186335403727,1.2888198757763976,100
994141.8291925465,2005.7018633540372,42.63664596273292,1.9285714285714286,1.2888198757763976,3.015527950310559,1.5124223602484472,1.6770186335403727,1.2888198757763976,117
994141.8291925465,2005.7018633540372,42.63664596273292,1.9285714285714286,1.2888198757763976,3.015527950310559,1.5124223602484472,1.6770186335403727,1.2888198757763976,106
994141.8291925465,2005.7018633540372,42.63664596273292,1.9285714285714286,1.2888198757763976,3.015527950310559,1.5124223602484472,1.6770186335403727,1.2888198757763976,94
994141.8291925465,2005.7018633540372,42.63664596273292,1.9285714285714286,1.2888198757763976,3.015527950310559,1.5124223602484472,1.6770186335403727,1.2888198757763976,101
994141.8291925465,2005.7018633540372,42.63664596273292,1.9285714285714286,1.2888198757763976,3.015527950310559,1.5124223602484472,1.6770186335403727,1.2888198757763976,88
994141.8291925465,2005.7018633540372,42.63664596273292,1.9285714285714286,1.2888198757763976,3.015527950310559,1.5124223602484472,1.6770186335403727,1.2888198757763976,105
994141.8291925465,2005.7018633540372,42.63664596273292,1.9285714285714286,1.2888198757763976,3.015527950310559,1.5124223602484472,1.6770186335403727,1.2888198757763976,118
994141.8291925465,2005.7018633540372,42.63664596273292,1.9285714285714286,1.2888198757763976,3.015527950310559,1.5124223602484472,1.6770186335403727,1.2888198757763976,88
994141.8291925465,2005.7018633540372,42.63664596273292,1.9285714285714286,1.2888198757763976,3.015527950310559,1.5124223602484472,1.6770186335403727,1.2888198757763976,172
994141.8291925465,2005.7018633540372,42.63664596273292,1.9285714285714286,1.2888198757763976,3.015527950310559,1.5124223602484472,1.6770186335403727,1.2888198757763976,85
994141.8291925465,2005.7018633540372,42.63664596273292,1.9285714285714286,1.2888198757763976,3.015527950310559,1.5124223602484472,1.6770186335403727,1.2888198757763976,145
994141.8291925465,2005.7018633540372,42.63664596273292,1.9285714285714286,1.2888198757763976,3.015527950310559,1.5124223602484472,1.6770186335403727,1.2888198757763976,201
994141.8291925465,2005.7018633540372,42.63664596273292,1.9285714285714286,1.2888198757763976,3.015527950310559,1.5124223602484472,1.6770186335403727,1.2888198757763976,145
994141.8291925465,2005.7018633540372,42.63664596273292,1.9285714285714286,1.2888198757763976,3.015527950310559,1.5124223602484472,1.6770186335403727,1.2888198757763976,69
994141.8291925465,2005.7018633540372,42.63664596273292,1.9285714285714286,1.2888198757763976,3.015527950310559,1.5124223602484472,1.6770186335403727,1.2888198757763976,278
994141.8291925465,2005.7018633540372,42.63664596273292,1.9285714285714286,1.2888198757763976,3.015527950310559,1.5124223602484472,1.6770186335403727,1.2888198757763976,123
994141.8291925465,2005.7018633540372,42.63664596273292,1.9285714285714286,1.2888198757763976,3.015527950310559,1.5124223602484472,1.6770186335403727,1.2888198757763976,166
994141.8291925465,2005.7018633540372,42.63664596273292,1.9285714285714286,1.2888198757763976,3.015527950310559,1.5124223602484472,1.6770186335403727,1.2888198757763976,102
994141.8291925465,2005.7018633540372,42.63664596273292,1.9285714285714286,1.2888198757763976,3.015527950310559,1.5124223602484472,1.6770186335403727,1.2888198757763976,70
994141.8291925465,2005.7018633540372,42.63664596273292,1.9285714285714286,1.2888198757763976,3.015527950310559,1.5124223602484472,1.6770186335403727,1.2888198757763976,68
994141.8291925465,2005.7018633540372,42.63664596273292,1.9285714285714286,1.2888198757763976,3.015527950310559,1.5124223602484472,1.6770186335403727,1.2888198757763976,119
994141.8291925465,2005.7018633540372,42.63664596273292,1.9285714285714286,1.2888198757763976,3.015527950310559,1.5124223602484472,1.6770186335403727,1.2888198757763976,131
994141.8291925465,2005.7018633540372,42.63664596273292,1.9285714285714286,1.2888198757763976,3.015527950310559,1.5124223602484472,1.6770186335403727,1.2888198757763976,119
994141.8291925465,2005.7018633540372,42.63664596273292,1.9285714285714286,1.2888198757763976,3.015527950310559,1.5124223602484472,1.6770186335403727,1.2888198757763976,84
994141.8291925465,2005.7018633540372,42.63664596273292,1.9285714285714286,1.2888198757763976,3.015527950310559,1.5124223602484472,1.6770186335403727,1.2888198757763976,272
994141.8291925465,2005.7018633540372,42.63664596273292,1.9285714285714286,1.2888198757763976,3.015527950310559,1.5124223602484472,1.6770186335403727,1.2888198757763976,115
994141.8291925465,2005.7018633540372,42.63664596273292,1.9285714285714286,1.2888198757763976,3.015527950310559,1.5124223602484472,1.6770186335403727,1.2888198757763976,92
994141.8291925465,2005.7018633540372,42.63664596273292,1.9285714285714286,1.2888198757763976,3.015527950310559,1.5124223602484472,1.6770186335403727,1.2888198757763976,90
994141.8291925465,2005.7018633540372,42.63664596273292,1.9285714285714286,1.2888198757763976,3.015527950310559,1.5124223602484472,1.6770186335403727,1.2888198757763976,85
994141.8291925465,2005.7018633540372,42.63664596273292,1.9285714285714286,1.2888198757763976,3.015527950310559,1.5124223602484472,1.6770186335403727,1.2888198757763976,148
994141.8291925465,2005.7018633540372,42.63664596273292,1.9285714285714286,1.2888198757763976,3.015527950310559,1.5124223602484472,1.6770186335403727,1.2888198757763976,127
994141.8291925465,2005.7018633540372,42.63664596273292,1.9285714285714286,1.2888198757763976,3.015527950310559,1.5124223602484472,1.6770186335403727,1.2888198757763976,81
994141.8291925465,2005.7018633540372,42.63664596273292,1.9285714285714286,1.2888198757763976,3.015527950310559,1.5124223602484472,1.6770186335403727,1.2888198757763976,77
994141.8291925465,2005.7018633540372,42.63664596273292,1.9285714285714286,1.2888198757763976,3.015527950310559,1.5124223602484472,1.6770186335403727,1.2888198757763976,153
994141.8291925465,2005.7018633540372,42.63664596273292,1.9285714285714286,1.2888198757763976,3.015527950310559,1.5124223602484472,1.6770186335403727,1.2888198757763976,74
994141.8291925465,2005.7018633540372,42.63664596273292,1.9285714285714286,1.2888198757763976,3.015527950310559,1.5124223602484472,1.6770186335403727,1.2888198757763976,105
994141.8291925465,2005.7018633540372,42.63664596273292,1.9285714285714286,1.2888198757763976,3.015527950310559,1.5124223602484472,1.6770186335403727,1.2888198757763976,119
994141.8291925465,2005.7018633540372,42.63664596273292,1.9285714285714286,1.2888198757763976,3.015527950310559,1.5124223602484472,1.6770186335403727,1.2888198757763976,106
994141.8291925465,2005.7018633540372,42.63664596273292,1.9285714285714286,1.2888198757763976,3.015527950310559,1.5124223602484472,1.6770186335403727,1.2888198757763976,100
994141.8291925465,2005.7018633540372,42.63664596273292,1.9285714285714286,1.2888198757763976,3.015527950310559,1.5124223602484472,1.6770186335403727,1.2888198757763976,94
994141.8291925465,2005.7018633540372,42.63664596273292,1.9285714285714286,1.2888198757763976,3.015527950310559,1.5124223602484472,1.6770186335403727,1.2888198757763976,139
994141.8291925465,2005.7018633540372,42.63664596273292,1.9285714285714286,1.2888198757763976,3.015527950310559,1.5124223602484472,1.6770186335403727,1.2888198757763976,155
994141.8291925465,2005.7018633540372,42.63664596273292,1.9285714285714286,1.2888198757763976,3.015527950310559,1.5124223602484472,1.6770186335403727,1.2888198757763976,114
994141.8291925465,2005.7018633540372,42.63664596273292,1.9285714285714286,1.2888198757763976,3.015527950310559,1.5124223602484472,1.6770186335403727,1.2888198757763976,136
994141.8291925465,2005.7018633540372,42.63664596273292,1.9285714285714286,1.2888198757763976,3.015527950310559,1.5124223602484472,1.6770186335403727,1.2888198757763976,109
994141.8291925465,2005.7018633540372,42.63664596273292,1.9285714285714286,1.2888198757763976,3.015527950310559,1.5124223602484472,1.6770186335403727,1.2888198757763976,55
994141.8291925465,2005.7018633540372,42.63664596273292,1.9285714285714286,1.2888198757763976,3.015527950310559,1.5124223602484472,1.6770186335403727,1.2888198757763976,158
994141.8291925465,2005.7018633540372,42.63664596273292,1.9285714285714286,1.2888198757763976,3.015527950310559,1.5124223602484472,1.6770186335403727,1.2888198757763976,81
994141.8291925465,2005.7018633540372,42.63664596273292,1.9285714285714286,1.2888198757763976,3.015527950310559,1.5124223602484472,1.6770186335403727,1.2888198757763976,88
994141.8291925465,2005.7018633540372,42.63664596273292,1.9285714285714286,1.2888198757763976,3.015527950310559,1.5124223602484472,1.6770186335403727,1.2888198757763976,96
994141.8291925465,2005.7018633540372,42.63664596273292,1.9285714285714286,1.2888198757763976,3.015527950310559,1.5124223602484472,1.6770186335403727,1.2888198757763976,132
994141.8291925465,2005.7018633540372,42.63664596273292,1.9285714285714286,1.2888198757763976,3.015527950310559,1.5124223602484472,1.6770186335403727,1.2888198757763976,110
994141.8291925465,2005.7018633540372,42.63664596273292,1.9285714285714286,1.2888198757763976,3.015527950310559,1.5124223602484472,1.6770186335403727,1.2888198757763976,117
994141.8291925465,2005.7018633540372,42.63664596273292,1.9285714285714286,1.2888198757763976,3.015527950310559,1.5124223602484472,1.6770186335403727,1.2888198757763976,83
994141.8291925465,2005.7018633540372,42.63664596273292,1.9285714285714286,1.2888198757763976,3.015527950310559,1.5124223602484472,1.6770186335403727,1.2888198757763976,105
994141.8291925465,2005.7018633540372,42.63664596273292,1.9285714285714286,1.2888198757763976,3.015527950310559,1.5124223602484472,1.6770186335403727,1.2888198757763976,100
994141.8291925465,2005.7018633540372,42.63664596273292,1.9285714285714286,1.2888198757763976,3.015527950310559,1.5124223602484472,1.6770186335403727,1.2888198757763976,65
994141.8291925465,2005.7018633540372,42.63664596273292,1.9285714285714286,1.2888198757763976,3.015527950310559,1.5124223602484472,1.6770186335403727,1.2888198757763976,129
994141.8291925465,2005.7018633540372,42.63664596273292,1.9285714285714286,1.2888198757763976,3.015527950310559,1.5124223602484472,1.6770186335403727,1.2888198757763976,127
994141.8291925465,2005.7018633540372,42.63664596273292,1.9285714285714286,1.2888198757763976,3.015527950310559,1.5124223602484472,1.6770186335403727,1.2888198757763976,88
994141.8291925465,2005.7018633540372,42.63664596273292,1.9285714285714286,1.2888198757763976,3.015527950310559,1.5124223602484472,1.6770186335403727,1.2888198757763976,94
994141.8291925465,2005.7018633540372,42.63664596273292,1.9285714285714286,1.2888198757763976,3.015527950310559,1.5124223602484472,1.6770186335403727,1.2888198757763976,63
994141.8291925465,2005.7018633540372,42.63664596273292,1.9285714285714286,1.2888198757763976,3.015527950310559,1.5124223602484472,1.6770186335403727,1.2888198757763976,107
994141.8291925465,2005.7018633540372,42.63664596273292,1.9285714285714286,1.2888198757763976,3.015527950310559,1.5124223602484472,1.6770186335403727,1.2888198757763976,75
994141.8291925465,2005.7018633540372,42.63664596273292,1.9285714285714286,1.2888198757763976,3.015527950310559,1.5124223602484472,1.6770186335403727,1.2888198757763976,110
994141.8291925465,2005.7018633540372,42.63664596273292,1.9285714285714286,1.2888198757763976,3.015527950310559,1.5124223602484472,1.6770186335403727,1.2888198757763976,129
994141.8291925465,2005.7018633540372,42.63664596273292,1.9285714285714286,1.2888198757763976,3.015527950310559,1.5124223602484472,1.6770186335403727,1.2888198757763976,119
994141.8291925465,2005.7018633540372,42.63664596273292,1.9285714285714286,1.2888198757763976,3.015527950310559,1.5124223602484472,1.6770186335403727,1.2888198757763976,123
994141.8291925465,2005.7018633540372,42.63664596273292,1.9285714285714286,1.2888198757763976,3.015527950310559,1.5124223602484472,1.6770186335403727,1.2888198757763976,155
994141.8291925465,2005.7018633540372,42.63664596273292,1.9285714285714286,1.2888198757763976,3.015527950310559,1.5124223602484472,1.6770186335403727,1.2888198757763976,94
994141.8291925465,2005.7018633540372,42.63664596273292,1.9285714285714286,1.2888198757763976,3.015527950310559,1.5124223602484472,1.6770186335403727,1.2888198757763976,80
994141.8291925465,2005.7018633540372,42.63664596273292,1.9285714285714286,1.2888198757763976,3.015527950310559,1.5124223602484472,1.6770186335403727,1.2888198757763976,89
994141.8291925465,2005.7018633540372,42.63664596273292,1.9285714285714286,1.2888198757763976,3.015527950310559,1.5124223602484472,1.6770186335403727,1.2888198757763976,115
994141.8291925465,2005.7018633540372,42.63664596273292,1.9285714285714286,1.2888198757763976,3.015527950310559,1.5124223602484472,1.6770186335403727,1.2888198757763976,106
994141.8291925465,2005.7018633540372,42.63664596273292,1.9285714285714286,1.2888198757763976,3.015527950310559,1.5124223602484472,1.6770186335403727,1.2888198757763976,121
994141.8291925465,2005.7018633540372,42.63664596273292,1.9285714285714286,1.2888198757763976,3.015527950310559,1.5124223602484472,1.6770186335403727,1.2888198757763976,109
994141.8291925465,2005.7018633540372,42.63664596273292,1.9285714285714286,1.2888198757763976,3.015527950310559,1.5124223602484472,1.6770186335403727,1.2888198757763976,110
994141.8291925465,2005.7018633540372,42.63664596273292,1.9285714285714286,1.2888198757763976,3.015527950310559,1.5124223602484472,1.6770186335403727,1.2888198757763976,278
994141.8291925465,2005.7018633540372,42.63664596273292,1.9285714285714286,1.2888198757763976,3.015527950310559,1.5124223602484472,1.6770186335403727,1.2888198757763976,72
994141.8291925465,2005.7018633540372,42.63664596273292,1.9285714285714286,1.2888198757763976,3.015527950310559,1.5124223602484472,1.6770186335403727,1.2888198757763976,142
994141.8291925465,2005.7018633540372,42.63664596273292,1.9285714285714286,1.2888198757763976,3.015527950310559,1.5124223602484472,1.6770186335403727,1.2888198757763976,94
994141.8291925465,2005.7018633540372,42.63664596273292,1.9285714285714286,1.2888198757763976,3.015527950310559,1.5124223602484472,1.6770186335403727,1.2888198757763976,113
994141.8291925465,2005.7018633540372,42.63664596273292,1.9285714285714286,1.2888198757763976,3.015527950310559,1.5124223602484472,1.6770186335403727,1.2888198757763976,110
994141.8291925465,2005.7018633540372,42.63664596273292,1.9285714285714286,1.2888198757763976,3.015527950310559,1.5124223602484472,1.6770186335403727,1.2888198757763976,81
994141.8291925465,2005.7018633540372,42.63664596273292,1.9285714285714286,1.2888198757763976,3.015527950310559,1.5124223602484472,1.6770186335403727,1.2888198757763976,88
994141.8291925465,2005.7018633540372,42.63664596273292,1.9285714285714286,1.2888198757763976,3.015527950310559,1.5124223602484472,1.6770186335403727,1.2888198757763976,65
994141.8291925465,2005.7018633540372,42.63664596273292,1.9285714285714286,1.2888198757763976,3.015527950310559,1.5124223602484472,1.6770186335403727,1.2888198757763976,148
994141.8291925465,2005.7018633540372,42.63664596273292,1.9285714285714286,1.2888198757763976,3.015527950310559,1.5124223602484472,1.6770186335403727,1.2888198757763976,119
994141.8291925465,2005.7018633540372,42.63664596273292,1.9285714285714286,1.2888198757763976,3.015527950310559,1.5124223602484472,1.6770186335403727,1.2888198757763976,105
994141.8291925465,2005.7018633540372,42.63664596273292,1.9285714285714286,1.2888198757763976,3.015527950310559,1.5124223602484472,1.6770186335403727,1.2888198757763976,93
994141.8291925465,2005.7018633540372,42.63664596273292,1.9285714285714286,1.2888198757763976,3.015527950310559,1.5124223602484472,1.6770186335403727,1.2888198757763976,100
994141.8291925465,2005.7018633540372,42.63664596273292,1.9285714285714286,1.2888198757763976,3.015527950310559,1.5124223602484472,1.6770186335403727,1.2888198757763976,133
994141.8291925465,2005.7018633540372,42.63664596273292,1.9285714285714286,1.2888198757763976,3.015527950310559,1.5124223602484472,1.6770186335403727,1.2888198757763976,66
994141.8291925465,2005.7018633540372,42.63664596273292,1.9285714285714286,1.2888198757763976,3.015527950310559,1.5124223602484472,1.6770186335403727,1.2888198757763976,102
994141.8291925465,2005.7018633540372,42.63664596273292,1.9285714285714286,1.2888198757763976,3.015527950310559,1.5124223602484472,1.6770186335403727,1.2888198757763976,127
994141.8291925465,2005.7018633540372,42.63664596273292,1.9285714285714286,1.2888198757763976,3.015527950310559,1.5124223602484472,1.6770186335403727,1.2888198757763976,131
994141.8291925465,2005.7018633540372,42.63664596273292,1.9285714285714286,1.2888198757763976,3.015527950310559,1.5124223602484472,1.6770186335403727,1.2888198757763976,148
994141.8291925465,2005.7018633540372,42.63664596273292,1.9285714285714286,1.2888198757763976,3.015527950310559,1.5124223602484472,1.6770186335403727,1.2888198757763976,125
994141.8291925465,2005.7018633540372,42.63664596273292,1.9285714285714286,1.2888198757763976,3.015527950310559,1.5124223602484472,1.6770186335403727,1.2888198757763976,81
994141.8291925465,2005.7018633540372,42.63664596273292,1.9285714285714286,1.2888198757763976,3.015527950310559,1.5124223602484472,1.6770186335403727,1.2888198757763976,88
994141.8291925465,2005.7018633540372,42.63664596273292,1.9285714285714286,1.2888198757763976,3.015527950310559,1.5124223602484472,1.6770186335403727,1.2888198757763976,95
994141.8291925465,2005.7018633540372,42.63664596273292,1.9285714285714286,1.2888198757763976,3.015527950310559,1.5124223602484472,1.6770186335403727,1.2888198757763976,69
994141.8291925465,2005.7018633540372,42.63664596273292,1.9285714285714286,1.2888198757763976,3.015527950310559,1.5124223602484472,1.6770186335403727,1.2888198757763976,75
994141.8291925465,2005.7018633540372,42.63664596273292,1.9285714285714286,1.2888198757763976,3.015527950310559,1.5124223602484472,1.6770186335403727,1.2888198757763976,74
994141.8291925465,2005.7018633540372,42.63664596273292,1.9285714285714286,1.2888198757763976,3.015527950310559,1.5124223602484472,1.6770186335403727,1.2888198757763976,268
994141.8291925465,2005.7018633540372,42.63664596273292,1.9285714285714286,1.2888198757763976,3.015527950310559,1.5124223602484472,1.6770186335403727,1.2888198757763976,126
994141.8291925465,2005.7018633540372,42.63664596273292,1.9285714285714286,1.2888198757763976,3.015527950310559,1.5124223602484472,1.6770186335403727,1.2888198757763976,132
994141.8291925465,2005.7018633540372,42.63664596273292,1.9285714285714286,1.2888198757763976,3.015527950310559,1.5124223602484472,1.6770186335403727,1.2888198757763976,85
994141.8291925465,2005.7018633540372,42.63664596273292,1.9285714285714286,1.2888198757763976,3.015527950310559,1.5124223602484472,1.6770186335403727,1.2888198757763976,77
994141.8291925465,2005.7018633540372,42.63664596273292,1.9285714285714286,1.2888198757763976,3.015527950310559,1.5124223602484472,1.6770186335403727,1.2888198757763976,83
994141.8291925465,2005.7018633540372,42.63664596273292,1.9285714285714286,1.2888198757763976,3.015527950310559,1.5124223602484472,1.6770186335403727,1.2888198757763976,55
994141.8291925465,2005.7018633540372,42.63664596273292,1.9285714285714286,1.2888198757763976,3.015527950310559,1.5124223602484472,1.6770186335403727,1.2888198757763976,100
994141.8291925465,2005.7018633540372,42.63664596273292,1.9285714285714286,1.2888198757763976,3.015527950310559,1.5124223602484472,1.6770186335403727,1.2888198757763976,114
994141.8291925465,2005.7018633540372,42.63664596273292,1.9285714285714286,1.2888198757763976,3.015527950310559,1.5124223602484472,1.6770186335403727,1.2888198757763976,114
994141.8291925465,2005.7018633540372,42.63664596273292,1.9285714285714286,1.2888198757763976,3.015527950310559,1.5124223602484472,1.6770186335403727,1.2888198757763976,84
994141.8291925465,2005.7018633540372,42.63664596273292,1.9285714285714286,1.2888198757763976,3.015527950310559,1.5124223602484472,1.6770186335403727,1.2888198757763976,74
994141.8291925465,2005.7018633540372,42.63664596273292,1.9285714285714286,1.2888198757763976,3.015527950310559,1.5124223602484472,1.6770186335403727,1.2888198757763976,127
994141.8291925465,2005.7018633540372,42.63664596273292,1.9285714285714286,1.2888198757763976,3.015527950310559,1.5124223602484472,1.6770186335403727,1.2888198757763976,100
994141.8291925465,2005.7018633540372,42.63664596273292,1.9285714285714286,1.2888198757763976,3.015527950310559,1.5124223602484472,1.6770186335403727,1.2888198757763976,102
994141.8291925465,2005.7018633540372,42.63664596273292,1.9285714285714286,1.2888198757763976,3.015527950310559,1.5124223602484472,1.6770186335403727,1.2888198757763976,133
994141.8291925465,2005.7018633540372,42.63664596273292,1.9285714285714286,1.2888198757763976,3.015527950310559,1.5124223602484472,1.6770186335403727,1.2888198757763976,138
994141.8291925465,2005.7018633540372,42.63664596273292,1.9285714285714286,1.2888198757763976,3.015527950310559,1.5124223602484472,1.6770186335403727,1.2888198757763976,148
994141.8291925465,2005.7018633540372,42.63664596273292,1.9285714285714286,1.2888198757763976,3.015527950310559,1.5124223602484472,1.6770186335403727,1.2888198757763976,110
994141.8291925465,2005.7018633540372,42.63664596273292,1.9285714285714286,1.2888198757763976,3.015527950310559,1.5124223602484472,1.6770186335403727,1.2888198757763976,110
994141.8291925465,2005.7018633540372,42.63664596273292,1.9285714285714286,1.2888198757763976,3.015527950310559,1.5124223602484472,1.6770186335403727,1.2888198757763976,88
994141.8291925465,2005.7018633540372,42.63664596273292,1.9285714285714286,1.2888198757763976,3.015527950310559,1.5124223602484472,1.6770186335403727,1.2888198757763976,127
994141.8291925465,2005.7018633540372,42.63664596273292,1.9285714285714286,1.2888198757763976,3.015527950310559,1.5124223602484472,1.6770186335403727,1.2888198757763976,100
994141.8291925465,2005.7018633540372,42.63664596273292,1.9285714285714286,1.2888198757763976,3.015527950310559,1.5124223602484472,1.6770186335403727,1.2888198757763976,122
994141.8291925465,2005.7018633540372,42.63664596273292,1.9285714285714286,1.2888198757763976,3.015527950310559,1.5124223602484472,1.6770186335403727,1.2888198757763976,84
994141.8291925465,2005.7018633540372,42.63664596273292,1.9285714285714286,1.2888198757763976,3.015527950310559,1.5124223602484472,1.6770186335403727,1.2888198757763976,177
994141.8291925465,2005.7018633540372,42.63664596273292,1.9285714285714286,1.2888198757763976,3.015527950310559,1.5124223602484472,1.6770186335403727,1.2888198757763976,129
994141.8291925465,2005.7018633540372,42.63664596273292,1.9285714285714286,1.2888198757763976,3.015527950310559,1.5124223602484472,1.6770186335403727,1.2888198757763976,148
994141.8291925465,2005.7018633540372,42.63664596273292,1.9285714285714286,1.2888198757763976,3.015527950310559,1.5124223602484472,1.6770186335403727,1.2888198757763976,137
994141.8291925465,2005.7018633540372,42.63664596273292,1.9285714285714286,1.2888198757763976,3.015527950310559,1.5124223602484472,1.6770186335403727,1.2888198757763976,123
994141.8291925465,2005.7018633540372,42.63664596273292,1.9285714285714286,1.2888198757763976,3.015527950310559,1.5124223602484472,1.6770186335403727,1.2888198757763976,81
994141.8291925465,2005.7018633540372,42.63664596273292,1.9285714285714286,1.2888198757763976,3.015527950310559,1.5124223602484472,1.6770186335403727,1.2888198757763976,85
994141.8291925465,2005.7018633540372,42.63664596273292,1.9285714285714286,1.2888198757763976,3.015527950310559,1.5124223602484472,1.6770186335403727,1.2888198757763976,114
994141.8291925465,2005.7018633540372,42.63664596273292,1.9285714285714286,1.2888198757763976,3.015527950310559,1.5124223602484472,1.6770186335403727,1.2888198757763976,72
994141.8291925465,2005.7018633540372,42.63664596273292,1.9285714285714286,1.2888198757763976,3.015527950310559,1.5124223602484472,1.6770186335403727,1.2888198757763976,88
994141.8291925465,2005.7018633540372,42.63664596273292,1.9285714285714286,1.2888198757763976,3.015527950310559,1.5124223602484472,1.6770186335403727,1.2888198757763976,192
994141.8291925465,2005.7018633540372,42.63664596273292,1.9285714285714286,1.2888198757763976,3.015527950310559,1.5124223602484472,1.6770186335403727,1.2888198757763976,114
994141.8291925465,2005.7018633540372,42.63664596273292,1.9285714285714286,1.2888198757763976,3.015527950310559,1.5124223602484472,1.6770186335403727,1.2888198757763976,142
994141.8291925465,2005.7018633540372,42.63664596273292,1.9285714285714286,1.2888198757763976,3.015527950310559,1.5124223602484472,1.6770186335403727,1.2888198757763976,121
994141.8291925465,2005.7018633540372,42.63664596273292,1.9285714285714286,1.2888198757763976,3.015527950310559,1.5124223602484472,1.6770186335403727,1.2888198757763976,94
994141.8291925465,2005.7018633540372,42.63664596273292,1.9285714285714286,1.2888198757763976,3.015527950310559,1.5124223602484472,1.6770186335403727,1.2888198757763976,127
994141.8291925465,2005.7018633540372,42.63664596273292,1.9285714285714286,1.2888198757763976,3.015527950310559,1.5124223602484472,1.6770186335403727,1.2888198757763976,55
994141.8291925465,2005.7018633540372,42.63664596273292,1.9285714285714286,1.2888198757763976,3.015527950310559,1.5124223602484472,1.6770186335403727,1.2888198757763976,124
994141.8291925465,2005.7018633540372,42.63664596273292,1.9285714285714286,1.2888198757763976,3.015527950310559,1.5124223602484472,1.6770186335403727,1.2888198757763976,74
994141.8291925465,2005.7018633540372,42.63664596273292,1.9285714285714286,1.2888198757763976,3.015527950310559,1.5124223602484472,1.6770186335403727,1.2888198757763976,161
994141.8291925465,2005.7018633540372,42.63664596273292,1.9285714285714286,1.2888198757763976,3.015527950310559,1.5124223602484472,1.6770186335403727,1.2888198757763976,74
994141.8291925465,2005.7018633540372,42.63664596273292,1.9285714285714286,1.2888198757763976,3.015527950310559,1.5124223602484472,1.6770186335403727,1.2888198757763976,77
994141.8291925465,2005.7018633540372,42.63664596273292,1.9285714285714286,1.2888198757763976,3.015527950310559,1.5124223602484472,1.6770186335403727,1.2888198757763976,83
994141.8291925465,2005.7018633540372,42.63664596273292,1.9285714285714286,1.2888198757763976,3.015527950310559,1.5124223602484472,1.6770186335403727,1.2888198757763976,65
994141.8291925465,2005.7018633540372,42.63664596273292,1.9285714285714286,1.2888198757763976,3.015527950310559,1.5124223602484472,1.6770186335403727,1.2888198757763976,78
994141.8291925465,2005.7018633540372,42.63664596273292,1.9285714285714286,1.2888198757763976,3.015527950310559,1.5124223602484472,1.6770186335403727,1.2888198757763976,126
994141.8291925465,2005.7018633540372,42.63664596273292,1.9285714285714286,1.2888198757763976,3.015527950310559,1.5124223602484472,1.6770186335403727,1.2888198757763976,89
994141.8291925465,2005.7018633540372,42.63664596273292,1.9285714285714286,1.2888198757763976,3.015527950310559,1.5124223602484472,1.6770186335403727,1.2888198757763976,97
994141.8291925465,2005.7018633540372,42.63664596273292,1.9285714285714286,1.2888198757763976,3.015527950310559,1.5124223602484472,1.6770186335403727,1.2888198757763976,59
994141.8291925465,2005.7018633540372,42.63664596273292,1.9285714285714286,1.2888198757763976,3.015527950310559,1.5124223602484472,1.6770186335403727,1.2888198757763976,104
994141.8291925465,2005.7018633540372,42.63664596273292,1.9285714285714286,1.2888198757763976,3.015527950310559,1.5124223602484472,1.6770186335403727,1.2888198757763976,119
994141.8291925465,2005.7018633540372,42.63664596273292,1.9285714285714286,1.2888198757763976,3.015527950310559,1.5124223602484472,1.6770186335403727,1.2888198757763976,95
994141.8291925465,2005.7018633540372,42.63664596273292,1.9285714285714286,1.2888198757763976,3.015527950310559,1.5124223602484472,1.6770186335403727,1.2888198757763976,66
994141.8291925465,2005.7018633540372,42.63664596273292,1.9285714285714286,1.2888198757763976,3.015527950310559,1.5124223602484472,1.6770186335403727,1.2888198757763976,80
994141.8291925465,2005.7018633540372,42.63664596273292,1.9285714285714286,1.2888198757763976,3.015527950310559,1.5124223602484472,1.6770186335403727,1.2888198757763976,268
994141.8291925465,2005.7018633540372,42.63664596273292,1.9285714285714286,1.2888198757763976,3.015527950310559,1.5124223602484472,1.6770186335403727,1.2888198757763976,99
994141.8291925465,2005.7018633540372,42.63664596273292,1.9285714285714286,1.2888198757763976,3.015527950310559,1.5124223602484472,1.6770186335403727,1.2888198757763976,81
994141.8291925465,2005.7018633540372,42.63664596273292,1.9285714285714286,1.2888198757763976,3.015527950310559,1.5124223602484472,1.6770186335403727,1.2888198757763976,119
994141.8291925465,2005.7018633540372,42.63664596273292,1.9285714285714286,1.2888198757763976,3.015527950310559,1.5124223602484472,1.6770186335403727,1.2888198757763976,105
994141.8291925465,2005.7018633540372,42.63664596273292,1.9285714285714286,1.2888198757763976,3.015527950310559,1.5124223602484472,1.6770186335403727,1.2888198757763976,94
994141.8291925465,2005.7018633540372,42.63664596273292,1.9285714285714286,1.2888198757763976,3.015527950310559,1.5124223602484472,1.6770186335403727,1.2888198757763976,112
994141.8291925465,2005.7018633540372,42.63664596273292,1.9285714285714286,1.2888198757763976,3.015527950310559,1.5124223602484472,1.6770186335403727,1.2888198757763976,131
994141.8291925465,2005.7018633540372,42.63664596273292,1.9285714285714286,1.2888198757763976,3.015527950310559,1.5124223602484472,1.6770186335403727,1.2888198757763976,93
994141.8291925465,2005.7018633540372,42.63664596273292,1.9285714285714286,1.2888198757763976,3.015527950310559,1.5124223602484472,1.6770186335403727,1.2888198757763976,100
994141.8291925465,2005.7018633540372,42.63664596273292,1.9285714285714286,1.2888198757763976,3.015527950310559,1.5124223602484472,1.6770186335403727,1.2888198757763976,70
994141.8291925465,2005.7018633540372,42.63664596273292,1.9285714285714286,1.2888198757763976,3.015527950310559,1.5124223602484472,1.6770186335403727,1.2888198757763976,74
994141.8291925465,2005.7018633540372,42.63664596273292,1.9285714285714286,1.2888198757763976,3.015527950310559,1.5124223602484472,1.6770186335403727,1.2888198757763976,102
994141.8291925465,2005.7018633540372,42.63664596273292,1.9285714285714286,1.2888198757763976,3.015527950310559,1.5124223602484472,1.6770186335403727,1.2888198757763976,119
994141.8291925465,2005.7018633540372,42.63664596273292,1.9285714285714286,1.2888198757763976,3.015527950310559,1.5124223602484472,1.6770186335403727,1.2888198757763976,77
994141.8291925465,2005.7018633540372,42.63664596273292,1.9285714285714286,1.2888198757763976,3.015527950310559,1.5124223602484472,1.6770186335403727,1.2888198757763976,67
994141.8291925465,2005.7018633540372,42.63664596273292,1.9285714285714286,1.2888198757763976,3.015527950310559,1.5124223602484472,1.6770186335403727,1.2888198757763976,100
994141.8291925465,2005.7018633540372,42.63664596273292,1.9285714285714286,1.2888198757763976,3.015527950310559,1.5124223602484472,1.6770186335403727,1.2888198757763976,81
994141.8291925465,2005.7018633540372,42.63664596273292,1.9285714285714286,1.2888198757763976,3.015527950310559,1.5124223602484472,1.6770186335403727,1.2888198757763976,143
994141.8291925465,2005.7018633540372,42.63664596273292,1.9285714285714286,1.2888198757763976,3.015527950310559,1.5124223602484472,1.6770186335403727,1.2888198757763976,119
994141.8291925465,2005.7018633540372,42.63664596273292,1.9285714285714286,1.2888198757763976,3.015527950310559,1.5124223602484472,1.6770186335403727,1.2888198757763976,99
994141.8291925465,2005.7018633540372,42.63664596273292,1.9285714285714286,1.2888198757763976,3.015527950310559,1.5124223602484472,1.6770186335403727,1.2888198757763976,121
994141.8291925465,2005.7018633540372,42.63664596273292,1.9285714285714286,1.2888198757763976,3.015527950310559,1.5124223602484472,1.6770186335403727,1.2888198757763976,112
994141.8291925465,2005.7018633540372,42.63664596273292,1.9285714285714286,1.2888198757763976,3.015527950310559,1.5124223602484472,1.6770186335403727,1.2888198757763976,83
994141.8291925465,2005.7018633540372,42.63664596273292,1.9285714285714286,1.2888198757763976,3.015527950310559,1.5124223602484472,1.6770186335403727,1.2888198757763976,144
994141.8291925465,2005.7018633540372,42.63664596273292,1.9285714285714286,1.2888198757763976,3.015527950310559,1.5124223602484472,1.6770186335403727,1.2888198757763976,88
994141.8291925465,2005.7018633540372,42.63664596273292,1.9285714285714286,1.2888198757763976,3.015527950310559,1.5124223602484472,1.6770186335403727,1.2888198757763976,94
994141.8291925465,2005.7018633540372,42.63664596273292,1.9285714285714286,1.2888198757763976,3.015527950310559,1.5124223602484472,1.6770186335403727,1.2888198757763976,177
994141.8291925465,2005.7018633540372,42.63664596273292,1.9285714285714286,1.2888198757763976,3.015527950310559,1.5124223602484472,1.6770186335403727,1.2888198757763976,127
994141.8291925465,2005.7018633540372,42.63664596273292,1.9285714285714286,1.2888198757763976,3.015527950310559,1.5124223602484472,1.6770186335403727,1.2888198757763976,123
994141.8291925465,2005.7018633540372,42.63664596273292,1.9285714285714286,1.2888198757763976,3.015527950310559,1.5124223602484472,1.6770186335403727,1.2888198757763976,76
994141.8291925465,2005.7018633540372,42.63664596273292,1.9285714285714286,1.2888198757763976,3.015527950310559,1.5124223602484472,1.6770186335403727,1.2888198757763976,114
994141.8291925465,2005.7018633540372,42.63664596273292,1.9285714285714286,1.2888198757763976,3.015527950310559,1.5124223602484472,1.6770186335403727,1.2888198757763976,142
994141.8291925465,2005.7018633540372,42.63664596273292,1.9285714285714286,1.2888198757763976,3.015527950310559,1.5124223602484472,1.6770186335403727,1.2888198757763976,78
994141.8291925465,2005.7018633540372,42.63664596273292,1.9285714285714286,1.2888198757763976,3.015527950310559,1.5124223602484472,1.6770186335403727,1.2888198757763976,138
994141.8291925465,2005.7018633540372,42.63664596273292,1.9285714285714286,1.2888198757763976,3.015527950310559,1.5124223602484472,1.6770186335403727,1.2888198757763976,119
994141.8291925465,2005.7018633540372,42.63664596273292,1.9285714285714286,1.2888198757763976,3.015527950310559,1.5124223602484472,1.6770186335403727,1.2888198757763976,97
994141.8291925465,2005.7018633540372,42.63664596273292,1.9285714285714286,1.2888198757763976,3.015527950310559,1.5124223602484472,1.6770186335403727,1.2888198757763976,110
994141.8291925465,2005.7018633540372,42.63664596273292,1.9285714285714286,1.2888198757763976,3.015527950310559,1.5124223602484472,1.6770186335403727,1.2888198757763976,89
994141.8291925465,2005.7018633540372,42.63664596273292,1.9285714285714286,1.2888198757763976,3.015527950310559,1.5124223602484472,1.6770186335403727,1.2888198757763976,131
994141.8291925465,2005.7018633540372,42.63664596273292,1.9285714285714286,1.2888198757763976,3.015527950310559,1.5124223602484472,1.6770186335403727,1.2888198757763976,88
994141.8291925465,2005.7018633540372,42.63664596273292,1.9285714285714286,1.2888198757763976,3.015527950310559,1.5124223602484472,1.6770186335403727,1.2888198757763976,59
994141.8291925465,2005.7018633540372,42.63664596273292,1.9285714285714286,1.2888198757763976,3.015527950310559,1.5124223602484472,1.6770186335403727,1.2888198757763976,148
994141.8291925465,2005.7018633540372,42.63664596273292,1.9285714285714286,1.2888198757763976,3.015527950310559,1.5124223602484472,1.6770186335403727,1.2888198757763976,110
994141.8291925465,2005.7018633540372,42.63664596273292,1.9285714285714286,1.2888198757763976,3.015527950310559,1.5124223602484472,1.6770186335403727,1.2888198757763976,148
994141.8291925465,2005.7018633540372,42.63664596273292,1.9285714285714286,1.2888198757763976,3.015527950310559,1.5124223602484472,1.6770186335403727,1.2888198757763976,103
994141.8291925465,2005.7018633540372,42.63664596273292,1.9285714285714286,1.2888198757763976,3.015527950310559,1.5124223602484472,1.6770186335403727,1.2888198757763976,127
994141.8291925465,2005.7018633540372,42.63664596273292,1.9285714285714286,1.2888198757763976,3.015527950310559,1.5124223602484472,1.6770186335403727,1.2888198757763976,282
994141.8291925465,2005.7018633540372,42.63664596273292,1.9285714285714286,1.2888198757763976,3.015527950310559,1.5124223602484472,1.6770186335403727,1.2888198757763976,108
994141.8291925465,2005.7018633540372,42.63664596273292,1.9285714285714286,1.2888198757763976,3.015527950310559,1.5124223602484472,1.6770186335403727,1.2888198757763976,129
994141.8291925465,2005.7018633540372,42.63664596273292,1.9285714285714286,1.2888198757763976,3.015527950310559,1.5124223602484472,1.6770186335403727,1.2888198757763976,105
994141.8291925465,2005.7018633540372,42.63664596273292,1.9285714285714286,1.2888198757763976,3.015527950310559,1.5124223602484472,1.6770186335403727,1.2888198757763976,61
994141.8291925465,2005.7018633540372,42.63664596273292,1.9285714285714286,1.2888198757763976,3.015527950310559,1.5124223602484472,1.6770186335403727,1.2888198757763976,93
994141.8291925465,2005.7018633540372,42.63664596273292,1.9285714285714286,1.2888198757763976,3.015527950310559,1.5124223602484472,1.6770186335403727,1.2888198757763976,100
994141.8291925465,2005.7018633540372,42.63664596273292,1.9285714285714286,1.2888198757763976,3.015527950310559,1.5124223602484472,1.6770186335403727,1.2888198757763976,104
994141.8291925465,2005.7018633540372,42.63664596273292,1.9285714285714286,1.2888198757763976,3.015527950310559,1.5124223602484472,1.6770186335403727,1.2888198757763976,87
994141.8291925465,2005.7018633540372,42.63664596273292,1.9285714285714286,1.2888198757763976,3.015527950310559,1.5124223602484472,1.6770186335403727,1.2888198757763976,161
994141.8291925465,2005.7018633540372,42.63664596273292,1.9285714285714286,1.2888198757763976,3.015527950310559,1.5124223602484472,1.6770186335403727,1.2888198757763976,152
994141.8291925465,2005.7018633540372,42.63664596273292,1.9285714285714286,1.2888198757763976,3.015527950310559,1.5124223602484472,1.6770186335403727,1.2888198757763976,114
994141.8291925465,2005.7018633540372,42.63664596273292,1.9285714285714286,1.2888198757763976,3.015527950310559,1.5124223602484472,1.6770186335403727,1.2888198757763976,80
994141.8291925465,2005.7018633540372,42.63664596273292,1.9285714285714286,1.2888198757763976,3.015527950310559,1.5124223602484472,1.6770186335403727,1.2888198757763976,90
994141.8291925465,2005.7018633540372,42.63664596273292,1.9285714285714286,1.2888198757763976,3.015527950310559,1.5124223602484472,1.6770186335403727,1.2888198757763976,95
994141.8291925465,2005.7018633540372,42.63664596273292,1.9285714285714286,1.2888198757763976,3.015527950310559,1.5124223602484472,1.6770186335403727,1.2888198757763976,81
994141.8291925465,2005.7018633540372,42.63664596273292,1.9285714285714286,1.2888198757763976,3.015527950310559,1.5124223602484472,1.6770186335403727,1.2888198757763976,127
994141.8291925465,2005.7018633540372,42.63664596273292,1.9285714285714286,1.2888198757763976,3.015527950310559,1.5124223602484472,1.6770186335403727,1.2888198757763976,62
994141.8291925465,2005.7018633540372,42.63664596273292,1.9285714285714286,1.2888198757763976,3.015527950310559,1.5124223602484472,1.6770186335403727,1.2888198757763976,74
