1059103.8877005347,2005.6524064171124,42.00534759358289,1.9251336898395721,1.2299465240641712,3.1737967914438503,1.5080213903743316,1.7352941176470589,1.3074866310160427,127
1059103.8877005347,2005.6524064171124,42.00534759358289,1.9251336898395721,1.2299465240641712,3.1737967914438503,1.5080213903743316,1.7352941176470589,1.3074866310160427,113
1059103.8877005347,2005.6524064171124,42.00534759358289,1.9251336898395721,1.2299465240641712,3.1737967914438503,1.5080213903743316,1.7352941176470589,1.3074866310160427,121
1059103.8877005347,2005.6524064171124,42.00534759358289,1.9251336898395721,1.2299465240641712,3.1737967914438503,1.5080213903743316,1.7352941176470589,1.3074866310160427,121
1059103.8877005347,2005.6524064171124,42.00534759358289,1.9251336898395721,1.2299465240641712,3.1737967914438503,1.5080213903743316,1.7352941176470589,1.3074866310160427,137
1059103.8877005347,2005.6524064171124,42.00534759358289,1.9251336898395721,1.2299465240641712,3.1737967914438503,1.5080213903743316,1.7352941176470589,1.3074866310160427,92
1059103.8877005347,2005.6524064171124,42.00534759358289,1.9251336898395721,1.2299465240641712,3.1737967914438503,1.5080213903743316,1.7352941176470589,1.3074866310160427,83
1059103.8877005347,2005.6524064171124,42.00534759358289,1.9251336898395721,1.2299465240641712,3.1737967914438503,1.5080213903743316,1.7352941176470589,1.3074866310160427,113
1059103.8877005347,2005.6524064171124,42.00534759358289,1.9251336898395721,1.2299465240641712,3.1737967914438503,1.5080213903743316,1.7352941176470589,1.3074866310160427,50
1059103.8877005347,2005.6524064171124,42.00534759358289,1.9251336898395721,1.2299465240641712,3.1737967914438503,1.5080213903743316,1.7352941176470589,1.3074866310160427,103
1059103.8877005347,2005.6524064171124,42.00534759358289,1.9251336898395721,1.2299465240641712,3.1737967914438503,1.5080213903743316,1.7352941176470589,1.3074866310160427,155
1059103.8877005347,2005.6524064171124,42.00534759358289,1.9251336898395721,1.2299465240641712,3.1737967914438503,1.5080213903743316,1.7352941176470589,1.3074866310160427,79
1059103.8877005347,2005.6524064171124,42.00534759358289,1.9251336898395721,1.2299465240641712,3.1737967914438503,1.5080213903743316,1.7352941176470589,1.3074866310160427,40
1059103.8877005347,2005.6524064171124,42.00534759358289,1.9251336898395721,1.2299465240641712,3.1737967914438503,1.5080213903743316,1.7352941176470589,1.3074866310160427,55
1059103.8877005347,2005.6524064171124,42.00534759358289,1.9251336898395721,1.2299465240641712,3.1737967914438503,1.5080213903743316,1.7352941176470589,1.3074866310160427,103
1059103.8877005347,2005.6524064171124,42.00534759358289,1.9251336898395721,1.2299465240641712,3.1737967914438503,1.5080213903743316,1.7352941176470589,1.3074866310160427,196
1059103.8877005347,2005.6524064171124,42.00534759358289,1.9251336898395721,1.2299465240641712,3.1737967914438503,1.5080213903743316,1.7352941176470589,1.3074866310160427,121
1059103.8877005347,2005.6524064171124,42.00534759358289,1.9251336898395721,1.2299465240641712,3.1737967914438503,1.5080213903743316,1.7352941176470589,1.3074866310160427,83
1059103.8877005347,2005.6524064171124,42.00534759358289,1.9251336898395721,1.2299465240641712,3.1737967914438503,1.5080213903743316,1.7352941176470589,1.3074866310160427,56
1059103.8877005347,2005.6524064171124,42.00534759358289,1.9251336898395721,1.2299465240641712,3.1737967914438503,1.5080213903743316,1.7352941176470589,1.3074866310160427,278
1059103.8877005347,2005.6524064171124,42.00534759358289,1.9251336898395721,1.2299465240641712,3.1737967914438503,1.5080213903743316,1.7352941176470589,1.3074866310160427,318
1059103.8877005347,2005.6524064171124,42.00534759358289,1.9251336898395721,1.2299465240641712,3.1737967914438503,1.5080213903743316,1.7352941176470589,1.3074866310160427,83
1059103.8877005347,2005.6524064171124,42.00534759358289,1.9251336898395721,1.2299465240641712,3.1737967914438503,1.5080213903743316,1.7352941176470589,1.3074866310160427,155
1059103.8877005347,2005.6524064171124,42.00534759358289,1.9251336898395721,1.2299465240641712,3.1737967914438503,1.5080213903743316,1.7352941176470589,1.3074866310160427,146
1059103.8877005347,2005.6524064171124,42.00534759358289,1.9251336898395721,1.2299465240641712,3.1737967914438503,1.5080213903743316,1.7352941176470589,1.3074866310160427,109
1059103.8877005347,2005.6524064171124,42.00534759358289,1.9251336898395721,1.2299465240641712,3.1737967914438503,1.5080213903743316,1.7352941176470589,1.3074866310160427,109
1059103.8877005347,2005.6524064171124,42.00534759358289,1.9251336898395721,1.2299465240641712,3.1737967914438503,1.5080213903743316,1.7352941176470589,1.3074866310160427,89
1059103.8877005347,2005.6524064171124,42.00534759358289,1.9251336898395721,1.2299465240641712,3.1737967914438503,1.5080213903743316,1.7352941176470589,1.3074866310160427,64
1059103.8877005347,2005.6524064171124,42.00534759358289,1.9251336898395721,1.2299465240641712,3.1737967914438503,1.5080213903743316,1.7352941176470589,1.3074866310160427,55
1059103.8877005347,2005.6524064171124,42.00534759358289,1.9251336898395721,1.2299465240641712,3.1737967914438503,1.5080213903743316,1.7352941176470589,1.3074866310160427,92
1059103.8877005347,2005.6524064171124,42.00534759358289,1.9251336898395721,1.2299465240641712,3.1737967914438503,1.5080213903743316,1.7352941176470589,1.3074866310160427,92
1059103.8877005347,2005.6524064171124,42.00534759358289,1.9251336898395721,1.2299465240641712,3.1737967914438503,1.5080213903743316,1.7352941176470589,1.3074866310160427,127
1059103.8877005347,2005.6524064171124,42.00534759358289,1.9251336898395721,1.2299465240641712,3.1737967914438503,1.5080213903743316,1.7352941176470589,1.3074866310160427,37
1059103.8877005347,2005.6524064171124,42.00534759358289,1.9251336898395721,1.2299465240641712,3.1737967914438503,1.5080213903743316,1.7352941176470589,1.3074866310160427,182
1059103.8877005347,2005.6524064171124,42.00534759358289,1.9251336898395721,1.2299465240641712,3.1737967914438503,1.5080213903743316,1.7352941176470589,1.3074866310160427,136
1059103.8877005347,2005.6524064171124,42.00534759358289,1.9251336898395721,1.2299465240641712,3.1737967914438503,1.5080213903743316,1.7352941176470589,1.3074866310160427,55
1059103.8877005347,2005.6524064171124,42.00534759358289,1.9251336898395721,1.2299465240641712,3.1737967914438503,1.5080213903743316,1.7352941176470589,1.3074866310160427,136
1059103.8877005347,2005.6524064171124,42.00534759358289,1.9251336898395721,1.2299465240641712,3.1737967914438503,1.5080213903743316,1.7352941176470589,1.3074866310160427,103
1059103.8877005347,2005.6524064171124,42.00534759358289,1.9251336898395721,1.2299465240641712,3.1737967914438503,1.5080213903743316,1.7352941176470589,1.3074866310160427,155
1059103.8877005347,2005.6524064171124,42.00534759358289,1.9251336898395721,1.2299465240641712,3.1737967914438503,1.5080213903743316,1.7352941176470589,1.3074866310160427,104
1059103.8877005347,2005.6524064171124,42.00534759358289,1.9251336898395721,1.2299465240641712,3.1737967914438503,1.5080213903743316,1.7352941176470589,1.3074866310160427,163
1059103.8877005347,2005.6524064171124,42.00534759358289,1.9251336898395721,1.2299465240641712,3.1737967914438503,1.5080213903743316,1.7352941176470589,1.3074866310160427,104
1059103.8877005347,2005.6524064171124,42.00534759358289,1.9251336898395721,1.2299465240641712,3.1737967914438503,1.5080213903743316,1.7352941176470589,1.3074866310160427,127
1059103.8877005347,2005.6524064171124,42.00534759358289,1.9251336898395721,1.2299465240641712,3.1737967914438503,1.5080213903743316,1.7352941176470589,1.3074866310160427,137
1059103.8877005347,2005.6524064171124,42.00534759358289,1.9251336898395721,1.2299465240641712,3.1737967914438503,1.5080213903743316,1.7352941176470589,1.3074866310160427,127
1059103.8877005347,2005.6524064171124,42.00534759358289,1.9251336898395721,1.2299465240641712,3.1737967914438503,1.5080213903743316,1.7352941176470589,1.3074866310160427,91
1059103.8877005347,2005.6524064171124,42.00534759358289,1.9251336898395721,1.2299465240641712,3.1737967914438503,1.5080213903743316,1.7352941176470589,1.3074866310160427,83
1059103.8877005347,2005.6524064171124,42.00534759358289,1.9251336898395721,1.2299465240641712,3.1737967914438503,1.5080213903743316,1.7352941176470589,1.3074866310160427,92
1059103.8877005347,2005.6524064171124,42.00534759358289,1.9251336898395721,1.2299465240641712,3.1737967914438503,1.5080213903743316,1.7352941176470589,1.3074866310160427,121
1059103.8877005347,2005.6524064171124,42.00534759358289,1.9251336898395721,1.2299465240641712,3.1737967914438503,1.5080213903743316,1.7352941176470589,1.3074866310160427,83
1059103.8877005347,2005.6524064171124,42.00534759358289,1.9251336898395721,1.2299465240641712,3.1737967914438503,1.5080213903743316,1.7352941176470589,1.3074866310160427,83
1059103.8877005347,2005.6524064171124,42.00534759358289,1.9251336898395721,1.2299465240641712,3.1737967914438503,1.5080213903743316,1.7352941176470589,1.3074866310160427,47
1059103.8877005347,2005.6524064171124,42.00534759358289,1.9251336898395721,1.2299465240641712,3.1737967914438503,1.5080213903743316,1.7352941176470589,1.3074866310160427,50
1059103.8877005347,2005.6524064171124,42.00534759358289,1.9251336898395721,1.2299465240641712,3.1737967914438503,1.5080213903743316,1.7352941176470589,1.3074866310160427,172
1059103.8877005347,2005.6524064171124,42.00534759358289,1.9251336898395721,1.2299465240641712,3.1737967914438503,1.5080213903743316,1.7352941176470589,1.3074866310160427,32
1059103.8877005347,2005.6524064171124,42.00534759358289,1.9251336898395721,1.2299465240641712,3.1737967914438503,1.5080213903743316,1.7352941176470589,1.3074866310160427,41
1059103.8877005347,2005.6524064171124,42.00534759358289,1.9251336898395721,1.2299465240641712,3.1737967914438503,1.5080213903743316,1.7352941176470589,1.3074866310160427,104
1059103.8877005347,2005.6524064171124,42.00534759358289,1.9251336898395721,1.2299465240641712,3.1737967914438503,1.5080213903743316,1.7352941176470589,1.3074866310160427,131
1059103.8877005347,2005.6524064171124,42.00534759358289,1.9251336898395721,1.2299465240641712,3.1737967914438503,1.5080213903743316,1.7352941176470589,1.3074866310160427,155
1059103.8877005347,2005.6524064171124,42.00534759358289,1.9251336898395721,1.2299465240641712,3.1737967914438503,1.5080213903743316,1.7352941176470589,1.3074866310160427,127
1059103.8877005347,2005.6524064171124,42.00534759358289,1.9251336898395721,1.2299465240641712,3.1737967914438503,1.5080213903743316,1.7352941176470589,1.3074866310160427,278
1059103.8877005347,2005.6524064171124,42.00534759358289,1.9251336898395721,1.2299465240641712,3.1737967914438503,1.5080213903743316,1.7352941176470589,1.3074866310160427,131
1059103.8877005347,2005.6524064171124,42.00534759358289,1.9251336898395721,1.2299465240641712,3.1737967914438503,1.5080213903743316,1.7352941176470589,1.3074866310160427,92
1059103.8877005347,2005.6524064171124,42.00534759358289,1.9251336898395721,1.2299465240641712,3.1737967914438503,1.5080213903743316,1.7352941176470589,1.3074866310160427,103
1059103.8877005347,2005.6524064171124,42.00534759358289,1.9251336898395721,1.2299465240641712,3.1737967914438503,1.5080213903743316,1.7352941176470589,1.3074866310160427,92
1059103.8877005347,2005.6524064171124,42.00534759358289,1.9251336898395721,1.2299465240641712,3.1737967914438503,1.5080213903743316,1.7352941176470589,1.3074866310160427,155
1059103.8877005347,2005.6524064171124,42.00534759358289,1.9251336898395721,1.2299465240641712,3.1737967914438503,1.5080213903743316,1.7352941176470589,1.3074866310160427,83
1059103.8877005347,2005.6524064171124,42.00534759358289,1.9251336898395721,1.2299465240641712,3.1737967914438503,1.5080213903743316,1.7352941176470589,1.3074866310160427,127
1059103.8877005347,2005.6524064171124,42.00534759358289,1.9251336898395721,1.2299465240641712,3.1737967914438503,1.5080213903743316,1.7352941176470589,1.3074866310160427,109
1059103.8877005347,2005.6524064171124,42.00534759358289,1.9251336898395721,1.2299465240641712,3.1737967914438503,1.5080213903743316,1.7352941176470589,1.3074866310160427,103
1059103.8877005347,2005.6524064171124,42.00534759358289,1.9251336898395721,1.2299465240641712,3.1737967914438503,1.5080213903743316,1.7352941176470589,1.3074866310160427,89
1059103.8877005347,2005.6524064171124,42.00534759358289,1.9251336898395721,1.2299465240641712,3.1737967914438503,1.5080213903743316,1.7352941176470589,1.3074866310160427,155
1059103.8877005347,2005.6524064171124,42.00534759358289,1.9251336898395721,1.2299465240641712,3.1737967914438503,1.5080213903743316,1.7352941176470589,1.3074866310160427,127
1059103.8877005347,2005.6524064171124,42.00534759358289,1.9251336898395721,1.2299465240641712,3.1737967914438503,1.5080213903743316,1.7352941176470589,1.3074866310160427,92
1059103.8877005347,2005.6524064171124,42.00534759358289,1.9251336898395721,1.2299465240641712,3.1737967914438503,1.5080213903743316,1.7352941176470589,1.3074866310160427,41
1059103.8877005347,2005.6524064171124,42.00534759358289,1.9251336898395721,1.2299465240641712,3.1737967914438503,1.5080213903743316,1.7352941176470589,1.3074866310160427,182
1059103.8877005347,2005.6524064171124,42.00534759358289,1.9251336898395721,1.2299465240641712,3.1737967914438503,1.5080213903743316,1.7352941176470589,1.3074866310160427,113
1059103.8877005347,2005.6524064171124,42.00534759358289,1.9251336898395721,1.2299465240641712,3.1737967914438503,1.5080213903743316,1.7352941176470589,1.3074866310160427,182
1059103.8877005347,2005.6524064171124,42.00534759358289,1.9251336898395721,1.2299465240641712,3.1737967914438503,1.5080213903743316,1.7352941176470589,1.3074866310160427,91
1059103.8877005347,2005.6524064171124,42.00534759358289,1.9251336898395721,1.2299465240641712,3.1737967914438503,1.5080213903743316,1.7352941176470589,1.3074866310160427,109
1059103.8877005347,2005.6524064171124,42.00534759358289,1.9251336898395721,1.2299465240641712,3.1737967914438503,1.5080213903743316,1.7352941176470589,1.3074866310160427,79
1059103.8877005347,2005.6524064171124,42.00534759358289,1.9251336898395721,1.2299465240641712,3.1737967914438503,1.5080213903743316,1.7352941176470589,1.3074866310160427,32
1059103.8877005347,2005.6524064171124,42.00534759358289,1.9251336898395721,1.2299465240641712,3.1737967914438503,1.5080213903743316,1.7352941176470589,1.3074866310160427,55
1059103.8877005347,2005.6524064171124,42.00534759358289,1.9251336898395721,1.2299465240641712,3.1737967914438503,1.5080213903743316,1.7352941176470589,1.3074866310160427,46
1059103.8877005347,2005.6524064171124,42.00534759358289,1.9251336898395721,1.2299465240641712,3.1737967914438503,1.5080213903743316,1.7352941176470589,1.3074866310160427,172
1059103.8877005347,2005.6524064171124,42.00534759358289,1.9251336898395721,1.2299465240641712,3.1737967914438503,1.5080213903743316,1.7352941176470589,1.3074866310160427,103
1059103.8877005347,2005.6524064171124,42.00534759358289,1.9251336898395721,1.2299465240641712,3.1737967914438503,1.5080213903743316,1.7352941176470589,1.3074866310160427,83
1059103.8877005347,2005.6524064171124,42.00534759358289,1.9251336898395721,1.2299465240641712,3.1737967914438503,1.5080213903743316,1.7352941176470589,1.3074866310160427,137
1059103.8877005347,2005.6524064171124,42.00534759358289,1.9251336898395721,1.2299465240641712,3.1737967914438503,1.5080213903743316,1.7352941176470589,1.3074866310160427,104
1059103.8877005347,2005.6524064171124,42.00534759358289,1.9251336898395721,1.2299465240641712,3.1737967914438503,1.5080213903743316,1.7352941176470589,1.3074866310160427,64
1059103.8877005347,2005.6524064171124,42.00534759358289,1.9251336898395721,1.2299465240641712,3.1737967914438503,1.5080213903743316,1.7352941176470589,1.3074866310160427,127
1059103.8877005347,2005.6524064171124,42.00534759358289,1.9251336898395721,1.2299465240641712,3.1737967914438503,1.5080213903743316,1.7352941176470589,1.3074866310160427,155
1059103.8877005347,2005.6524064171124,42.00534759358289,1.9251336898395721,1.2299465240641712,3.1737967914438503,1.5080213903743316,1.7352941176470589,1.3074866310160427,103
1059103.8877005347,2005.6524064171124,42.00534759358289,1.9251336898395721,1.2299465240641712,3.1737967914438503,1.5080213903743316,1.7352941176470589,1.3074866310160427,121
1059103.8877005347,2005.6524064171124,42.00534759358289,1.9251336898395721,1.2299465240641712,3.1737967914438503,1.5080213903743316,1.7352941176470589,1.3074866310160427,55
1059103.8877005347,2005.6524064171124,42.00534759358289,1.9251336898395721,1.2299465240641712,3.1737967914438503,1.5080213903743316,1.7352941176470589,1.3074866310160427,83
1059103.8877005347,2005.6524064171124,42.00534759358289,1.9251336898395721,1.2299465240641712,3.1737967914438503,1.5080213903743316,1.7352941176470589,1.3074866310160427,104
1059103.8877005347,2005.6524064171124,42.00534759358289,1.9251336898395721,1.2299465240641712,3.1737967914438503,1.5080213903743316,1.7352941176470589,1.3074866310160427,196
1059103.8877005347,2005.6524064171124,42.00534759358289,1.9251336898395721,1.2299465240641712,3.1737967914438503,1.5080213903743316,1.7352941176470589,1.3074866310160427,278
1059103.8877005347,2005.6524064171124,42.00534759358289,1.9251336898395721,1.2299465240641712,3.1737967914438503,1.5080213903743316,1.7352941176470589,1.3074866310160427,56
1059103.8877005347,2005.6524064171124,42.00534759358289,1.9251336898395721,1.2299465240641712,3.1737967914438503,1.5080213903743316,1.7352941176470589,1.3074866310160427,136
1059103.8877005347,2005.6524064171124,42.00534759358289,1.9251336898395721,1.2299465240641712,3.1737967914438503,1.5080213903743316,1.7352941176470589,1.3074866310160427,83
1059103.8877005347,2005.6524064171124,42.00534759358289,1.9251336898395721,1.2299465240641712,3.1737967914438503,1.5080213903743316,1.7352941176470589,1.3074866310160427,278
1059103.8877005347,2005.6524064171124,42.00534759358289,1.9251336898395721,1.2299465240641712,3.1737967914438503,1.5080213903743316,1.7352941176470589,1.3074866310160427,121
1059103.8877005347,2005.6524064171124,42.00534759358289,1.9251336898395721,1.2299465240641712,3.1737967914438503,1.5080213903743316,1.7352941176470589,1.3074866310160427,131
1059103.8877005347,2005.6524064171124,42.00534759358289,1.9251336898395721,1.2299465240641712,3.1737967914438503,1.5080213903743316,1.7352941176470589,1.3074866310160427,113
1059103.8877005347,2005.6524064171124,42.00534759358289,1.9251336898395721,1.2299465240641712,3.1737967914438503,1.5080213903743316,1.7352941176470589,1.3074866310160427,55
1059103.8877005347,2005.6524064171124,42.00534759358289,1.9251336898395721,1.2299465240641712,3.1737967914438503,1.5080213903743316,1.7352941176470589,1.3074866310160427,92
1059103.8877005347,2005.6524064171124,42.00534759358289,1.9251336898395721,1.2299465240641712,3.1737967914438503,1.5080213903743316,1.7352941176470589,1.3074866310160427,121
1059103.8877005347,2005.6524064171124,42.00534759358289,1.9251336898395721,1.2299465240641712,3.1737967914438503,1.5080213903743316,1.7352941176470589,1.3074866310160427,127
1059103.8877005347,2005.6524064171124,42.00534759358289,1.9251336898395721,1.2299465240641712,3.1737967914438503,1.5080213903743316,1.7352941176470589,1.3074866310160427,92
1059103.8877005347,2005.6524064171124,42.00534759358289,1.9251336898395721,1.2299465240641712,3.1737967914438503,1.5080213903743316,1.7352941176470589,1.3074866310160427,50
1059103.8877005347,2005.6524064171124,42.00534759358289,1.9251336898395721,1.2299465240641712,3.1737967914438503,1.5080213903743316,1.7352941176470589,1.3074866310160427,109
1059103.8877005347,2005.6524064171124,42.00534759358289,1.9251336898395721,1.2299465240641712,3.1737967914438503,1.5080213903743316,1.7352941176470589,1.3074866310160427,146
1059103.8877005347,2005.6524064171124,42.00534759358289,1.9251336898395721,1.2299465240641712,3.1737967914438503,1.5080213903743316,1.7352941176470589,1.3074866310160427,172
1059103.8877005347,2005.6524064171124,42.00534759358289,1.9251336898395721,1.2299465240641712,3.1737967914438503,1.5080213903743316,1.7352941176470589,1.3074866310160427,40
1059103.8877005347,2005.6524064171124,42.00534759358289,1.9251336898395721,1.2299465240641712,3.1737967914438503,1.5080213903743316,1.7352941176470589,1.3074866310160427,83
1059103.8877005347,2005.6524064171124,42.00534759358289,1.9251336898395721,1.2299465240641712,3.1737967914438503,1.5080213903743316,1.7352941176470589,1.3074866310160427,50
1059103.8877005347,2005.6524064171124,42.00534759358289,1.9251336898395721,1.2299465240641712,3.1737967914438503,1.5080213903743316,1.7352941176470589,1.3074866310160427,121
1059103.8877005347,2005.6524064171124,42.00534759358289,1.9251336898395721,1.2299465240641712,3.1737967914438503,1.5080213903743316,1.7352941176470589,1.3074866310160427,187
1059103.8877005347,2005.6524064171124,42.00534759358289,1.9251336898395721,1.2299465240641712,3.1737967914438503,1.5080213903743316,1.7352941176470589,1.3074866310160427,155
1059103.8877005347,2005.6524064171124,42.00534759358289,1.9251336898395721,1.2299465240641712,3.1737967914438503,1.5080213903743316,1.7352941176470589,1.3074866310160427,47
1059103.8877005347,2005.6524064171124,42.00534759358289,1.9251336898395721,1.2299465240641712,3.1737967914438503,1.5080213903743316,1.7352941176470589,1.3074866310160427,92
1059103.8877005347,2005.6524064171124,42.00534759358289,1.9251336898395721,1.2299465240641712,3.1737967914438503,1.5080213903743316,1.7352941176470589,1.3074866310160427,131
1059103.8877005347,2005.6524064171124,42.00534759358289,1.9251336898395721,1.2299465240641712,3.1737967914438503,1.5080213903743316,1.7352941176470589,1.3074866310160427,137
1059103.8877005347,2005.6524064171124,42.00534759358289,1.9251336898395721,1.2299465240641712,3.1737967914438503,1.5080213903743316,1.7352941176470589,1.3074866310160427,83
1059103.8877005347,2005.6524064171124,42.00534759358289,1.9251336898395721,1.2299465240641712,3.1737967914438503,1.5080213903743316,1.7352941176470589,1.3074866310160427,103
1059103.8877005347,2005.6524064171124,42.00534759358289,1.9251336898395721,1.2299465240641712,3.1737967914438503,1.5080213903743316,1.7352941176470589,1.3074866310160427,172
1059103.8877005347,2005.6524064171124,42.00534759358289,1.9251336898395721,1.2299465240641712,3.1737967914438503,1.5080213903743316,1.7352941176470589,1.3074866310160427,146
1059103.8877005347,2005.6524064171124,42.00534759358289,1.9251336898395721,1.2299465240641712,3.1737967914438503,1.5080213903743316,1.7352941176470589,1.3074866310160427,103
1059103.8877005347,2005.6524064171124,42.00534759358289,1.9251336898395721,1.2299465240641712,3.1737967914438503,1.5080213903743316,1.7352941176470589,1.3074866310160427,127
1059103.8877005347,2005.6524064171124,42.00534759358289,1.9251336898395721,1.2299465240641712,3.1737967914438503,1.5080213903743316,1.7352941176470589,1.3074866310160427,187
1059103.8877005347,2005.6524064171124,42.00534759358289,1.9251336898395721,1.2299465240641712,3.1737967914438503,1.5080213903743316,1.7352941176470589,1.3074866310160427,91
1059103.8877005347,2005.6524064171124,42.00534759358289,1.9251336898395721,1.2299465240641712,3.1737967914438503,1.5080213903743316,1.7352941176470589,1.3074866310160427,196
1059103.8877005347,2005.6524064171124,42.00534759358289,1.9251336898395721,1.2299465240641712,3.1737967914438503,1.5080213903743316,1.7352941176470589,1.3074866310160427,83
1059103.8877005347,2005.6524064171124,42.00534759358289,1.9251336898395721,1.2299465240641712,3.1737967914438503,1.5080213903743316,1.7352941176470589,1.3074866310160427,92
1059103.8877005347,2005.6524064171124,42.00534759358289,1.9251336898395721,1.2299465240641712,3.1737967914438503,1.5080213903743316,1.7352941176470589,1.3074866310160427,127
1059103.8877005347,2005.6524064171124,42.00534759358289,1.9251336898395721,1.2299465240641712,3.1737967914438503,1.5080213903743316,1.7352941176470589,1.3074866310160427,113
1059103.8877005347,2005.6524064171124,42.00534759358289,1.9251336898395721,1.2299465240641712,3.1737967914438503,1.5080213903743316,1.7352941176470589,1.3074866310160427,83
1059103.8877005347,2005.6524064171124,42.00534759358289,1.9251336898395721,1.2299465240641712,3.1737967914438503,1.5080213903743316,1.7352941176470589,1.3074866310160427,83
1059103.8877005347,2005.6524064171124,42.00534759358289,1.9251336898395721,1.2299465240641712,3.1737967914438503,1.5080213903743316,1.7352941176470589,1.3074866310160427,83
1059103.8877005347,2005.6524064171124,42.00534759358289,1.9251336898395721,1.2299465240641712,3.1737967914438503,1.5080213903743316,1.7352941176470589,1.3074866310160427,92
1059103.8877005347,2005.6524064171124,42.00534759358289,1.9251336898395721,1.2299465240641712,3.1737967914438503,1.5080213903743316,1.7352941176470589,1.3074866310160427,55
1059103.8877005347,2005.6524064171124,42.00534759358289,1.9251336898395721,1.2299465240641712,3.1737967914438503,1.5080213903743316,1.7352941176470589,1.3074866310160427,47
1059103.8877005347,2005.6524064171124,42.00534759358289,1.9251336898395721,1.2299465240641712,3.1737967914438503,1.5080213903743316,1.7352941176470589,1.3074866310160427,121
1059103.8877005347,2005.6524064171124,42.00534759358289,1.9251336898395721,1.2299465240641712,3.1737967914438503,1.5080213903743316,1.7352941176470589,1.3074866310160427,92
1059103.8877005347,2005.6524064171124,42.00534759358289,1.9251336898395721,1.2299465240641712,3.1737967914438503,1.5080213903743316,1.7352941176470589,1.3074866310160427,83
1059103.8877005347,2005.6524064171124,42.00534759358289,1.9251336898395721,1.2299465240641712,3.1737967914438503,1.5080213903743316,1.7352941176470589,1.3074866310160427,137
1059103.8877005347,2005.6524064171124,42.00534759358289,1.9251336898395721,1.2299465240641712,3.1737967914438503,1.5080213903743316,1.7352941176470589,1.3074866310160427,92
1059103.8877005347,2005.6524064171124,42.00534759358289,1.9251336898395721,1.2299465240641712,3.1737967914438503,1.5080213903743316,1.7352941176470589,1.3074866310160427,92
1059103.8877005347,2005.6524064171124,42.00534759358289,1.9251336898395721,1.2299465240641712,3.1737967914438503,1.5080213903743316,1.7352941176470589,1.3074866310160427,182
1059103.8877005347,2005.6524064171124,42.00534759358289,1.9251336898395721,1.2299465240641712,3.1737967914438503,1.5080213903743316,1.7352941176470589,1.3074866310160427,278
1059103.8877005347,2005.6524064171124,42.00534759358289,1.9251336898395721,1.2299465240641712,3.1737967914438503,1.5080213903743316,1.7352941176470589,1.3074866310160427,103
1059103.8877005347,2005.6524064171124,42.00534759358289,1.9251336898395721,1.2299465240641712,3.1737967914438503,1.5080213903743316,1.7352941176470589,1.3074866310160427,121
1059103.8877005347,2005.6524064171124,42.00534759358289,1.9251336898395721,1.2299465240641712,3.1737967914438503,1.5080213903743316,1.7352941176470589,1.3074866310160427,23
1059103.8877005347,2005.6524064171124,42.00534759358289,1.9251336898395721,1.2299465240641712,3.1737967914438503,1.5080213903743316,1.7352941176470589,1.3074866310160427,50
1059103.8877005347,2005.6524064171124,42.00534759358289,1.9251336898395721,1.2299465240641712,3.1737967914438503,1.5080213903743316,1.7352941176470589,1.3074866310160427,31
1059103.8877005347,2005.6524064171124,42.00534759358289,1.9251336898395721,1.2299465240641712,3.1737967914438503,1.5080213903743316,1.7352941176470589,1.3074866310160427,103
1059103.8877005347,2005.6524064171124,42.00534759358289,1.9251336898395721,1.2299465240641712,3.1737967914438503,1.5080213903743316,1.7352941176470589,1.3074866310160427,50
1059103.8877005347,2005.6524064171124,42.00534759358289,1.9251336898395721,1.2299465240641712,3.1737967914438503,1.5080213903743316,1.7352941176470589,1.3074866310160427,127
1059103.8877005347,2005.6524064171124,42.00534759358289,1.9251336898395721,1.2299465240641712,3.1737967914438503,1.5080213903743316,1.7352941176470589,1.3074866310160427,136
1059103.8877005347,2005.6524064171124,42.00534759358289,1.9251336898395721,1.2299465240641712,3.1737967914438503,1.5080213903743316,1.7352941176470589,1.3074866310160427,137
1059103.8877005347,2005.6524064171124,42.00534759358289,1.9251336898395721,1.2299465240641712,3.1737967914438503,1.5080213903743316,1.7352941176470589,1.3074866310160427,109
1059103.8877005347,2005.6524064171124,42.00534759358289,1.9251336898395721,1.2299465240641712,3.1737967914438503,1.5080213903743316,1.7352941176470589,1.3074866310160427,56
1059103.8877005347,2005.6524064171124,42.00534759358289,1.9251336898395721,1.2299465240641712,3.1737967914438503,1.5080213903743316,1.7352941176470589,1.3074866310160427,79
1059103.8877005347,2005.6524064171124,42.00534759358289,1.9251336898395721,1.2299465240641712,3.1737967914438503,1.5080213903743316,1.7352941176470589,1.3074866310160427,121
1059103.8877005347,2005.6524064171124,42.00534759358289,1.9251336898395721,1.2299465240641712,3.1737967914438503,1.5080213903743316,1.7352941176470589,1.3074866310160427,127
1059103.8877005347,2005.6524064171124,42.00534759358289,1.9251336898395721,1.2299465240641712,3.1737967914438503,1.5080213903743316,1.7352941176470589,1.3074866310160427,113
1059103.8877005347,2005.6524064171124,42.00534759358289,1.9251336898395721,1.2299465240641712,3.1737967914438503,1.5080213903743316,1.7352941176470589,1.3074866310160427,55
1059103.8877005347,2005.6524064171124,42.00534759358289,1.9251336898395721,1.2299465240641712,3.1737967914438503,1.5080213903743316,1.7352941176470589,1.3074866310160427,104
1059103.8877005347,2005.6524064171124,42.00534759358289,1.9251336898395721,1.2299465240641712,3.1737967914438503,1.5080213903743316,1.7352941176470589,1.3074866310160427,89
1059103.8877005347,2005.6524064171124,42.00534759358289,1.9251336898395721,1.2299465240641712,3.1737967914438503,1.5080213903743316,1.7352941176470589,1.3074866310160427,83
1059103.8877005347,2005.6524064171124,42.00534759358289,1.9251336898395721,1.2299465240641712,3.1737967914438503,1.5080213903743316,1.7352941176470589,1.3074866310160427,155
1059103.8877005347,2005.6524064171124,42.00534759358289,1.9251336898395721,1.2299465240641712,3.1737967914438503,1.5080213903743316,1.7352941176470589,1.3074866310160427,179
1059103.8877005347,2005.6524064171124,42.00534759358289,1.9251336898395721,1.2299465240641712,3.1737967914438503,1.5080213903743316,1.7352941176470589,1.3074866310160427,155
1059103.8877005347,2005.6524064171124,42.00534759358289,1.9251336898395721,1.2299465240641712,3.1737967914438503,1.5080213903743316,1.7352941176470589,1.3074866310160427,278
1059103.8877005347,2005.6524064171124,42.00534759358289,1.9251336898395721,1.2299465240641712,3.1737967914438503,1.5080213903743316,1.7352941176470589,1.3074866310160427,50
1059103.8877005347,2005.6524064171124,42.00534759358289,1.9251336898395721,1.2299465240641712,3.1737967914438503,1.5080213903743316,1.7352941176470589,1.3074866310160427,55
1059103.8877005347,2005.6524064171124,42.00534759358289,1.9251336898395721,1.2299465240641712,3.1737967914438503,1.5080213903743316,1.7352941176470589,1.3074866310160427,109
1059103.8877005347,2005.6524064171124,42.00534759358289,1.9251336898395721,1.2299465240641712,3.1737967914438503,1.5080213903743316,1.7352941176470589,1.3074866310160427,155
1059103.8877005347,2005.6524064171124,42.00534759358289,1.9251336898395721,1.2299465240641712,3.1737967914438503,1.5080213903743316,1.7352941176470589,1.3074866310160427,182
1059103.8877005347,2005.6524064171124,42.00534759358289,1.9251336898395721,1.2299465240641712,3.1737967914438503,1.5080213903743316,1.7352941176470589,1.3074866310160427,104
1059103.8877005347,2005.6524064171124,42.00534759358289,1.9251336898395721,1.2299465240641712,3.1737967914438503,1.5080213903743316,1.7352941176470589,1.3074866310160427,83
1059103.8877005347,2005.6524064171124,42.00534759358289,1.9251336898395721,1.2299465240641712,3.1737967914438503,1.5080213903743316,1.7352941176470589,1.3074866310160427,109
1059103.8877005347,2005.6524064171124,42.00534759358289,1.9251336898395721,1.2299465240641712,3.1737967914438503,1.5080213903743316,1.7352941176470589,1.3074866310160427,121
1059103.8877005347,2005.6524064171124,42.00534759358289,1.9251336898395721,1.2299465240641712,3.1737967914438503,1.5080213903743316,1.7352941176470589,1.3074866310160427,172
1059103.8877005347,2005.6524064171124,42.00534759358289,1.9251336898395721,1.2299465240641712,3.1737967914438503,1.5080213903743316,1.7352941176470589,1.3074866310160427,73
1059103.8877005347,2005.6524064171124,42.00534759358289,1.9251336898395721,1.2299465240641712,3.1737967914438503,1.5080213903743316,1.7352941176470589,1.3074866310160427,103
1059103.8877005347,2005.6524064171124,42.00534759358289,1.9251336898395721,1.2299465240641712,3.1737967914438503,1.5080213903743316,1.7352941176470589,1.3074866310160427,131
1059103.8877005347,2005.6524064171124,42.00534759358289,1.9251336898395721,1.2299465240641712,3.1737967914438503,1.5080213903743316,1.7352941176470589,1.3074866310160427,172
1059103.8877005347,2005.6524064171124,42.00534759358289,1.9251336898395721,1.2299465240641712,3.1737967914438503,1.5080213903743316,1.7352941176470589,1.3074866310160427,40
1059103.8877005347,2005.6524064171124,42.00534759358289,1.9251336898395721,1.2299465240641712,3.1737967914438503,1.5080213903743316,1.7352941176470589,1.3074866310160427,137
1059103.8877005347,2005.6524064171124,42.00534759358289,1.9251336898395721,1.2299465240641712,3.1737967914438503,1.5080213903743316,1.7352941176470589,1.3074866310160427,146
1059103.8877005347,2005.6524064171124,42.00534759358289,1.9251336898395721,1.2299465240641712,3.1737967914438503,1.5080213903743316,1.7352941176470589,1.3074866310160427,109
1059103.8877005347,2005.6524064171124,42.00534759358289,1.9251336898395721,1.2299465240641712,3.1737967914438503,1.5080213903743316,1.7352941176470589,1.3074866310160427,55
1059103.8877005347,2005.6524064171124,42.00534759358289,1.9251336898395721,1.2299465240641712,3.1737967914438503,1.5080213903743316,1.7352941176470589,1.3074866310160427,187
1059103.8877005347,2005.6524064171124,42.00534759358289,1.9251336898395721,1.2299465240641712,3.1737967914438503,1.5080213903743316,1.7352941176470589,1.3074866310160427,83
1059103.8877005347,2005.6524064171124,42.00534759358289,1.9251336898395721,1.2299465240641712,3.1737967914438503,1.5080213903743316,1.7352941176470589,1.3074866310160427,31
1059103.8877005347,2005.6524064171124,42.00534759358289,1.9251336898395721,1.2299465240641712,3.1737967914438503,1.5080213903743316,1.7352941176470589,1.3074866310160427,155
1059103.8877005347,2005.6524064171124,42.00534759358289,1.9251336898395721,1.2299465240641712,3.1737967914438503,1.5080213903743316,1.7352941176470589,1.3074866310160427,83
1059103.8877005347,2005.6524064171124,42.00534759358289,1.9251336898395721,1.2299465240641712,3.1737967914438503,1.5080213903743316,1.7352941176470589,1.3074866310160427,196
1059103.8877005347,2005.6524064171124,42.00534759358289,1.9251336898395721,1.2299465240641712,3.1737967914438503,1.5080213903743316,1.7352941176470589,1.3074866310160427,136
1059103.8877005347,2005.6524064171124,42.00534759358289,1.9251336898395721,1.2299465240641712,3.1737967914438503,1.5080213903743316,1.7352941176470589,1.3074866310160427,92
1059103.8877005347,2005.6524064171124,42.00534759358289,1.9251336898395721,1.2299465240641712,3.1737967914438503,1.5080213903743316,1.7352941176470589,1.3074866310160427,121
1059103.8877005347,2005.6524064171124,42.00534759358289,1.9251336898395721,1.2299465240641712,3.1737967914438503,1.5080213903743316,1.7352941176470589,1.3074866310160427,104
1059103.8877005347,2005.6524064171124,42.00534759358289,1.9251336898395721,1.2299465240641712,3.1737967914438503,1.5080213903743316,1.7352941176470589,1.3074866310160427,92
1059103.8877005347,2005.6524064171124,42.00534759358289,1.9251336898395721,1.2299465240641712,3.1737967914438503,1.5080213903743316,1.7352941176470589,1.3074866310160427,113
1059103.8877005347,2005.6524064171124,42.00534759358289,1.9251336898395721,1.2299465240641712,3.1737967914438503,1.5080213903743316,1.7352941176470589,1.3074866310160427,64
1059103.8877005347,2005.6524064171124,42.00534759358289,1.9251336898395721,1.2299465240641712,3.1737967914438503,1.5080213903743316,1.7352941176470589,1.3074866310160427,104
1059103.8877005347,2005.6524064171124,42.00534759358289,1.9251336898395721,1.2299465240641712,3.1737967914438503,1.5080213903743316,1.7352941176470589,1.3074866310160427,50
1059103.8877005347,2005.6524064171124,42.00534759358289,1.9251336898395721,1.2299465240641712,3.1737967914438503,1.5080213903743316,1.7352941176470589,1.3074866310160427,55
1059103.8877005347,2005.6524064171124,42.00534759358289,1.9251336898395721,1.2299465240641712,3.1737967914438503,1.5080213903743316,1.7352941176470589,1.3074866310160427,103
1059103.8877005347,2005.6524064171124,42.00534759358289,1.9251336898395721,1.2299465240641712,3.1737967914438503,1.5080213903743316,1.7352941176470589,1.3074866310160427,121
1059103.8877005347,2005.6524064171124,42.00534759358289,1.9251336898395721,1.2299465240641712,3.1737967914438503,1.5080213903743316,1.7352941176470589,1.3074866310160427,113
1059103.8877005347,2005.6524064171124,42.00534759358289,1.9251336898395721,1.2299465240641712,3.1737967914438503,1.5080213903743316,1.7352941176470589,1.3074866310160427,92
1059103.8877005347,2005.6524064171124,42.00534759358289,1.9251336898395721,1.2299465240641712,3.1737967914438503,1.5080213903743316,1.7352941176470589,1.3074866310160427,50
1059103.8877005347,2005.6524064171124,42.00534759358289,1.9251336898395721,1.2299465240641712,3.1737967914438503,1.5080213903743316,1.7352941176470589,1.3074866310160427,73
1059103.8877005347,2005.6524064171124,42.00534759358289,1.9251336898395721,1.2299465240641712,3.1737967914438503,1.5080213903743316,1.7352941176470589,1.3074866310160427,127
1059103.8877005347,2005.6524064171124,42.00534759358289,1.9251336898395721,1.2299465240641712,3.1737967914438503,1.5080213903743316,1.7352941176470589,1.3074866310160427,47
1059103.8877005347,2005.6524064171124,42.00534759358289,1.9251336898395721,1.2299465240641712,3.1737967914438503,1.5080213903743316,1.7352941176470589,1.3074866310160427,103
1059103.8877005347,2005.6524064171124,42.00534759358289,1.9251336898395721,1.2299465240641712,3.1737967914438503,1.5080213903743316,1.7352941176470589,1.3074866310160427,23
1059103.8877005347,2005.6524064171124,42.00534759358289,1.9251336898395721,1.2299465240641712,3.1737967914438503,1.5080213903743316,1.7352941176470589,1.3074866310160427,182
1059103.8877005347,2005.6524064171124,42.00534759358289,1.9251336898395721,1.2299465240641712,3.1737967914438503,1.5080213903743316,1.7352941176470589,1.3074866310160427,83
1059103.8877005347,2005.6524064171124,42.00534759358289,1.9251336898395721,1.2299465240641712,3.1737967914438503,1.5080213903743316,1.7352941176470589,1.3074866310160427,56
1059103.8877005347,2005.6524064171124,42.00534759358289,1.9251336898395721,1.2299465240641712,3.1737967914438503,1.5080213903743316,1.7352941176470589,1.3074866310160427,55
1059103.8877005347,2005.6524064171124,42.00534759358289,1.9251336898395721,1.2299465240641712,3.1737967914438503,1.5080213903743316,1.7352941176470589,1.3074866310160427,83
1059103.8877005347,2005.6524064171124,42.00534759358289,1.9251336898395721,1.2299465240641712,3.1737967914438503,1.5080213903743316,1.7352941176470589,1.3074866310160427,109
1059103.8877005347,2005.6524064171124,42.00534759358289,1.9251336898395721,1.2299465240641712,3.1737967914438503,1.5080213903743316,1.7352941176470589,1.3074866310160427,103
1059103.8877005347,2005.6524064171124,42.00534759358289,1.9251336898395721,1.2299465240641712,3.1737967914438503,1.5080213903743316,1.7352941176470589,1.3074866310160427,83
1059103.8877005347,2005.6524064171124,42.00534759358289,1.9251336898395721,1.2299465240641712,3.1737967914438503,1.5080213903743316,1.7352941176470589,1.3074866310160427,83
1059103.8877005347,2005.6524064171124,42.00534759358289,1.9251336898395721,1.2299465240641712,3.1737967914438503,1.5080213903743316,1.7352941176470589,1.3074866310160427,104
1059103.8877005347,2005.6524064171124,42.00534759358289,1.9251336898395721,1.2299465240641712,3.1737967914438503,1.5080213903743316,1.7352941176470589,1.3074866310160427,127
1059103.8877005347,2005.6524064171124,42.00534759358289,1.9251336898395721,1.2299465240641712,3.1737967914438503,1.5080213903743316,1.7352941176470589,1.3074866310160427,92
1059103.8877005347,2005.6524064171124,42.00534759358289,1.9251336898395721,1.2299465240641712,3.1737967914438503,1.5080213903743316,1.7352941176470589,1.3074866310160427,179
1059103.8877005347,2005.6524064171124,42.00534759358289,1.9251336898395721,1.2299465240641712,3.1737967914438503,1.5080213903743316,1.7352941176470589,1.3074866310160427,278
1059103.8877005347,2005.6524064171124,42.00534759358289,1.9251336898395721,1.2299465240641712,3.1737967914438503,1.5080213903743316,1.7352941176470589,1.3074866310160427,109
1059103.8877005347,2005.6524064171124,42.00534759358289,1.9251336898395721,1.2299465240641712,3.1737967914438503,1.5080213903743316,1.7352941176470589,1.3074866310160427,103
1059103.8877005347,2005.6524064171124,42.00534759358289,1.9251336898395721,1.2299465240641712,3.1737967914438503,1.5080213903743316,1.7352941176470589,1.3074866310160427,121
1059103.8877005347,2005.6524064171124,42.00534759358289,1.9251336898395721,1.2299465240641712,3.1737967914438503,1.5080213903743316,1.7352941176470589,1.3074866310160427,155
1059103.8877005347,2005.6524064171124,42.00534759358289,1.9251336898395721,1.2299465240641712,3.1737967914438503,1.5080213903743316,1.7352941176470589,1.3074866310160427,83
1059103.8877005347,2005.6524064171124,42.00534759358289,1.9251336898395721,1.2299465240641712,3.1737967914438503,1.5080213903743316,1.7352941176470589,1.3074866310160427,127
1059103.8877005347,2005.6524064171124,42.00534759358289,1.9251336898395721,1.2299465240641712,3.1737967914438503,1.5080213903743316,1.7352941176470589,1.3074866310160427,172
1059103.8877005347,2005.6524064171124,42.00534759358289,1.9251336898395721,1.2299465240641712,3.1737967914438503,1.5080213903743316,1.7352941176470589,1.3074866310160427,131
1059103.8877005347,2005.6524064171124,42.00534759358289,1.9251336898395721,1.2299465240641712,3.1737967914438503,1.5080213903743316,1.7352941176470589,1.3074866310160427,155
1059103.8877005347,2005.6524064171124,42.00534759358289,1.9251336898395721,1.2299465240641712,3.1737967914438503,1.5080213903743316,1.7352941176470589,1.3074866310160427,92
1059103.8877005347,2005.6524064171124,42.00534759358289,1.9251336898395721,1.2299465240641712,3.1737967914438503,1.5080213903743316,1.7352941176470589,1.3074866310160427,127
1059103.8877005347,2005.6524064171124,42.00534759358289,1.9251336898395721,1.2299465240641712,3.1737967914438503,1.5080213903743316,1.7352941176470589,1.3074866310160427,182
1059103.8877005347,2005.6524064171124,42.00534759358289,1.9251336898395721,1.2299465240641712,3.1737967914438503,1.5080213903743316,1.7352941176470589,1.3074866310160427,127
1059103.8877005347,2005.6524064171124,42.00534759358289,1.9251336898395721,1.2299465240641712,3.1737967914438503,1.5080213903743316,1.7352941176470589,1.3074866310160427,121
1059103.8877005347,2005.6524064171124,42.00534759358289,1.9251336898395721,1.2299465240641712,3.1737967914438503,1.5080213903743316,1.7352941176470589,1.3074866310160427,89
1059103.8877005347,2005.6524064171124,42.00534759358289,1.9251336898395721,1.2299465240641712,3.1737967914438503,1.5080213903743316,1.7352941176470589,1.3074866310160427,278
1059103.8877005347,2005.6524064171124,42.00534759358289,1.9251336898395721,1.2299465240641712,3.1737967914438503,1.5080213903743316,1.7352941176470589,1.3074866310160427,146
1059103.8877005347,2005.6524064171124,42.00534759358289,1.9251336898395721,1.2299465240641712,3.1737967914438503,1.5080213903743316,1.7352941176470589,1.3074866310160427,181
1059103.8877005347,2005.6524064171124,42.00534759358289,1.9251336898395721,1.2299465240641712,3.1737967914438503,1.5080213903743316,1.7352941176470589,1.3074866310160427,83
1059103.8877005347,2005.6524064171124,42.00534759358289,1.9251336898395721,1.2299465240641712,3.1737967914438503,1.5080213903743316,1.7352941176470589,1.3074866310160427,121
1059103.8877005347,2005.6524064171124,42.00534759358289,1.9251336898395721,1.2299465240641712,3.1737967914438503,1.5080213903743316,1.7352941176470589,1.3074866310160427,137
1059103.8877005347,2005.6524064171124,42.00534759358289,1.9251336898395721,1.2299465240641712,3.1737967914438503,1.5080213903743316,1.7352941176470589,1.3074866310160427,127
1059103.8877005347,2005.6524064171124,42.00534759358289,1.9251336898395721,1.2299465240641712,3.1737967914438503,1.5080213903743316,1.7352941176470589,1.3074866310160427,40
1059103.8877005347,2005.6524064171124,42.00534759358289,1.9251336898395721,1.2299465240641712,3.1737967914438503,1.5080213903743316,1.7352941176470589,1.3074866310160427,155
1059103.8877005347,2005.6524064171124,42.00534759358289,1.9251336898395721,1.2299465240641712,3.1737967914438503,1.5080213903743316,1.7352941176470589,1.3074866310160427,55
1059103.8877005347,2005.6524064171124,42.00534759358289,1.9251336898395721,1.2299465240641712,3.1737967914438503,1.5080213903743316,1.7352941176470589,1.3074866310160427,179
1059103.8877005347,2005.6524064171124,42.00534759358289,1.9251336898395721,1.2299465240641712,3.1737967914438503,1.5080213903743316,1.7352941176470589,1.3074866310160427,50
1059103.8877005347,2005.6524064171124,42.00534759358289,1.9251336898395721,1.2299465240641712,3.1737967914438503,1.5080213903743316,1.7352941176470589,1.3074866310160427,172
1059103.8877005347,2005.6524064171124,42.00534759358289,1.9251336898395721,1.2299465240641712,3.1737967914438503,1.5080213903743316,1.7352941176470589,1.3074866310160427,127
1059103.8877005347,2005.6524064171124,42.00534759358289,1.9251336898395721,1.2299465240641712,3.1737967914438503,1.5080213903743316,1.7352941176470589,1.3074866310160427,56
1059103.8877005347,2005.6524064171124,42.00534759358289,1.9251336898395721,1.2299465240641712,3.1737967914438503,1.5080213903743316,1.7352941176470589,1.3074866310160427,137
1059103.8877005347,2005.6524064171124,42.00534759358289,1.9251336898395721,1.2299465240641712,3.1737967914438503,1.5080213903743316,1.7352941176470589,1.3074866310160427,92
1059103.8877005347,2005.6524064171124,42.00534759358289,1.9251336898395721,1.2299465240641712,3.1737967914438503,1.5080213903743316,1.7352941176470589,1.3074866310160427,103
1059103.8877005347,2005.6524064171124,42.00534759358289,1.9251336898395721,1.2299465240641712,3.1737967914438503,1.5080213903743316,1.7352941176470589,1.3074866310160427,92
1059103.8877005347,2005.6524064171124,42.00534759358289,1.9251336898395721,1.2299465240641712,3.1737967914438503,1.5080213903743316,1.7352941176470589,1.3074866310160427,127
1059103.8877005347,2005.6524064171124,42.00534759358289,1.9251336898395721,1.2299465240641712,3.1737967914438503,1.5080213903743316,1.7352941176470589,1.3074866310160427,278
1059103.8877005347,2005.6524064171124,42.00534759358289,1.9251336898395721,1.2299465240641712,3.1737967914438503,1.5080213903743316,1.7352941176470589,1.3074866310160427,155
1059103.8877005347,2005.6524064171124,42.00534759358289,1.9251336898395721,1.2299465240641712,3.1737967914438503,1.5080213903743316,1.7352941176470589,1.3074866310160427,103
1059103.8877005347,2005.6524064171124,42.00534759358289,1.9251336898395721,1.2299465240641712,3.1737967914438503,1.5080213903743316,1.7352941176470589,1.3074866310160427,83
1059103.8877005347,2005.6524064171124,42.00534759358289,1.9251336898395721,1.2299465240641712,3.1737967914438503,1.5080213903743316,1.7352941176470589,1.3074866310160427,121
1059103.8877005347,2005.6524064171124,42.00534759358289,1.9251336898395721,1.2299465240641712,3.1737967914438503,1.5080213903743316,1.7352941176470589,1.3074866310160427,121
1059103.8877005347,2005.6524064171124,42.00534759358289,1.9251336898395721,1.2299465240641712,3.1737967914438503,1.5080213903743316,1.7352941176470589,1.3074866310160427,109
1059103.8877005347,2005.6524064171124,42.00534759358289,1.9251336898395721,1.2299465240641712,3.1737967914438503,1.5080213903743316,1.7352941176470589,1.3074866310160427,109
1059103.8877005347,2005.6524064171124,42.00534759358289,1.9251336898395721,1.2299465240641712,3.1737967914438503,1.5080213903743316,1.7352941176470589,1.3074866310160427,32
1059103.8877005347,2005.6524064171124,42.00534759358289,1.9251336898395721,1.2299465240641712,3.1737967914438503,1.5080213903743316,1.7352941176470589,1.3074866310160427,196
1059103.8877005347,2005.6524064171124,42.00534759358289,1.9251336898395721,1.2299465240641712,3.1737967914438503,1.5080213903743316,1.7352941176470589,1.3074866310160427,104
1059103.8877005347,2005.6524064171124,42.00534759358289,1.9251336898395721,1.2299465240641712,3.1737967914438503,1.5080213903743316,1.7352941176470589,1.3074866310160427,89
1059103.8877005347,2005.6524064171124,42.00534759358289,1.9251336898395721,1.2299465240641712,3.1737967914438503,1.5080213903743316,1.7352941176470589,1.3074866310160427,64
1059103.8877005347,2005.6524064171124,42.00534759358289,1.9251336898395721,1.2299465240641712,3.1737967914438503,1.5080213903743316,1.7352941176470589,1.3074866310160427,103
1059103.8877005347,2005.6524064171124,42.00534759358289,1.9251336898395721,1.2299465240641712,3.1737967914438503,1.5080213903743316,1.7352941176470589,1.3074866310160427,113
1059103.8877005347,2005.6524064171124,42.00534759358289,1.9251336898395721,1.2299465240641712,3.1737967914438503,1.5080213903743316,1.7352941176470589,1.3074866310160427,121
1059103.8877005347,2005.6524064171124,42.00534759358289,1.9251336898395721,1.2299465240641712,3.1737967914438503,1.5080213903743316,1.7352941176470589,1.3074866310160427,127
1059103.8877005347,2005.6524064171124,42.00534759358289,1.9251336898395721,1.2299465240641712,3.1737967914438503,1.5080213903743316,1.7352941176470589,1.3074866310160427,83
1059103.8877005347,2005.6524064171124,42.00534759358289,1.9251336898395721,1.2299465240641712,3.1737967914438503,1.5080213903743316,1.7352941176470589,1.3074866310160427,55
1059103.8877005347,2005.6524064171124,42.00534759358289,1.9251336898395721,1.2299465240641712,3.1737967914438503,1.5080213903743316,1.7352941176470589,1.3074866310160427,127
1059103.8877005347,2005.6524064171124,42.00534759358289,1.9251336898395721,1.2299465240641712,3.1737967914438503,1.5080213903743316,1.7352941176470589,1.3074866310160427,55
1059103.8877005347,2005.6524064171124,42.00534759358289,1.9251336898395721,1.2299465240641712,3.1737967914438503,1.5080213903743316,1.7352941176470589,1.3074866310160427,109
1059103.8877005347,2005.6524064171124,42.00534759358289,1.9251336898395721,1.2299465240641712,3.1737967914438503,1.5080213903743316,1.7352941176470589,1.3074866310160427,103
1059103.8877005347,2005.6524064171124,42.00534759358289,1.9251336898395721,1.2299465240641712,3.1737967914438503,1.5080213903743316,1.7352941176470589,1.3074866310160427,50
1059103.8877005347,2005.6524064171124,42.00534759358289,1.9251336898395721,1.2299465240641712,3.1737967914438503,1.5080213903743316,1.7352941176470589,1.3074866310160427,104
1059103.8877005347,2005.6524064171124,42.00534759358289,1.9251336898395721,1.2299465240641712,3.1737967914438503,1.5080213903743316,1.7352941176470589,1.3074866310160427,92
1059103.8877005347,2005.6524064171124,42.00534759358289,1.9251336898395721,1.2299465240641712,3.1737967914438503,1.5080213903743316,1.7352941176470589,1.3074866310160427,83
1059103.8877005347,2005.6524064171124,42.00534759358289,1.9251336898395721,1.2299465240641712,3.1737967914438503,1.5080213903743316,1.7352941176470589,1.3074866310160427,83
1059103.8877005347,2005.6524064171124,42.00534759358289,1.9251336898395721,1.2299465240641712,3.1737967914438503,1.5080213903743316,1.7352941176470589,1.3074866310160427,98
1059103.8877005347,2005.6524064171124,42.00534759358289,1.9251336898395721,1.2299465240641712,3.1737967914438503,1.5080213903743316,1.7352941176470589,1.3074866310160427,182
1059103.8877005347,2005.6524064171124,42.00534759358289,1.9251336898395721,1.2299465240641712,3.1737967914438503,1.5080213903743316,1.7352941176470589,1.3074866310160427,83
1059103.8877005347,2005.6524064171124,42.00534759358289,1.9251336898395721,1.2299465240641712,3.1737967914438503,1.5080213903743316,1.7352941176470589,1.3074866310160427,73
1059103.8877005347,2005.6524064171124,42.00534759358289,1.9251336898395721,1.2299465240641712,3.1737967914438503,1.5080213903743316,1.7352941176470589,1.3074866310160427,182
1059103.8877005347,2005.6524064171124,42.00534759358289,1.9251336898395721,1.2299465240641712,3.1737967914438503,1.5080213903743316,1.7352941176470589,1.3074866310160427,131
1059103.8877005347,2005.6524064171124,42.00534759358289,1.9251336898395721,1.2299465240641712,3.1737967914438503,1.5080213903743316,1.7352941176470589,1.3074866310160427,136
1059103.8877005347,2005.6524064171124,42.00534759358289,1.9251336898395721,1.2299465240641712,3.1737967914438503,1.5080213903743316,1.7352941176470589,1.3074866310160427,92
1059103.8877005347,2005.6524064171124,42.00534759358289,1.9251336898395721,1.2299465240641712,3.1737967914438503,1.5080213903743316,1.7352941176470589,1.3074866310160427,92
1059103.8877005347,2005.6524064171124,42.00534759358289,1.9251336898395721,1.2299465240641712,3.1737967914438503,1.5080213903743316,1.7352941176470589,1.3074866310160427,155
1059103.8877005347,2005.6524064171124,42.00534759358289,1.9251336898395721,1.2299465240641712,3.1737967914438503,1.5080213903743316,1.7352941176470589,1.3074866310160427,104
1059103.8877005347,2005.6524064171124,42.00534759358289,1.9251336898395721,1.2299465240641712,3.1737967914438503,1.5080213903743316,1.7352941176470589,1.3074866310160427,37
1059103.8877005347,2005.6524064171124,42.00534759358289,1.9251336898395721,1.2299465240641712,3.1737967914438503,1.5080213903743316,1.7352941176470589,1.3074866310160427,187
1059103.8877005347,2005.6524064171124,42.00534759358289,1.9251336898395721,1.2299465240641712,3.1737967914438503,1.5080213903743316,1.7352941176470589,1.3074866310160427,83
1059103.8877005347,2005.6524064171124,42.00534759358289,1.9251336898395721,1.2299465240641712,3.1737967914438503,1.5080213903743316,1.7352941176470589,1.3074866310160427,136
1059103.8877005347,2005.6524064171124,42.00534759358289,1.9251336898395721,1.2299465240641712,3.1737967914438503,1.5080213903743316,1.7352941176470589,1.3074866310160427,104
1059103.8877005347,2005.6524064171124,42.00534759358289,1.9251336898395721,1.2299465240641712,3.1737967914438503,1.5080213903743316,1.7352941176470589,1.3074866310160427,172
1059103.8877005347,2005.6524064171124,42.00534759358289,1.9251336898395721,1.2299465240641712,3.1737967914438503,1.5080213903743316,1.7352941176470589,1.3074866310160427,113
1059103.8877005347,2005.6524064171124,42.00534759358289,1.9251336898395721,1.2299465240641712,3.1737967914438503,1.5080213903743316,1.7352941176470589,1.3074866310160427,56
1059103.8877005347,2005.6524064171124,42.00534759358289,1.9251336898395721,1.2299465240641712,3.1737967914438503,1.5080213903743316,1.7352941176470589,1.3074866310160427,89
1059103.8877005347,2005.6524064171124,42.00534759358289,1.9251336898395721,1.2299465240641712,3.1737967914438503,1.5080213903743316,1.7352941176470589,1.3074866310160427,146
1059103.8877005347,2005.6524064171124,42.00534759358289,1.9251336898395721,1.2299465240641712,3.1737967914438503,1.5080213903743316,1.7352941176470589,1.3074866310160427,104
1059103.8877005347,2005.6524064171124,42.00534759358289,1.9251336898395721,1.2299465240641712,3.1737967914438503,1.5080213903743316,1.7352941176470589,1.3074866310160427,103
1059103.8877005347,2005.6524064171124,42.00534759358289,1.9251336898395721,1.2299465240641712,3.1737967914438503,1.5080213903743316,1.7352941176470589,1.3074866310160427,64
1059103.8877005347,2005.6524064171124,42.00534759358289,1.9251336898395721,1.2299465240641712,3.1737967914438503,1.5080213903743316,1.7352941176470589,1.3074866310160427,196
1059103.8877005347,2005.6524064171124,42.00534759358289,1.9251336898395721,1.2299465240641712,3.1737967914438503,1.5080213903743316,1.7352941176470589,1.3074866310160427,109
1059103.8877005347,2005.6524064171124,42.00534759358289,1.9251336898395721,1.2299465240641712,3.1737967914438503,1.5080213903743316,1.7352941176470589,1.3074866310160427,109
1059103.8877005347,2005.6524064171124,42.00534759358289,1.9251336898395721,1.2299465240641712,3.1737967914438503,1.5080213903743316,1.7352941176470589,1.3074866310160427,32
1059103.8877005347,2005.6524064171124,42.00534759358289,1.9251336898395721,1.2299465240641712,3.1737967914438503,1.5080213903743316,1.7352941176470589,1.3074866310160427,121
1059103.8877005347,2005.6524064171124,42.00534759358289,1.9251336898395721,1.2299465240641712,3.1737967914438503,1.5080213903743316,1.7352941176470589,1.3074866310160427,73
1059103.8877005347,2005.6524064171124,42.00534759358289,1.9251336898395721,1.2299465240641712,3.1737967914438503,1.5080213903743316,1.7352941176470589,1.3074866310160427,83
1059103.8877005347,2005.6524064171124,42.00534759358289,1.9251336898395721,1.2299465240641712,3.1737967914438503,1.5080213903743316,1.7352941176470589,1.3074866310160427,55
1059103.8877005347,2005.6524064171124,42.00534759358289,1.9251336898395721,1.2299465240641712,3.1737967914438503,1.5080213903743316,1.7352941176470589,1.3074866310160427,83
1059103.8877005347,2005.6524064171124,42.00534759358289,1.9251336898395721,1.2299465240641712,3.1737967914438503,1.5080213903743316,1.7352941176470589,1.3074866310160427,50
1059103.8877005347,2005.6524064171124,42.00534759358289,1.9251336898395721,1.2299465240641712,3.1737967914438503,1.5080213903743316,1.7352941176470589,1.3074866310160427,37
1059103.8877005347,2005.6524064171124,42.00534759358289,1.9251336898395721,1.2299465240641712,3.1737967914438503,1.5080213903743316,1.7352941176470589,1.3074866310160427,98
1059103.8877005347,2005.6524064171124,42.00534759358289,1.9251336898395721,1.2299465240641712,3.1737967914438503,1.5080213903743316,1.7352941176470589,1.3074866310160427,121
1059103.8877005347,2005.6524064171124,42.00534759358289,1.9251336898395721,1.2299465240641712,3.1737967914438503,1.5080213903743316,1.7352941176470589,1.3074866310160427,92
1059103.8877005347,2005.6524064171124,42.00534759358289,1.9251336898395721,1.2299465240641712,3.1737967914438503,1.5080213903743316,1.7352941176470589,1.3074866310160427,131
1059103.8877005347,2005.6524064171124,42.00534759358289,1.9251336898395721,1.2299465240641712,3.1737967914438503,1.5080213903743316,1.7352941176470589,1.3074866310160427,155
1059103.8877005347,2005.6524064171124,42.00534759358289,1.9251336898395721,1.2299465240641712,3.1737967914438503,1.5080213903743316,1.7352941176470589,1.3074866310160427,109
1059103.8877005347,2005.6524064171124,42.00534759358289,1.9251336898395721,1.2299465240641712,3.1737967914438503,1.5080213903743316,1.7352941176470589,1.3074866310160427,83
1059103.8877005347,2005.6524064171124,42.00534759358289,1.9251336898395721,1.2299465240641712,3.1737967914438503,1.5080213903743316,1.7352941176470589,1.3074866310160427,127
1059103.8877005347,2005.6524064171124,42.00534759358289,1.9251336898395721,1.2299465240641712,3.1737967914438503,1.5080213903743316,1.7352941176470589,1.3074866310160427,79
1059103.8877005347,2005.6524064171124,42.00534759358289,1.9251336898395721,1.2299465240641712,3.1737967914438503,1.5080213903743316,1.7352941176470589,1.3074866310160427,127
1059103.8877005347,2005.6524064171124,42.00534759358289,1.9251336898395721,1.2299465240641712,3.1737967914438503,1.5080213903743316,1.7352941176470589,1.3074866310160427,137
1059103.8877005347,2005.6524064171124,42.00534759358289,1.9251336898395721,1.2299465240641712,3.1737967914438503,1.5080213903743316,1.7352941176470589,1.3074866310160427,137
1059103.8877005347,2005.6524064171124,42.00534759358289,1.9251336898395721,1.2299465240641712,3.1737967914438503,1.5080213903743316,1.7352941176470589,1.3074866310160427,103
1059103.8877005347,2005.6524064171124,42.00534759358289,1.9251336898395721,1.2299465240641712,3.1737967914438503,1.5080213903743316,1.7352941176470589,1.3074866310160427,127
1059103.8877005347,2005.6524064171124,42.00534759358289,1.9251336898395721,1.2299465240641712,3.1737967914438503,1.5080213903743316,1.7352941176470589,1.3074866310160427,104
1059103.8877005347,2005.6524064171124,42.00534759358289,1.9251336898395721,1.2299465240641712,3.1737967914438503,1.5080213903743316,1.7352941176470589,1.3074866310160427,40
1059103.8877005347,2005.6524064171124,42.00534759358289,1.9251336898395721,1.2299465240641712,3.1737967914438503,1.5080213903743316,1.7352941176470589,1.3074866310160427,92
1059103.8877005347,2005.6524064171124,42.00534759358289,1.9251336898395721,1.2299465240641712,3.1737967914438503,1.5080213903743316,1.7352941176470589,1.3074866310160427,83
1059103.8877005347,2005.6524064171124,42.00534759358289,1.9251336898395721,1.2299465240641712,3.1737967914438503,1.5080213903743316,1.7352941176470589,1.3074866310160427,278
1059103.8877005347,2005.6524064171124,42.00534759358289,1.9251336898395721,1.2299465240641712,3.1737967914438503,1.5080213903743316,1.7352941176470589,1.3074866310160427,103
1059103.8877005347,2005.6524064171124,42.00534759358289,1.9251336898395721,1.2299465240641712,3.1737967914438503,1.5080213903743316,1.7352941176470589,1.3074866310160427,155
1059103.8877005347,2005.6524064171124,42.00534759358289,1.9251336898395721,1.2299465240641712,3.1737967914438503,1.5080213903743316,1.7352941176470589,1.3074866310160427,55
1059103.8877005347,2005.6524064171124,42.00534759358289,1.9251336898395721,1.2299465240641712,3.1737967914438503,1.5080213903743316,1.7352941176470589,1.3074866310160427,182
1059103.8877005347,2005.6524064171124,42.00534759358289,1.9251336898395721,1.2299465240641712,3.1737967914438503,1.5080213903743316,1.7352941176470589,1.3074866310160427,113
1059103.8877005347,2005.6524064171124,42.00534759358289,1.9251336898395721,1.2299465240641712,3.1737967914438503,1.5080213903743316,1.7352941176470589,1.3074866310160427,121
1059103.8877005347,2005.6524064171124,42.00534759358289,1.9251336898395721,1.2299465240641712,3.1737967914438503,1.5080213903743316,1.7352941176470589,1.3074866310160427,127
1059103.8877005347,2005.6524064171124,42.00534759358289,1.9251336898395721,1.2299465240641712,3.1737967914438503,1.5080213903743316,1.7352941176470589,1.3074866310160427,83
1059103.8877005347,2005.6524064171124,42.00534759358289,1.9251336898395721,1.2299465240641712,3.1737967914438503,1.5080213903743316,1.7352941176470589,1.3074866310160427,83
1059103.8877005347,2005.6524064171124,42.00534759358289,1.9251336898395721,1.2299465240641712,3.1737967914438503,1.5080213903743316,1.7352941176470589,1.3074866310160427,136
1059103.8877005347,2005.6524064171124,42.00534759358289,1.9251336898395721,1.2299465240641712,3.1737967914438503,1.5080213903743316,1.7352941176470589,1.3074866310160427,187
1059103.8877005347,2005.6524064171124,42.00534759358289,1.9251336898395721,1.2299465240641712,3.1737967914438503,1.5080213903743316,1.7352941176470589,1.3074866310160427,92
1059103.8877005347,2005.6524064171124,42.00534759358289,1.9251336898395721,1.2299465240641712,3.1737967914438503,1.5080213903743316,1.7352941176470589,1.3074866310160427,127
1059103.8877005347,2005.6524064171124,42.00534759358289,1.9251336898395721,1.2299465240641712,3.1737967914438503,1.5080213903743316,1.7352941176470589,1.3074866310160427,92
1059103.8877005347,2005.6524064171124,42.00534759358289,1.9251336898395721,1.2299465240641712,3.1737967914438503,1.5080213903743316,1.7352941176470589,1.3074866310160427,181
1059103.8877005347,2005.6524064171124,42.00534759358289,1.9251336898395721,1.2299465240641712,3.1737967914438503,1.5080213903743316,1.7352941176470589,1.3074866310160427,131
1059103.8877005347,2005.6524064171124,42.00534759358289,1.9251336898395721,1.2299465240641712,3.1737967914438503,1.5080213903743316,1.7352941176470589,1.3074866310160427,155
1059103.8877005347,2005.6524064171124,42.00534759358289,1.9251336898395721,1.2299465240641712,3.1737967914438503,1.5080213903743316,1.7352941176470589,1.3074866310160427,50
1059103.8877005347,2005.6524064171124,42.00534759358289,1.9251336898395721,1.2299465240641712,3.1737967914438503,1.5080213903743316,1.7352941176470589,1.3074866310160427,103
1059103.8877005347,2005.6524064171124,42.00534759358289,1.9251336898395721,1.2299465240641712,3.1737967914438503,1.5080213903743316,1.7352941176470589,1.3074866310160427,83
1059103.8877005347,2005.6524064171124,42.00534759358289,1.9251336898395721,1.2299465240641712,3.1737967914438503,1.5080213903743316,1.7352941176470589,1.3074866310160427,92
1059103.8877005347,2005.6524064171124,42.00534759358289,1.9251336898395721,1.2299465240641712,3.1737967914438503,1.5080213903743316,1.7352941176470589,1.3074866310160427,278
