1076554.0185676392,2005.761273209549,42.774535809018566,1.976127320954907,1.2652519893899203,3.0,1.4801061007957559,1.7135278514588859,1.3076923076923077,81
1076554.0185676392,2005.761273209549,42.774535809018566,1.976127320954907,1.2652519893899203,3.0,1.4801061007957559,1.7135278514588859,1.3076923076923077,111
1076554.0185676392,2005.761273209549,42.774535809018566,1.976127320954907,1.2652519893899203,3.0,1.4801061007957559,1.7135278514588859,1.3076923076923077,108
1076554.0185676392,2005.761273209549,42.774535809018566,1.976127320954907,1.2652519893899203,3.0,1.4801061007957559,1.7135278514588859,1.3076923076923077,135
1076554.0185676392,2005.761273209549,42.774535809018566,1.976127320954907,1.2652519893899203,3.0,1.4801061007957559,1.7135278514588859,1.3076923076923077,81
1076554.0185676392,2005.761273209549,42.774535809018566,1.976127320954907,1.2652519893899203,3.0,1.4801061007957559,1.7135278514588859,1.3076923076923077,108
1076554.0185676392,2005.761273209549,42.774535809018566,1.976127320954907,1.2652519893899203,3.0,1.4801061007957559,1.7135278514588859,1.3076923076923077,144
1076554.0185676392,2005.761273209549,42.774535809018566,1.976127320954907,1.2652519893899203,3.0,1.4801061007957559,1.7135278514588859,1.3076923076923077,81
1076554.0185676392,2005.761273209549,42.774535809018566,1.976127320954907,1.2652519893899203,3.0,1.4801061007957559,1.7135278514588859,1.3076923076923077,135
1076554.0185676392,2005.761273209549,42.774535809018566,1.976127320954907,1.2652519893899203,3.0,1.4801061007957559,1.7135278514588859,1.3076923076923077,135
1076554.0185676392,2005.761273209549,42.774535809018566,1.976127320954907,1.2652519893899203,3.0,1.4801061007957559,1.7135278514588859,1.3076923076923077,72
1076554.0185676392,2005.761273209549,42.774535809018566,1.976127320954907,1.2652519893899203,3.0,1.4801061007957559,1.7135278514588859,1.3076923076923077,102
1076554.0185676392,2005.761273209549,42.774535809018566,1.976127320954907,1.2652519893899203,3.0,1.4801061007957559,1.7135278514588859,1.3076923076923077,161
1076554.0185676392,2005.761273209549,42.774535809018566,1.976127320954907,1.2652519893899203,3.0,1.4801061007957559,1.7135278514588859,1.3076923076923077,102
1076554.0185676392,2005.761273209549,42.774535809018566,1.976127320954907,1.2652519893899203,3.0,1.4801061007957559,1.7135278514588859,1.3076923076923077,81
1076554.0185676392,2005.761273209549,42.774535809018566,1.976127320954907,1.2652519893899203,3.0,1.4801061007957559,1.7135278514588859,1.3076923076923077,144
1076554.0185676392,2005.761273209549,42.774535809018566,1.976127320954907,1.2652519893899203,3.0,1.4801061007957559,1.7135278514588859,1.3076923076923077,81
1076554.0185676392,2005.761273209549,42.774535809018566,1.976127320954907,1.2652519893899203,3.0,1.4801061007957559,1.7135278514588859,1.3076923076923077,110
1076554.0185676392,2005.761273209549,42.774535809018566,1.976127320954907,1.2652519893899203,3.0,1.4801061007957559,1.7135278514588859,1.3076923076923077,186
1076554.0185676392,2005.761273209549,42.774535809018566,1.976127320954907,1.2652519893899203,3.0,1.4801061007957559,1.7135278514588859,1.3076923076923077,81
1076554.0185676392,2005.761273209549,42.774535809018566,1.976127320954907,1.2652519893899203,3.0,1.4801061007957559,1.7135278514588859,1.3076923076923077,268
1076554.0185676392,2005.761273209549,42.774535809018566,1.976127320954907,1.2652519893899203,3.0,1.4801061007957559,1.7135278514588859,1.3076923076923077,81
1076554.0185676392,2005.761273209549,42.774535809018566,1.976127320954907,1.2652519893899203,3.0,1.4801061007957559,1.7135278514588859,1.3076923076923077,135
1076554.0185676392,2005.761273209549,42.774535809018566,1.976127320954907,1.2652519893899203,3.0,1.4801061007957559,1.7135278514588859,1.3076923076923077,161
1076554.0185676392,2005.761273209549,42.774535809018566,1.976127320954907,1.2652519893899203,3.0,1.4801061007957559,1.7135278514588859,1.3076923076923077,111
1076554.0185676392,2005.761273209549,42.774535809018566,1.976127320954907,1.2652519893899203,3.0,1.4801061007957559,1.7135278514588859,1.3076923076923077,180
1076554.0185676392,2005.761273209549,42.774535809018566,1.976127320954907,1.2652519893899203,3.0,1.4801061007957559,1.7135278514588859,1.3076923076923077,87
1076554.0185676392,2005.761273209549,42.774535809018566,1.976127320954907,1.2652519893899203,3.0,1.4801061007957559,1.7135278514588859,1.3076923076923077,81
1076554.0185676392,2005.761273209549,42.774535809018566,1.976127320954907,1.2652519893899203,3.0,1.4801061007957559,1.7135278514588859,1.3076923076923077,108
1076554.0185676392,2005.761273209549,42.774535809018566,1.976127320954907,1.2652519893899203,3.0,1.4801061007957559,1.7135278514588859,1.3076923076923077,144
1076554.0185676392,2005.761273209549,42.774535809018566,1.976127320954907,1.2652519893899203,3.0,1.4801061007957559,1.7135278514588859,1.3076923076923077,135
1076554.0185676392,2005.761273209549,42.774535809018566,1.976127320954907,1.2652519893899203,3.0,1.4801061007957559,1.7135278514588859,1.3076923076923077,81
1076554.0185676392,2005.761273209549,42.774535809018566,1.976127320954907,1.2652519893899203,3.0,1.4801061007957559,1.7135278514588859,1.3076923076923077,81
1076554.0185676392,2005.761273209549,42.774535809018566,1.976127320954907,1.2652519893899203,3.0,1.4801061007957559,1.7135278514588859,1.3076923076923077,81
1076554.0185676392,2005.761273209549,42.774535809018566,1.976127320954907,1.2652519893899203,3.0,1.4801061007957559,1.7135278514588859,1.3076923076923077,81
1076554.0185676392,2005.761273209549,42.774535809018566,1.976127320954907,1.2652519893899203,3.0,1.4801061007957559,1.7135278514588859,1.3076923076923077,125
1076554.0185676392,2005.761273209549,42.774535809018566,1.976127320954907,1.2652519893899203,3.0,1.4801061007957559,1.7135278514588859,1.3076923076923077,143
1076554.0185676392,2005.761273209549,42.774535809018566,1.976127320954907,1.2652519893899203,3.0,1.4801061007957559,1.7135278514588859,1.3076923076923077,102
1076554.0185676392,2005.761273209549,42.774535809018566,1.976127320954907,1.2652519893899203,3.0,1.4801061007957559,1.7135278514588859,1.3076923076923077,72
1076554.0185676392,2005.761273209549,42.774535809018566,1.976127320954907,1.2652519893899203,3.0,1.4801061007957559,1.7135278514588859,1.3076923076923077,161
1076554.0185676392,2005.761273209549,42.774535809018566,1.976127320954907,1.2652519893899203,3.0,1.4801061007957559,1.7135278514588859,1.3076923076923077,81
1076554.0185676392,2005.761273209549,42.774535809018566,1.976127320954907,1.2652519893899203,3.0,1.4801061007957559,1.7135278514588859,1.3076923076923077,125
1076554.0185676392,2005.761273209549,42.774535809018566,1.976127320954907,1.2652519893899203,3.0,1.4801061007957559,1.7135278514588859,1.3076923076923077,81
1076554.0185676392,2005.761273209549,42.774535809018566,1.976127320954907,1.2652519893899203,3.0,1.4801061007957559,1.7135278514588859,1.3076923076923077,120
1076554.0185676392,2005.761273209549,42.774535809018566,1.976127320954907,1.2652519893899203,3.0,1.4801061007957559,1.7135278514588859,1.3076923076923077,161
1076554.0185676392,2005.761273209549,42.774535809018566,1.976127320954907,1.2652519893899203,3.0,1.4801061007957559,1.7135278514588859,1.3076923076923077,81
1076554.0185676392,2005.761273209549,42.774535809018566,1.976127320954907,1.2652519893899203,3.0,1.4801061007957559,1.7135278514588859,1.3076923076923077,78
1076554.0185676392,2005.761273209549,42.774535809018566,1.976127320954907,1.2652519893899203,3.0,1.4801061007957559,1.7135278514588859,1.3076923076923077,161
1076554.0185676392,2005.761273209549,42.774535809018566,1.976127320954907,1.2652519893899203,3.0,1.4801061007957559,1.7135278514588859,1.3076923076923077,81
1076554.0185676392,2005.761273209549,42.774535809018566,1.976127320954907,1.2652519893899203,3.0,1.4801061007957559,1.7135278514588859,1.3076923076923077,78
1076554.0185676392,2005.761273209549,42.774535809018566,1.976127320954907,1.2652519893899203,3.0,1.4801061007957559,1.7135278514588859,1.3076923076923077,81
1076554.0185676392,2005.761273209549,42.774535809018566,1.976127320954907,1.2652519893899203,3.0,1.4801061007957559,1.7135278514588859,1.3076923076923077,143
1076554.0185676392,2005.761273209549,42.774535809018566,1.976127320954907,1.2652519893899203,3.0,1.4801061007957559,1.7135278514588859,1.3076923076923077,268
1076554.0185676392,2005.761273209549,42.774535809018566,1.976127320954907,1.2652519893899203,3.0,1.4801061007957559,1.7135278514588859,1.3076923076923077,135
1076554.0185676392,2005.761273209549,42.774535809018566,1.976127320954907,1.2652519893899203,3.0,1.4801061007957559,1.7135278514588859,1.3076923076923077,54
1076554.0185676392,2005.761273209549,42.774535809018566,1.976127320954907,1.2652519893899203,3.0,1.4801061007957559,1.7135278514588859,1.3076923076923077,78
1076554.0185676392,2005.761273209549,42.774535809018566,1.976127320954907,1.2652519893899203,3.0,1.4801061007957559,1.7135278514588859,1.3076923076923077,88
1076554.0185676392,2005.761273209549,42.774535809018566,1.976127320954907,1.2652519893899203,3.0,1.4801061007957559,1.7135278514588859,1.3076923076923077,87
1076554.0185676392,2005.761273209549,42.774535809018566,1.976127320954907,1.2652519893899203,3.0,1.4801061007957559,1.7135278514588859,1.3076923076923077,102
1076554.0185676392,2005.761273209549,42.774535809018566,1.976127320954907,1.2652519893899203,3.0,1.4801061007957559,1.7135278514588859,1.3076923076923077,135
1076554.0185676392,2005.761273209549,42.774535809018566,1.976127320954907,1.2652519893899203,3.0,1.4801061007957559,1.7135278514588859,1.3076923076923077,108
1076554.0185676392,2005.761273209549,42.774535809018566,1.976127320954907,1.2652519893899203,3.0,1.4801061007957559,1.7135278514588859,1.3076923076923077,161
1076554.0185676392,2005.761273209549,42.774535809018566,1.976127320954907,1.2652519893899203,3.0,1.4801061007957559,1.7135278514588859,1.3076923076923077,135
1076554.0185676392,2005.761273209549,42.774535809018566,1.976127320954907,1.2652519893899203,3.0,1.4801061007957559,1.7135278514588859,1.3076923076923077,72
1076554.0185676392,2005.761273209549,42.774535809018566,1.976127320954907,1.2652519893899203,3.0,1.4801061007957559,1.7135278514588859,1.3076923076923077,180
1076554.0185676392,2005.761273209549,42.774535809018566,1.976127320954907,1.2652519893899203,3.0,1.4801061007957559,1.7135278514588859,1.3076923076923077,135
1076554.0185676392,2005.761273209549,42.774535809018566,1.976127320954907,1.2652519893899203,3.0,1.4801061007957559,1.7135278514588859,1.3076923076923077,108
1076554.0185676392,2005.761273209549,42.774535809018566,1.976127320954907,1.2652519893899203,3.0,1.4801061007957559,1.7135278514588859,1.3076923076923077,87
1076554.0185676392,2005.761273209549,42.774535809018566,1.976127320954907,1.2652519893899203,3.0,1.4801061007957559,1.7135278514588859,1.3076923076923077,125
1076554.0185676392,2005.761273209549,42.774535809018566,1.976127320954907,1.2652519893899203,3.0,1.4801061007957559,1.7135278514588859,1.3076923076923077,135
1076554.0185676392,2005.761273209549,42.774535809018566,1.976127320954907,1.2652519893899203,3.0,1.4801061007957559,1.7135278514588859,1.3076923076923077,108
1076554.0185676392,2005.761273209549,42.774535809018566,1.976127320954907,1.2652519893899203,3.0,1.4801061007957559,1.7135278514588859,1.3076923076923077,168
1076554.0185676392,2005.761273209549,42.774535809018566,1.976127320954907,1.2652519893899203,3.0,1.4801061007957559,1.7135278514588859,1.3076923076923077,81
1076554.0185676392,2005.761273209549,42.774535809018566,1.976127320954907,1.2652519893899203,3.0,1.4801061007957559,1.7135278514588859,1.3076923076923077,268
1076554.0185676392,2005.761273209549,42.774535809018566,1.976127320954907,1.2652519893899203,3.0,1.4801061007957559,1.7135278514588859,1.3076923076923077,135
1076554.0185676392,2005.761273209549,42.774535809018566,1.976127320954907,1.2652519893899203,3.0,1.4801061007957559,1.7135278514588859,1.3076923076923077,54
1076554.0185676392,2005.761273209549,42.774535809018566,1.976127320954907,1.2652519893899203,3.0,1.4801061007957559,1.7135278514588859,1.3076923076923077,78
1076554.0185676392,2005.761273209549,42.774535809018566,1.976127320954907,1.2652519893899203,3.0,1.4801061007957559,1.7135278514588859,1.3076923076923077,161
1076554.0185676392,2005.761273209549,42.774535809018566,1.976127320954907,1.2652519893899203,3.0,1.4801061007957559,1.7135278514588859,1.3076923076923077,108
1076554.0185676392,2005.761273209549,42.774535809018566,1.976127320954907,1.2652519893899203,3.0,1.4801061007957559,1.7135278514588859,1.3076923076923077,81
1076554.0185676392,2005.761273209549,42.774535809018566,1.976127320954907,1.2652519893899203,3.0,1.4801061007957559,1.7135278514588859,1.3076923076923077,135
1076554.0185676392,2005.761273209549,42.774535809018566,1.976127320954907,1.2652519893899203,3.0,1.4801061007957559,1.7135278514588859,1.3076923076923077,81
1076554.0185676392,2005.761273209549,42.774535809018566,1.976127320954907,1.2652519893899203,3.0,1.4801061007957559,1.7135278514588859,1.3076923076923077,81
1076554.0185676392,2005.761273209549,42.774535809018566,1.976127320954907,1.2652519893899203,3.0,1.4801061007957559,1.7135278514588859,1.3076923076923077,144
1076554.0185676392,2005.761273209549,42.774535809018566,1.976127320954907,1.2652519893899203,3.0,1.4801061007957559,1.7135278514588859,1.3076923076923077,161
1076554.0185676392,2005.761273209549,42.774535809018566,1.976127320954907,1.2652519893899203,3.0,1.4801061007957559,1.7135278514588859,1.3076923076923077,81
1076554.0185676392,2005.761273209549,42.774535809018566,1.976127320954907,1.2652519893899203,3.0,1.4801061007957559,1.7135278514588859,1.3076923076923077,78
1076554.0185676392,2005.761273209549,42.774535809018566,1.976127320954907,1.2652519893899203,3.0,1.4801061007957559,1.7135278514588859,1.3076923076923077,268
1076554.0185676392,2005.761273209549,42.774535809018566,1.976127320954907,1.2652519893899203,3.0,1.4801061007957559,1.7135278514588859,1.3076923076923077,81
1076554.0185676392,2005.761273209549,42.774535809018566,1.976127320954907,1.2652519893899203,3.0,1.4801061007957559,1.7135278514588859,1.3076923076923077,102
1076554.0185676392,2005.761273209549,42.774535809018566,1.976127320954907,1.2652519893899203,3.0,1.4801061007957559,1.7135278514588859,1.3076923076923077,143
1076554.0185676392,2005.761273209549,42.774535809018566,1.976127320954907,1.2652519893899203,3.0,1.4801061007957559,1.7135278514588859,1.3076923076923077,81
1076554.0185676392,2005.761273209549,42.774535809018566,1.976127320954907,1.2652519893899203,3.0,1.4801061007957559,1.7135278514588859,1.3076923076923077,102
1076554.0185676392,2005.761273209549,42.774535809018566,1.976127320954907,1.2652519893899203,3.0,1.4801061007957559,1.7135278514588859,1.3076923076923077,81
1076554.0185676392,2005.761273209549,42.774535809018566,1.976127320954907,1.2652519893899203,3.0,1.4801061007957559,1.7135278514588859,1.3076923076923077,81
1076554.0185676392,2005.761273209549,42.774535809018566,1.976127320954907,1.2652519893899203,3.0,1.4801061007957559,1.7135278514588859,1.3076923076923077,144
1076554.0185676392,2005.761273209549,42.774535809018566,1.976127320954907,1.2652519893899203,3.0,1.4801061007957559,1.7135278514588859,1.3076923076923077,111
1076554.0185676392,2005.761273209549,42.774535809018566,1.976127320954907,1.2652519893899203,3.0,1.4801061007957559,1.7135278514588859,1.3076923076923077,135
1076554.0185676392,2005.761273209549,42.774535809018566,1.976127320954907,1.2652519893899203,3.0,1.4801061007957559,1.7135278514588859,1.3076923076923077,110
1076554.0185676392,2005.761273209549,42.774535809018566,1.976127320954907,1.2652519893899203,3.0,1.4801061007957559,1.7135278514588859,1.3076923076923077,81
1076554.0185676392,2005.761273209549,42.774535809018566,1.976127320954907,1.2652519893899203,3.0,1.4801061007957559,1.7135278514588859,1.3076923076923077,102
1076554.0185676392,2005.761273209549,42.774535809018566,1.976127320954907,1.2652519893899203,3.0,1.4801061007957559,1.7135278514588859,1.3076923076923077,87
1076554.0185676392,2005.761273209549,42.774535809018566,1.976127320954907,1.2652519893899203,3.0,1.4801061007957559,1.7135278514588859,1.3076923076923077,81
1076554.0185676392,2005.761273209549,42.774535809018566,1.976127320954907,1.2652519893899203,3.0,1.4801061007957559,1.7135278514588859,1.3076923076923077,111
1076554.0185676392,2005.761273209549,42.774535809018566,1.976127320954907,1.2652519893899203,3.0,1.4801061007957559,1.7135278514588859,1.3076923076923077,81
1076554.0185676392,2005.761273209549,42.774535809018566,1.976127320954907,1.2652519893899203,3.0,1.4801061007957559,1.7135278514588859,1.3076923076923077,88
1076554.0185676392,2005.761273209549,42.774535809018566,1.976127320954907,1.2652519893899203,3.0,1.4801061007957559,1.7135278514588859,1.3076923076923077,161
1076554.0185676392,2005.761273209549,42.774535809018566,1.976127320954907,1.2652519893899203,3.0,1.4801061007957559,1.7135278514588859,1.3076923076923077,135
1076554.0185676392,2005.761273209549,42.774535809018566,1.976127320954907,1.2652519893899203,3.0,1.4801061007957559,1.7135278514588859,1.3076923076923077,161
1076554.0185676392,2005.761273209549,42.774535809018566,1.976127320954907,1.2652519893899203,3.0,1.4801061007957559,1.7135278514588859,1.3076923076923077,108
1076554.0185676392,2005.761273209549,42.774535809018566,1.976127320954907,1.2652519893899203,3.0,1.4801061007957559,1.7135278514588859,1.3076923076923077,314
1076554.0185676392,2005.761273209549,42.774535809018566,1.976127320954907,1.2652519893899203,3.0,1.4801061007957559,1.7135278514588859,1.3076923076923077,81
1076554.0185676392,2005.761273209549,42.774535809018566,1.976127320954907,1.2652519893899203,3.0,1.4801061007957559,1.7135278514588859,1.3076923076923077,81
1076554.0185676392,2005.761273209549,42.774535809018566,1.976127320954907,1.2652519893899203,3.0,1.4801061007957559,1.7135278514588859,1.3076923076923077,81
1076554.0185676392,2005.761273209549,42.774535809018566,1.976127320954907,1.2652519893899203,3.0,1.4801061007957559,1.7135278514588859,1.3076923076923077,78
1076554.0185676392,2005.761273209549,42.774535809018566,1.976127320954907,1.2652519893899203,3.0,1.4801061007957559,1.7135278514588859,1.3076923076923077,161
1076554.0185676392,2005.761273209549,42.774535809018566,1.976127320954907,1.2652519893899203,3.0,1.4801061007957559,1.7135278514588859,1.3076923076923077,161
1076554.0185676392,2005.761273209549,42.774535809018566,1.976127320954907,1.2652519893899203,3.0,1.4801061007957559,1.7135278514588859,1.3076923076923077,102
1076554.0185676392,2005.761273209549,42.774535809018566,1.976127320954907,1.2652519893899203,3.0,1.4801061007957559,1.7135278514588859,1.3076923076923077,78
1076554.0185676392,2005.761273209549,42.774535809018566,1.976127320954907,1.2652519893899203,3.0,1.4801061007957559,1.7135278514588859,1.3076923076923077,144
1076554.0185676392,2005.761273209549,42.774535809018566,1.976127320954907,1.2652519893899203,3.0,1.4801061007957559,1.7135278514588859,1.3076923076923077,108
1076554.0185676392,2005.761273209549,42.774535809018566,1.976127320954907,1.2652519893899203,3.0,1.4801061007957559,1.7135278514588859,1.3076923076923077,135
1076554.0185676392,2005.761273209549,42.774535809018566,1.976127320954907,1.2652519893899203,3.0,1.4801061007957559,1.7135278514588859,1.3076923076923077,125
1076554.0185676392,2005.761273209549,42.774535809018566,1.976127320954907,1.2652519893899203,3.0,1.4801061007957559,1.7135278514588859,1.3076923076923077,72
1076554.0185676392,2005.761273209549,42.774535809018566,1.976127320954907,1.2652519893899203,3.0,1.4801061007957559,1.7135278514588859,1.3076923076923077,81
1076554.0185676392,2005.761273209549,42.774535809018566,1.976127320954907,1.2652519893899203,3.0,1.4801061007957559,1.7135278514588859,1.3076923076923077,135
1076554.0185676392,2005.761273209549,42.774535809018566,1.976127320954907,1.2652519893899203,3.0,1.4801061007957559,1.7135278514588859,1.3076923076923077,135
1076554.0185676392,2005.761273209549,42.774535809018566,1.976127320954907,1.2652519893899203,3.0,1.4801061007957559,1.7135278514588859,1.3076923076923077,81
1076554.0185676392,2005.761273209549,42.774535809018566,1.976127320954907,1.2652519893899203,3.0,1.4801061007957559,1.7135278514588859,1.3076923076923077,268
1076554.0185676392,2005.761273209549,42.774535809018566,1.976127320954907,1.2652519893899203,3.0,1.4801061007957559,1.7135278514588859,1.3076923076923077,135
1076554.0185676392,2005.761273209549,42.774535809018566,1.976127320954907,1.2652519893899203,3.0,1.4801061007957559,1.7135278514588859,1.3076923076923077,102
1076554.0185676392,2005.761273209549,42.774535809018566,1.976127320954907,1.2652519893899203,3.0,1.4801061007957559,1.7135278514588859,1.3076923076923077,81
1076554.0185676392,2005.761273209549,42.774535809018566,1.976127320954907,1.2652519893899203,3.0,1.4801061007957559,1.7135278514588859,1.3076923076923077,135
1076554.0185676392,2005.761273209549,42.774535809018566,1.976127320954907,1.2652519893899203,3.0,1.4801061007957559,1.7135278514588859,1.3076923076923077,72
1076554.0185676392,2005.761273209549,42.774535809018566,1.976127320954907,1.2652519893899203,3.0,1.4801061007957559,1.7135278514588859,1.3076923076923077,81
1076554.0185676392,2005.761273209549,42.774535809018566,1.976127320954907,1.2652519893899203,3.0,1.4801061007957559,1.7135278514588859,1.3076923076923077,135
1076554.0185676392,2005.761273209549,42.774535809018566,1.976127320954907,1.2652519893899203,3.0,1.4801061007957559,1.7135278514588859,1.3076923076923077,110
1076554.0185676392,2005.761273209549,42.774535809018566,1.976127320954907,1.2652519893899203,3.0,1.4801061007957559,1.7135278514588859,1.3076923076923077,135
1076554.0185676392,2005.761273209549,42.774535809018566,1.976127320954907,1.2652519893899203,3.0,1.4801061007957559,1.7135278514588859,1.3076923076923077,102
1076554.0185676392,2005.761273209549,42.774535809018566,1.976127320954907,1.2652519893899203,3.0,1.4801061007957559,1.7135278514588859,1.3076923076923077,161
1076554.0185676392,2005.761273209549,42.774535809018566,1.976127320954907,1.2652519893899203,3.0,1.4801061007957559,1.7135278514588859,1.3076923076923077,125
1076554.0185676392,2005.761273209549,42.774535809018566,1.976127320954907,1.2652519893899203,3.0,1.4801061007957559,1.7135278514588859,1.3076923076923077,135
1076554.0185676392,2005.761273209549,42.774535809018566,1.976127320954907,1.2652519893899203,3.0,1.4801061007957559,1.7135278514588859,1.3076923076923077,144
1076554.0185676392,2005.761273209549,42.774535809018566,1.976127320954907,1.2652519893899203,3.0,1.4801061007957559,1.7135278514588859,1.3076923076923077,161
1076554.0185676392,2005.761273209549,42.774535809018566,1.976127320954907,1.2652519893899203,3.0,1.4801061007957559,1.7135278514588859,1.3076923076923077,87
1076554.0185676392,2005.761273209549,42.774535809018566,1.976127320954907,1.2652519893899203,3.0,1.4801061007957559,1.7135278514588859,1.3076923076923077,125
1076554.0185676392,2005.761273209549,42.774535809018566,1.976127320954907,1.2652519893899203,3.0,1.4801061007957559,1.7135278514588859,1.3076923076923077,135
1076554.0185676392,2005.761273209549,42.774535809018566,1.976127320954907,1.2652519893899203,3.0,1.4801061007957559,1.7135278514588859,1.3076923076923077,108
1076554.0185676392,2005.761273209549,42.774535809018566,1.976127320954907,1.2652519893899203,3.0,1.4801061007957559,1.7135278514588859,1.3076923076923077,81
1076554.0185676392,2005.761273209549,42.774535809018566,1.976127320954907,1.2652519893899203,3.0,1.4801061007957559,1.7135278514588859,1.3076923076923077,81
1076554.0185676392,2005.761273209549,42.774535809018566,1.976127320954907,1.2652519893899203,3.0,1.4801061007957559,1.7135278514588859,1.3076923076923077,81
1076554.0185676392,2005.761273209549,42.774535809018566,1.976127320954907,1.2652519893899203,3.0,1.4801061007957559,1.7135278514588859,1.3076923076923077,81
1076554.0185676392,2005.761273209549,42.774535809018566,1.976127320954907,1.2652519893899203,3.0,1.4801061007957559,1.7135278514588859,1.3076923076923077,102
1076554.0185676392,2005.761273209549,42.774535809018566,1.976127320954907,1.2652519893899203,3.0,1.4801061007957559,1.7135278514588859,1.3076923076923077,81
1076554.0185676392,2005.761273209549,42.774535809018566,1.976127320954907,1.2652519893899203,3.0,1.4801061007957559,1.7135278514588859,1.3076923076923077,161
1076554.0185676392,2005.761273209549,42.774535809018566,1.976127320954907,1.2652519893899203,3.0,1.4801061007957559,1.7135278514588859,1.3076923076923077,108
1076554.0185676392,2005.761273209549,42.774535809018566,1.976127320954907,1.2652519893899203,3.0,1.4801061007957559,1.7135278514588859,1.3076923076923077,161
1076554.0185676392,2005.761273209549,42.774535809018566,1.976127320954907,1.2652519893899203,3.0,1.4801061007957559,1.7135278514588859,1.3076923076923077,81
1076554.0185676392,2005.761273209549,42.774535809018566,1.976127320954907,1.2652519893899203,3.0,1.4801061007957559,1.7135278514588859,1.3076923076923077,81
1076554.0185676392,2005.761273209549,42.774535809018566,1.976127320954907,1.2652519893899203,3.0,1.4801061007957559,1.7135278514588859,1.3076923076923077,78
1076554.0185676392,2005.761273209549,42.774535809018566,1.976127320954907,1.2652519893899203,3.0,1.4801061007957559,1.7135278514588859,1.3076923076923077,111
1076554.0185676392,2005.761273209549,42.774535809018566,1.976127320954907,1.2652519893899203,3.0,1.4801061007957559,1.7135278514588859,1.3076923076923077,268
1076554.0185676392,2005.761273209549,42.774535809018566,1.976127320954907,1.2652519893899203,3.0,1.4801061007957559,1.7135278514588859,1.3076923076923077,143
1076554.0185676392,2005.761273209549,42.774535809018566,1.976127320954907,1.2652519893899203,3.0,1.4801061007957559,1.7135278514588859,1.3076923076923077,108
1076554.0185676392,2005.761273209549,42.774535809018566,1.976127320954907,1.2652519893899203,3.0,1.4801061007957559,1.7135278514588859,1.3076923076923077,87
1076554.0185676392,2005.761273209549,42.774535809018566,1.976127320954907,1.2652519893899203,3.0,1.4801061007957559,1.7135278514588859,1.3076923076923077,81
1076554.0185676392,2005.761273209549,42.774535809018566,1.976127320954907,1.2652519893899203,3.0,1.4801061007957559,1.7135278514588859,1.3076923076923077,81
1076554.0185676392,2005.761273209549,42.774535809018566,1.976127320954907,1.2652519893899203,3.0,1.4801061007957559,1.7135278514588859,1.3076923076923077,102
1076554.0185676392,2005.761273209549,42.774535809018566,1.976127320954907,1.2652519893899203,3.0,1.4801061007957559,1.7135278514588859,1.3076923076923077,135
1076554.0185676392,2005.761273209549,42.774535809018566,1.976127320954907,1.2652519893899203,3.0,1.4801061007957559,1.7135278514588859,1.3076923076923077,78
1076554.0185676392,2005.761273209549,42.774535809018566,1.976127320954907,1.2652519893899203,3.0,1.4801061007957559,1.7135278514588859,1.3076923076923077,144
1076554.0185676392,2005.761273209549,42.774535809018566,1.976127320954907,1.2652519893899203,3.0,1.4801061007957559,1.7135278514588859,1.3076923076923077,135
1076554.0185676392,2005.761273209549,42.774535809018566,1.976127320954907,1.2652519893899203,3.0,1.4801061007957559,1.7135278514588859,1.3076923076923077,161
1076554.0185676392,2005.761273209549,42.774535809018566,1.976127320954907,1.2652519893899203,3.0,1.4801061007957559,1.7135278514588859,1.3076923076923077,161
1076554.0185676392,2005.761273209549,42.774535809018566,1.976127320954907,1.2652519893899203,3.0,1.4801061007957559,1.7135278514588859,1.3076923076923077,87
1076554.0185676392,2005.761273209549,42.774535809018566,1.976127320954907,1.2652519893899203,3.0,1.4801061007957559,1.7135278514588859,1.3076923076923077,108
1076554.0185676392,2005.761273209549,42.774535809018566,1.976127320954907,1.2652519893899203,3.0,1.4801061007957559,1.7135278514588859,1.3076923076923077,81
1076554.0185676392,2005.761273209549,42.774535809018566,1.976127320954907,1.2652519893899203,3.0,1.4801061007957559,1.7135278514588859,1.3076923076923077,78
1076554.0185676392,2005.761273209549,42.774535809018566,1.976127320954907,1.2652519893899203,3.0,1.4801061007957559,1.7135278514588859,1.3076923076923077,81
1076554.0185676392,2005.761273209549,42.774535809018566,1.976127320954907,1.2652519893899203,3.0,1.4801061007957559,1.7135278514588859,1.3076923076923077,111
1076554.0185676392,2005.761273209549,42.774535809018566,1.976127320954907,1.2652519893899203,3.0,1.4801061007957559,1.7135278514588859,1.3076923076923077,102
1076554.0185676392,2005.761273209549,42.774535809018566,1.976127320954907,1.2652519893899203,3.0,1.4801061007957559,1.7135278514588859,1.3076923076923077,135
1076554.0185676392,2005.761273209549,42.774535809018566,1.976127320954907,1.2652519893899203,3.0,1.4801061007957559,1.7135278514588859,1.3076923076923077,108
1076554.0185676392,2005.761273209549,42.774535809018566,1.976127320954907,1.2652519893899203,3.0,1.4801061007957559,1.7135278514588859,1.3076923076923077,81
1076554.0185676392,2005.761273209549,42.774535809018566,1.976127320954907,1.2652519893899203,3.0,1.4801061007957559,1.7135278514588859,1.3076923076923077,78
1076554.0185676392,2005.761273209549,42.774535809018566,1.976127320954907,1.2652519893899203,3.0,1.4801061007957559,1.7135278514588859,1.3076923076923077,168
1076554.0185676392,2005.761273209549,42.774535809018566,1.976127320954907,1.2652519893899203,3.0,1.4801061007957559,1.7135278514588859,1.3076923076923077,72
1076554.0185676392,2005.761273209549,42.774535809018566,1.976127320954907,1.2652519893899203,3.0,1.4801061007957559,1.7135278514588859,1.3076923076923077,81
1076554.0185676392,2005.761273209549,42.774535809018566,1.976127320954907,1.2652519893899203,3.0,1.4801061007957559,1.7135278514588859,1.3076923076923077,180
1076554.0185676392,2005.761273209549,42.774535809018566,1.976127320954907,1.2652519893899203,3.0,1.4801061007957559,1.7135278514588859,1.3076923076923077,81
1076554.0185676392,2005.761273209549,42.774535809018566,1.976127320954907,1.2652519893899203,3.0,1.4801061007957559,1.7135278514588859,1.3076923076923077,143
1076554.0185676392,2005.761273209549,42.774535809018566,1.976127320954907,1.2652519893899203,3.0,1.4801061007957559,1.7135278514588859,1.3076923076923077,81
1076554.0185676392,2005.761273209549,42.774535809018566,1.976127320954907,1.2652519893899203,3.0,1.4801061007957559,1.7135278514588859,1.3076923076923077,72
1076554.0185676392,2005.761273209549,42.774535809018566,1.976127320954907,1.2652519893899203,3.0,1.4801061007957559,1.7135278514588859,1.3076923076923077,78
1076554.0185676392,2005.761273209549,42.774535809018566,1.976127320954907,1.2652519893899203,3.0,1.4801061007957559,1.7135278514588859,1.3076923076923077,102
1076554.0185676392,2005.761273209549,42.774535809018566,1.976127320954907,1.2652519893899203,3.0,1.4801061007957559,1.7135278514588859,1.3076923076923077,143
1076554.0185676392,2005.761273209549,42.774535809018566,1.976127320954907,1.2652519893899203,3.0,1.4801061007957559,1.7135278514588859,1.3076923076923077,111
1076554.0185676392,2005.761273209549,42.774535809018566,1.976127320954907,1.2652519893899203,3.0,1.4801061007957559,1.7135278514588859,1.3076923076923077,268
1076554.0185676392,2005.761273209549,42.774535809018566,1.976127320954907,1.2652519893899203,3.0,1.4801061007957559,1.7135278514588859,1.3076923076923077,81
1076554.0185676392,2005.761273209549,42.774535809018566,1.976127320954907,1.2652519893899203,3.0,1.4801061007957559,1.7135278514588859,1.3076923076923077,81
1076554.0185676392,2005.761273209549,42.774535809018566,1.976127320954907,1.2652519893899203,3.0,1.4801061007957559,1.7135278514588859,1.3076923076923077,161
1076554.0185676392,2005.761273209549,42.774535809018566,1.976127320954907,1.2652519893899203,3.0,1.4801061007957559,1.7135278514588859,1.3076923076923077,144
1076554.0185676392,2005.761273209549,42.774535809018566,1.976127320954907,1.2652519893899203,3.0,1.4801061007957559,1.7135278514588859,1.3076923076923077,81
1076554.0185676392,2005.761273209549,42.774535809018566,1.976127320954907,1.2652519893899203,3.0,1.4801061007957559,1.7135278514588859,1.3076923076923077,125
1076554.0185676392,2005.761273209549,42.774535809018566,1.976127320954907,1.2652519893899203,3.0,1.4801061007957559,1.7135278514588859,1.3076923076923077,87
1076554.0185676392,2005.761273209549,42.774535809018566,1.976127320954907,1.2652519893899203,3.0,1.4801061007957559,1.7135278514588859,1.3076923076923077,108
1076554.0185676392,2005.761273209549,42.774535809018566,1.976127320954907,1.2652519893899203,3.0,1.4801061007957559,1.7135278514588859,1.3076923076923077,81
1076554.0185676392,2005.761273209549,42.774535809018566,1.976127320954907,1.2652519893899203,3.0,1.4801061007957559,1.7135278514588859,1.3076923076923077,135
1076554.0185676392,2005.761273209549,42.774535809018566,1.976127320954907,1.2652519893899203,3.0,1.4801061007957559,1.7135278514588859,1.3076923076923077,102
1076554.0185676392,2005.761273209549,42.774535809018566,1.976127320954907,1.2652519893899203,3.0,1.4801061007957559,1.7135278514588859,1.3076923076923077,87
1076554.0185676392,2005.761273209549,42.774535809018566,1.976127320954907,1.2652519893899203,3.0,1.4801061007957559,1.7135278514588859,1.3076923076923077,81
1076554.0185676392,2005.761273209549,42.774535809018566,1.976127320954907,1.2652519893899203,3.0,1.4801061007957559,1.7135278514588859,1.3076923076923077,78
1076554.0185676392,2005.761273209549,42.774535809018566,1.976127320954907,1.2652519893899203,3.0,1.4801061007957559,1.7135278514588859,1.3076923076923077,161
1076554.0185676392,2005.761273209549,42.774535809018566,1.976127320954907,1.2652519893899203,3.0,1.4801061007957559,1.7135278514588859,1.3076923076923077,102
1076554.0185676392,2005.761273209549,42.774535809018566,1.976127320954907,1.2652519893899203,3.0,1.4801061007957559,1.7135278514588859,1.3076923076923077,81
1076554.0185676392,2005.761273209549,42.774535809018566,1.976127320954907,1.2652519893899203,3.0,1.4801061007957559,1.7135278514588859,1.3076923076923077,110
1076554.0185676392,2005.761273209549,42.774535809018566,1.976127320954907,1.2652519893899203,3.0,1.4801061007957559,1.7135278514588859,1.3076923076923077,111
1076554.0185676392,2005.761273209549,42.774535809018566,1.976127320954907,1.2652519893899203,3.0,1.4801061007957559,1.7135278514588859,1.3076923076923077,81
1076554.0185676392,2005.761273209549,42.774535809018566,1.976127320954907,1.2652519893899203,3.0,1.4801061007957559,1.7135278514588859,1.3076923076923077,87
1076554.0185676392,2005.761273209549,42.774535809018566,1.976127320954907,1.2652519893899203,3.0,1.4801061007957559,1.7135278514588859,1.3076923076923077,108
1076554.0185676392,2005.761273209549,42.774535809018566,1.976127320954907,1.2652519893899203,3.0,1.4801061007957559,1.7135278514588859,1.3076923076923077,81
1076554.0185676392,2005.761273209549,42.774535809018566,1.976127320954907,1.2652519893899203,3.0,1.4801061007957559,1.7135278514588859,1.3076923076923077,81
1076554.0185676392,2005.761273209549,42.774535809018566,1.976127320954907,1.2652519893899203,3.0,1.4801061007957559,1.7135278514588859,1.3076923076923077,159
1076554.0185676392,2005.761273209549,42.774535809018566,1.976127320954907,1.2652519893899203,3.0,1.4801061007957559,1.7135278514588859,1.3076923076923077,108
1076554.0185676392,2005.761273209549,42.774535809018566,1.976127320954907,1.2652519893899203,3.0,1.4801061007957559,1.7135278514588859,1.3076923076923077,135
1076554.0185676392,2005.761273209549,42.774535809018566,1.976127320954907,1.2652519893899203,3.0,1.4801061007957559,1.7135278514588859,1.3076923076923077,135
1076554.0185676392,2005.761273209549,42.774535809018566,1.976127320954907,1.2652519893899203,3.0,1.4801061007957559,1.7135278514588859,1.3076923076923077,135
1076554.0185676392,2005.761273209549,42.774535809018566,1.976127320954907,1.2652519893899203,3.0,1.4801061007957559,1.7135278514588859,1.3076923076923077,161
1076554.0185676392,2005.761273209549,42.774535809018566,1.976127320954907,1.2652519893899203,3.0,1.4801061007957559,1.7135278514588859,1.3076923076923077,78
1076554.0185676392,2005.761273209549,42.774535809018566,1.976127320954907,1.2652519893899203,3.0,1.4801061007957559,1.7135278514588859,1.3076923076923077,144
1076554.0185676392,2005.761273209549,42.774535809018566,1.976127320954907,1.2652519893899203,3.0,1.4801061007957559,1.7135278514588859,1.3076923076923077,135
1076554.0185676392,2005.761273209549,42.774535809018566,1.976127320954907,1.2652519893899203,3.0,1.4801061007957559,1.7135278514588859,1.3076923076923077,81
1076554.0185676392,2005.761273209549,42.774535809018566,1.976127320954907,1.2652519893899203,3.0,1.4801061007957559,1.7135278514588859,1.3076923076923077,81
1076554.0185676392,2005.761273209549,42.774535809018566,1.976127320954907,1.2652519893899203,3.0,1.4801061007957559,1.7135278514588859,1.3076923076923077,135
1076554.0185676392,2005.761273209549,42.774535809018566,1.976127320954907,1.2652519893899203,3.0,1.4801061007957559,1.7135278514588859,1.3076923076923077,72
1076554.0185676392,2005.761273209549,42.774535809018566,1.976127320954907,1.2652519893899203,3.0,1.4801061007957559,1.7135278514588859,1.3076923076923077,108
1076554.0185676392,2005.761273209549,42.774535809018566,1.976127320954907,1.2652519893899203,3.0,1.4801061007957559,1.7135278514588859,1.3076923076923077,161
1076554.0185676392,2005.761273209549,42.774535809018566,1.976127320954907,1.2652519893899203,3.0,1.4801061007957559,1.7135278514588859,1.3076923076923077,81
1076554.0185676392,2005.761273209549,42.774535809018566,1.976127320954907,1.2652519893899203,3.0,1.4801061007957559,1.7135278514588859,1.3076923076923077,88
1076554.0185676392,2005.761273209549,42.774535809018566,1.976127320954907,1.2652519893899203,3.0,1.4801061007957559,1.7135278514588859,1.3076923076923077,161
1076554.0185676392,2005.761273209549,42.774535809018566,1.976127320954907,1.2652519893899203,3.0,1.4801061007957559,1.7135278514588859,1.3076923076923077,81
1076554.0185676392,2005.761273209549,42.774535809018566,1.976127320954907,1.2652519893899203,3.0,1.4801061007957559,1.7135278514588859,1.3076923076923077,135
1076554.0185676392,2005.761273209549,42.774535809018566,1.976127320954907,1.2652519893899203,3.0,1.4801061007957559,1.7135278514588859,1.3076923076923077,268
1076554.0185676392,2005.761273209549,42.774535809018566,1.976127320954907,1.2652519893899203,3.0,1.4801061007957559,1.7135278514588859,1.3076923076923077,110
1076554.0185676392,2005.761273209549,42.774535809018566,1.976127320954907,1.2652519893899203,3.0,1.4801061007957559,1.7135278514588859,1.3076923076923077,111
1076554.0185676392,2005.761273209549,42.774535809018566,1.976127320954907,1.2652519893899203,3.0,1.4801061007957559,1.7135278514588859,1.3076923076923077,108
1076554.0185676392,2005.761273209549,42.774535809018566,1.976127320954907,1.2652519893899203,3.0,1.4801061007957559,1.7135278514588859,1.3076923076923077,120
1076554.0185676392,2005.761273209549,42.774535809018566,1.976127320954907,1.2652519893899203,3.0,1.4801061007957559,1.7135278514588859,1.3076923076923077,161
1076554.0185676392,2005.761273209549,42.774535809018566,1.976127320954907,1.2652519893899203,3.0,1.4801061007957559,1.7135278514588859,1.3076923076923077,135
1076554.0185676392,2005.761273209549,42.774535809018566,1.976127320954907,1.2652519893899203,3.0,1.4801061007957559,1.7135278514588859,1.3076923076923077,102
1076554.0185676392,2005.761273209549,42.774535809018566,1.976127320954907,1.2652519893899203,3.0,1.4801061007957559,1.7135278514588859,1.3076923076923077,81
1076554.0185676392,2005.761273209549,42.774535809018566,1.976127320954907,1.2652519893899203,3.0,1.4801061007957559,1.7135278514588859,1.3076923076923077,102
1076554.0185676392,2005.761273209549,42.774535809018566,1.976127320954907,1.2652519893899203,3.0,1.4801061007957559,1.7135278514588859,1.3076923076923077,81
1076554.0185676392,2005.761273209549,42.774535809018566,1.976127320954907,1.2652519893899203,3.0,1.4801061007957559,1.7135278514588859,1.3076923076923077,159
1076554.0185676392,2005.761273209549,42.774535809018566,1.976127320954907,1.2652519893899203,3.0,1.4801061007957559,1.7135278514588859,1.3076923076923077,81
1076554.0185676392,2005.761273209549,42.774535809018566,1.976127320954907,1.2652519893899203,3.0,1.4801061007957559,1.7135278514588859,1.3076923076923077,268
1076554.0185676392,2005.761273209549,42.774535809018566,1.976127320954907,1.2652519893899203,3.0,1.4801061007957559,1.7135278514588859,1.3076923076923077,72
1076554.0185676392,2005.761273209549,42.774535809018566,1.976127320954907,1.2652519893899203,3.0,1.4801061007957559,1.7135278514588859,1.3076923076923077,171
1076554.0185676392,2005.761273209549,42.774535809018566,1.976127320954907,1.2652519893899203,3.0,1.4801061007957559,1.7135278514588859,1.3076923076923077,81
1076554.0185676392,2005.761273209549,42.774535809018566,1.976127320954907,1.2652519893899203,3.0,1.4801061007957559,1.7135278514588859,1.3076923076923077,87
1076554.0185676392,2005.761273209549,42.774535809018566,1.976127320954907,1.2652519893899203,3.0,1.4801061007957559,1.7135278514588859,1.3076923076923077,135
1076554.0185676392,2005.761273209549,42.774535809018566,1.976127320954907,1.2652519893899203,3.0,1.4801061007957559,1.7135278514588859,1.3076923076923077,102
1076554.0185676392,2005.761273209549,42.774535809018566,1.976127320954907,1.2652519893899203,3.0,1.4801061007957559,1.7135278514588859,1.3076923076923077,81
1076554.0185676392,2005.761273209549,42.774535809018566,1.976127320954907,1.2652519893899203,3.0,1.4801061007957559,1.7135278514588859,1.3076923076923077,72
1076554.0185676392,2005.761273209549,42.774535809018566,1.976127320954907,1.2652519893899203,3.0,1.4801061007957559,1.7135278514588859,1.3076923076923077,81
1076554.0185676392,2005.761273209549,42.774535809018566,1.976127320954907,1.2652519893899203,3.0,1.4801061007957559,1.7135278514588859,1.3076923076923077,161
1076554.0185676392,2005.761273209549,42.774535809018566,1.976127320954907,1.2652519893899203,3.0,1.4801061007957559,1.7135278514588859,1.3076923076923077,102
1076554.0185676392,2005.761273209549,42.774535809018566,1.976127320954907,1.2652519893899203,3.0,1.4801061007957559,1.7135278514588859,1.3076923076923077,108
1076554.0185676392,2005.761273209549,42.774535809018566,1.976127320954907,1.2652519893899203,3.0,1.4801061007957559,1.7135278514588859,1.3076923076923077,161
1076554.0185676392,2005.761273209549,42.774535809018566,1.976127320954907,1.2652519893899203,3.0,1.4801061007957559,1.7135278514588859,1.3076923076923077,111
1076554.0185676392,2005.761273209549,42.774535809018566,1.976127320954907,1.2652519893899203,3.0,1.4801061007957559,1.7135278514588859,1.3076923076923077,108
1076554.0185676392,2005.761273209549,42.774535809018566,1.976127320954907,1.2652519893899203,3.0,1.4801061007957559,1.7135278514588859,1.3076923076923077,78
1076554.0185676392,2005.761273209549,42.774535809018566,1.976127320954907,1.2652519893899203,3.0,1.4801061007957559,1.7135278514588859,1.3076923076923077,108
1076554.0185676392,2005.761273209549,42.774535809018566,1.976127320954907,1.2652519893899203,3.0,1.4801061007957559,1.7135278514588859,1.3076923076923077,143
1076554.0185676392,2005.761273209549,42.774535809018566,1.976127320954907,1.2652519893899203,3.0,1.4801061007957559,1.7135278514588859,1.3076923076923077,268
1076554.0185676392,2005.761273209549,42.774535809018566,1.976127320954907,1.2652519893899203,3.0,1.4801061007957559,1.7135278514588859,1.3076923076923077,87
1076554.0185676392,2005.761273209549,42.774535809018566,1.976127320954907,1.2652519893899203,3.0,1.4801061007957559,1.7135278514588859,1.3076923076923077,108
1076554.0185676392,2005.761273209549,42.774535809018566,1.976127320954907,1.2652519893899203,3.0,1.4801061007957559,1.7135278514588859,1.3076923076923077,110
1076554.0185676392,2005.761273209549,42.774535809018566,1.976127320954907,1.2652519893899203,3.0,1.4801061007957559,1.7135278514588859,1.3076923076923077,108
1076554.0185676392,2005.761273209549,42.774535809018566,1.976127320954907,1.2652519893899203,3.0,1.4801061007957559,1.7135278514588859,1.3076923076923077,135
1076554.0185676392,2005.761273209549,42.774535809018566,1.976127320954907,1.2652519893899203,3.0,1.4801061007957559,1.7135278514588859,1.3076923076923077,135
1076554.0185676392,2005.761273209549,42.774535809018566,1.976127320954907,1.2652519893899203,3.0,1.4801061007957559,1.7135278514588859,1.3076923076923077,81
1076554.0185676392,2005.761273209549,42.774535809018566,1.976127320954907,1.2652519893899203,3.0,1.4801061007957559,1.7135278514588859,1.3076923076923077,81
1076554.0185676392,2005.761273209549,42.774535809018566,1.976127320954907,1.2652519893899203,3.0,1.4801061007957559,1.7135278514588859,1.3076923076923077,81
1076554.0185676392,2005.761273209549,42.774535809018566,1.976127320954907,1.2652519893899203,3.0,1.4801061007957559,1.7135278514588859,1.3076923076923077,125
1076554.0185676392,2005.761273209549,42.774535809018566,1.976127320954907,1.2652519893899203,3.0,1.4801061007957559,1.7135278514588859,1.3076923076923077,161
1076554.0185676392,2005.761273209549,42.774535809018566,1.976127320954907,1.2652519893899203,3.0,1.4801061007957559,1.7135278514588859,1.3076923076923077,81
1076554.0185676392,2005.761273209549,42.774535809018566,1.976127320954907,1.2652519893899203,3.0,1.4801061007957559,1.7135278514588859,1.3076923076923077,161
1076554.0185676392,2005.761273209549,42.774535809018566,1.976127320954907,1.2652519893899203,3.0,1.4801061007957559,1.7135278514588859,1.3076923076923077,144
1076554.0185676392,2005.761273209549,42.774535809018566,1.976127320954907,1.2652519893899203,3.0,1.4801061007957559,1.7135278514588859,1.3076923076923077,81
1076554.0185676392,2005.761273209549,42.774535809018566,1.976127320954907,1.2652519893899203,3.0,1.4801061007957559,1.7135278514588859,1.3076923076923077,135
1076554.0185676392,2005.761273209549,42.774535809018566,1.976127320954907,1.2652519893899203,3.0,1.4801061007957559,1.7135278514588859,1.3076923076923077,88
1076554.0185676392,2005.761273209549,42.774535809018566,1.976127320954907,1.2652519893899203,3.0,1.4801061007957559,1.7135278514588859,1.3076923076923077,87
1076554.0185676392,2005.761273209549,42.774535809018566,1.976127320954907,1.2652519893899203,3.0,1.4801061007957559,1.7135278514588859,1.3076923076923077,102
1076554.0185676392,2005.761273209549,42.774535809018566,1.976127320954907,1.2652519893899203,3.0,1.4801061007957559,1.7135278514588859,1.3076923076923077,135
1076554.0185676392,2005.761273209549,42.774535809018566,1.976127320954907,1.2652519893899203,3.0,1.4801061007957559,1.7135278514588859,1.3076923076923077,143
1076554.0185676392,2005.761273209549,42.774535809018566,1.976127320954907,1.2652519893899203,3.0,1.4801061007957559,1.7135278514588859,1.3076923076923077,110
1076554.0185676392,2005.761273209549,42.774535809018566,1.976127320954907,1.2652519893899203,3.0,1.4801061007957559,1.7135278514588859,1.3076923076923077,72
1076554.0185676392,2005.761273209549,42.774535809018566,1.976127320954907,1.2652519893899203,3.0,1.4801061007957559,1.7135278514588859,1.3076923076923077,161
1076554.0185676392,2005.761273209549,42.774535809018566,1.976127320954907,1.2652519893899203,3.0,1.4801061007957559,1.7135278514588859,1.3076923076923077,135
1076554.0185676392,2005.761273209549,42.774535809018566,1.976127320954907,1.2652519893899203,3.0,1.4801061007957559,1.7135278514588859,1.3076923076923077,144
1076554.0185676392,2005.761273209549,42.774535809018566,1.976127320954907,1.2652519893899203,3.0,1.4801061007957559,1.7135278514588859,1.3076923076923077,81
1076554.0185676392,2005.761273209549,42.774535809018566,1.976127320954907,1.2652519893899203,3.0,1.4801061007957559,1.7135278514588859,1.3076923076923077,78
1076554.0185676392,2005.761273209549,42.774535809018566,1.976127320954907,1.2652519893899203,3.0,1.4801061007957559,1.7135278514588859,1.3076923076923077,81
1076554.0185676392,2005.761273209549,42.774535809018566,1.976127320954907,1.2652519893899203,3.0,1.4801061007957559,1.7135278514588859,1.3076923076923077,111
1076554.0185676392,2005.761273209549,42.774535809018566,1.976127320954907,1.2652519893899203,3.0,1.4801061007957559,1.7135278514588859,1.3076923076923077,135
1076554.0185676392,2005.761273209549,42.774535809018566,1.976127320954907,1.2652519893899203,3.0,1.4801061007957559,1.7135278514588859,1.3076923076923077,135
1076554.0185676392,2005.761273209549,42.774535809018566,1.976127320954907,1.2652519893899203,3.0,1.4801061007957559,1.7135278514588859,1.3076923076923077,81
1076554.0185676392,2005.761273209549,42.774535809018566,1.976127320954907,1.2652519893899203,3.0,1.4801061007957559,1.7135278514588859,1.3076923076923077,81
1076554.0185676392,2005.761273209549,42.774535809018566,1.976127320954907,1.2652519893899203,3.0,1.4801061007957559,1.7135278514588859,1.3076923076923077,120
1076554.0185676392,2005.761273209549,42.774535809018566,1.976127320954907,1.2652519893899203,3.0,1.4801061007957559,1.7135278514588859,1.3076923076923077,81
1076554.0185676392,2005.761273209549,42.774535809018566,1.976127320954907,1.2652519893899203,3.0,1.4801061007957559,1.7135278514588859,1.3076923076923077,78
1076554.0185676392,2005.761273209549,42.774535809018566,1.976127320954907,1.2652519893899203,3.0,1.4801061007957559,1.7135278514588859,1.3076923076923077,161
1076554.0185676392,2005.761273209549,42.774535809018566,1.976127320954907,1.2652519893899203,3.0,1.4801061007957559,1.7135278514588859,1.3076923076923077,81
1076554.0185676392,2005.761273209549,42.774535809018566,1.976127320954907,1.2652519893899203,3.0,1.4801061007957559,1.7135278514588859,1.3076923076923077,161
1076554.0185676392,2005.761273209549,42.774535809018566,1.976127320954907,1.2652519893899203,3.0,1.4801061007957559,1.7135278514588859,1.3076923076923077,268
1076554.0185676392,2005.761273209549,42.774535809018566,1.976127320954907,1.2652519893899203,3.0,1.4801061007957559,1.7135278514588859,1.3076923076923077,87
1076554.0185676392,2005.761273209549,42.774535809018566,1.976127320954907,1.2652519893899203,3.0,1.4801061007957559,1.7135278514588859,1.3076923076923077,81
1076554.0185676392,2005.761273209549,42.774535809018566,1.976127320954907,1.2652519893899203,3.0,1.4801061007957559,1.7135278514588859,1.3076923076923077,125
1076554.0185676392,2005.761273209549,42.774535809018566,1.976127320954907,1.2652519893899203,3.0,1.4801061007957559,1.7135278514588859,1.3076923076923077,102
1076554.0185676392,2005.761273209549,42.774535809018566,1.976127320954907,1.2652519893899203,3.0,1.4801061007957559,1.7135278514588859,1.3076923076923077,108
1076554.0185676392,2005.761273209549,42.774535809018566,1.976127320954907,1.2652519893899203,3.0,1.4801061007957559,1.7135278514588859,1.3076923076923077,72
1076554.0185676392,2005.761273209549,42.774535809018566,1.976127320954907,1.2652519893899203,3.0,1.4801061007957559,1.7135278514588859,1.3076923076923077,102
1076554.0185676392,2005.761273209549,42.774535809018566,1.976127320954907,1.2652519893899203,3.0,1.4801061007957559,1.7135278514588859,1.3076923076923077,143
1076554.0185676392,2005.761273209549,42.774535809018566,1.976127320954907,1.2652519893899203,3.0,1.4801061007957559,1.7135278514588859,1.3076923076923077,135
1076554.0185676392,2005.761273209549,42.774535809018566,1.976127320954907,1.2652519893899203,3.0,1.4801061007957559,1.7135278514588859,1.3076923076923077,161
1076554.0185676392,2005.761273209549,42.774535809018566,1.976127320954907,1.2652519893899203,3.0,1.4801061007957559,1.7135278514588859,1.3076923076923077,81
1076554.0185676392,2005.761273209549,42.774535809018566,1.976127320954907,1.2652519893899203,3.0,1.4801061007957559,1.7135278514588859,1.3076923076923077,102
1076554.0185676392,2005.761273209549,42.774535809018566,1.976127320954907,1.2652519893899203,3.0,1.4801061007957559,1.7135278514588859,1.3076923076923077,81
1076554.0185676392,2005.761273209549,42.774535809018566,1.976127320954907,1.2652519893899203,3.0,1.4801061007957559,1.7135278514588859,1.3076923076923077,87
1076554.0185676392,2005.761273209549,42.774535809018566,1.976127320954907,1.2652519893899203,3.0,1.4801061007957559,1.7135278514588859,1.3076923076923077,171
1076554.0185676392,2005.761273209549,42.774535809018566,1.976127320954907,1.2652519893899203,3.0,1.4801061007957559,1.7135278514588859,1.3076923076923077,144
1076554.0185676392,2005.761273209549,42.774535809018566,1.976127320954907,1.2652519893899203,3.0,1.4801061007957559,1.7135278514588859,1.3076923076923077,268
1076554.0185676392,2005.761273209549,42.774535809018566,1.976127320954907,1.2652519893899203,3.0,1.4801061007957559,1.7135278514588859,1.3076923076923077,108
1076554.0185676392,2005.761273209549,42.774535809018566,1.976127320954907,1.2652519893899203,3.0,1.4801061007957559,1.7135278514588859,1.3076923076923077,125
1076554.0185676392,2005.761273209549,42.774535809018566,1.976127320954907,1.2652519893899203,3.0,1.4801061007957559,1.7135278514588859,1.3076923076923077,81
1076554.0185676392,2005.761273209549,42.774535809018566,1.976127320954907,1.2652519893899203,3.0,1.4801061007957559,1.7135278514588859,1.3076923076923077,81
1076554.0185676392,2005.761273209549,42.774535809018566,1.976127320954907,1.2652519893899203,3.0,1.4801061007957559,1.7135278514588859,1.3076923076923077,162
1076554.0185676392,2005.761273209549,42.774535809018566,1.976127320954907,1.2652519893899203,3.0,1.4801061007957559,1.7135278514588859,1.3076923076923077,81
1076554.0185676392,2005.761273209549,42.774535809018566,1.976127320954907,1.2652519893899203,3.0,1.4801061007957559,1.7135278514588859,1.3076923076923077,161
1076554.0185676392,2005.761273209549,42.774535809018566,1.976127320954907,1.2652519893899203,3.0,1.4801061007957559,1.7135278514588859,1.3076923076923077,108
1076554.0185676392,2005.761273209549,42.774535809018566,1.976127320954907,1.2652519893899203,3.0,1.4801061007957559,1.7135278514588859,1.3076923076923077,72
1076554.0185676392,2005.761273209549,42.774535809018566,1.976127320954907,1.2652519893899203,3.0,1.4801061007957559,1.7135278514588859,1.3076923076923077,108
1076554.0185676392,2005.761273209549,42.774535809018566,1.976127320954907,1.2652519893899203,3.0,1.4801061007957559,1.7135278514588859,1.3076923076923077,78
1076554.0185676392,2005.761273209549,42.774535809018566,1.976127320954907,1.2652519893899203,3.0,1.4801061007957559,1.7135278514588859,1.3076923076923077,143
1076554.0185676392,2005.761273209549,42.774535809018566,1.976127320954907,1.2652519893899203,3.0,1.4801061007957559,1.7135278514588859,1.3076923076923077,110
1076554.0185676392,2005.761273209549,42.774535809018566,1.976127320954907,1.2652519893899203,3.0,1.4801061007957559,1.7135278514588859,1.3076923076923077,135
1076554.0185676392,2005.761273209549,42.774535809018566,1.976127320954907,1.2652519893899203,3.0,1.4801061007957559,1.7135278514588859,1.3076923076923077,81
1076554.0185676392,2005.761273209549,42.774535809018566,1.976127320954907,1.2652519893899203,3.0,1.4801061007957559,1.7135278514588859,1.3076923076923077,161
1076554.0185676392,2005.761273209549,42.774535809018566,1.976127320954907,1.2652519893899203,3.0,1.4801061007957559,1.7135278514588859,1.3076923076923077,111
1076554.0185676392,2005.761273209549,42.774535809018566,1.976127320954907,1.2652519893899203,3.0,1.4801061007957559,1.7135278514588859,1.3076923076923077,81
1076554.0185676392,2005.761273209549,42.774535809018566,1.976127320954907,1.2652519893899203,3.0,1.4801061007957559,1.7135278514588859,1.3076923076923077,102
1076554.0185676392,2005.761273209549,42.774535809018566,1.976127320954907,1.2652519893899203,3.0,1.4801061007957559,1.7135278514588859,1.3076923076923077,161
1076554.0185676392,2005.761273209549,42.774535809018566,1.976127320954907,1.2652519893899203,3.0,1.4801061007957559,1.7135278514588859,1.3076923076923077,78
1076554.0185676392,2005.761273209549,42.774535809018566,1.976127320954907,1.2652519893899203,3.0,1.4801061007957559,1.7135278514588859,1.3076923076923077,135
1076554.0185676392,2005.761273209549,42.774535809018566,1.976127320954907,1.2652519893899203,3.0,1.4801061007957559,1.7135278514588859,1.3076923076923077,135
1076554.0185676392,2005.761273209549,42.774535809018566,1.976127320954907,1.2652519893899203,3.0,1.4801061007957559,1.7135278514588859,1.3076923076923077,54
1076554.0185676392,2005.761273209549,42.774535809018566,1.976127320954907,1.2652519893899203,3.0,1.4801061007957559,1.7135278514588859,1.3076923076923077,88
1076554.0185676392,2005.761273209549,42.774535809018566,1.976127320954907,1.2652519893899203,3.0,1.4801061007957559,1.7135278514588859,1.3076923076923077,108
1076554.0185676392,2005.761273209549,42.774535809018566,1.976127320954907,1.2652519893899203,3.0,1.4801061007957559,1.7135278514588859,1.3076923076923077,81
1076554.0185676392,2005.761273209549,42.774535809018566,1.976127320954907,1.2652519893899203,3.0,1.4801061007957559,1.7135278514588859,1.3076923076923077,81
1076554.0185676392,2005.761273209549,42.774535809018566,1.976127320954907,1.2652519893899203,3.0,1.4801061007957559,1.7135278514588859,1.3076923076923077,120
1076554.0185676392,2005.761273209549,42.774535809018566,1.976127320954907,1.2652519893899203,3.0,1.4801061007957559,1.7135278514588859,1.3076923076923077,161
1076554.0185676392,2005.761273209549,42.774535809018566,1.976127320954907,1.2652519893899203,3.0,1.4801061007957559,1.7135278514588859,1.3076923076923077,135
1076554.0185676392,2005.761273209549,42.774535809018566,1.976127320954907,1.2652519893899203,3.0,1.4801061007957559,1.7135278514588859,1.3076923076923077,81
1076554.0185676392,2005.761273209549,42.774535809018566,1.976127320954907,1.2652519893899203,3.0,1.4801061007957559,1.7135278514588859,1.3076923076923077,135
1076554.0185676392,2005.761273209549,42.774535809018566,1.976127320954907,1.2652519893899203,3.0,1.4801061007957559,1.7135278514588859,1.3076923076923077,144
1076554.0185676392,2005.761273209549,42.774535809018566,1.976127320954907,1.2652519893899203,3.0,1.4801061007957559,1.7135278514588859,1.3076923076923077,81
1076554.0185676392,2005.761273209549,42.774535809018566,1.976127320954907,1.2652519893899203,3.0,1.4801061007957559,1.7135278514588859,1.3076923076923077,78
1076554.0185676392,2005.761273209549,42.774535809018566,1.976127320954907,1.2652519893899203,3.0,1.4801061007957559,1.7135278514588859,1.3076923076923077,81
1076554.0185676392,2005.761273209549,42.774535809018566,1.976127320954907,1.2652519893899203,3.0,1.4801061007957559,1.7135278514588859,1.3076923076923077,135
1076554.0185676392,2005.761273209549,42.774535809018566,1.976127320954907,1.2652519893899203,3.0,1.4801061007957559,1.7135278514588859,1.3076923076923077,81
1076554.0185676392,2005.761273209549,42.774535809018566,1.976127320954907,1.2652519893899203,3.0,1.4801061007957559,1.7135278514588859,1.3076923076923077,87
1076554.0185676392,2005.761273209549,42.774535809018566,1.976127320954907,1.2652519893899203,3.0,1.4801061007957559,1.7135278514588859,1.3076923076923077,111
1076554.0185676392,2005.761273209549,42.774535809018566,1.976127320954907,1.2652519893899203,3.0,1.4801061007957559,1.7135278514588859,1.3076923076923077,135
1076554.0185676392,2005.761273209549,42.774535809018566,1.976127320954907,1.2652519893899203,3.0,1.4801061007957559,1.7135278514588859,1.3076923076923077,81
1076554.0185676392,2005.761273209549,42.774535809018566,1.976127320954907,1.2652519893899203,3.0,1.4801061007957559,1.7135278514588859,1.3076923076923077,81
