1090347.2764705883,2005.9352941176471,42.752941176470586,1.9470588235294117,1.2647058823529411,3.070588235294118,1.5411764705882354,1.7882352941176471,1.2941176470588236,110
1090347.2764705883,2005.9352941176471,42.752941176470586,1.9470588235294117,1.2647058823529411,3.070588235294118,1.5411764705882354,1.7882352941176471,1.2941176470588236,100
1090347.2764705883,2005.9352941176471,42.752941176470586,1.9470588235294117,1.2647058823529411,3.070588235294118,1.5411764705882354,1.7882352941176471,1.2941176470588236,117
1090347.2764705883,2005.9352941176471,42.752941176470586,1.9470588235294117,1.2647058823529411,3.070588235294118,1.5411764705882354,1.7882352941176471,1.2941176470588236,106
1090347.2764705883,2005.9352941176471,42.752941176470586,1.9470588235294117,1.2647058823529411,3.070588235294118,1.5411764705882354,1.7882352941176471,1.2941176470588236,125
1090347.2764705883,2005.9352941176471,42.752941176470586,1.9470588235294117,1.2647058823529411,3.070588235294118,1.5411764705882354,1.7882352941176471,1.2941176470588236,119
1090347.2764705883,2005.9352941176471,42.752941176470586,1.9470588235294117,1.2647058823529411,3.070588235294118,1.5411764705882354,1.7882352941176471,1.2941176470588236,138
1090347.2764705883,2005.9352941176471,42.752941176470586,1.9470588235294117,1.2647058823529411,3.070588235294118,1.5411764705882354,1.7882352941176471,1.2941176470588236,127
1090347.2764705883,2005.9352941176471,42.752941176470586,1.9470588235294117,1.2647058823529411,3.070588235294118,1.5411764705882354,1.7882352941176471,1.2941176470588236,94
1090347.2764705883,2005.9352941176471,42.752941176470586,1.9470588235294117,1.2647058823529411,3.070588235294118,1.5411764705882354,1.7882352941176471,1.2941176470588236,63
1090347.2764705883,2005.9352941176471,42.752941176470586,1.9470588235294117,1.2647058823529411,3.070588235294118,1.5411764705882354,1.7882352941176471,1.2941176470588236,148
1090347.2764705883,2005.9352941176471,42.752941176470586,1.9470588235294117,1.2647058823529411,3.070588235294118,1.5411764705882354,1.7882352941176471,1.2941176470588236,129
1090347.2764705883,2005.9352941176471,42.752941176470586,1.9470588235294117,1.2647058823529411,3.070588235294118,1.5411764705882354,1.7882352941176471,1.2941176470588236,123
1090347.2764705883,2005.9352941176471,42.752941176470586,1.9470588235294117,1.2647058823529411,3.070588235294118,1.5411764705882354,1.7882352941176471,1.2941176470588236,88
1090347.2764705883,2005.9352941176471,42.752941176470586,1.9470588235294117,1.2647058823529411,3.070588235294118,1.5411764705882354,1.7882352941176471,1.2941176470588236,272
1090347.2764705883,2005.9352941176471,42.752941176470586,1.9470588235294117,1.2647058823529411,3.070588235294118,1.5411764705882354,1.7882352941176471,1.2941176470588236,66
1090347.2764705883,2005.9352941176471,42.752941176470586,1.9470588235294117,1.2647058823529411,3.070588235294118,1.5411764705882354,1.7882352941176471,1.2941176470588236,177
1090347.2764705883,2005.9352941176471,42.752941176470586,1.9470588235294117,1.2647058823529411,3.070588235294118,1.5411764705882354,1.7882352941176471,1.2941176470588236,100
1090347.2764705883,2005.9352941176471,42.752941176470586,1.9470588235294117,1.2647058823529411,3.070588235294118,1.5411764705882354,1.7882352941176471,1.2941176470588236,81
1090347.2764705883,2005.9352941176471,42.752941176470586,1.9470588235294117,1.2647058823529411,3.070588235294118,1.5411764705882354,1.7882352941176471,1.2941176470588236,161
1090347.2764705883,2005.9352941176471,42.752941176470586,1.9470588235294117,1.2647058823529411,3.070588235294118,1.5411764705882354,1.7882352941176471,1.2941176470588236,112
1090347.2764705883,2005.9352941176471,42.752941176470586,1.9470588235294117,1.2647058823529411,3.070588235294118,1.5411764705882354,1.7882352941176471,1.2941176470588236,108
1090347.2764705883,2005.9352941176471,42.752941176470586,1.9470588235294117,1.2647058823529411,3.070588235294118,1.5411764705882354,1.7882352941176471,1.2941176470588236,105
1090347.2764705883,2005.9352941176471,42.752941176470586,1.9470588235294117,1.2647058823529411,3.070588235294118,1.5411764705882354,1.7882352941176471,1.2941176470588236,88
1090347.2764705883,2005.9352941176471,42.752941176470586,1.9470588235294117,1.2647058823529411,3.070588235294118,1.5411764705882354,1.7882352941176471,1.2941176470588236,107
1090347.2764705883,2005.9352941176471,42.752941176470586,1.9470588235294117,1.2647058823529411,3.070588235294118,1.5411764705882354,1.7882352941176471,1.2941176470588236,100
1090347.2764705883,2005.9352941176471,42.752941176470586,1.9470588235294117,1.2647058823529411,3.070588235294118,1.5411764705882354,1.7882352941176471,1.2941176470588236,137
1090347.2764705883,2005.9352941176471,42.752941176470586,1.9470588235294117,1.2647058823529411,3.070588235294118,1.5411764705882354,1.7882352941176471,1.2941176470588236,93
1090347.2764705883,2005.9352941176471,42.752941176470586,1.9470588235294117,1.2647058823529411,3.070588235294118,1.5411764705882354,1.7882352941176471,1.2941176470588236,113
1090347.2764705883,2005.9352941176471,42.752941176470586,1.9470588235294117,1.2647058823529411,3.070588235294118,1.5411764705882354,1.7882352941176471,1.2941176470588236,59
1090347.2764705883,2005.9352941176471,42.752941176470586,1.9470588235294117,1.2647058823529411,3.070588235294118,1.5411764705882354,1.7882352941176471,1.2941176470588236,112
1090347.2764705883,2005.9352941176471,42.752941176470586,1.9470588235294117,1.2647058823529411,3.070588235294118,1.5411764705882354,1.7882352941176471,1.2941176470588236,105
1090347.2764705883,2005.9352941176471,42.752941176470586,1.9470588235294117,1.2647058823529411,3.070588235294118,1.5411764705882354,1.7882352941176471,1.2941176470588236,100
1090347.2764705883,2005.9352941176471,42.752941176470586,1.9470588235294117,1.2647058823529411,3.070588235294118,1.5411764705882354,1.7882352941176471,1.2941176470588236,172
1090347.2764705883,2005.9352941176471,42.752941176470586,1.9470588235294117,1.2647058823529411,3.070588235294118,1.5411764705882354,1.7882352941176471,1.2941176470588236,111
1090347.2764705883,2005.9352941176471,42.752941176470586,1.9470588235294117,1.2647058823529411,3.070588235294118,1.5411764705882354,1.7882352941176471,1.2941176470588236,148
1090347.2764705883,2005.9352941176471,42.752941176470586,1.9470588235294117,1.2647058823529411,3.070588235294118,1.5411764705882354,1.7882352941176471,1.2941176470588236,55
1090347.2764705883,2005.9352941176471,42.752941176470586,1.9470588235294117,1.2647058823529411,3.070588235294118,1.5411764705882354,1.7882352941176471,1.2941176470588236,278
1090347.2764705883,2005.9352941176471,42.752941176470586,1.9470588235294117,1.2647058823529411,3.070588235294118,1.5411764705882354,1.7882352941176471,1.2941176470588236,164
1090347.2764705883,2005.9352941176471,42.752941176470586,1.9470588235294117,1.2647058823529411,3.070588235294118,1.5411764705882354,1.7882352941176471,1.2941176470588236,129
1090347.2764705883,2005.9352941176471,42.752941176470586,1.9470588235294117,1.2647058823529411,3.070588235294118,1.5411764705882354,1.7882352941176471,1.2941176470588236,75
1090347.2764705883,2005.9352941176471,42.752941176470586,1.9470588235294117,1.2647058823529411,3.070588235294118,1.5411764705882354,1.7882352941176471,1.2941176470588236,89
1090347.2764705883,2005.9352941176471,42.752941176470586,1.9470588235294117,1.2647058823529411,3.070588235294118,1.5411764705882354,1.7882352941176471,1.2941176470588236,123
1090347.2764705883,2005.9352941176471,42.752941176470586,1.9470588235294117,1.2647058823529411,3.070588235294118,1.5411764705882354,1.7882352941176471,1.2941176470588236,128
1090347.2764705883,2005.9352941176471,42.752941176470586,1.9470588235294117,1.2647058823529411,3.070588235294118,1.5411764705882354,1.7882352941176471,1.2941176470588236,88
1090347.2764705883,2005.9352941176471,42.752941176470586,1.9470588235294117,1.2647058823529411,3.070588235294118,1.5411764705882354,1.7882352941176471,1.2941176470588236,81
1090347.2764705883,2005.9352941176471,42.752941176470586,1.9470588235294117,1.2647058823529411,3.070588235294118,1.5411764705882354,1.7882352941176471,1.2941176470588236,115
1090347.2764705883,2005.9352941176471,42.752941176470586,1.9470588235294117,1.2647058823529411,3.070588235294118,1.5411764705882354,1.7882352941176471,1.2941176470588236,108
1090347.2764705883,2005.9352941176471,42.752941176470586,1.9470588235294117,1.2647058823529411,3.070588235294118,1.5411764705882354,1.7882352941176471,1.2941176470588236,74
1090347.2764705883,2005.9352941176471,42.752941176470586,1.9470588235294117,1.2647058823529411,3.070588235294118,1.5411764705882354,1.7882352941176471,1.2941176470588236,110
1090347.2764705883,2005.9352941176471,42.752941176470586,1.9470588235294117,1.2647058823529411,3.070588235294118,1.5411764705882354,1.7882352941176471,1.2941176470588236,114
1090347.2764705883,2005.9352941176471,42.752941176470586,1.9470588235294117,1.2647058823529411,3.070588235294118,1.5411764705882354,1.7882352941176471,1.2941176470588236,117
1090347.2764705883,2005.9352941176471,42.752941176470586,1.9470588235294117,1.2647058823529411,3.070588235294118,1.5411764705882354,1.7882352941176471,1.2941176470588236,116
1090347.2764705883,2005.9352941176471,42.752941176470586,1.9470588235294117,1.2647058823529411,3.070588235294118,1.5411764705882354,1.7882352941176471,1.2941176470588236,126
1090347.2764705883,2005.9352941176471,42.752941176470586,1.9470588235294117,1.2647058823529411,3.070588235294118,1.5411764705882354,1.7882352941176471,1.2941176470588236,94
1090347.2764705883,2005.9352941176471,42.752941176470586,1.9470588235294117,1.2647058823529411,3.070588235294118,1.5411764705882354,1.7882352941176471,1.2941176470588236,119
1090347.2764705883,2005.9352941176471,42.752941176470586,1.9470588235294117,1.2647058823529411,3.070588235294118,1.5411764705882354,1.7882352941176471,1.2941176470588236,94
1090347.2764705883,2005.9352941176471,42.752941176470586,1.9470588235294117,1.2647058823529411,3.070588235294118,1.5411764705882354,1.7882352941176471,1.2941176470588236,132
1090347.2764705883,2005.9352941176471,42.752941176470586,1.9470588235294117,1.2647058823529411,3.070588235294118,1.5411764705882354,1.7882352941176471,1.2941176470588236,114
1090347.2764705883,2005.9352941176471,42.752941176470586,1.9470588235294117,1.2647058823529411,3.070588235294118,1.5411764705882354,1.7882352941176471,1.2941176470588236,65
1090347.2764705883,2005.9352941176471,42.752941176470586,1.9470588235294117,1.2647058823529411,3.070588235294118,1.5411764705882354,1.7882352941176471,1.2941176470588236,131
1090347.2764705883,2005.9352941176471,42.752941176470586,1.9470588235294117,1.2647058823529411,3.070588235294118,1.5411764705882354,1.7882352941176471,1.2941176470588236,93
1090347.2764705883,2005.9352941176471,42.752941176470586,1.9470588235294117,1.2647058823529411,3.070588235294118,1.5411764705882354,1.7882352941176471,1.2941176470588236,148
1090347.2764705883,2005.9352941176471,42.752941176470586,1.9470588235294117,1.2647058823529411,3.070588235294118,1.5411764705882354,1.7882352941176471,1.2941176470588236,83
1090347.2764705883,2005.9352941176471,42.752941176470586,1.9470588235294117,1.2647058823529411,3.070588235294118,1.5411764705882354,1.7882352941176471,1.2941176470588236,135
1090347.2764705883,2005.9352941176471,42.752941176470586,1.9470588235294117,1.2647058823529411,3.070588235294118,1.5411764705882354,1.7882352941176471,1.2941176470588236,105
1090347.2764705883,2005.9352941176471,42.752941176470586,1.9470588235294117,1.2647058823529411,3.070588235294118,1.5411764705882354,1.7882352941176471,1.2941176470588236,100
1090347.2764705883,2005.9352941176471,42.752941176470586,1.9470588235294117,1.2647058823529411,3.070588235294118,1.5411764705882354,1.7882352941176471,1.2941176470588236,119
1090347.2764705883,2005.9352941176471,42.752941176470586,1.9470588235294117,1.2647058823529411,3.070588235294118,1.5411764705882354,1.7882352941176471,1.2941176470588236,110
1090347.2764705883,2005.9352941176471,42.752941176470586,1.9470588235294117,1.2647058823529411,3.070588235294118,1.5411764705882354,1.7882352941176471,1.2941176470588236,123
1090347.2764705883,2005.9352941176471,42.752941176470586,1.9470588235294117,1.2647058823529411,3.070588235294118,1.5411764705882354,1.7882352941176471,1.2941176470588236,85
1090347.2764705883,2005.9352941176471,42.752941176470586,1.9470588235294117,1.2647058823529411,3.070588235294118,1.5411764705882354,1.7882352941176471,1.2941176470588236,81
1090347.2764705883,2005.9352941176471,42.752941176470586,1.9470588235294117,1.2647058823529411,3.070588235294118,1.5411764705882354,1.7882352941176471,1.2941176470588236,75
1090347.2764705883,2005.9352941176471,42.752941176470586,1.9470588235294117,1.2647058823529411,3.070588235294118,1.5411764705882354,1.7882352941176471,1.2941176470588236,70
1090347.2764705883,2005.9352941176471,42.752941176470586,1.9470588235294117,1.2647058823529411,3.070588235294118,1.5411764705882354,1.7882352941176471,1.2941176470588236,97
1090347.2764705883,2005.9352941176471,42.752941176470586,1.9470588235294117,1.2647058823529411,3.070588235294118,1.5411764705882354,1.7882352941176471,1.2941176470588236,155
1090347.2764705883,2005.9352941176471,42.752941176470586,1.9470588235294117,1.2647058823529411,3.070588235294118,1.5411764705882354,1.7882352941176471,1.2941176470588236,92
1090347.2764705883,2005.9352941176471,42.752941176470586,1.9470588235294117,1.2647058823529411,3.070588235294118,1.5411764705882354,1.7882352941176471,1.2941176470588236,50
1090347.2764705883,2005.9352941176471,42.752941176470586,1.9470588235294117,1.2647058823529411,3.070588235294118,1.5411764705882354,1.7882352941176471,1.2941176470588236,89
1090347.2764705883,2005.9352941176471,42.752941176470586,1.9470588235294117,1.2647058823529411,3.070588235294118,1.5411764705882354,1.7882352941176471,1.2941176470588236,102
1090347.2764705883,2005.9352941176471,42.752941176470586,1.9470588235294117,1.2647058823529411,3.070588235294118,1.5411764705882354,1.7882352941176471,1.2941176470588236,88
1090347.2764705883,2005.9352941176471,42.752941176470586,1.9470588235294117,1.2647058823529411,3.070588235294118,1.5411764705882354,1.7882352941176471,1.2941176470588236,74
1090347.2764705883,2005.9352941176471,42.752941176470586,1.9470588235294117,1.2647058823529411,3.070588235294118,1.5411764705882354,1.7882352941176471,1.2941176470588236,71
1090347.2764705883,2005.9352941176471,42.752941176470586,1.9470588235294117,1.2647058823529411,3.070588235294118,1.5411764705882354,1.7882352941176471,1.2941176470588236,131
1090347.2764705883,2005.9352941176471,42.752941176470586,1.9470588235294117,1.2647058823529411,3.070588235294118,1.5411764705882354,1.7882352941176471,1.2941176470588236,94
1090347.2764705883,2005.9352941176471,42.752941176470586,1.9470588235294117,1.2647058823529411,3.070588235294118,1.5411764705882354,1.7882352941176471,1.2941176470588236,85
1090347.2764705883,2005.9352941176471,42.752941176470586,1.9470588235294117,1.2647058823529411,3.070588235294118,1.5411764705882354,1.7882352941176471,1.2941176470588236,104
1090347.2764705883,2005.9352941176471,42.752941176470586,1.9470588235294117,1.2647058823529411,3.070588235294118,1.5411764705882354,1.7882352941176471,1.2941176470588236,87
1090347.2764705883,2005.9352941176471,42.752941176470586,1.9470588235294117,1.2647058823529411,3.070588235294118,1.5411764705882354,1.7882352941176471,1.2941176470588236,114
1090347.2764705883,2005.9352941176471,42.752941176470586,1.9470588235294117,1.2647058823529411,3.070588235294118,1.5411764705882354,1.7882352941176471,1.2941176470588236,90
1090347.2764705883,2005.9352941176471,42.752941176470586,1.9470588235294117,1.2647058823529411,3.070588235294118,1.5411764705882354,1.7882352941176471,1.2941176470588236,105
1090347.2764705883,2005.9352941176471,42.752941176470586,1.9470588235294117,1.2647058823529411,3.070588235294118,1.5411764705882354,1.7882352941176471,1.2941176470588236,119
1090347.2764705883,2005.9352941176471,42.752941176470586,1.9470588235294117,1.2647058823529411,3.070588235294118,1.5411764705882354,1.7882352941176471,1.2941176470588236,152
1090347.2764705883,2005.9352941176471,42.752941176470586,1.9470588235294117,1.2647058823529411,3.070588235294118,1.5411764705882354,1.7882352941176471,1.2941176470588236,103
1090347.2764705883,2005.9352941176471,42.752941176470586,1.9470588235294117,1.2647058823529411,3.070588235294118,1.5411764705882354,1.7882352941176471,1.2941176470588236,201
1090347.2764705883,2005.9352941176471,42.752941176470586,1.9470588235294117,1.2647058823529411,3.070588235294118,1.5411764705882354,1.7882352941176471,1.2941176470588236,88
1090347.2764705883,2005.9352941176471,42.752941176470586,1.9470588235294117,1.2647058823529411,3.070588235294118,1.5411764705882354,1.7882352941176471,1.2941176470588236,97
1090347.2764705883,2005.9352941176471,42.752941176470586,1.9470588235294117,1.2647058823529411,3.070588235294118,1.5411764705882354,1.7882352941176471,1.2941176470588236,57
1090347.2764705883,2005.9352941176471,42.752941176470586,1.9470588235294117,1.2647058823529411,3.070588235294118,1.5411764705882354,1.7882352941176471,1.2941176470588236,92
1090347.2764705883,2005.9352941176471,42.752941176470586,1.9470588235294117,1.2647058823529411,3.070588235294118,1.5411764705882354,1.7882352941176471,1.2941176470588236,77
1090347.2764705883,2005.9352941176471,42.752941176470586,1.9470588235294117,1.2647058823529411,3.070588235294118,1.5411764705882354,1.7882352941176471,1.2941176470588236,83
1090347.2764705883,2005.9352941176471,42.752941176470586,1.9470588235294117,1.2647058823529411,3.070588235294118,1.5411764705882354,1.7882352941176471,1.2941176470588236,70
1090347.2764705883,2005.9352941176471,42.752941176470586,1.9470588235294117,1.2647058823529411,3.070588235294118,1.5411764705882354,1.7882352941176471,1.2941176470588236,127
1090347.2764705883,2005.9352941176471,42.752941176470586,1.9470588235294117,1.2647058823529411,3.070588235294118,1.5411764705882354,1.7882352941176471,1.2941176470588236,80
1090347.2764705883,2005.9352941176471,42.752941176470586,1.9470588235294117,1.2647058823529411,3.070588235294118,1.5411764705882354,1.7882352941176471,1.2941176470588236,65
1090347.2764705883,2005.9352941176471,42.752941176470586,1.9470588235294117,1.2647058823529411,3.070588235294118,1.5411764705882354,1.7882352941176471,1.2941176470588236,74
1090347.2764705883,2005.9352941176471,42.752941176470586,1.9470588235294117,1.2647058823529411,3.070588235294118,1.5411764705882354,1.7882352941176471,1.2941176470588236,81
1090347.2764705883,2005.9352941176471,42.752941176470586,1.9470588235294117,1.2647058823529411,3.070588235294118,1.5411764705882354,1.7882352941176471,1.2941176470588236,110
1090347.2764705883,2005.9352941176471,42.752941176470586,1.9470588235294117,1.2647058823529411,3.070588235294118,1.5411764705882354,1.7882352941176471,1.2941176470588236,144
1090347.2764705883,2005.9352941176471,42.752941176470586,1.9470588235294117,1.2647058823529411,3.070588235294118,1.5411764705882354,1.7882352941176471,1.2941176470588236,121
1090347.2764705883,2005.9352941176471,42.752941176470586,1.9470588235294117,1.2647058823529411,3.070588235294118,1.5411764705882354,1.7882352941176471,1.2941176470588236,145
1090347.2764705883,2005.9352941176471,42.752941176470586,1.9470588235294117,1.2647058823529411,3.070588235294118,1.5411764705882354,1.7882352941176471,1.2941176470588236,143
1090347.2764705883,2005.9352941176471,42.752941176470586,1.9470588235294117,1.2647058823529411,3.070588235294118,1.5411764705882354,1.7882352941176471,1.2941176470588236,102
1090347.2764705883,2005.9352941176471,42.752941176470586,1.9470588235294117,1.2647058823529411,3.070588235294118,1.5411764705882354,1.7882352941176471,1.2941176470588236,135
1090347.2764705883,2005.9352941176471,42.752941176470586,1.9470588235294117,1.2647058823529411,3.070588235294118,1.5411764705882354,1.7882352941176471,1.2941176470588236,100
1090347.2764705883,2005.9352941176471,42.752941176470586,1.9470588235294117,1.2647058823529411,3.070588235294118,1.5411764705882354,1.7882352941176471,1.2941176470588236,77
1090347.2764705883,2005.9352941176471,42.752941176470586,1.9470588235294117,1.2647058823529411,3.070588235294118,1.5411764705882354,1.7882352941176471,1.2941176470588236,148
1090347.2764705883,2005.9352941176471,42.752941176470586,1.9470588235294117,1.2647058823529411,3.070588235294118,1.5411764705882354,1.7882352941176471,1.2941176470588236,74
1090347.2764705883,2005.9352941176471,42.752941176470586,1.9470588235294117,1.2647058823529411,3.070588235294118,1.5411764705882354,1.7882352941176471,1.2941176470588236,127
1090347.2764705883,2005.9352941176471,42.752941176470586,1.9470588235294117,1.2647058823529411,3.070588235294118,1.5411764705882354,1.7882352941176471,1.2941176470588236,100
1090347.2764705883,2005.9352941176471,42.752941176470586,1.9470588235294117,1.2647058823529411,3.070588235294118,1.5411764705882354,1.7882352941176471,1.2941176470588236,166
1090347.2764705883,2005.9352941176471,42.752941176470586,1.9470588235294117,1.2647058823529411,3.070588235294118,1.5411764705882354,1.7882352941176471,1.2941176470588236,109
1090347.2764705883,2005.9352941176471,42.752941176470586,1.9470588235294117,1.2647058823529411,3.070588235294118,1.5411764705882354,1.7882352941176471,1.2941176470588236,133
1090347.2764705883,2005.9352941176471,42.752941176470586,1.9470588235294117,1.2647058823529411,3.070588235294118,1.5411764705882354,1.7882352941176471,1.2941176470588236,76
1090347.2764705883,2005.9352941176471,42.752941176470586,1.9470588235294117,1.2647058823529411,3.070588235294118,1.5411764705882354,1.7882352941176471,1.2941176470588236,65
1090347.2764705883,2005.9352941176471,42.752941176470586,1.9470588235294117,1.2647058823529411,3.070588235294118,1.5411764705882354,1.7882352941176471,1.2941176470588236,94
1090347.2764705883,2005.9352941176471,42.752941176470586,1.9470588235294117,1.2647058823529411,3.070588235294118,1.5411764705882354,1.7882352941176471,1.2941176470588236,119
1090347.2764705883,2005.9352941176471,42.752941176470586,1.9470588235294117,1.2647058823529411,3.070588235294118,1.5411764705882354,1.7882352941176471,1.2941176470588236,277
1090347.2764705883,2005.9352941176471,42.752941176470586,1.9470588235294117,1.2647058823529411,3.070588235294118,1.5411764705882354,1.7882352941176471,1.2941176470588236,72
1090347.2764705883,2005.9352941176471,42.752941176470586,1.9470588235294117,1.2647058823529411,3.070588235294118,1.5411764705882354,1.7882352941176471,1.2941176470588236,88
1090347.2764705883,2005.9352941176471,42.752941176470586,1.9470588235294117,1.2647058823529411,3.070588235294118,1.5411764705882354,1.7882352941176471,1.2941176470588236,131
1090347.2764705883,2005.9352941176471,42.752941176470586,1.9470588235294117,1.2647058823529411,3.070588235294118,1.5411764705882354,1.7882352941176471,1.2941176470588236,118
1090347.2764705883,2005.9352941176471,42.752941176470586,1.9470588235294117,1.2647058823529411,3.070588235294118,1.5411764705882354,1.7882352941176471,1.2941176470588236,114
1090347.2764705883,2005.9352941176471,42.752941176470586,1.9470588235294117,1.2647058823529411,3.070588235294118,1.5411764705882354,1.7882352941176471,1.2941176470588236,142
1090347.2764705883,2005.9352941176471,42.752941176470586,1.9470588235294117,1.2647058823529411,3.070588235294118,1.5411764705882354,1.7882352941176471,1.2941176470588236,95
1090347.2764705883,2005.9352941176471,42.752941176470586,1.9470588235294117,1.2647058823529411,3.070588235294118,1.5411764705882354,1.7882352941176471,1.2941176470588236,81
1090347.2764705883,2005.9352941176471,42.752941176470586,1.9470588235294117,1.2647058823529411,3.070588235294118,1.5411764705882354,1.7882352941176471,1.2941176470588236,84
1090347.2764705883,2005.9352941176471,42.752941176470586,1.9470588235294117,1.2647058823529411,3.070588235294118,1.5411764705882354,1.7882352941176471,1.2941176470588236,80
1090347.2764705883,2005.9352941176471,42.752941176470586,1.9470588235294117,1.2647058823529411,3.070588235294118,1.5411764705882354,1.7882352941176471,1.2941176470588236,135
1090347.2764705883,2005.9352941176471,42.752941176470586,1.9470588235294117,1.2647058823529411,3.070588235294118,1.5411764705882354,1.7882352941176471,1.2941176470588236,110
1090347.2764705883,2005.9352941176471,42.752941176470586,1.9470588235294117,1.2647058823529411,3.070588235294118,1.5411764705882354,1.7882352941176471,1.2941176470588236,182
1090347.2764705883,2005.9352941176471,42.752941176470586,1.9470588235294117,1.2647058823529411,3.070588235294118,1.5411764705882354,1.7882352941176471,1.2941176470588236,119
1090347.2764705883,2005.9352941176471,42.752941176470586,1.9470588235294117,1.2647058823529411,3.070588235294118,1.5411764705882354,1.7882352941176471,1.2941176470588236,90
1090347.2764705883,2005.9352941176471,42.752941176470586,1.9470588235294117,1.2647058823529411,3.070588235294118,1.5411764705882354,1.7882352941176471,1.2941176470588236,161
1090347.2764705883,2005.9352941176471,42.752941176470586,1.9470588235294117,1.2647058823529411,3.070588235294118,1.5411764705882354,1.7882352941176471,1.2941176470588236,95
1090347.2764705883,2005.9352941176471,42.752941176470586,1.9470588235294117,1.2647058823529411,3.070588235294118,1.5411764705882354,1.7882352941176471,1.2941176470588236,138
1090347.2764705883,2005.9352941176471,42.752941176470586,1.9470588235294117,1.2647058823529411,3.070588235294118,1.5411764705882354,1.7882352941176471,1.2941176470588236,114
1090347.2764705883,2005.9352941176471,42.752941176470586,1.9470588235294117,1.2647058823529411,3.070588235294118,1.5411764705882354,1.7882352941176471,1.2941176470588236,140
1090347.2764705883,2005.9352941176471,42.752941176470586,1.9470588235294117,1.2647058823529411,3.070588235294118,1.5411764705882354,1.7882352941176471,1.2941176470588236,100
1090347.2764705883,2005.9352941176471,42.752941176470586,1.9470588235294117,1.2647058823529411,3.070588235294118,1.5411764705882354,1.7882352941176471,1.2941176470588236,139
1090347.2764705883,2005.9352941176471,42.752941176470586,1.9470588235294117,1.2647058823529411,3.070588235294118,1.5411764705882354,1.7882352941176471,1.2941176470588236,268
1090347.2764705883,2005.9352941176471,42.752941176470586,1.9470588235294117,1.2647058823529411,3.070588235294118,1.5411764705882354,1.7882352941176471,1.2941176470588236,69
1090347.2764705883,2005.9352941176471,42.752941176470586,1.9470588235294117,1.2647058823529411,3.070588235294118,1.5411764705882354,1.7882352941176471,1.2941176470588236,158
1090347.2764705883,2005.9352941176471,42.752941176470586,1.9470588235294117,1.2647058823529411,3.070588235294118,1.5411764705882354,1.7882352941176471,1.2941176470588236,88
1090347.2764705883,2005.9352941176471,42.752941176470586,1.9470588235294117,1.2647058823529411,3.070588235294118,1.5411764705882354,1.7882352941176471,1.2941176470588236,119
1090347.2764705883,2005.9352941176471,42.752941176470586,1.9470588235294117,1.2647058823529411,3.070588235294118,1.5411764705882354,1.7882352941176471,1.2941176470588236,110
1090347.2764705883,2005.9352941176471,42.752941176470586,1.9470588235294117,1.2647058823529411,3.070588235294118,1.5411764705882354,1.7882352941176471,1.2941176470588236,177
1090347.2764705883,2005.9352941176471,42.752941176470586,1.9470588235294117,1.2647058823529411,3.070588235294118,1.5411764705882354,1.7882352941176471,1.2941176470588236,142
1090347.2764705883,2005.9352941176471,42.752941176470586,1.9470588235294117,1.2647058823529411,3.070588235294118,1.5411764705882354,1.7882352941176471,1.2941176470588236,81
1090347.2764705883,2005.9352941176471,42.752941176470586,1.9470588235294117,1.2647058823529411,3.070588235294118,1.5411764705882354,1.7882352941176471,1.2941176470588236,67
1090347.2764705883,2005.9352941176471,42.752941176470586,1.9470588235294117,1.2647058823529411,3.070588235294118,1.5411764705882354,1.7882352941176471,1.2941176470588236,74
1090347.2764705883,2005.9352941176471,42.752941176470586,1.9470588235294117,1.2647058823529411,3.070588235294118,1.5411764705882354,1.7882352941176471,1.2941176470588236,105
1090347.2764705883,2005.9352941176471,42.752941176470586,1.9470588235294117,1.2647058823529411,3.070588235294118,1.5411764705882354,1.7882352941176471,1.2941176470588236,148
1090347.2764705883,2005.9352941176471,42.752941176470586,1.9470588235294117,1.2647058823529411,3.070588235294118,1.5411764705882354,1.7882352941176471,1.2941176470588236,96
1090347.2764705883,2005.9352941176471,42.752941176470586,1.9470588235294117,1.2647058823529411,3.070588235294118,1.5411764705882354,1.7882352941176471,1.2941176470588236,127
1090347.2764705883,2005.9352941176471,42.752941176470586,1.9470588235294117,1.2647058823529411,3.070588235294118,1.5411764705882354,1.7882352941176471,1.2941176470588236,101
1090347.2764705883,2005.9352941176471,42.752941176470586,1.9470588235294117,1.2647058823529411,3.070588235294118,1.5411764705882354,1.7882352941176471,1.2941176470588236,61
1090347.2764705883,2005.9352941176471,42.752941176470586,1.9470588235294117,1.2647058823529411,3.070588235294118,1.5411764705882354,1.7882352941176471,1.2941176470588236,99
1090347.2764705883,2005.9352941176471,42.752941176470586,1.9470588235294117,1.2647058823529411,3.070588235294118,1.5411764705882354,1.7882352941176471,1.2941176470588236,119
1090347.2764705883,2005.9352941176471,42.752941176470586,1.9470588235294117,1.2647058823529411,3.070588235294118,1.5411764705882354,1.7882352941176471,1.2941176470588236,78
962195.3613861386,2005.6831683168316,43.18811881188119,1.99009900990099,1.2772277227722773,2.9702970297029703,1.4603960396039604,1.7326732673267327,1.2772277227722773,109
962195.3613861386,2005.6831683168316,43.18811881188119,1.99009900990099,1.2772277227722773,2.9702970297029703,1.4603960396039604,1.7326732673267327,1.2772277227722773,146
962195.3613861386,2005.6831683168316,43.18811881188119,1.99009900990099,1.2772277227722773,2.9702970297029703,1.4603960396039604,1.7326732673267327,1.2772277227722773,94
962195.3613861386,2005.6831683168316,43.18811881188119,1.99009900990099,1.2772277227722773,2.9702970297029703,1.4603960396039604,1.7326732673267327,1.2772277227722773,97
962195.3613861386,2005.6831683168316,43.18811881188119,1.99009900990099,1.2772277227722773,2.9702970297029703,1.4603960396039604,1.7326732673267327,1.2772277227722773,148
962195.3613861386,2005.6831683168316,43.18811881188119,1.99009900990099,1.2772277227722773,2.9702970297029703,1.4603960396039604,1.7326732673267327,1.2772277227722773,93
962195.3613861386,2005.6831683168316,43.18811881188119,1.99009900990099,1.2772277227722773,2.9702970297029703,1.4603960396039604,1.7326732673267327,1.2772277227722773,55
962195.3613861386,2005.6831683168316,43.18811881188119,1.99009900990099,1.2772277227722773,2.9702970297029703,1.4603960396039604,1.7326732673267327,1.2772277227722773,129
962195.3613861386,2005.6831683168316,43.18811881188119,1.99009900990099,1.2772277227722773,2.9702970297029703,1.4603960396039604,1.7326732673267327,1.2772277227722773,92
962195.3613861386,2005.6831683168316,43.18811881188119,1.99009900990099,1.2772277227722773,2.9702970297029703,1.4603960396039604,1.7326732673267327,1.2772277227722773,127
962195.3613861386,2005.6831683168316,43.18811881188119,1.99009900990099,1.2772277227722773,2.9702970297029703,1.4603960396039604,1.7326732673267327,1.2772277227722773,61
962195.3613861386,2005.6831683168316,43.18811881188119,1.99009900990099,1.2772277227722773,2.9702970297029703,1.4603960396039604,1.7326732673267327,1.2772277227722773,110
962195.3613861386,2005.6831683168316,43.18811881188119,1.99009900990099,1.2772277227722773,2.9702970297029703,1.4603960396039604,1.7326732673267327,1.2772277227722773,75
962195.3613861386,2005.6831683168316,43.18811881188119,1.99009900990099,1.2772277227722773,2.9702970297029703,1.4603960396039604,1.7326732673267327,1.2772277227722773,166
962195.3613861386,2005.6831683168316,43.18811881188119,1.99009900990099,1.2772277227722773,2.9702970297029703,1.4603960396039604,1.7326732673267327,1.2772277227722773,114
962195.3613861386,2005.6831683168316,43.18811881188119,1.99009900990099,1.2772277227722773,2.9702970297029703,1.4603960396039604,1.7326732673267327,1.2772277227722773,88
962195.3613861386,2005.6831683168316,43.18811881188119,1.99009900990099,1.2772277227722773,2.9702970297029703,1.4603960396039604,1.7326732673267327,1.2772277227722773,133
962195.3613861386,2005.6831683168316,43.18811881188119,1.99009900990099,1.2772277227722773,2.9702970297029703,1.4603960396039604,1.7326732673267327,1.2772277227722773,81
962195.3613861386,2005.6831683168316,43.18811881188119,1.99009900990099,1.2772277227722773,2.9702970297029703,1.4603960396039604,1.7326732673267327,1.2772277227722773,89
962195.3613861386,2005.6831683168316,43.18811881188119,1.99009900990099,1.2772277227722773,2.9702970297029703,1.4603960396039604,1.7326732673267327,1.2772277227722773,142
962195.3613861386,2005.6831683168316,43.18811881188119,1.99009900990099,1.2772277227722773,2.9702970297029703,1.4603960396039604,1.7326732673267327,1.2772277227722773,105
962195.3613861386,2005.6831683168316,43.18811881188119,1.99009900990099,1.2772277227722773,2.9702970297029703,1.4603960396039604,1.7326732673267327,1.2772277227722773,74
962195.3613861386,2005.6831683168316,43.18811881188119,1.99009900990099,1.2772277227722773,2.9702970297029703,1.4603960396039604,1.7326732673267327,1.2772277227722773,139
962195.3613861386,2005.6831683168316,43.18811881188119,1.99009900990099,1.2772277227722773,2.9702970297029703,1.4603960396039604,1.7326732673267327,1.2772277227722773,119
962195.3613861386,2005.6831683168316,43.18811881188119,1.99009900990099,1.2772277227722773,2.9702970297029703,1.4603960396039604,1.7326732673267327,1.2772277227722773,158
962195.3613861386,2005.6831683168316,43.18811881188119,1.99009900990099,1.2772277227722773,2.9702970297029703,1.4603960396039604,1.7326732673267327,1.2772277227722773,100
962195.3613861386,2005.6831683168316,43.18811881188119,1.99009900990099,1.2772277227722773,2.9702970297029703,1.4603960396039604,1.7326732673267327,1.2772277227722773,70
962195.3613861386,2005.6831683168316,43.18811881188119,1.99009900990099,1.2772277227722773,2.9702970297029703,1.4603960396039604,1.7326732673267327,1.2772277227722773,35
962195.3613861386,2005.6831683168316,43.18811881188119,1.99009900990099,1.2772277227722773,2.9702970297029703,1.4603960396039604,1.7326732673267327,1.2772277227722773,94
962195.3613861386,2005.6831683168316,43.18811881188119,1.99009900990099,1.2772277227722773,2.9702970297029703,1.4603960396039604,1.7326732673267327,1.2772277227722773,125
962195.3613861386,2005.6831683168316,43.18811881188119,1.99009900990099,1.2772277227722773,2.9702970297029703,1.4603960396039604,1.7326732673267327,1.2772277227722773,140
962195.3613861386,2005.6831683168316,43.18811881188119,1.99009900990099,1.2772277227722773,2.9702970297029703,1.4603960396039604,1.7326732673267327,1.2772277227722773,92
962195.3613861386,2005.6831683168316,43.18811881188119,1.99009900990099,1.2772277227722773,2.9702970297029703,1.4603960396039604,1.7326732673267327,1.2772277227722773,77
962195.3613861386,2005.6831683168316,43.18811881188119,1.99009900990099,1.2772277227722773,2.9702970297029703,1.4603960396039604,1.7326732673267327,1.2772277227722773,268
962195.3613861386,2005.6831683168316,43.18811881188119,1.99009900990099,1.2772277227722773,2.9702970297029703,1.4603960396039604,1.7326732673267327,1.2772277227722773,129
962195.3613861386,2005.6831683168316,43.18811881188119,1.99009900990099,1.2772277227722773,2.9702970297029703,1.4603960396039604,1.7326732673267327,1.2772277227722773,272
962195.3613861386,2005.6831683168316,43.18811881188119,1.99009900990099,1.2772277227722773,2.9702970297029703,1.4603960396039604,1.7326732673267327,1.2772277227722773,90
962195.3613861386,2005.6831683168316,43.18811881188119,1.99009900990099,1.2772277227722773,2.9702970297029703,1.4603960396039604,1.7326732673267327,1.2772277227722773,96
962195.3613861386,2005.6831683168316,43.18811881188119,1.99009900990099,1.2772277227722773,2.9702970297029703,1.4603960396039604,1.7326732673267327,1.2772277227722773,80
962195.3613861386,2005.6831683168316,43.18811881188119,1.99009900990099,1.2772277227722773,2.9702970297029703,1.4603960396039604,1.7326732673267327,1.2772277227722773,101
962195.3613861386,2005.6831683168316,43.18811881188119,1.99009900990099,1.2772277227722773,2.9702970297029703,1.4603960396039604,1.7326732673267327,1.2772277227722773,114
962195.3613861386,2005.6831683168316,43.18811881188119,1.99009900990099,1.2772277227722773,2.9702970297029703,1.4603960396039604,1.7326732673267327,1.2772277227722773,119
962195.3613861386,2005.6831683168316,43.18811881188119,1.99009900990099,1.2772277227722773,2.9702970297029703,1.4603960396039604,1.7326732673267327,1.2772277227722773,136
962195.3613861386,2005.6831683168316,43.18811881188119,1.99009900990099,1.2772277227722773,2.9702970297029703,1.4603960396039604,1.7326732673267327,1.2772277227722773,69
962195.3613861386,2005.6831683168316,43.18811881188119,1.99009900990099,1.2772277227722773,2.9702970297029703,1.4603960396039604,1.7326732673267327,1.2772277227722773,196
962195.3613861386,2005.6831683168316,43.18811881188119,1.99009900990099,1.2772277227722773,2.9702970297029703,1.4603960396039604,1.7326732673267327,1.2772277227722773,74
962195.3613861386,2005.6831683168316,43.18811881188119,1.99009900990099,1.2772277227722773,2.9702970297029703,1.4603960396039604,1.7326732673267327,1.2772277227722773,63
962195.3613861386,2005.6831683168316,43.18811881188119,1.99009900990099,1.2772277227722773,2.9702970297029703,1.4603960396039604,1.7326732673267327,1.2772277227722773,78
962195.3613861386,2005.6831683168316,43.18811881188119,1.99009900990099,1.2772277227722773,2.9702970297029703,1.4603960396039604,1.7326732673267327,1.2772277227722773,138
962195.3613861386,2005.6831683168316,43.18811881188119,1.99009900990099,1.2772277227722773,2.9702970297029703,1.4603960396039604,1.7326732673267327,1.2772277227722773,103
962195.3613861386,2005.6831683168316,43.18811881188119,1.99009900990099,1.2772277227722773,2.9702970297029703,1.4603960396039604,1.7326732673267327,1.2772277227722773,105
962195.3613861386,2005.6831683168316,43.18811881188119,1.99009900990099,1.2772277227722773,2.9702970297029703,1.4603960396039604,1.7326732673267327,1.2772277227722773,70
962195.3613861386,2005.6831683168316,43.18811881188119,1.99009900990099,1.2772277227722773,2.9702970297029703,1.4603960396039604,1.7326732673267327,1.2772277227722773,110
962195.3613861386,2005.6831683168316,43.18811881188119,1.99009900990099,1.2772277227722773,2.9702970297029703,1.4603960396039604,1.7326732673267327,1.2772277227722773,100
962195.3613861386,2005.6831683168316,43.18811881188119,1.99009900990099,1.2772277227722773,2.9702970297029703,1.4603960396039604,1.7326732673267327,1.2772277227722773,99
962195.3613861386,2005.6831683168316,43.18811881188119,1.99009900990099,1.2772277227722773,2.9702970297029703,1.4603960396039604,1.7326732673267327,1.2772277227722773,67
962195.3613861386,2005.6831683168316,43.18811881188119,1.99009900990099,1.2772277227722773,2.9702970297029703,1.4603960396039604,1.7326732673267327,1.2772277227722773,97
962195.3613861386,2005.6831683168316,43.18811881188119,1.99009900990099,1.2772277227722773,2.9702970297029703,1.4603960396039604,1.7326732673267327,1.2772277227722773,127
962195.3613861386,2005.6831683168316,43.18811881188119,1.99009900990099,1.2772277227722773,2.9702970297029703,1.4603960396039604,1.7326732673267327,1.2772277227722773,88
962195.3613861386,2005.6831683168316,43.18811881188119,1.99009900990099,1.2772277227722773,2.9702970297029703,1.4603960396039604,1.7326732673267327,1.2772277227722773,121
962195.3613861386,2005.6831683168316,43.18811881188119,1.99009900990099,1.2772277227722773,2.9702970297029703,1.4603960396039604,1.7326732673267327,1.2772277227722773,81
962195.3613861386,2005.6831683168316,43.18811881188119,1.99009900990099,1.2772277227722773,2.9702970297029703,1.4603960396039604,1.7326732673267327,1.2772277227722773,131
962195.3613861386,2005.6831683168316,43.18811881188119,1.99009900990099,1.2772277227722773,2.9702970297029703,1.4603960396039604,1.7326732673267327,1.2772277227722773,100
962195.3613861386,2005.6831683168316,43.18811881188119,1.99009900990099,1.2772277227722773,2.9702970297029703,1.4603960396039604,1.7326732673267327,1.2772277227722773,81
962195.3613861386,2005.6831683168316,43.18811881188119,1.99009900990099,1.2772277227722773,2.9702970297029703,1.4603960396039604,1.7326732673267327,1.2772277227722773,102
962195.3613861386,2005.6831683168316,43.18811881188119,1.99009900990099,1.2772277227722773,2.9702970297029703,1.4603960396039604,1.7326732673267327,1.2772277227722773,94
962195.3613861386,2005.6831683168316,43.18811881188119,1.99009900990099,1.2772277227722773,2.9702970297029703,1.4603960396039604,1.7326732673267327,1.2772277227722773,77
962195.3613861386,2005.6831683168316,43.18811881188119,1.99009900990099,1.2772277227722773,2.9702970297029703,1.4603960396039604,1.7326732673267327,1.2772277227722773,80
962195.3613861386,2005.6831683168316,43.18811881188119,1.99009900990099,1.2772277227722773,2.9702970297029703,1.4603960396039604,1.7326732673267327,1.2772277227722773,119
962195.3613861386,2005.6831683168316,43.18811881188119,1.99009900990099,1.2772277227722773,2.9702970297029703,1.4603960396039604,1.7326732673267327,1.2772277227722773,83
962195.3613861386,2005.6831683168316,43.18811881188119,1.99009900990099,1.2772277227722773,2.9702970297029703,1.4603960396039604,1.7326732673267327,1.2772277227722773,66
962195.3613861386,2005.6831683168316,43.18811881188119,1.99009900990099,1.2772277227722773,2.9702970297029703,1.4603960396039604,1.7326732673267327,1.2772277227722773,110
962195.3613861386,2005.6831683168316,43.18811881188119,1.99009900990099,1.2772277227722773,2.9702970297029703,1.4603960396039604,1.7326732673267327,1.2772277227722773,282
962195.3613861386,2005.6831683168316,43.18811881188119,1.99009900990099,1.2772277227722773,2.9702970297029703,1.4603960396039604,1.7326732673267327,1.2772277227722773,128
962195.3613861386,2005.6831683168316,43.18811881188119,1.99009900990099,1.2772277227722773,2.9702970297029703,1.4603960396039604,1.7326732673267327,1.2772277227722773,84
962195.3613861386,2005.6831683168316,43.18811881188119,1.99009900990099,1.2772277227722773,2.9702970297029703,1.4603960396039604,1.7326732673267327,1.2772277227722773,100
962195.3613861386,2005.6831683168316,43.18811881188119,1.99009900990099,1.2772277227722773,2.9702970297029703,1.4603960396039604,1.7326732673267327,1.2772277227722773,135
962195.3613861386,2005.6831683168316,43.18811881188119,1.99009900990099,1.2772277227722773,2.9702970297029703,1.4603960396039604,1.7326732673267327,1.2772277227722773,105
962195.3613861386,2005.6831683168316,43.18811881188119,1.99009900990099,1.2772277227722773,2.9702970297029703,1.4603960396039604,1.7326732673267327,1.2772277227722773,148
962195.3613861386,2005.6831683168316,43.18811881188119,1.99009900990099,1.2772277227722773,2.9702970297029703,1.4603960396039604,1.7326732673267327,1.2772277227722773,52
962195.3613861386,2005.6831683168316,43.18811881188119,1.99009900990099,1.2772277227722773,2.9702970297029703,1.4603960396039604,1.7326732673267327,1.2772277227722773,138
962195.3613861386,2005.6831683168316,43.18811881188119,1.99009900990099,1.2772277227722773,2.9702970297029703,1.4603960396039604,1.7326732673267327,1.2772277227722773,172
962195.3613861386,2005.6831683168316,43.18811881188119,1.99009900990099,1.2772277227722773,2.9702970297029703,1.4603960396039604,1.7326732673267327,1.2772277227722773,127
962195.3613861386,2005.6831683168316,43.18811881188119,1.99009900990099,1.2772277227722773,2.9702970297029703,1.4603960396039604,1.7326732673267327,1.2772277227722773,107
962195.3613861386,2005.6831683168316,43.18811881188119,1.99009900990099,1.2772277227722773,2.9702970297029703,1.4603960396039604,1.7326732673267327,1.2772277227722773,85
962195.3613861386,2005.6831683168316,43.18811881188119,1.99009900990099,1.2772277227722773,2.9702970297029703,1.4603960396039604,1.7326732673267327,1.2772277227722773,121
962195.3613861386,2005.6831683168316,43.18811881188119,1.99009900990099,1.2772277227722773,2.9702970297029703,1.4603960396039604,1.7326732673267327,1.2772277227722773,103
962195.3613861386,2005.6831683168316,43.18811881188119,1.99009900990099,1.2772277227722773,2.9702970297029703,1.4603960396039604,1.7326732673267327,1.2772277227722773,95
962195.3613861386,2005.6831683168316,43.18811881188119,1.99009900990099,1.2772277227722773,2.9702970297029703,1.4603960396039604,1.7326732673267327,1.2772277227722773,114
962195.3613861386,2005.6831683168316,43.18811881188119,1.99009900990099,1.2772277227722773,2.9702970297029703,1.4603960396039604,1.7326732673267327,1.2772277227722773,72
962195.3613861386,2005.6831683168316,43.18811881188119,1.99009900990099,1.2772277227722773,2.9702970297029703,1.4603960396039604,1.7326732673267327,1.2772277227722773,88
962195.3613861386,2005.6831683168316,43.18811881188119,1.99009900990099,1.2772277227722773,2.9702970297029703,1.4603960396039604,1.7326732673267327,1.2772277227722773,74
962195.3613861386,2005.6831683168316,43.18811881188119,1.99009900990099,1.2772277227722773,2.9702970297029703,1.4603960396039604,1.7326732673267327,1.2772277227722773,129
962195.3613861386,2005.6831683168316,43.18811881188119,1.99009900990099,1.2772277227722773,2.9702970297029703,1.4603960396039604,1.7326732673267327,1.2772277227722773,119
962195.3613861386,2005.6831683168316,43.18811881188119,1.99009900990099,1.2772277227722773,2.9702970297029703,1.4603960396039604,1.7326732673267327,1.2772277227722773,153
962195.3613861386,2005.6831683168316,43.18811881188119,1.99009900990099,1.2772277227722773,2.9702970297029703,1.4603960396039604,1.7326732673267327,1.2772277227722773,187
962195.3613861386,2005.6831683168316,43.18811881188119,1.99009900990099,1.2772277227722773,2.9702970297029703,1.4603960396039604,1.7326732673267327,1.2772277227722773,65
962195.3613861386,2005.6831683168316,43.18811881188119,1.99009900990099,1.2772277227722773,2.9702970297029703,1.4603960396039604,1.7326732673267327,1.2772277227722773,113
962195.3613861386,2005.6831683168316,43.18811881188119,1.99009900990099,1.2772277227722773,2.9702970297029703,1.4603960396039604,1.7326732673267327,1.2772277227722773,90
962195.3613861386,2005.6831683168316,43.18811881188119,1.99009900990099,1.2772277227722773,2.9702970297029703,1.4603960396039604,1.7326732673267327,1.2772277227722773,137
962195.3613861386,2005.6831683168316,43.18811881188119,1.99009900990099,1.2772277227722773,2.9702970297029703,1.4603960396039604,1.7326732673267327,1.2772277227722773,88
962195.3613861386,2005.6831683168316,43.18811881188119,1.99009900990099,1.2772277227722773,2.9702970297029703,1.4603960396039604,1.7326732673267327,1.2772277227722773,177
962195.3613861386,2005.6831683168316,43.18811881188119,1.99009900990099,1.2772277227722773,2.9702970297029703,1.4603960396039604,1.7326732673267327,1.2772277227722773,102
962195.3613861386,2005.6831683168316,43.18811881188119,1.99009900990099,1.2772277227722773,2.9702970297029703,1.4603960396039604,1.7326732673267327,1.2772277227722773,126
962195.3613861386,2005.6831683168316,43.18811881188119,1.99009900990099,1.2772277227722773,2.9702970297029703,1.4603960396039604,1.7326732673267327,1.2772277227722773,119
962195.3613861386,2005.6831683168316,43.18811881188119,1.99009900990099,1.2772277227722773,2.9702970297029703,1.4603960396039604,1.7326732673267327,1.2772277227722773,114
962195.3613861386,2005.6831683168316,43.18811881188119,1.99009900990099,1.2772277227722773,2.9702970297029703,1.4603960396039604,1.7326732673267327,1.2772277227722773,100
962195.3613861386,2005.6831683168316,43.18811881188119,1.99009900990099,1.2772277227722773,2.9702970297029703,1.4603960396039604,1.7326732673267327,1.2772277227722773,83
962195.3613861386,2005.6831683168316,43.18811881188119,1.99009900990099,1.2772277227722773,2.9702970297029703,1.4603960396039604,1.7326732673267327,1.2772277227722773,74
962195.3613861386,2005.6831683168316,43.18811881188119,1.99009900990099,1.2772277227722773,2.9702970297029703,1.4603960396039604,1.7326732673267327,1.2772277227722773,164
962195.3613861386,2005.6831683168316,43.18811881188119,1.99009900990099,1.2772277227722773,2.9702970297029703,1.4603960396039604,1.7326732673267327,1.2772277227722773,131
962195.3613861386,2005.6831683168316,43.18811881188119,1.99009900990099,1.2772277227722773,2.9702970297029703,1.4603960396039604,1.7326732673267327,1.2772277227722773,110
962195.3613861386,2005.6831683168316,43.18811881188119,1.99009900990099,1.2772277227722773,2.9702970297029703,1.4603960396039604,1.7326732673267327,1.2772277227722773,40
962195.3613861386,2005.6831683168316,43.18811881188119,1.99009900990099,1.2772277227722773,2.9702970297029703,1.4603960396039604,1.7326732673267327,1.2772277227722773,65
962195.3613861386,2005.6831683168316,43.18811881188119,1.99009900990099,1.2772277227722773,2.9702970297029703,1.4603960396039604,1.7326732673267327,1.2772277227722773,72
962195.3613861386,2005.6831683168316,43.18811881188119,1.99009900990099,1.2772277227722773,2.9702970297029703,1.4603960396039604,1.7326732673267327,1.2772277227722773,85
962195.3613861386,2005.6831683168316,43.18811881188119,1.99009900990099,1.2772277227722773,2.9702970297029703,1.4603960396039604,1.7326732673267327,1.2772277227722773,111
962195.3613861386,2005.6831683168316,43.18811881188119,1.99009900990099,1.2772277227722773,2.9702970297029703,1.4603960396039604,1.7326732673267327,1.2772277227722773,278
962195.3613861386,2005.6831683168316,43.18811881188119,1.99009900990099,1.2772277227722773,2.9702970297029703,1.4603960396039604,1.7326732673267327,1.2772277227722773,148
962195.3613861386,2005.6831683168316,43.18811881188119,1.99009900990099,1.2772277227722773,2.9702970297029703,1.4603960396039604,1.7326732673267327,1.2772277227722773,115
962195.3613861386,2005.6831683168316,43.18811881188119,1.99009900990099,1.2772277227722773,2.9702970297029703,1.4603960396039604,1.7326732673267327,1.2772277227722773,88
962195.3613861386,2005.6831683168316,43.18811881188119,1.99009900990099,1.2772277227722773,2.9702970297029703,1.4603960396039604,1.7326732673267327,1.2772277227722773,135
962195.3613861386,2005.6831683168316,43.18811881188119,1.99009900990099,1.2772277227722773,2.9702970297029703,1.4603960396039604,1.7326732673267327,1.2772277227722773,100
962195.3613861386,2005.6831683168316,43.18811881188119,1.99009900990099,1.2772277227722773,2.9702970297029703,1.4603960396039604,1.7326732673267327,1.2772277227722773,161
962195.3613861386,2005.6831683168316,43.18811881188119,1.99009900990099,1.2772277227722773,2.9702970297029703,1.4603960396039604,1.7326732673267327,1.2772277227722773,64
962195.3613861386,2005.6831683168316,43.18811881188119,1.99009900990099,1.2772277227722773,2.9702970297029703,1.4603960396039604,1.7326732673267327,1.2772277227722773,60
962195.3613861386,2005.6831683168316,43.18811881188119,1.99009900990099,1.2772277227722773,2.9702970297029703,1.4603960396039604,1.7326732673267327,1.2772277227722773,84
962195.3613861386,2005.6831683168316,43.18811881188119,1.99009900990099,1.2772277227722773,2.9702970297029703,1.4603960396039604,1.7326732673267327,1.2772277227722773,81
962195.3613861386,2005.6831683168316,43.18811881188119,1.99009900990099,1.2772277227722773,2.9702970297029703,1.4603960396039604,1.7326732673267327,1.2772277227722773,119
962195.3613861386,2005.6831683168316,43.18811881188119,1.99009900990099,1.2772277227722773,2.9702970297029703,1.4603960396039604,1.7326732673267327,1.2772277227722773,59
962195.3613861386,2005.6831683168316,43.18811881188119,1.99009900990099,1.2772277227722773,2.9702970297029703,1.4603960396039604,1.7326732673267327,1.2772277227722773,94
962195.3613861386,2005.6831683168316,43.18811881188119,1.99009900990099,1.2772277227722773,2.9702970297029703,1.4603960396039604,1.7326732673267327,1.2772277227722773,95
962195.3613861386,2005.6831683168316,43.18811881188119,1.99009900990099,1.2772277227722773,2.9702970297029703,1.4603960396039604,1.7326732673267327,1.2772277227722773,116
962195.3613861386,2005.6831683168316,43.18811881188119,1.99009900990099,1.2772277227722773,2.9702970297029703,1.4603960396039604,1.7326732673267327,1.2772277227722773,123
962195.3613861386,2005.6831683168316,43.18811881188119,1.99009900990099,1.2772277227722773,2.9702970297029703,1.4603960396039604,1.7326732673267327,1.2772277227722773,132
962195.3613861386,2005.6831683168316,43.18811881188119,1.99009900990099,1.2772277227722773,2.9702970297029703,1.4603960396039604,1.7326732673267327,1.2772277227722773,56
962195.3613861386,2005.6831683168316,43.18811881188119,1.99009900990099,1.2772277227722773,2.9702970297029703,1.4603960396039604,1.7326732673267327,1.2772277227722773,81
962195.3613861386,2005.6831683168316,43.18811881188119,1.99009900990099,1.2772277227722773,2.9702970297029703,1.4603960396039604,1.7326732673267327,1.2772277227722773,110
962195.3613861386,2005.6831683168316,43.18811881188119,1.99009900990099,1.2772277227722773,2.9702970297029703,1.4603960396039604,1.7326732673267327,1.2772277227722773,119
962195.3613861386,2005.6831683168316,43.18811881188119,1.99009900990099,1.2772277227722773,2.9702970297029703,1.4603960396039604,1.7326732673267327,1.2772277227722773,105
962195.3613861386,2005.6831683168316,43.18811881188119,1.99009900990099,1.2772277227722773,2.9702970297029703,1.4603960396039604,1.7326732673267327,1.2772277227722773,100
962195.3613861386,2005.6831683168316,43.18811881188119,1.99009900990099,1.2772277227722773,2.9702970297029703,1.4603960396039604,1.7326732673267327,1.2772277227722773,68
962195.3613861386,2005.6831683168316,43.18811881188119,1.99009900990099,1.2772277227722773,2.9702970297029703,1.4603960396039604,1.7326732673267327,1.2772277227722773,108
962195.3613861386,2005.6831683168316,43.18811881188119,1.99009900990099,1.2772277227722773,2.9702970297029703,1.4603960396039604,1.7326732673267327,1.2772277227722773,83
962195.3613861386,2005.6831683168316,43.18811881188119,1.99009900990099,1.2772277227722773,2.9702970297029703,1.4603960396039604,1.7326732673267327,1.2772277227722773,94
962195.3613861386,2005.6831683168316,43.18811881188119,1.99009900990099,1.2772277227722773,2.9702970297029703,1.4603960396039604,1.7326732673267327,1.2772277227722773,123
962195.3613861386,2005.6831683168316,43.18811881188119,1.99009900990099,1.2772277227722773,2.9702970297029703,1.4603960396039604,1.7326732673267327,1.2772277227722773,148
962195.3613861386,2005.6831683168316,43.18811881188119,1.99009900990099,1.2772277227722773,2.9702970297029703,1.4603960396039604,1.7326732673267327,1.2772277227722773,131
962195.3613861386,2005.6831683168316,43.18811881188119,1.99009900990099,1.2772277227722773,2.9702970297029703,1.4603960396039604,1.7326732673267327,1.2772277227722773,88
962195.3613861386,2005.6831683168316,43.18811881188119,1.99009900990099,1.2772277227722773,2.9702970297029703,1.4603960396039604,1.7326732673267327,1.2772277227722773,177
962195.3613861386,2005.6831683168316,43.18811881188119,1.99009900990099,1.2772277227722773,2.9702970297029703,1.4603960396039604,1.7326732673267327,1.2772277227722773,155
962195.3613861386,2005.6831683168316,43.18811881188119,1.99009900990099,1.2772277227722773,2.9702970297029703,1.4603960396039604,1.7326732673267327,1.2772277227722773,65
962195.3613861386,2005.6831683168316,43.18811881188119,1.99009900990099,1.2772277227722773,2.9702970297029703,1.4603960396039604,1.7326732673267327,1.2772277227722773,135
962195.3613861386,2005.6831683168316,43.18811881188119,1.99009900990099,1.2772277227722773,2.9702970297029703,1.4603960396039604,1.7326732673267327,1.2772277227722773,106
962195.3613861386,2005.6831683168316,43.18811881188119,1.99009900990099,1.2772277227722773,2.9702970297029703,1.4603960396039604,1.7326732673267327,1.2772277227722773,161
962195.3613861386,2005.6831683168316,43.18811881188119,1.99009900990099,1.2772277227722773,2.9702970297029703,1.4603960396039604,1.7326732673267327,1.2772277227722773,117
962195.3613861386,2005.6831683168316,43.18811881188119,1.99009900990099,1.2772277227722773,2.9702970297029703,1.4603960396039604,1.7326732673267327,1.2772277227722773,142
962195.3613861386,2005.6831683168316,43.18811881188119,1.99009900990099,1.2772277227722773,2.9702970297029703,1.4603960396039604,1.7326732673267327,1.2772277227722773,57
962195.3613861386,2005.6831683168316,43.18811881188119,1.99009900990099,1.2772277227722773,2.9702970297029703,1.4603960396039604,1.7326732673267327,1.2772277227722773,50
962195.3613861386,2005.6831683168316,43.18811881188119,1.99009900990099,1.2772277227722773,2.9702970297029703,1.4603960396039604,1.7326732673267327,1.2772277227722773,44
962195.3613861386,2005.6831683168316,43.18811881188119,1.99009900990099,1.2772277227722773,2.9702970297029703,1.4603960396039604,1.7326732673267327,1.2772277227722773,110
962195.3613861386,2005.6831683168316,43.18811881188119,1.99009900990099,1.2772277227722773,2.9702970297029703,1.4603960396039604,1.7326732673267327,1.2772277227722773,102
962195.3613861386,2005.6831683168316,43.18811881188119,1.99009900990099,1.2772277227722773,2.9702970297029703,1.4603960396039604,1.7326732673267327,1.2772277227722773,152
962195.3613861386,2005.6831683168316,43.18811881188119,1.99009900990099,1.2772277227722773,2.9702970297029703,1.4603960396039604,1.7326732673267327,1.2772277227722773,124
962195.3613861386,2005.6831683168316,43.18811881188119,1.99009900990099,1.2772277227722773,2.9702970297029703,1.4603960396039604,1.7326732673267327,1.2772277227722773,150
962195.3613861386,2005.6831683168316,43.18811881188119,1.99009900990099,1.2772277227722773,2.9702970297029703,1.4603960396039604,1.7326732673267327,1.2772277227722773,71
962195.3613861386,2005.6831683168316,43.18811881188119,1.99009900990099,1.2772277227722773,2.9702970297029703,1.4603960396039604,1.7326732673267327,1.2772277227722773,112
962195.3613861386,2005.6831683168316,43.18811881188119,1.99009900990099,1.2772277227722773,2.9702970297029703,1.4603960396039604,1.7326732673267327,1.2772277227722773,143
962195.3613861386,2005.6831683168316,43.18811881188119,1.99009900990099,1.2772277227722773,2.9702970297029703,1.4603960396039604,1.7326732673267327,1.2772277227722773,85
962195.3613861386,2005.6831683168316,43.18811881188119,1.99009900990099,1.2772277227722773,2.9702970297029703,1.4603960396039604,1.7326732673267327,1.2772277227722773,277
962195.3613861386,2005.6831683168316,43.18811881188119,1.99009900990099,1.2772277227722773,2.9702970297029703,1.4603960396039604,1.7326732673267327,1.2772277227722773,104
962195.3613861386,2005.6831683168316,43.18811881188119,1.99009900990099,1.2772277227722773,2.9702970297029703,1.4603960396039604,1.7326732673267327,1.2772277227722773,55
962195.3613861386,2005.6831683168316,43.18811881188119,1.99009900990099,1.2772277227722773,2.9702970297029703,1.4603960396039604,1.7326732673267327,1.2772277227722773,106
962195.3613861386,2005.6831683168316,43.18811881188119,1.99009900990099,1.2772277227722773,2.9702970297029703,1.4603960396039604,1.7326732673267327,1.2772277227722773,147
962195.3613861386,2005.6831683168316,43.18811881188119,1.99009900990099,1.2772277227722773,2.9702970297029703,1.4603960396039604,1.7326732673267327,1.2772277227722773,112
962195.3613861386,2005.6831683168316,43.18811881188119,1.99009900990099,1.2772277227722773,2.9702970297029703,1.4603960396039604,1.7326732673267327,1.2772277227722773,117
962195.3613861386,2005.6831683168316,43.18811881188119,1.99009900990099,1.2772277227722773,2.9702970297029703,1.4603960396039604,1.7326732673267327,1.2772277227722773,87
962195.3613861386,2005.6831683168316,43.18811881188119,1.99009900990099,1.2772277227722773,2.9702970297029703,1.4603960396039604,1.7326732673267327,1.2772277227722773,118
962195.3613861386,2005.6831683168316,43.18811881188119,1.99009900990099,1.2772277227722773,2.9702970297029703,1.4603960396039604,1.7326732673267327,1.2772277227722773,76
962195.3613861386,2005.6831683168316,43.18811881188119,1.99009900990099,1.2772277227722773,2.9702970297029703,1.4603960396039604,1.7326732673267327,1.2772277227722773,182
962195.3613861386,2005.6831683168316,43.18811881188119,1.99009900990099,1.2772277227722773,2.9702970297029703,1.4603960396039604,1.7326732673267327,1.2772277227722773,114
962195.3613861386,2005.6831683168316,43.18811881188119,1.99009900990099,1.2772277227722773,2.9702970297029703,1.4603960396039604,1.7326732673267327,1.2772277227722773,93
962195.3613861386,2005.6831683168316,43.18811881188119,1.99009900990099,1.2772277227722773,2.9702970297029703,1.4603960396039604,1.7326732673267327,1.2772277227722773,119
962195.3613861386,2005.6831683168316,43.18811881188119,1.99009900990099,1.2772277227722773,2.9702970297029703,1.4603960396039604,1.7326732673267327,1.2772277227722773,105
962195.3613861386,2005.6831683168316,43.18811881188119,1.99009900990099,1.2772277227722773,2.9702970297029703,1.4603960396039604,1.7326732673267327,1.2772277227722773,148
962195.3613861386,2005.6831683168316,43.18811881188119,1.99009900990099,1.2772277227722773,2.9702970297029703,1.4603960396039604,1.7326732673267327,1.2772277227722773,108
962195.3613861386,2005.6831683168316,43.18811881188119,1.99009900990099,1.2772277227722773,2.9702970297029703,1.4603960396039604,1.7326732673267327,1.2772277227722773,62
962195.3613861386,2005.6831683168316,43.18811881188119,1.99009900990099,1.2772277227722773,2.9702970297029703,1.4603960396039604,1.7326732673267327,1.2772277227722773,201
962195.3613861386,2005.6831683168316,43.18811881188119,1.99009900990099,1.2772277227722773,2.9702970297029703,1.4603960396039604,1.7326732673267327,1.2772277227722773,127
962195.3613861386,2005.6831683168316,43.18811881188119,1.99009900990099,1.2772277227722773,2.9702970297029703,1.4603960396039604,1.7326732673267327,1.2772277227722773,89
962195.3613861386,2005.6831683168316,43.18811881188119,1.99009900990099,1.2772277227722773,2.9702970297029703,1.4603960396039604,1.7326732673267327,1.2772277227722773,100
962195.3613861386,2005.6831683168316,43.18811881188119,1.99009900990099,1.2772277227722773,2.9702970297029703,1.4603960396039604,1.7326732673267327,1.2772277227722773,145
962195.3613861386,2005.6831683168316,43.18811881188119,1.99009900990099,1.2772277227722773,2.9702970297029703,1.4603960396039604,1.7326732673267327,1.2772277227722773,110
962195.3613861386,2005.6831683168316,43.18811881188119,1.99009900990099,1.2772277227722773,2.9702970297029703,1.4603960396039604,1.7326732673267327,1.2772277227722773,48
962195.3613861386,2005.6831683168316,43.18811881188119,1.99009900990099,1.2772277227722773,2.9702970297029703,1.4603960396039604,1.7326732673267327,1.2772277227722773,94
962195.3613861386,2005.6831683168316,43.18811881188119,1.99009900990099,1.2772277227722773,2.9702970297029703,1.4603960396039604,1.7326732673267327,1.2772277227722773,123
962195.3613861386,2005.6831683168316,43.18811881188119,1.99009900990099,1.2772277227722773,2.9702970297029703,1.4603960396039604,1.7326732673267327,1.2772277227722773,88
962195.3613861386,2005.6831683168316,43.18811881188119,1.99009900990099,1.2772277227722773,2.9702970297029703,1.4603960396039604,1.7326732673267327,1.2772277227722773,81
962195.3613861386,2005.6831683168316,43.18811881188119,1.99009900990099,1.2772277227722773,2.9702970297029703,1.4603960396039604,1.7326732673267327,1.2772277227722773,144
962195.3613861386,2005.6831683168316,43.18811881188119,1.99009900990099,1.2772277227722773,2.9702970297029703,1.4603960396039604,1.7326732673267327,1.2772277227722773,75
962195.3613861386,2005.6831683168316,43.18811881188119,1.99009900990099,1.2772277227722773,2.9702970297029703,1.4603960396039604,1.7326732673267327,1.2772277227722773,142
962195.3613861386,2005.6831683168316,43.18811881188119,1.99009900990099,1.2772277227722773,2.9702970297029703,1.4603960396039604,1.7326732673267327,1.2772277227722773,74
1037397.5875,2005.884375,41.6875,2.01875,1.278125,2.953125,1.49375,1.69375,1.275,81
1037397.5875,2005.884375,41.6875,2.01875,1.278125,2.953125,1.49375,1.69375,1.275,119
1037397.5875,2005.884375,41.6875,2.01875,1.278125,2.953125,1.49375,1.69375,1.275,111
1037397.5875,2005.884375,41.6875,2.01875,1.278125,2.953125,1.49375,1.69375,1.275,155
1037397.5875,2005.884375,41.6875,2.01875,1.278125,2.953125,1.49375,1.69375,1.275,116
1037397.5875,2005.884375,41.6875,2.01875,1.278125,2.953125,1.49375,1.69375,1.275,70
1037397.5875,2005.884375,41.6875,2.01875,1.278125,2.953125,1.49375,1.69375,1.275,132
1037397.5875,2005.884375,41.6875,2.01875,1.278125,2.953125,1.49375,1.69375,1.275,83
1037397.5875,2005.884375,41.6875,2.01875,1.278125,2.953125,1.49375,1.69375,1.275,135
1037397.5875,2005.884375,41.6875,2.01875,1.278125,2.953125,1.49375,1.69375,1.275,90
1037397.5875,2005.884375,41.6875,2.01875,1.278125,2.953125,1.49375,1.69375,1.275,96
1037397.5875,2005.884375,41.6875,2.01875,1.278125,2.953125,1.49375,1.69375,1.275,75
1037397.5875,2005.884375,41.6875,2.01875,1.278125,2.953125,1.49375,1.69375,1.275,148
1037397.5875,2005.884375,41.6875,2.01875,1.278125,2.953125,1.49375,1.69375,1.275,164
1037397.5875,2005.884375,41.6875,2.01875,1.278125,2.953125,1.49375,1.69375,1.275,131
1037397.5875,2005.884375,41.6875,2.01875,1.278125,2.953125,1.49375,1.69375,1.275,115
1037397.5875,2005.884375,41.6875,2.01875,1.278125,2.953125,1.49375,1.69375,1.275,278
1037397.5875,2005.884375,41.6875,2.01875,1.278125,2.953125,1.49375,1.69375,1.275,85
1037397.5875,2005.884375,41.6875,2.01875,1.278125,2.953125,1.49375,1.69375,1.275,59
1037397.5875,2005.884375,41.6875,2.01875,1.278125,2.953125,1.49375,1.69375,1.275,65
1037397.5875,2005.884375,41.6875,2.01875,1.278125,2.953125,1.49375,1.69375,1.275,81
1037397.5875,2005.884375,41.6875,2.01875,1.278125,2.953125,1.49375,1.69375,1.275,172
1037397.5875,2005.884375,41.6875,2.01875,1.278125,2.953125,1.49375,1.69375,1.275,136
1037397.5875,2005.884375,41.6875,2.01875,1.278125,2.953125,1.49375,1.69375,1.275,201
1037397.5875,2005.884375,41.6875,2.01875,1.278125,2.953125,1.49375,1.69375,1.275,94
1037397.5875,2005.884375,41.6875,2.01875,1.278125,2.953125,1.49375,1.69375,1.275,114
1037397.5875,2005.884375,41.6875,2.01875,1.278125,2.953125,1.49375,1.69375,1.275,110
1037397.5875,2005.884375,41.6875,2.01875,1.278125,2.953125,1.49375,1.69375,1.275,127
1037397.5875,2005.884375,41.6875,2.01875,1.278125,2.953125,1.49375,1.69375,1.275,119
1037397.5875,2005.884375,41.6875,2.01875,1.278125,2.953125,1.49375,1.69375,1.275,89
1037397.5875,2005.884375,41.6875,2.01875,1.278125,2.953125,1.49375,1.69375,1.275,88
1037397.5875,2005.884375,41.6875,2.01875,1.278125,2.953125,1.49375,1.69375,1.275,74
1037397.5875,2005.884375,41.6875,2.01875,1.278125,2.953125,1.49375,1.69375,1.275,137
1037397.5875,2005.884375,41.6875,2.01875,1.278125,2.953125,1.49375,1.69375,1.275,148
1037397.5875,2005.884375,41.6875,2.01875,1.278125,2.953125,1.49375,1.69375,1.275,84
1037397.5875,2005.884375,41.6875,2.01875,1.278125,2.953125,1.49375,1.69375,1.275,92
1037397.5875,2005.884375,41.6875,2.01875,1.278125,2.953125,1.49375,1.69375,1.275,100
1037397.5875,2005.884375,41.6875,2.01875,1.278125,2.953125,1.49375,1.69375,1.275,80
1037397.5875,2005.884375,41.6875,2.01875,1.278125,2.953125,1.49375,1.69375,1.275,177
1037397.5875,2005.884375,41.6875,2.01875,1.278125,2.953125,1.49375,1.69375,1.275,128
1037397.5875,2005.884375,41.6875,2.01875,1.278125,2.953125,1.49375,1.69375,1.275,142
1037397.5875,2005.884375,41.6875,2.01875,1.278125,2.953125,1.49375,1.69375,1.275,77
1037397.5875,2005.884375,41.6875,2.01875,1.278125,2.953125,1.49375,1.69375,1.275,161
1037397.5875,2005.884375,41.6875,2.01875,1.278125,2.953125,1.49375,1.69375,1.275,95
1037397.5875,2005.884375,41.6875,2.01875,1.278125,2.953125,1.49375,1.69375,1.275,119
1037397.5875,2005.884375,41.6875,2.01875,1.278125,2.953125,1.49375,1.69375,1.275,74
1037397.5875,2005.884375,41.6875,2.01875,1.278125,2.953125,1.49375,1.69375,1.275,100
1037397.5875,2005.884375,41.6875,2.01875,1.278125,2.953125,1.49375,1.69375,1.275,94
1037397.5875,2005.884375,41.6875,2.01875,1.278125,2.953125,1.49375,1.69375,1.275,103
1037397.5875,2005.884375,41.6875,2.01875,1.278125,2.953125,1.49375,1.69375,1.275,114
1037397.5875,2005.884375,41.6875,2.01875,1.278125,2.953125,1.49375,1.69375,1.275,93
1037397.5875,2005.884375,41.6875,2.01875,1.278125,2.953125,1.49375,1.69375,1.275,110
1037397.5875,2005.884375,41.6875,2.01875,1.278125,2.953125,1.49375,1.69375,1.275,102
1037397.5875,2005.884375,41.6875,2.01875,1.278125,2.953125,1.49375,1.69375,1.275,106
1037397.5875,2005.884375,41.6875,2.01875,1.278125,2.953125,1.49375,1.69375,1.275,88
1037397.5875,2005.884375,41.6875,2.01875,1.278125,2.953125,1.49375,1.69375,1.275,127
1037397.5875,2005.884375,41.6875,2.01875,1.278125,2.953125,1.49375,1.69375,1.275,72
1037397.5875,2005.884375,41.6875,2.01875,1.278125,2.953125,1.49375,1.69375,1.275,113
1037397.5875,2005.884375,41.6875,2.01875,1.278125,2.953125,1.49375,1.69375,1.275,105
1037397.5875,2005.884375,41.6875,2.01875,1.278125,2.953125,1.49375,1.69375,1.275,123
1037397.5875,2005.884375,41.6875,2.01875,1.278125,2.953125,1.49375,1.69375,1.275,100
1037397.5875,2005.884375,41.6875,2.01875,1.278125,2.953125,1.49375,1.69375,1.275,81
1037397.5875,2005.884375,41.6875,2.01875,1.278125,2.953125,1.49375,1.69375,1.275,127
1037397.5875,2005.884375,41.6875,2.01875,1.278125,2.953125,1.49375,1.69375,1.275,119
1037397.5875,2005.884375,41.6875,2.01875,1.278125,2.953125,1.49375,1.69375,1.275,89
1037397.5875,2005.884375,41.6875,2.01875,1.278125,2.953125,1.49375,1.69375,1.275,129
1037397.5875,2005.884375,41.6875,2.01875,1.278125,2.953125,1.49375,1.69375,1.275,101
1037397.5875,2005.884375,41.6875,2.01875,1.278125,2.953125,1.49375,1.69375,1.275,177
1037397.5875,2005.884375,41.6875,2.01875,1.278125,2.953125,1.49375,1.69375,1.275,65
1037397.5875,2005.884375,41.6875,2.01875,1.278125,2.953125,1.49375,1.69375,1.275,145
1037397.5875,2005.884375,41.6875,2.01875,1.278125,2.953125,1.49375,1.69375,1.275,282
1037397.5875,2005.884375,41.6875,2.01875,1.278125,2.953125,1.49375,1.69375,1.275,110
1037397.5875,2005.884375,41.6875,2.01875,1.278125,2.953125,1.49375,1.69375,1.275,92
1037397.5875,2005.884375,41.6875,2.01875,1.278125,2.953125,1.49375,1.69375,1.275,105
1037397.5875,2005.884375,41.6875,2.01875,1.278125,2.953125,1.49375,1.69375,1.275,106
1037397.5875,2005.884375,41.6875,2.01875,1.278125,2.953125,1.49375,1.69375,1.275,90
1037397.5875,2005.884375,41.6875,2.01875,1.278125,2.953125,1.49375,1.69375,1.275,119
1037397.5875,2005.884375,41.6875,2.01875,1.278125,2.953125,1.49375,1.69375,1.275,80
1037397.5875,2005.884375,41.6875,2.01875,1.278125,2.953125,1.49375,1.69375,1.275,50
1037397.5875,2005.884375,41.6875,2.01875,1.278125,2.953125,1.49375,1.69375,1.275,161
1037397.5875,2005.884375,41.6875,2.01875,1.278125,2.953125,1.49375,1.69375,1.275,95
1037397.5875,2005.884375,41.6875,2.01875,1.278125,2.953125,1.49375,1.69375,1.275,88
1037397.5875,2005.884375,41.6875,2.01875,1.278125,2.953125,1.49375,1.69375,1.275,81
1037397.5875,2005.884375,41.6875,2.01875,1.278125,2.953125,1.49375,1.69375,1.275,110
1037397.5875,2005.884375,41.6875,2.01875,1.278125,2.953125,1.49375,1.69375,1.275,142
1037397.5875,2005.884375,41.6875,2.01875,1.278125,2.953125,1.49375,1.69375,1.275,135
1037397.5875,2005.884375,41.6875,2.01875,1.278125,2.953125,1.49375,1.69375,1.275,97
1037397.5875,2005.884375,41.6875,2.01875,1.278125,2.953125,1.49375,1.69375,1.275,88
1037397.5875,2005.884375,41.6875,2.01875,1.278125,2.953125,1.49375,1.69375,1.275,104
1037397.5875,2005.884375,41.6875,2.01875,1.278125,2.953125,1.49375,1.69375,1.275,148
1037397.5875,2005.884375,41.6875,2.01875,1.278125,2.953125,1.49375,1.69375,1.275,87
1037397.5875,2005.884375,41.6875,2.01875,1.278125,2.953125,1.49375,1.69375,1.275,70
1037397.5875,2005.884375,41.6875,2.01875,1.278125,2.953125,1.49375,1.69375,1.275,131
1037397.5875,2005.884375,41.6875,2.01875,1.278125,2.953125,1.49375,1.69375,1.275,77
1037397.5875,2005.884375,41.6875,2.01875,1.278125,2.953125,1.49375,1.69375,1.275,75
1037397.5875,2005.884375,41.6875,2.01875,1.278125,2.953125,1.49375,1.69375,1.275,127
1037397.5875,2005.884375,41.6875,2.01875,1.278125,2.953125,1.49375,1.69375,1.275,102
1037397.5875,2005.884375,41.6875,2.01875,1.278125,2.953125,1.49375,1.69375,1.275,71
1037397.5875,2005.884375,41.6875,2.01875,1.278125,2.953125,1.49375,1.69375,1.275,74
1037397.5875,2005.884375,41.6875,2.01875,1.278125,2.953125,1.49375,1.69375,1.275,155
1037397.5875,2005.884375,41.6875,2.01875,1.278125,2.953125,1.49375,1.69375,1.275,114
1037397.5875,2005.884375,41.6875,2.01875,1.278125,2.953125,1.49375,1.69375,1.275,148
1037397.5875,2005.884375,41.6875,2.01875,1.278125,2.953125,1.49375,1.69375,1.275,94
1037397.5875,2005.884375,41.6875,2.01875,1.278125,2.953125,1.49375,1.69375,1.275,100
1037397.5875,2005.884375,41.6875,2.01875,1.278125,2.953125,1.49375,1.69375,1.275,85
1037397.5875,2005.884375,41.6875,2.01875,1.278125,2.953125,1.49375,1.69375,1.275,83
1037397.5875,2005.884375,41.6875,2.01875,1.278125,2.953125,1.49375,1.69375,1.275,72
1037397.5875,2005.884375,41.6875,2.01875,1.278125,2.953125,1.49375,1.69375,1.275,153
1037397.5875,2005.884375,41.6875,2.01875,1.278125,2.953125,1.49375,1.69375,1.275,84
1037397.5875,2005.884375,41.6875,2.01875,1.278125,2.953125,1.49375,1.69375,1.275,94
1037397.5875,2005.884375,41.6875,2.01875,1.278125,2.953125,1.49375,1.69375,1.275,94
1037397.5875,2005.884375,41.6875,2.01875,1.278125,2.953125,1.49375,1.69375,1.275,142
1037397.5875,2005.884375,41.6875,2.01875,1.278125,2.953125,1.49375,1.69375,1.275,133
1037397.5875,2005.884375,41.6875,2.01875,1.278125,2.953125,1.49375,1.69375,1.275,148
1037397.5875,2005.884375,41.6875,2.01875,1.278125,2.953125,1.49375,1.69375,1.275,148
1037397.5875,2005.884375,41.6875,2.01875,1.278125,2.953125,1.49375,1.69375,1.275,77
1037397.5875,2005.884375,41.6875,2.01875,1.278125,2.953125,1.49375,1.69375,1.275,112
1037397.5875,2005.884375,41.6875,2.01875,1.278125,2.953125,1.49375,1.69375,1.275,57
1037397.5875,2005.884375,41.6875,2.01875,1.278125,2.953125,1.49375,1.69375,1.275,81
1037397.5875,2005.884375,41.6875,2.01875,1.278125,2.953125,1.49375,1.69375,1.275,110
1037397.5875,2005.884375,41.6875,2.01875,1.278125,2.953125,1.49375,1.69375,1.275,143
1037397.5875,2005.884375,41.6875,2.01875,1.278125,2.953125,1.49375,1.69375,1.275,110
1037397.5875,2005.884375,41.6875,2.01875,1.278125,2.953125,1.49375,1.69375,1.275,144
1037397.5875,2005.884375,41.6875,2.01875,1.278125,2.953125,1.49375,1.69375,1.275,138
1037397.5875,2005.884375,41.6875,2.01875,1.278125,2.953125,1.49375,1.69375,1.275,127
1037397.5875,2005.884375,41.6875,2.01875,1.278125,2.953125,1.49375,1.69375,1.275,80
1037397.5875,2005.884375,41.6875,2.01875,1.278125,2.953125,1.49375,1.69375,1.275,95
1037397.5875,2005.884375,41.6875,2.01875,1.278125,2.953125,1.49375,1.69375,1.275,145
1037397.5875,2005.884375,41.6875,2.01875,1.278125,2.953125,1.49375,1.69375,1.275,119
1037397.5875,2005.884375,41.6875,2.01875,1.278125,2.953125,1.49375,1.69375,1.275,97
1037397.5875,2005.884375,41.6875,2.01875,1.278125,2.953125,1.49375,1.69375,1.275,75
1037397.5875,2005.884375,41.6875,2.01875,1.278125,2.953125,1.49375,1.69375,1.275,99
1037397.5875,2005.884375,41.6875,2.01875,1.278125,2.953125,1.49375,1.69375,1.275,55
1037397.5875,2005.884375,41.6875,2.01875,1.278125,2.953125,1.49375,1.69375,1.275,129
1037397.5875,2005.884375,41.6875,2.01875,1.278125,2.953125,1.49375,1.69375,1.275,101
1037397.5875,2005.884375,41.6875,2.01875,1.278125,2.953125,1.49375,1.69375,1.275,87
1037397.5875,2005.884375,41.6875,2.01875,1.278125,2.953125,1.49375,1.69375,1.275,135
1037397.5875,2005.884375,41.6875,2.01875,1.278125,2.953125,1.49375,1.69375,1.275,88
1037397.5875,2005.884375,41.6875,2.01875,1.278125,2.953125,1.49375,1.69375,1.275,90
1037397.5875,2005.884375,41.6875,2.01875,1.278125,2.953125,1.49375,1.69375,1.275,105
1037397.5875,2005.884375,41.6875,2.01875,1.278125,2.953125,1.49375,1.69375,1.275,104
1037397.5875,2005.884375,41.6875,2.01875,1.278125,2.953125,1.49375,1.69375,1.275,74
1037397.5875,2005.884375,41.6875,2.01875,1.278125,2.953125,1.49375,1.69375,1.275,109
1037397.5875,2005.884375,41.6875,2.01875,1.278125,2.953125,1.49375,1.69375,1.275,166
1037397.5875,2005.884375,41.6875,2.01875,1.278125,2.953125,1.49375,1.69375,1.275,100
1037397.5875,2005.884375,41.6875,2.01875,1.278125,2.953125,1.49375,1.69375,1.275,88
1037397.5875,2005.884375,41.6875,2.01875,1.278125,2.953125,1.49375,1.69375,1.275,100
1037397.5875,2005.884375,41.6875,2.01875,1.278125,2.953125,1.49375,1.69375,1.275,121
1037397.5875,2005.884375,41.6875,2.01875,1.278125,2.953125,1.49375,1.69375,1.275,123
1037397.5875,2005.884375,41.6875,2.01875,1.278125,2.953125,1.49375,1.69375,1.275,105
1037397.5875,2005.884375,41.6875,2.01875,1.278125,2.953125,1.49375,1.69375,1.275,119
1037397.5875,2005.884375,41.6875,2.01875,1.278125,2.953125,1.49375,1.69375,1.275,152
1037397.5875,2005.884375,41.6875,2.01875,1.278125,2.953125,1.49375,1.69375,1.275,81
1037397.5875,2005.884375,41.6875,2.01875,1.278125,2.953125,1.49375,1.69375,1.275,89
1037397.5875,2005.884375,41.6875,2.01875,1.278125,2.953125,1.49375,1.69375,1.275,131
1037397.5875,2005.884375,41.6875,2.01875,1.278125,2.953125,1.49375,1.69375,1.275,114
1037397.5875,2005.884375,41.6875,2.01875,1.278125,2.953125,1.49375,1.69375,1.275,148
1037397.5875,2005.884375,41.6875,2.01875,1.278125,2.953125,1.49375,1.69375,1.275,182
1037397.5875,2005.884375,41.6875,2.01875,1.278125,2.953125,1.49375,1.69375,1.275,126
1037397.5875,2005.884375,41.6875,2.01875,1.278125,2.953125,1.49375,1.69375,1.275,268
1037397.5875,2005.884375,41.6875,2.01875,1.278125,2.953125,1.49375,1.69375,1.275,121
1037397.5875,2005.884375,41.6875,2.01875,1.278125,2.953125,1.49375,1.69375,1.275,105
1037397.5875,2005.884375,41.6875,2.01875,1.278125,2.953125,1.49375,1.69375,1.275,78
1037397.5875,2005.884375,41.6875,2.01875,1.278125,2.953125,1.49375,1.69375,1.275,76
1037397.5875,2005.884375,41.6875,2.01875,1.278125,2.953125,1.49375,1.69375,1.275,69
1037397.5875,2005.884375,41.6875,2.01875,1.278125,2.953125,1.49375,1.69375,1.275,112
1037397.5875,2005.884375,41.6875,2.01875,1.278125,2.953125,1.49375,1.69375,1.275,133
1037397.5875,2005.884375,41.6875,2.01875,1.278125,2.953125,1.49375,1.69375,1.275,97
1037397.5875,2005.884375,41.6875,2.01875,1.278125,2.953125,1.49375,1.69375,1.275,110
1037397.5875,2005.884375,41.6875,2.01875,1.278125,2.953125,1.49375,1.69375,1.275,74
1037397.5875,2005.884375,41.6875,2.01875,1.278125,2.953125,1.49375,1.69375,1.275,89
1037397.5875,2005.884375,41.6875,2.01875,1.278125,2.953125,1.49375,1.69375,1.275,75
1037397.5875,2005.884375,41.6875,2.01875,1.278125,2.953125,1.49375,1.69375,1.275,135
1037397.5875,2005.884375,41.6875,2.01875,1.278125,2.953125,1.49375,1.69375,1.275,119
1037397.5875,2005.884375,41.6875,2.01875,1.278125,2.953125,1.49375,1.69375,1.275,95
1037397.5875,2005.884375,41.6875,2.01875,1.278125,2.953125,1.49375,1.69375,1.275,99
1037397.5875,2005.884375,41.6875,2.01875,1.278125,2.953125,1.49375,1.69375,1.275,119
1037397.5875,2005.884375,41.6875,2.01875,1.278125,2.953125,1.49375,1.69375,1.275,81
1037397.5875,2005.884375,41.6875,2.01875,1.278125,2.953125,1.49375,1.69375,1.275,124
1037397.5875,2005.884375,41.6875,2.01875,1.278125,2.953125,1.49375,1.69375,1.275,138
1037397.5875,2005.884375,41.6875,2.01875,1.278125,2.953125,1.49375,1.69375,1.275,110
1037397.5875,2005.884375,41.6875,2.01875,1.278125,2.953125,1.49375,1.69375,1.275,277
1037397.5875,2005.884375,41.6875,2.01875,1.278125,2.953125,1.49375,1.69375,1.275,88
1037397.5875,2005.884375,41.6875,2.01875,1.278125,2.953125,1.49375,1.69375,1.275,114
1037397.5875,2005.884375,41.6875,2.01875,1.278125,2.953125,1.49375,1.69375,1.275,129
1037397.5875,2005.884375,41.6875,2.01875,1.278125,2.953125,1.49375,1.69375,1.275,123
1037397.5875,2005.884375,41.6875,2.01875,1.278125,2.953125,1.49375,1.69375,1.275,100
1037397.5875,2005.884375,41.6875,2.01875,1.278125,2.953125,1.49375,1.69375,1.275,44
1037397.5875,2005.884375,41.6875,2.01875,1.278125,2.953125,1.49375,1.69375,1.275,68
1037397.5875,2005.884375,41.6875,2.01875,1.278125,2.953125,1.49375,1.69375,1.275,142
1037397.5875,2005.884375,41.6875,2.01875,1.278125,2.953125,1.49375,1.69375,1.275,117
1037397.5875,2005.884375,41.6875,2.01875,1.278125,2.953125,1.49375,1.69375,1.275,65
1037397.5875,2005.884375,41.6875,2.01875,1.278125,2.953125,1.49375,1.69375,1.275,127
1037397.5875,2005.884375,41.6875,2.01875,1.278125,2.953125,1.49375,1.69375,1.275,66
1037397.5875,2005.884375,41.6875,2.01875,1.278125,2.953125,1.49375,1.69375,1.275,108
1037397.5875,2005.884375,41.6875,2.01875,1.278125,2.953125,1.49375,1.69375,1.275,148
1037397.5875,2005.884375,41.6875,2.01875,1.278125,2.953125,1.49375,1.69375,1.275,83
1037397.5875,2005.884375,41.6875,2.01875,1.278125,2.953125,1.49375,1.69375,1.275,102
1037397.5875,2005.884375,41.6875,2.01875,1.278125,2.953125,1.49375,1.69375,1.275,109
1037397.5875,2005.884375,41.6875,2.01875,1.278125,2.953125,1.49375,1.69375,1.275,94
1037397.5875,2005.884375,41.6875,2.01875,1.278125,2.953125,1.49375,1.69375,1.275,100
1037397.5875,2005.884375,41.6875,2.01875,1.278125,2.953125,1.49375,1.69375,1.275,105
1037397.5875,2005.884375,41.6875,2.01875,1.278125,2.953125,1.49375,1.69375,1.275,119
1037397.5875,2005.884375,41.6875,2.01875,1.278125,2.953125,1.49375,1.69375,1.275,118
1037397.5875,2005.884375,41.6875,2.01875,1.278125,2.953125,1.49375,1.69375,1.275,166
1037397.5875,2005.884375,41.6875,2.01875,1.278125,2.953125,1.49375,1.69375,1.275,131
1037397.5875,2005.884375,41.6875,2.01875,1.278125,2.953125,1.49375,1.69375,1.275,81
1037397.5875,2005.884375,41.6875,2.01875,1.278125,2.953125,1.49375,1.69375,1.275,94
1037397.5875,2005.884375,41.6875,2.01875,1.278125,2.953125,1.49375,1.69375,1.275,88
1037397.5875,2005.884375,41.6875,2.01875,1.278125,2.953125,1.49375,1.69375,1.275,55
1037397.5875,2005.884375,41.6875,2.01875,1.278125,2.953125,1.49375,1.69375,1.275,100
1037397.5875,2005.884375,41.6875,2.01875,1.278125,2.953125,1.49375,1.69375,1.275,119
1037397.5875,2005.884375,41.6875,2.01875,1.278125,2.953125,1.49375,1.69375,1.275,65
1037397.5875,2005.884375,41.6875,2.01875,1.278125,2.953125,1.49375,1.69375,1.275,105
1037397.5875,2005.884375,41.6875,2.01875,1.278125,2.953125,1.49375,1.69375,1.275,88
1037397.5875,2005.884375,41.6875,2.01875,1.278125,2.953125,1.49375,1.69375,1.275,100
1037397.5875,2005.884375,41.6875,2.01875,1.278125,2.953125,1.49375,1.69375,1.275,108
1037397.5875,2005.884375,41.6875,2.01875,1.278125,2.953125,1.49375,1.69375,1.275,131
1037397.5875,2005.884375,41.6875,2.01875,1.278125,2.953125,1.49375,1.69375,1.275,81
1037397.5875,2005.884375,41.6875,2.01875,1.278125,2.953125,1.49375,1.69375,1.275,123
1037397.5875,2005.884375,41.6875,2.01875,1.278125,2.953125,1.49375,1.69375,1.275,268
1037397.5875,2005.884375,41.6875,2.01875,1.278125,2.953125,1.49375,1.69375,1.275,158
1037397.5875,2005.884375,41.6875,2.01875,1.278125,2.953125,1.49375,1.69375,1.275,138
1037397.5875,2005.884375,41.6875,2.01875,1.278125,2.953125,1.49375,1.69375,1.275,126
1037397.5875,2005.884375,41.6875,2.01875,1.278125,2.953125,1.49375,1.69375,1.275,88
1037397.5875,2005.884375,41.6875,2.01875,1.278125,2.953125,1.49375,1.69375,1.275,114
1037397.5875,2005.884375,41.6875,2.01875,1.278125,2.953125,1.49375,1.69375,1.275,81
1037397.5875,2005.884375,41.6875,2.01875,1.278125,2.953125,1.49375,1.69375,1.275,88
1037397.5875,2005.884375,41.6875,2.01875,1.278125,2.953125,1.49375,1.69375,1.275,78
1037397.5875,2005.884375,41.6875,2.01875,1.278125,2.953125,1.49375,1.69375,1.275,74
1037397.5875,2005.884375,41.6875,2.01875,1.278125,2.953125,1.49375,1.69375,1.275,110
1037397.5875,2005.884375,41.6875,2.01875,1.278125,2.953125,1.49375,1.69375,1.275,94
1037397.5875,2005.884375,41.6875,2.01875,1.278125,2.953125,1.49375,1.69375,1.275,105
1037397.5875,2005.884375,41.6875,2.01875,1.278125,2.953125,1.49375,1.69375,1.275,121
1037397.5875,2005.884375,41.6875,2.01875,1.278125,2.953125,1.49375,1.69375,1.275,62
1037397.5875,2005.884375,41.6875,2.01875,1.278125,2.953125,1.49375,1.69375,1.275,177
1037397.5875,2005.884375,41.6875,2.01875,1.278125,2.953125,1.49375,1.69375,1.275,114
1037397.5875,2005.884375,41.6875,2.01875,1.278125,2.953125,1.49375,1.69375,1.275,94
1037397.5875,2005.884375,41.6875,2.01875,1.278125,2.953125,1.49375,1.69375,1.275,55
1037397.5875,2005.884375,41.6875,2.01875,1.278125,2.953125,1.49375,1.69375,1.275,100
1037397.5875,2005.884375,41.6875,2.01875,1.278125,2.953125,1.49375,1.69375,1.275,140
1037397.5875,2005.884375,41.6875,2.01875,1.278125,2.953125,1.49375,1.69375,1.275,67
1037397.5875,2005.884375,41.6875,2.01875,1.278125,2.953125,1.49375,1.69375,1.275,100
1037397.5875,2005.884375,41.6875,2.01875,1.278125,2.953125,1.49375,1.69375,1.275,85
1037397.5875,2005.884375,41.6875,2.01875,1.278125,2.953125,1.49375,1.69375,1.275,127
1037397.5875,2005.884375,41.6875,2.01875,1.278125,2.953125,1.49375,1.69375,1.275,102
1037397.5875,2005.884375,41.6875,2.01875,1.278125,2.953125,1.49375,1.69375,1.275,119
1037397.5875,2005.884375,41.6875,2.01875,1.278125,2.953125,1.49375,1.69375,1.275,103
1037397.5875,2005.884375,41.6875,2.01875,1.278125,2.953125,1.49375,1.69375,1.275,119
1037397.5875,2005.884375,41.6875,2.01875,1.278125,2.953125,1.49375,1.69375,1.275,135
1037397.5875,2005.884375,41.6875,2.01875,1.278125,2.953125,1.49375,1.69375,1.275,83
1037397.5875,2005.884375,41.6875,2.01875,1.278125,2.953125,1.49375,1.69375,1.275,112
1037397.5875,2005.884375,41.6875,2.01875,1.278125,2.953125,1.49375,1.69375,1.275,110
1037397.5875,2005.884375,41.6875,2.01875,1.278125,2.953125,1.49375,1.69375,1.275,97
1037397.5875,2005.884375,41.6875,2.01875,1.278125,2.953125,1.49375,1.69375,1.275,117
1037397.5875,2005.884375,41.6875,2.01875,1.278125,2.953125,1.49375,1.69375,1.275,74
1037397.5875,2005.884375,41.6875,2.01875,1.278125,2.953125,1.49375,1.69375,1.275,107
1037397.5875,2005.884375,41.6875,2.01875,1.278125,2.953125,1.49375,1.69375,1.275,129
1037397.5875,2005.884375,41.6875,2.01875,1.278125,2.953125,1.49375,1.69375,1.275,69
1037397.5875,2005.884375,41.6875,2.01875,1.278125,2.953125,1.49375,1.69375,1.275,148
1037397.5875,2005.884375,41.6875,2.01875,1.278125,2.953125,1.49375,1.69375,1.275,139
1037397.5875,2005.884375,41.6875,2.01875,1.278125,2.953125,1.49375,1.69375,1.275,70
1037397.5875,2005.884375,41.6875,2.01875,1.278125,2.953125,1.49375,1.69375,1.275,66
1037397.5875,2005.884375,41.6875,2.01875,1.278125,2.953125,1.49375,1.69375,1.275,61
1037397.5875,2005.884375,41.6875,2.01875,1.278125,2.953125,1.49375,1.69375,1.275,161
1037397.5875,2005.884375,41.6875,2.01875,1.278125,2.953125,1.49375,1.69375,1.275,93
1037397.5875,2005.884375,41.6875,2.01875,1.278125,2.953125,1.49375,1.69375,1.275,80
1037397.5875,2005.884375,41.6875,2.01875,1.278125,2.953125,1.49375,1.69375,1.275,92
1037397.5875,2005.884375,41.6875,2.01875,1.278125,2.953125,1.49375,1.69375,1.275,119
1037397.5875,2005.884375,41.6875,2.01875,1.278125,2.953125,1.49375,1.69375,1.275,108
1037397.5875,2005.884375,41.6875,2.01875,1.278125,2.953125,1.49375,1.69375,1.275,94
1037397.5875,2005.884375,41.6875,2.01875,1.278125,2.953125,1.49375,1.69375,1.275,201
1037397.5875,2005.884375,41.6875,2.01875,1.278125,2.953125,1.49375,1.69375,1.275,100
1037397.5875,2005.884375,41.6875,2.01875,1.278125,2.953125,1.49375,1.69375,1.275,103
1037397.5875,2005.884375,41.6875,2.01875,1.278125,2.953125,1.49375,1.69375,1.275,129
1037397.5875,2005.884375,41.6875,2.01875,1.278125,2.953125,1.49375,1.69375,1.275,148
1037397.5875,2005.884375,41.6875,2.01875,1.278125,2.953125,1.49375,1.69375,1.275,96
1037397.5875,2005.884375,41.6875,2.01875,1.278125,2.953125,1.49375,1.69375,1.275,135
1037397.5875,2005.884375,41.6875,2.01875,1.278125,2.953125,1.49375,1.69375,1.275,132
1037397.5875,2005.884375,41.6875,2.01875,1.278125,2.953125,1.49375,1.69375,1.275,77
1037397.5875,2005.884375,41.6875,2.01875,1.278125,2.953125,1.49375,1.69375,1.275,177
1037397.5875,2005.884375,41.6875,2.01875,1.278125,2.953125,1.49375,1.69375,1.275,131
1037397.5875,2005.884375,41.6875,2.01875,1.278125,2.953125,1.49375,1.69375,1.275,107
1037397.5875,2005.884375,41.6875,2.01875,1.278125,2.953125,1.49375,1.69375,1.275,83
1037397.5875,2005.884375,41.6875,2.01875,1.278125,2.953125,1.49375,1.69375,1.275,70
1037397.5875,2005.884375,41.6875,2.01875,1.278125,2.953125,1.49375,1.69375,1.275,65
1037397.5875,2005.884375,41.6875,2.01875,1.278125,2.953125,1.49375,1.69375,1.275,100
1037397.5875,2005.884375,41.6875,2.01875,1.278125,2.953125,1.49375,1.69375,1.275,74
1037397.5875,2005.884375,41.6875,2.01875,1.278125,2.953125,1.49375,1.69375,1.275,278
1037397.5875,2005.884375,41.6875,2.01875,1.278125,2.953125,1.49375,1.69375,1.275,94
1037397.5875,2005.884375,41.6875,2.01875,1.278125,2.953125,1.49375,1.69375,1.275,161
1037397.5875,2005.884375,41.6875,2.01875,1.278125,2.953125,1.49375,1.69375,1.275,90
1037397.5875,2005.884375,41.6875,2.01875,1.278125,2.953125,1.49375,1.69375,1.275,105
1037397.5875,2005.884375,41.6875,2.01875,1.278125,2.953125,1.49375,1.69375,1.275,114
1037397.5875,2005.884375,41.6875,2.01875,1.278125,2.953125,1.49375,1.69375,1.275,74
1037397.5875,2005.884375,41.6875,2.01875,1.278125,2.953125,1.49375,1.69375,1.275,123
1037397.5875,2005.884375,41.6875,2.01875,1.278125,2.953125,1.49375,1.69375,1.275,85
1037397.5875,2005.884375,41.6875,2.01875,1.278125,2.953125,1.49375,1.69375,1.275,84
1037397.5875,2005.884375,41.6875,2.01875,1.278125,2.953125,1.49375,1.69375,1.275,81
1037397.5875,2005.884375,41.6875,2.01875,1.278125,2.953125,1.49375,1.69375,1.275,114
1037397.5875,2005.884375,41.6875,2.01875,1.278125,2.953125,1.49375,1.69375,1.275,106
1037397.5875,2005.884375,41.6875,2.01875,1.278125,2.953125,1.49375,1.69375,1.275,272
1037397.5875,2005.884375,41.6875,2.01875,1.278125,2.953125,1.49375,1.69375,1.275,100
1037397.5875,2005.884375,41.6875,2.01875,1.278125,2.953125,1.49375,1.69375,1.275,63
1037397.5875,2005.884375,41.6875,2.01875,1.278125,2.953125,1.49375,1.69375,1.275,119
1037397.5875,2005.884375,41.6875,2.01875,1.278125,2.953125,1.49375,1.69375,1.275,59
1037397.5875,2005.884375,41.6875,2.01875,1.278125,2.953125,1.49375,1.69375,1.275,93
1037397.5875,2005.884375,41.6875,2.01875,1.278125,2.953125,1.49375,1.69375,1.275,119
1037397.5875,2005.884375,41.6875,2.01875,1.278125,2.953125,1.49375,1.69375,1.275,110
1037397.5875,2005.884375,41.6875,2.01875,1.278125,2.953125,1.49375,1.69375,1.275,102
1037397.5875,2005.884375,41.6875,2.01875,1.278125,2.953125,1.49375,1.69375,1.275,112
1037397.5875,2005.884375,41.6875,2.01875,1.278125,2.953125,1.49375,1.69375,1.275,88
1037397.5875,2005.884375,41.6875,2.01875,1.278125,2.953125,1.49375,1.69375,1.275,127
1037397.5875,2005.884375,41.6875,2.01875,1.278125,2.953125,1.49375,1.69375,1.275,110
1037397.5875,2005.884375,41.6875,2.01875,1.278125,2.953125,1.49375,1.69375,1.275,88
1037397.5875,2005.884375,41.6875,2.01875,1.278125,2.953125,1.49375,1.69375,1.275,117
1037397.5875,2005.884375,41.6875,2.01875,1.278125,2.953125,1.49375,1.69375,1.275,115
1037397.5875,2005.884375,41.6875,2.01875,1.278125,2.953125,1.49375,1.69375,1.275,125
1037397.5875,2005.884375,41.6875,2.01875,1.278125,2.953125,1.49375,1.69375,1.275,81
1037397.5875,2005.884375,41.6875,2.01875,1.278125,2.953125,1.49375,1.69375,1.275,88
