1063886.6496815286,2005.6942675159235,43.68789808917197,2.070063694267516,1.267515923566879,3.0445859872611467,1.4458598726114649,1.713375796178344,1.3248407643312101,102
1063886.6496815286,2005.6942675159235,43.68789808917197,2.070063694267516,1.267515923566879,3.0445859872611467,1.4458598726114649,1.713375796178344,1.3248407643312101,145
1063886.6496815286,2005.6942675159235,43.68789808917197,2.070063694267516,1.267515923566879,3.0445859872611467,1.4458598726114649,1.713375796178344,1.3248407643312101,119
1063886.6496815286,2005.6942675159235,43.68789808917197,2.070063694267516,1.267515923566879,3.0445859872611467,1.4458598726114649,1.713375796178344,1.3248407643312101,85
1063886.6496815286,2005.6942675159235,43.68789808917197,2.070063694267516,1.267515923566879,3.0445859872611467,1.4458598726114649,1.713375796178344,1.3248407643312101,88
1063886.6496815286,2005.6942675159235,43.68789808917197,2.070063694267516,1.267515923566879,3.0445859872611467,1.4458598726114649,1.713375796178344,1.3248407643312101,65
1063886.6496815286,2005.6942675159235,43.68789808917197,2.070063694267516,1.267515923566879,3.0445859872611467,1.4458598726114649,1.713375796178344,1.3248407643312101,114
1063886.6496815286,2005.6942675159235,43.68789808917197,2.070063694267516,1.267515923566879,3.0445859872611467,1.4458598726114649,1.713375796178344,1.3248407643312101,127
1063886.6496815286,2005.6942675159235,43.68789808917197,2.070063694267516,1.267515923566879,3.0445859872611467,1.4458598726114649,1.713375796178344,1.3248407643312101,104
1063886.6496815286,2005.6942675159235,43.68789808917197,2.070063694267516,1.267515923566879,3.0445859872611467,1.4458598726114649,1.713375796178344,1.3248407643312101,112
1063886.6496815286,2005.6942675159235,43.68789808917197,2.070063694267516,1.267515923566879,3.0445859872611467,1.4458598726114649,1.713375796178344,1.3248407643312101,100
1063886.6496815286,2005.6942675159235,43.68789808917197,2.070063694267516,1.267515923566879,3.0445859872611467,1.4458598726114649,1.713375796178344,1.3248407643312101,81
1063886.6496815286,2005.6942675159235,43.68789808917197,2.070063694267516,1.267515923566879,3.0445859872611467,1.4458598726114649,1.713375796178344,1.3248407643312101,161
1063886.6496815286,2005.6942675159235,43.68789808917197,2.070063694267516,1.267515923566879,3.0445859872611467,1.4458598726114649,1.713375796178344,1.3248407643312101,87
1063886.6496815286,2005.6942675159235,43.68789808917197,2.070063694267516,1.267515923566879,3.0445859872611467,1.4458598726114649,1.713375796178344,1.3248407643312101,74
1063886.6496815286,2005.6942675159235,43.68789808917197,2.070063694267516,1.267515923566879,3.0445859872611467,1.4458598726114649,1.713375796178344,1.3248407643312101,131
1063886.6496815286,2005.6942675159235,43.68789808917197,2.070063694267516,1.267515923566879,3.0445859872611467,1.4458598726114649,1.713375796178344,1.3248407643312101,110
1063886.6496815286,2005.6942675159235,43.68789808917197,2.070063694267516,1.267515923566879,3.0445859872611467,1.4458598726114649,1.713375796178344,1.3248407643312101,83
1063886.6496815286,2005.6942675159235,43.68789808917197,2.070063694267516,1.267515923566879,3.0445859872611467,1.4458598726114649,1.713375796178344,1.3248407643312101,108
1063886.6496815286,2005.6942675159235,43.68789808917197,2.070063694267516,1.267515923566879,3.0445859872611467,1.4458598726114649,1.713375796178344,1.3248407643312101,135
1063886.6496815286,2005.6942675159235,43.68789808917197,2.070063694267516,1.267515923566879,3.0445859872611467,1.4458598726114649,1.713375796178344,1.3248407643312101,117
1063886.6496815286,2005.6942675159235,43.68789808917197,2.070063694267516,1.267515923566879,3.0445859872611467,1.4458598726114649,1.713375796178344,1.3248407643312101,72
1063886.6496815286,2005.6942675159235,43.68789808917197,2.070063694267516,1.267515923566879,3.0445859872611467,1.4458598726114649,1.713375796178344,1.3248407643312101,105
1063886.6496815286,2005.6942675159235,43.68789808917197,2.070063694267516,1.267515923566879,3.0445859872611467,1.4458598726114649,1.713375796178344,1.3248407643312101,84
1063886.6496815286,2005.6942675159235,43.68789808917197,2.070063694267516,1.267515923566879,3.0445859872611467,1.4458598726114649,1.713375796178344,1.3248407643312101,177
1063886.6496815286,2005.6942675159235,43.68789808917197,2.070063694267516,1.267515923566879,3.0445859872611467,1.4458598726114649,1.713375796178344,1.3248407643312101,144
1063886.6496815286,2005.6942675159235,43.68789808917197,2.070063694267516,1.267515923566879,3.0445859872611467,1.4458598726114649,1.713375796178344,1.3248407643312101,94
1063886.6496815286,2005.6942675159235,43.68789808917197,2.070063694267516,1.267515923566879,3.0445859872611467,1.4458598726114649,1.713375796178344,1.3248407643312101,201
1063886.6496815286,2005.6942675159235,43.68789808917197,2.070063694267516,1.267515923566879,3.0445859872611467,1.4458598726114649,1.713375796178344,1.3248407643312101,110
1063886.6496815286,2005.6942675159235,43.68789808917197,2.070063694267516,1.267515923566879,3.0445859872611467,1.4458598726114649,1.713375796178344,1.3248407643312101,74
1063886.6496815286,2005.6942675159235,43.68789808917197,2.070063694267516,1.267515923566879,3.0445859872611467,1.4458598726114649,1.713375796178344,1.3248407643312101,61
1063886.6496815286,2005.6942675159235,43.68789808917197,2.070063694267516,1.267515923566879,3.0445859872611467,1.4458598726114649,1.713375796178344,1.3248407643312101,83
1063886.6496815286,2005.6942675159235,43.68789808917197,2.070063694267516,1.267515923566879,3.0445859872611467,1.4458598726114649,1.713375796178344,1.3248407643312101,100
1063886.6496815286,2005.6942675159235,43.68789808917197,2.070063694267516,1.267515923566879,3.0445859872611467,1.4458598726114649,1.713375796178344,1.3248407643312101,93
1063886.6496815286,2005.6942675159235,43.68789808917197,2.070063694267516,1.267515923566879,3.0445859872611467,1.4458598726114649,1.713375796178344,1.3248407643312101,135
1063886.6496815286,2005.6942675159235,43.68789808917197,2.070063694267516,1.267515923566879,3.0445859872611467,1.4458598726114649,1.713375796178344,1.3248407643312101,75
1063886.6496815286,2005.6942675159235,43.68789808917197,2.070063694267516,1.267515923566879,3.0445859872611467,1.4458598726114649,1.713375796178344,1.3248407643312101,114
1063886.6496815286,2005.6942675159235,43.68789808917197,2.070063694267516,1.267515923566879,3.0445859872611467,1.4458598726114649,1.713375796178344,1.3248407643312101,88
1063886.6496815286,2005.6942675159235,43.68789808917197,2.070063694267516,1.267515923566879,3.0445859872611467,1.4458598726114649,1.713375796178344,1.3248407643312101,109
1063886.6496815286,2005.6942675159235,43.68789808917197,2.070063694267516,1.267515923566879,3.0445859872611467,1.4458598726114649,1.713375796178344,1.3248407643312101,65
1063886.6496815286,2005.6942675159235,43.68789808917197,2.070063694267516,1.267515923566879,3.0445859872611467,1.4458598726114649,1.713375796178344,1.3248407643312101,89
1063886.6496815286,2005.6942675159235,43.68789808917197,2.070063694267516,1.267515923566879,3.0445859872611467,1.4458598726114649,1.713375796178344,1.3248407643312101,81
1063886.6496815286,2005.6942675159235,43.68789808917197,2.070063694267516,1.267515923566879,3.0445859872611467,1.4458598726114649,1.713375796178344,1.3248407643312101,131
1063886.6496815286,2005.6942675159235,43.68789808917197,2.070063694267516,1.267515923566879,3.0445859872611467,1.4458598726114649,1.713375796178344,1.3248407643312101,112
1063886.6496815286,2005.6942675159235,43.68789808917197,2.070063694267516,1.267515923566879,3.0445859872611467,1.4458598726114649,1.713375796178344,1.3248407643312101,100
1063886.6496815286,2005.6942675159235,43.68789808917197,2.070063694267516,1.267515923566879,3.0445859872611467,1.4458598726114649,1.713375796178344,1.3248407643312101,94
1063886.6496815286,2005.6942675159235,43.68789808917197,2.070063694267516,1.267515923566879,3.0445859872611467,1.4458598726114649,1.713375796178344,1.3248407643312101,119
1063886.6496815286,2005.6942675159235,43.68789808917197,2.070063694267516,1.267515923566879,3.0445859872611467,1.4458598726114649,1.713375796178344,1.3248407643312101,108
1063886.6496815286,2005.6942675159235,43.68789808917197,2.070063694267516,1.267515923566879,3.0445859872611467,1.4458598726114649,1.713375796178344,1.3248407643312101,166
1063886.6496815286,2005.6942675159235,43.68789808917197,2.070063694267516,1.267515923566879,3.0445859872611467,1.4458598726114649,1.713375796178344,1.3248407643312101,148
1063886.6496815286,2005.6942675159235,43.68789808917197,2.070063694267516,1.267515923566879,3.0445859872611467,1.4458598726114649,1.713375796178344,1.3248407643312101,139
1063886.6496815286,2005.6942675159235,43.68789808917197,2.070063694267516,1.267515923566879,3.0445859872611467,1.4458598726114649,1.713375796178344,1.3248407643312101,102
1063886.6496815286,2005.6942675159235,43.68789808917197,2.070063694267516,1.267515923566879,3.0445859872611467,1.4458598726114649,1.713375796178344,1.3248407643312101,117
1063886.6496815286,2005.6942675159235,43.68789808917197,2.070063694267516,1.267515923566879,3.0445859872611467,1.4458598726114649,1.713375796178344,1.3248407643312101,133
1063886.6496815286,2005.6942675159235,43.68789808917197,2.070063694267516,1.267515923566879,3.0445859872611467,1.4458598726114649,1.713375796178344,1.3248407643312101,85
1063886.6496815286,2005.6942675159235,43.68789808917197,2.070063694267516,1.267515923566879,3.0445859872611467,1.4458598726114649,1.713375796178344,1.3248407643312101,101
1063886.6496815286,2005.6942675159235,43.68789808917197,2.070063694267516,1.267515923566879,3.0445859872611467,1.4458598726114649,1.713375796178344,1.3248407643312101,100
1063886.6496815286,2005.6942675159235,43.68789808917197,2.070063694267516,1.267515923566879,3.0445859872611467,1.4458598726114649,1.713375796178344,1.3248407643312101,69
1063886.6496815286,2005.6942675159235,43.68789808917197,2.070063694267516,1.267515923566879,3.0445859872611467,1.4458598726114649,1.713375796178344,1.3248407643312101,67
1063886.6496815286,2005.6942675159235,43.68789808917197,2.070063694267516,1.267515923566879,3.0445859872611467,1.4458598726114649,1.713375796178344,1.3248407643312101,63
1063886.6496815286,2005.6942675159235,43.68789808917197,2.070063694267516,1.267515923566879,3.0445859872611467,1.4458598726114649,1.713375796178344,1.3248407643312101,92
1063886.6496815286,2005.6942675159235,43.68789808917197,2.070063694267516,1.267515923566879,3.0445859872611467,1.4458598726114649,1.713375796178344,1.3248407643312101,88
1063886.6496815286,2005.6942675159235,43.68789808917197,2.070063694267516,1.267515923566879,3.0445859872611467,1.4458598726114649,1.713375796178344,1.3248407643312101,272
1063886.6496815286,2005.6942675159235,43.68789808917197,2.070063694267516,1.267515923566879,3.0445859872611467,1.4458598726114649,1.713375796178344,1.3248407643312101,89
1063886.6496815286,2005.6942675159235,43.68789808917197,2.070063694267516,1.267515923566879,3.0445859872611467,1.4458598726114649,1.713375796178344,1.3248407643312101,148
1063886.6496815286,2005.6942675159235,43.68789808917197,2.070063694267516,1.267515923566879,3.0445859872611467,1.4458598726114649,1.713375796178344,1.3248407643312101,99
1063886.6496815286,2005.6942675159235,43.68789808917197,2.070063694267516,1.267515923566879,3.0445859872611467,1.4458598726114649,1.713375796178344,1.3248407643312101,70
1063886.6496815286,2005.6942675159235,43.68789808917197,2.070063694267516,1.267515923566879,3.0445859872611467,1.4458598726114649,1.713375796178344,1.3248407643312101,81
1063886.6496815286,2005.6942675159235,43.68789808917197,2.070063694267516,1.267515923566879,3.0445859872611467,1.4458598726114649,1.713375796178344,1.3248407643312101,75
1063886.6496815286,2005.6942675159235,43.68789808917197,2.070063694267516,1.267515923566879,3.0445859872611467,1.4458598726114649,1.713375796178344,1.3248407643312101,140
1063886.6496815286,2005.6942675159235,43.68789808917197,2.070063694267516,1.267515923566879,3.0445859872611467,1.4458598726114649,1.713375796178344,1.3248407643312101,123
1063886.6496815286,2005.6942675159235,43.68789808917197,2.070063694267516,1.267515923566879,3.0445859872611467,1.4458598726114649,1.713375796178344,1.3248407643312101,119
1063886.6496815286,2005.6942675159235,43.68789808917197,2.070063694267516,1.267515923566879,3.0445859872611467,1.4458598726114649,1.713375796178344,1.3248407643312101,97
1063886.6496815286,2005.6942675159235,43.68789808917197,2.070063694267516,1.267515923566879,3.0445859872611467,1.4458598726114649,1.713375796178344,1.3248407643312101,96
1063886.6496815286,2005.6942675159235,43.68789808917197,2.070063694267516,1.267515923566879,3.0445859872611467,1.4458598726114649,1.713375796178344,1.3248407643312101,78
1063886.6496815286,2005.6942675159235,43.68789808917197,2.070063694267516,1.267515923566879,3.0445859872611467,1.4458598726114649,1.713375796178344,1.3248407643312101,94
1063886.6496815286,2005.6942675159235,43.68789808917197,2.070063694267516,1.267515923566879,3.0445859872611467,1.4458598726114649,1.713375796178344,1.3248407643312101,106
1063886.6496815286,2005.6942675159235,43.68789808917197,2.070063694267516,1.267515923566879,3.0445859872611467,1.4458598726114649,1.713375796178344,1.3248407643312101,74
1063886.6496815286,2005.6942675159235,43.68789808917197,2.070063694267516,1.267515923566879,3.0445859872611467,1.4458598726114649,1.713375796178344,1.3248407643312101,110
1063886.6496815286,2005.6942675159235,43.68789808917197,2.070063694267516,1.267515923566879,3.0445859872611467,1.4458598726114649,1.713375796178344,1.3248407643312101,142
1063886.6496815286,2005.6942675159235,43.68789808917197,2.070063694267516,1.267515923566879,3.0445859872611467,1.4458598726114649,1.713375796178344,1.3248407643312101,268
1063886.6496815286,2005.6942675159235,43.68789808917197,2.070063694267516,1.267515923566879,3.0445859872611467,1.4458598726114649,1.713375796178344,1.3248407643312101,114
1063886.6496815286,2005.6942675159235,43.68789808917197,2.070063694267516,1.267515923566879,3.0445859872611467,1.4458598726114649,1.713375796178344,1.3248407643312101,93
1063886.6496815286,2005.6942675159235,43.68789808917197,2.070063694267516,1.267515923566879,3.0445859872611467,1.4458598726114649,1.713375796178344,1.3248407643312101,70
1063886.6496815286,2005.6942675159235,43.68789808917197,2.070063694267516,1.267515923566879,3.0445859872611467,1.4458598726114649,1.713375796178344,1.3248407643312101,127
1063886.6496815286,2005.6942675159235,43.68789808917197,2.070063694267516,1.267515923566879,3.0445859872611467,1.4458598726114649,1.713375796178344,1.3248407643312101,97
1063886.6496815286,2005.6942675159235,43.68789808917197,2.070063694267516,1.267515923566879,3.0445859872611467,1.4458598726114649,1.713375796178344,1.3248407643312101,55
1063886.6496815286,2005.6942675159235,43.68789808917197,2.070063694267516,1.267515923566879,3.0445859872611467,1.4458598726114649,1.713375796178344,1.3248407643312101,142
1063886.6496815286,2005.6942675159235,43.68789808917197,2.070063694267516,1.267515923566879,3.0445859872611467,1.4458598726114649,1.713375796178344,1.3248407643312101,107
1063886.6496815286,2005.6942675159235,43.68789808917197,2.070063694267516,1.267515923566879,3.0445859872611467,1.4458598726114649,1.713375796178344,1.3248407643312101,123
1063886.6496815286,2005.6942675159235,43.68789808917197,2.070063694267516,1.267515923566879,3.0445859872611467,1.4458598726114649,1.713375796178344,1.3248407643312101,88
1063886.6496815286,2005.6942675159235,43.68789808917197,2.070063694267516,1.267515923566879,3.0445859872611467,1.4458598726114649,1.713375796178344,1.3248407643312101,148
1063886.6496815286,2005.6942675159235,43.68789808917197,2.070063694267516,1.267515923566879,3.0445859872611467,1.4458598726114649,1.713375796178344,1.3248407643312101,81
1063886.6496815286,2005.6942675159235,43.68789808917197,2.070063694267516,1.267515923566879,3.0445859872611467,1.4458598726114649,1.713375796178344,1.3248407643312101,90
1063886.6496815286,2005.6942675159235,43.68789808917197,2.070063694267516,1.267515923566879,3.0445859872611467,1.4458598726114649,1.713375796178344,1.3248407643312101,119
1063886.6496815286,2005.6942675159235,43.68789808917197,2.070063694267516,1.267515923566879,3.0445859872611467,1.4458598726114649,1.713375796178344,1.3248407643312101,137
1063886.6496815286,2005.6942675159235,43.68789808917197,2.070063694267516,1.267515923566879,3.0445859872611467,1.4458598726114649,1.713375796178344,1.3248407643312101,113
1063886.6496815286,2005.6942675159235,43.68789808917197,2.070063694267516,1.267515923566879,3.0445859872611467,1.4458598726114649,1.713375796178344,1.3248407643312101,100
1063886.6496815286,2005.6942675159235,43.68789808917197,2.070063694267516,1.267515923566879,3.0445859872611467,1.4458598726114649,1.713375796178344,1.3248407643312101,138
1063886.6496815286,2005.6942675159235,43.68789808917197,2.070063694267516,1.267515923566879,3.0445859872611467,1.4458598726114649,1.713375796178344,1.3248407643312101,105
1063886.6496815286,2005.6942675159235,43.68789808917197,2.070063694267516,1.267515923566879,3.0445859872611467,1.4458598726114649,1.713375796178344,1.3248407643312101,77
1063886.6496815286,2005.6942675159235,43.68789808917197,2.070063694267516,1.267515923566879,3.0445859872611467,1.4458598726114649,1.713375796178344,1.3248407643312101,110
1063886.6496815286,2005.6942675159235,43.68789808917197,2.070063694267516,1.267515923566879,3.0445859872611467,1.4458598726114649,1.713375796178344,1.3248407643312101,80
1063886.6496815286,2005.6942675159235,43.68789808917197,2.070063694267516,1.267515923566879,3.0445859872611467,1.4458598726114649,1.713375796178344,1.3248407643312101,66
1063886.6496815286,2005.6942675159235,43.68789808917197,2.070063694267516,1.267515923566879,3.0445859872611467,1.4458598726114649,1.713375796178344,1.3248407643312101,92
1063886.6496815286,2005.6942675159235,43.68789808917197,2.070063694267516,1.267515923566879,3.0445859872611467,1.4458598726114649,1.713375796178344,1.3248407643312101,88
1063886.6496815286,2005.6942675159235,43.68789808917197,2.070063694267516,1.267515923566879,3.0445859872611467,1.4458598726114649,1.713375796178344,1.3248407643312101,126
1063886.6496815286,2005.6942675159235,43.68789808917197,2.070063694267516,1.267515923566879,3.0445859872611467,1.4458598726114649,1.713375796178344,1.3248407643312101,100
1063886.6496815286,2005.6942675159235,43.68789808917197,2.070063694267516,1.267515923566879,3.0445859872611467,1.4458598726114649,1.713375796178344,1.3248407643312101,77
1063886.6496815286,2005.6942675159235,43.68789808917197,2.070063694267516,1.267515923566879,3.0445859872611467,1.4458598726114649,1.713375796178344,1.3248407643312101,80
1063886.6496815286,2005.6942675159235,43.68789808917197,2.070063694267516,1.267515923566879,3.0445859872611467,1.4458598726114649,1.713375796178344,1.3248407643312101,116
1063886.6496815286,2005.6942675159235,43.68789808917197,2.070063694267516,1.267515923566879,3.0445859872611467,1.4458598726114649,1.713375796178344,1.3248407643312101,110
1063886.6496815286,2005.6942675159235,43.68789808917197,2.070063694267516,1.267515923566879,3.0445859872611467,1.4458598726114649,1.713375796178344,1.3248407643312101,105
1063886.6496815286,2005.6942675159235,43.68789808917197,2.070063694267516,1.267515923566879,3.0445859872611467,1.4458598726114649,1.713375796178344,1.3248407643312101,114
1063886.6496815286,2005.6942675159235,43.68789808917197,2.070063694267516,1.267515923566879,3.0445859872611467,1.4458598726114649,1.713375796178344,1.3248407643312101,59
1063886.6496815286,2005.6942675159235,43.68789808917197,2.070063694267516,1.267515923566879,3.0445859872611467,1.4458598726114649,1.713375796178344,1.3248407643312101,127
1063886.6496815286,2005.6942675159235,43.68789808917197,2.070063694267516,1.267515923566879,3.0445859872611467,1.4458598726114649,1.713375796178344,1.3248407643312101,119
1063886.6496815286,2005.6942675159235,43.68789808917197,2.070063694267516,1.267515923566879,3.0445859872611467,1.4458598726114649,1.713375796178344,1.3248407643312101,88
1063886.6496815286,2005.6942675159235,43.68789808917197,2.070063694267516,1.267515923566879,3.0445859872611467,1.4458598726114649,1.713375796178344,1.3248407643312101,94
1063886.6496815286,2005.6942675159235,43.68789808917197,2.070063694267516,1.267515923566879,3.0445859872611467,1.4458598726114649,1.713375796178344,1.3248407643312101,119
1063886.6496815286,2005.6942675159235,43.68789808917197,2.070063694267516,1.267515923566879,3.0445859872611467,1.4458598726114649,1.713375796178344,1.3248407643312101,138
1063886.6496815286,2005.6942675159235,43.68789808917197,2.070063694267516,1.267515923566879,3.0445859872611467,1.4458598726114649,1.713375796178344,1.3248407643312101,115
1063886.6496815286,2005.6942675159235,43.68789808917197,2.070063694267516,1.267515923566879,3.0445859872611467,1.4458598726114649,1.713375796178344,1.3248407643312101,148
1063886.6496815286,2005.6942675159235,43.68789808917197,2.070063694267516,1.267515923566879,3.0445859872611467,1.4458598726114649,1.713375796178344,1.3248407643312101,81
1063886.6496815286,2005.6942675159235,43.68789808917197,2.070063694267516,1.267515923566879,3.0445859872611467,1.4458598726114649,1.713375796178344,1.3248407643312101,74
1063886.6496815286,2005.6942675159235,43.68789808917197,2.070063694267516,1.267515923566879,3.0445859872611467,1.4458598726114649,1.713375796178344,1.3248407643312101,111
1063886.6496815286,2005.6942675159235,43.68789808917197,2.070063694267516,1.267515923566879,3.0445859872611467,1.4458598726114649,1.713375796178344,1.3248407643312101,278
1063886.6496815286,2005.6942675159235,43.68789808917197,2.070063694267516,1.267515923566879,3.0445859872611467,1.4458598726114649,1.713375796178344,1.3248407643312101,95
1063886.6496815286,2005.6942675159235,43.68789808917197,2.070063694267516,1.267515923566879,3.0445859872611467,1.4458598726114649,1.713375796178344,1.3248407643312101,90
1063886.6496815286,2005.6942675159235,43.68789808917197,2.070063694267516,1.267515923566879,3.0445859872611467,1.4458598726114649,1.713375796178344,1.3248407643312101,129
1063886.6496815286,2005.6942675159235,43.68789808917197,2.070063694267516,1.267515923566879,3.0445859872611467,1.4458598726114649,1.713375796178344,1.3248407643312101,164
1063886.6496815286,2005.6942675159235,43.68789808917197,2.070063694267516,1.267515923566879,3.0445859872611467,1.4458598726114649,1.713375796178344,1.3248407643312101,94
1063886.6496815286,2005.6942675159235,43.68789808917197,2.070063694267516,1.267515923566879,3.0445859872611467,1.4458598726114649,1.713375796178344,1.3248407643312101,65
1063886.6496815286,2005.6942675159235,43.68789808917197,2.070063694267516,1.267515923566879,3.0445859872611467,1.4458598726114649,1.713375796178344,1.3248407643312101,152
1063886.6496815286,2005.6942675159235,43.68789808917197,2.070063694267516,1.267515923566879,3.0445859872611467,1.4458598726114649,1.713375796178344,1.3248407643312101,50
1063886.6496815286,2005.6942675159235,43.68789808917197,2.070063694267516,1.267515923566879,3.0445859872611467,1.4458598726114649,1.713375796178344,1.3248407643312101,81
1063886.6496815286,2005.6942675159235,43.68789808917197,2.070063694267516,1.267515923566879,3.0445859872611467,1.4458598726114649,1.713375796178344,1.3248407643312101,177
1063886.6496815286,2005.6942675159235,43.68789808917197,2.070063694267516,1.267515923566879,3.0445859872611467,1.4458598726114649,1.713375796178344,1.3248407643312101,114
1063886.6496815286,2005.6942675159235,43.68789808917197,2.070063694267516,1.267515923566879,3.0445859872611467,1.4458598726114649,1.713375796178344,1.3248407643312101,105
1063886.6496815286,2005.6942675159235,43.68789808917197,2.070063694267516,1.267515923566879,3.0445859872611467,1.4458598726114649,1.713375796178344,1.3248407643312101,100
1063886.6496815286,2005.6942675159235,43.68789808917197,2.070063694267516,1.267515923566879,3.0445859872611467,1.4458598726114649,1.713375796178344,1.3248407643312101,131
1063886.6496815286,2005.6942675159235,43.68789808917197,2.070063694267516,1.267515923566879,3.0445859872611467,1.4458598726114649,1.713375796178344,1.3248407643312101,155
1063886.6496815286,2005.6942675159235,43.68789808917197,2.070063694267516,1.267515923566879,3.0445859872611467,1.4458598726114649,1.713375796178344,1.3248407643312101,161
1063886.6496815286,2005.6942675159235,43.68789808917197,2.070063694267516,1.267515923566879,3.0445859872611467,1.4458598726114649,1.713375796178344,1.3248407643312101,119
1063886.6496815286,2005.6942675159235,43.68789808917197,2.070063694267516,1.267515923566879,3.0445859872611467,1.4458598726114649,1.713375796178344,1.3248407643312101,71
1063886.6496815286,2005.6942675159235,43.68789808917197,2.070063694267516,1.267515923566879,3.0445859872611467,1.4458598726114649,1.713375796178344,1.3248407643312101,88
1063886.6496815286,2005.6942675159235,43.68789808917197,2.070063694267516,1.267515923566879,3.0445859872611467,1.4458598726114649,1.713375796178344,1.3248407643312101,129
1063886.6496815286,2005.6942675159235,43.68789808917197,2.070063694267516,1.267515923566879,3.0445859872611467,1.4458598726114649,1.713375796178344,1.3248407643312101,119
1063886.6496815286,2005.6942675159235,43.68789808917197,2.070063694267516,1.267515923566879,3.0445859872611467,1.4458598726114649,1.713375796178344,1.3248407643312101,110
1063886.6496815286,2005.6942675159235,43.68789808917197,2.070063694267516,1.267515923566879,3.0445859872611467,1.4458598726114649,1.713375796178344,1.3248407643312101,127
1063886.6496815286,2005.6942675159235,43.68789808917197,2.070063694267516,1.267515923566879,3.0445859872611467,1.4458598726114649,1.713375796178344,1.3248407643312101,95
1063886.6496815286,2005.6942675159235,43.68789808917197,2.070063694267516,1.267515923566879,3.0445859872611467,1.4458598726114649,1.713375796178344,1.3248407643312101,135
1063886.6496815286,2005.6942675159235,43.68789808917197,2.070063694267516,1.267515923566879,3.0445859872611467,1.4458598726114649,1.713375796178344,1.3248407643312101,74
1063886.6496815286,2005.6942675159235,43.68789808917197,2.070063694267516,1.267515923566879,3.0445859872611467,1.4458598726114649,1.713375796178344,1.3248407643312101,132
1063886.6496815286,2005.6942675159235,43.68789808917197,2.070063694267516,1.267515923566879,3.0445859872611467,1.4458598726114649,1.713375796178344,1.3248407643312101,148
1063886.6496815286,2005.6942675159235,43.68789808917197,2.070063694267516,1.267515923566879,3.0445859872611467,1.4458598726114649,1.713375796178344,1.3248407643312101,121
1063886.6496815286,2005.6942675159235,43.68789808917197,2.070063694267516,1.267515923566879,3.0445859872611467,1.4458598726114649,1.713375796178344,1.3248407643312101,103
1137308.036585366,2005.560975609756,43.33536585365854,1.9634146341463414,1.2195121951219512,2.9878048780487805,1.475609756097561,1.7134146341463414,1.274390243902439,148
1137308.036585366,2005.560975609756,43.33536585365854,1.9634146341463414,1.2195121951219512,2.9878048780487805,1.475609756097561,1.7134146341463414,1.274390243902439,59
1137308.036585366,2005.560975609756,43.33536585365854,1.9634146341463414,1.2195121951219512,2.9878048780487805,1.475609756097561,1.7134146341463414,1.274390243902439,127
1137308.036585366,2005.560975609756,43.33536585365854,1.9634146341463414,1.2195121951219512,2.9878048780487805,1.475609756097561,1.7134146341463414,1.274390243902439,70
1137308.036585366,2005.560975609756,43.33536585365854,1.9634146341463414,1.2195121951219512,2.9878048780487805,1.475609756097561,1.7134146341463414,1.274390243902439,100
1137308.036585366,2005.560975609756,43.33536585365854,1.9634146341463414,1.2195121951219512,2.9878048780487805,1.475609756097561,1.7134146341463414,1.274390243902439,89
1137308.036585366,2005.560975609756,43.33536585365854,1.9634146341463414,1.2195121951219512,2.9878048780487805,1.475609756097561,1.7134146341463414,1.274390243902439,88
1137308.036585366,2005.560975609756,43.33536585365854,1.9634146341463414,1.2195121951219512,2.9878048780487805,1.475609756097561,1.7134146341463414,1.274390243902439,74
1137308.036585366,2005.560975609756,43.33536585365854,1.9634146341463414,1.2195121951219512,2.9878048780487805,1.475609756097561,1.7134146341463414,1.274390243902439,100
1137308.036585366,2005.560975609756,43.33536585365854,1.9634146341463414,1.2195121951219512,2.9878048780487805,1.475609756097561,1.7134146341463414,1.274390243902439,129
1137308.036585366,2005.560975609756,43.33536585365854,1.9634146341463414,1.2195121951219512,2.9878048780487805,1.475609756097561,1.7134146341463414,1.274390243902439,126
1137308.036585366,2005.560975609756,43.33536585365854,1.9634146341463414,1.2195121951219512,2.9878048780487805,1.475609756097561,1.7134146341463414,1.274390243902439,143
1137308.036585366,2005.560975609756,43.33536585365854,1.9634146341463414,1.2195121951219512,2.9878048780487805,1.475609756097561,1.7134146341463414,1.274390243902439,119
1137308.036585366,2005.560975609756,43.33536585365854,1.9634146341463414,1.2195121951219512,2.9878048780487805,1.475609756097561,1.7134146341463414,1.274390243902439,103
1137308.036585366,2005.560975609756,43.33536585365854,1.9634146341463414,1.2195121951219512,2.9878048780487805,1.475609756097561,1.7134146341463414,1.274390243902439,65
1137308.036585366,2005.560975609756,43.33536585365854,1.9634146341463414,1.2195121951219512,2.9878048780487805,1.475609756097561,1.7134146341463414,1.274390243902439,164
1137308.036585366,2005.560975609756,43.33536585365854,1.9634146341463414,1.2195121951219512,2.9878048780487805,1.475609756097561,1.7134146341463414,1.274390243902439,95
1137308.036585366,2005.560975609756,43.33536585365854,1.9634146341463414,1.2195121951219512,2.9878048780487805,1.475609756097561,1.7134146341463414,1.274390243902439,278
1137308.036585366,2005.560975609756,43.33536585365854,1.9634146341463414,1.2195121951219512,2.9878048780487805,1.475609756097561,1.7134146341463414,1.274390243902439,121
1137308.036585366,2005.560975609756,43.33536585365854,1.9634146341463414,1.2195121951219512,2.9878048780487805,1.475609756097561,1.7134146341463414,1.274390243902439,94
1137308.036585366,2005.560975609756,43.33536585365854,1.9634146341463414,1.2195121951219512,2.9878048780487805,1.475609756097561,1.7134146341463414,1.274390243902439,111
1137308.036585366,2005.560975609756,43.33536585365854,1.9634146341463414,1.2195121951219512,2.9878048780487805,1.475609756097561,1.7134146341463414,1.274390243902439,90
1137308.036585366,2005.560975609756,43.33536585365854,1.9634146341463414,1.2195121951219512,2.9878048780487805,1.475609756097561,1.7134146341463414,1.274390243902439,80
1137308.036585366,2005.560975609756,43.33536585365854,1.9634146341463414,1.2195121951219512,2.9878048780487805,1.475609756097561,1.7134146341463414,1.274390243902439,131
1137308.036585366,2005.560975609756,43.33536585365854,1.9634146341463414,1.2195121951219512,2.9878048780487805,1.475609756097561,1.7134146341463414,1.274390243902439,114
1137308.036585366,2005.560975609756,43.33536585365854,1.9634146341463414,1.2195121951219512,2.9878048780487805,1.475609756097561,1.7134146341463414,1.274390243902439,135
1137308.036585366,2005.560975609756,43.33536585365854,1.9634146341463414,1.2195121951219512,2.9878048780487805,1.475609756097561,1.7134146341463414,1.274390243902439,105
1137308.036585366,2005.560975609756,43.33536585365854,1.9634146341463414,1.2195121951219512,2.9878048780487805,1.475609756097561,1.7134146341463414,1.274390243902439,92
1137308.036585366,2005.560975609756,43.33536585365854,1.9634146341463414,1.2195121951219512,2.9878048780487805,1.475609756097561,1.7134146341463414,1.274390243902439,110
1137308.036585366,2005.560975609756,43.33536585365854,1.9634146341463414,1.2195121951219512,2.9878048780487805,1.475609756097561,1.7134146341463414,1.274390243902439,93
1137308.036585366,2005.560975609756,43.33536585365854,1.9634146341463414,1.2195121951219512,2.9878048780487805,1.475609756097561,1.7134146341463414,1.274390243902439,155
1137308.036585366,2005.560975609756,43.33536585365854,1.9634146341463414,1.2195121951219512,2.9878048780487805,1.475609756097561,1.7134146341463414,1.274390243902439,81
1137308.036585366,2005.560975609756,43.33536585365854,1.9634146341463414,1.2195121951219512,2.9878048780487805,1.475609756097561,1.7134146341463414,1.274390243902439,116
1137308.036585366,2005.560975609756,43.33536585365854,1.9634146341463414,1.2195121951219512,2.9878048780487805,1.475609756097561,1.7134146341463414,1.274390243902439,145
1137308.036585366,2005.560975609756,43.33536585365854,1.9634146341463414,1.2195121951219512,2.9878048780487805,1.475609756097561,1.7134146341463414,1.274390243902439,129
1137308.036585366,2005.560975609756,43.33536585365854,1.9634146341463414,1.2195121951219512,2.9878048780487805,1.475609756097561,1.7134146341463414,1.274390243902439,77
1137308.036585366,2005.560975609756,43.33536585365854,1.9634146341463414,1.2195121951219512,2.9878048780487805,1.475609756097561,1.7134146341463414,1.274390243902439,94
1137308.036585366,2005.560975609756,43.33536585365854,1.9634146341463414,1.2195121951219512,2.9878048780487805,1.475609756097561,1.7134146341463414,1.274390243902439,135
1137308.036585366,2005.560975609756,43.33536585365854,1.9634146341463414,1.2195121951219512,2.9878048780487805,1.475609756097561,1.7134146341463414,1.274390243902439,148
1137308.036585366,2005.560975609756,43.33536585365854,1.9634146341463414,1.2195121951219512,2.9878048780487805,1.475609756097561,1.7134146341463414,1.274390243902439,70
1137308.036585366,2005.560975609756,43.33536585365854,1.9634146341463414,1.2195121951219512,2.9878048780487805,1.475609756097561,1.7134146341463414,1.274390243902439,100
1137308.036585366,2005.560975609756,43.33536585365854,1.9634146341463414,1.2195121951219512,2.9878048780487805,1.475609756097561,1.7134146341463414,1.274390243902439,100
1137308.036585366,2005.560975609756,43.33536585365854,1.9634146341463414,1.2195121951219512,2.9878048780487805,1.475609756097561,1.7134146341463414,1.274390243902439,50
1137308.036585366,2005.560975609756,43.33536585365854,1.9634146341463414,1.2195121951219512,2.9878048780487805,1.475609756097561,1.7134146341463414,1.274390243902439,138
1137308.036585366,2005.560975609756,43.33536585365854,1.9634146341463414,1.2195121951219512,2.9878048780487805,1.475609756097561,1.7134146341463414,1.274390243902439,127
1137308.036585366,2005.560975609756,43.33536585365854,1.9634146341463414,1.2195121951219512,2.9878048780487805,1.475609756097561,1.7134146341463414,1.274390243902439,131
1137308.036585366,2005.560975609756,43.33536585365854,1.9634146341463414,1.2195121951219512,2.9878048780487805,1.475609756097561,1.7134146341463414,1.274390243902439,152
1137308.036585366,2005.560975609756,43.33536585365854,1.9634146341463414,1.2195121951219512,2.9878048780487805,1.475609756097561,1.7134146341463414,1.274390243902439,95
1137308.036585366,2005.560975609756,43.33536585365854,1.9634146341463414,1.2195121951219512,2.9878048780487805,1.475609756097561,1.7134146341463414,1.274390243902439,72
1137308.036585366,2005.560975609756,43.33536585365854,1.9634146341463414,1.2195121951219512,2.9878048780487805,1.475609756097561,1.7134146341463414,1.274390243902439,81
1137308.036585366,2005.560975609756,43.33536585365854,1.9634146341463414,1.2195121951219512,2.9878048780487805,1.475609756097561,1.7134146341463414,1.274390243902439,71
1137308.036585366,2005.560975609756,43.33536585365854,1.9634146341463414,1.2195121951219512,2.9878048780487805,1.475609756097561,1.7134146341463414,1.274390243902439,277
1137308.036585366,2005.560975609756,43.33536585365854,1.9634146341463414,1.2195121951219512,2.9878048780487805,1.475609756097561,1.7134146341463414,1.274390243902439,92
1137308.036585366,2005.560975609756,43.33536585365854,1.9634146341463414,1.2195121951219512,2.9878048780487805,1.475609756097561,1.7134146341463414,1.274390243902439,132
1137308.036585366,2005.560975609756,43.33536585365854,1.9634146341463414,1.2195121951219512,2.9878048780487805,1.475609756097561,1.7134146341463414,1.274390243902439,177
1137308.036585366,2005.560975609756,43.33536585365854,1.9634146341463414,1.2195121951219512,2.9878048780487805,1.475609756097561,1.7134146341463414,1.274390243902439,182
1137308.036585366,2005.560975609756,43.33536585365854,1.9634146341463414,1.2195121951219512,2.9878048780487805,1.475609756097561,1.7134146341463414,1.274390243902439,88
1137308.036585366,2005.560975609756,43.33536585365854,1.9634146341463414,1.2195121951219512,2.9878048780487805,1.475609756097561,1.7134146341463414,1.274390243902439,65
1137308.036585366,2005.560975609756,43.33536585365854,1.9634146341463414,1.2195121951219512,2.9878048780487805,1.475609756097561,1.7134146341463414,1.274390243902439,161
1137308.036585366,2005.560975609756,43.33536585365854,1.9634146341463414,1.2195121951219512,2.9878048780487805,1.475609756097561,1.7134146341463414,1.274390243902439,110
1137308.036585366,2005.560975609756,43.33536585365854,1.9634146341463414,1.2195121951219512,2.9878048780487805,1.475609756097561,1.7134146341463414,1.274390243902439,84
1137308.036585366,2005.560975609756,43.33536585365854,1.9634146341463414,1.2195121951219512,2.9878048780487805,1.475609756097561,1.7134146341463414,1.274390243902439,119
1137308.036585366,2005.560975609756,43.33536585365854,1.9634146341463414,1.2195121951219512,2.9878048780487805,1.475609756097561,1.7134146341463414,1.274390243902439,119
1137308.036585366,2005.560975609756,43.33536585365854,1.9634146341463414,1.2195121951219512,2.9878048780487805,1.475609756097561,1.7134146341463414,1.274390243902439,127
1137308.036585366,2005.560975609756,43.33536585365854,1.9634146341463414,1.2195121951219512,2.9878048780487805,1.475609756097561,1.7134146341463414,1.274390243902439,87
1137308.036585366,2005.560975609756,43.33536585365854,1.9634146341463414,1.2195121951219512,2.9878048780487805,1.475609756097561,1.7134146341463414,1.274390243902439,138
1137308.036585366,2005.560975609756,43.33536585365854,1.9634146341463414,1.2195121951219512,2.9878048780487805,1.475609756097561,1.7134146341463414,1.274390243902439,83
1137308.036585366,2005.560975609756,43.33536585365854,1.9634146341463414,1.2195121951219512,2.9878048780487805,1.475609756097561,1.7134146341463414,1.274390243902439,85
1137308.036585366,2005.560975609756,43.33536585365854,1.9634146341463414,1.2195121951219512,2.9878048780487805,1.475609756097561,1.7134146341463414,1.274390243902439,161
1137308.036585366,2005.560975609756,43.33536585365854,1.9634146341463414,1.2195121951219512,2.9878048780487805,1.475609756097561,1.7134146341463414,1.274390243902439,119
1137308.036585366,2005.560975609756,43.33536585365854,1.9634146341463414,1.2195121951219512,2.9878048780487805,1.475609756097561,1.7134146341463414,1.274390243902439,114
1137308.036585366,2005.560975609756,43.33536585365854,1.9634146341463414,1.2195121951219512,2.9878048780487805,1.475609756097561,1.7134146341463414,1.274390243902439,100
1137308.036585366,2005.560975609756,43.33536585365854,1.9634146341463414,1.2195121951219512,2.9878048780487805,1.475609756097561,1.7134146341463414,1.274390243902439,81
1137308.036585366,2005.560975609756,43.33536585365854,1.9634146341463414,1.2195121951219512,2.9878048780487805,1.475609756097561,1.7134146341463414,1.274390243902439,105
1137308.036585366,2005.560975609756,43.33536585365854,1.9634146341463414,1.2195121951219512,2.9878048780487805,1.475609756097561,1.7134146341463414,1.274390243902439,110
1137308.036585366,2005.560975609756,43.33536585365854,1.9634146341463414,1.2195121951219512,2.9878048780487805,1.475609756097561,1.7134146341463414,1.274390243902439,74
1137308.036585366,2005.560975609756,43.33536585365854,1.9634146341463414,1.2195121951219512,2.9878048780487805,1.475609756097561,1.7134146341463414,1.274390243902439,144
1137308.036585366,2005.560975609756,43.33536585365854,1.9634146341463414,1.2195121951219512,2.9878048780487805,1.475609756097561,1.7134146341463414,1.274390243902439,177
1137308.036585366,2005.560975609756,43.33536585365854,1.9634146341463414,1.2195121951219512,2.9878048780487805,1.475609756097561,1.7134146341463414,1.274390243902439,148
1137308.036585366,2005.560975609756,43.33536585365854,1.9634146341463414,1.2195121951219512,2.9878048780487805,1.475609756097561,1.7134146341463414,1.274390243902439,201
1137308.036585366,2005.560975609756,43.33536585365854,1.9634146341463414,1.2195121951219512,2.9878048780487805,1.475609756097561,1.7134146341463414,1.274390243902439,104
1137308.036585366,2005.560975609756,43.33536585365854,1.9634146341463414,1.2195121951219512,2.9878048780487805,1.475609756097561,1.7134146341463414,1.274390243902439,77
1137308.036585366,2005.560975609756,43.33536585365854,1.9634146341463414,1.2195121951219512,2.9878048780487805,1.475609756097561,1.7134146341463414,1.274390243902439,88
1137308.036585366,2005.560975609756,43.33536585365854,1.9634146341463414,1.2195121951219512,2.9878048780487805,1.475609756097561,1.7134146341463414,1.274390243902439,102
1137308.036585366,2005.560975609756,43.33536585365854,1.9634146341463414,1.2195121951219512,2.9878048780487805,1.475609756097561,1.7134146341463414,1.274390243902439,96
1137308.036585366,2005.560975609756,43.33536585365854,1.9634146341463414,1.2195121951219512,2.9878048780487805,1.475609756097561,1.7134146341463414,1.274390243902439,123
1137308.036585366,2005.560975609756,43.33536585365854,1.9634146341463414,1.2195121951219512,2.9878048780487805,1.475609756097561,1.7134146341463414,1.274390243902439,114
1137308.036585366,2005.560975609756,43.33536585365854,1.9634146341463414,1.2195121951219512,2.9878048780487805,1.475609756097561,1.7134146341463414,1.274390243902439,100
1137308.036585366,2005.560975609756,43.33536585365854,1.9634146341463414,1.2195121951219512,2.9878048780487805,1.475609756097561,1.7134146341463414,1.274390243902439,139
1137308.036585366,2005.560975609756,43.33536585365854,1.9634146341463414,1.2195121951219512,2.9878048780487805,1.475609756097561,1.7134146341463414,1.274390243902439,61
1137308.036585366,2005.560975609756,43.33536585365854,1.9634146341463414,1.2195121951219512,2.9878048780487805,1.475609756097561,1.7134146341463414,1.274390243902439,109
1137308.036585366,2005.560975609756,43.33536585365854,1.9634146341463414,1.2195121951219512,2.9878048780487805,1.475609756097561,1.7134146341463414,1.274390243902439,119
1137308.036585366,2005.560975609756,43.33536585365854,1.9634146341463414,1.2195121951219512,2.9878048780487805,1.475609756097561,1.7134146341463414,1.274390243902439,74
1137308.036585366,2005.560975609756,43.33536585365854,1.9634146341463414,1.2195121951219512,2.9878048780487805,1.475609756097561,1.7134146341463414,1.274390243902439,105
1137308.036585366,2005.560975609756,43.33536585365854,1.9634146341463414,1.2195121951219512,2.9878048780487805,1.475609756097561,1.7134146341463414,1.274390243902439,94
1137308.036585366,2005.560975609756,43.33536585365854,1.9634146341463414,1.2195121951219512,2.9878048780487805,1.475609756097561,1.7134146341463414,1.274390243902439,75
1137308.036585366,2005.560975609756,43.33536585365854,1.9634146341463414,1.2195121951219512,2.9878048780487805,1.475609756097561,1.7134146341463414,1.274390243902439,102
1137308.036585366,2005.560975609756,43.33536585365854,1.9634146341463414,1.2195121951219512,2.9878048780487805,1.475609756097561,1.7134146341463414,1.274390243902439,83
1137308.036585366,2005.560975609756,43.33536585365854,1.9634146341463414,1.2195121951219512,2.9878048780487805,1.475609756097561,1.7134146341463414,1.274390243902439,268
1137308.036585366,2005.560975609756,43.33536585365854,1.9634146341463414,1.2195121951219512,2.9878048780487805,1.475609756097561,1.7134146341463414,1.274390243902439,106
1137308.036585366,2005.560975609756,43.33536585365854,1.9634146341463414,1.2195121951219512,2.9878048780487805,1.475609756097561,1.7134146341463414,1.274390243902439,110
1137308.036585366,2005.560975609756,43.33536585365854,1.9634146341463414,1.2195121951219512,2.9878048780487805,1.475609756097561,1.7134146341463414,1.274390243902439,81
1137308.036585366,2005.560975609756,43.33536585365854,1.9634146341463414,1.2195121951219512,2.9878048780487805,1.475609756097561,1.7134146341463414,1.274390243902439,85
1137308.036585366,2005.560975609756,43.33536585365854,1.9634146341463414,1.2195121951219512,2.9878048780487805,1.475609756097561,1.7134146341463414,1.274390243902439,166
1137308.036585366,2005.560975609756,43.33536585365854,1.9634146341463414,1.2195121951219512,2.9878048780487805,1.475609756097561,1.7134146341463414,1.274390243902439,133
1137308.036585366,2005.560975609756,43.33536585365854,1.9634146341463414,1.2195121951219512,2.9878048780487805,1.475609756097561,1.7134146341463414,1.274390243902439,88
1137308.036585366,2005.560975609756,43.33536585365854,1.9634146341463414,1.2195121951219512,2.9878048780487805,1.475609756097561,1.7134146341463414,1.274390243902439,125
1137308.036585366,2005.560975609756,43.33536585365854,1.9634146341463414,1.2195121951219512,2.9878048780487805,1.475609756097561,1.7134146341463414,1.274390243902439,148
1137308.036585366,2005.560975609756,43.33536585365854,1.9634146341463414,1.2195121951219512,2.9878048780487805,1.475609756097561,1.7134146341463414,1.274390243902439,119
1137308.036585366,2005.560975609756,43.33536585365854,1.9634146341463414,1.2195121951219512,2.9878048780487805,1.475609756097561,1.7134146341463414,1.274390243902439,78
1137308.036585366,2005.560975609756,43.33536585365854,1.9634146341463414,1.2195121951219512,2.9878048780487805,1.475609756097561,1.7134146341463414,1.274390243902439,55
1137308.036585366,2005.560975609756,43.33536585365854,1.9634146341463414,1.2195121951219512,2.9878048780487805,1.475609756097561,1.7134146341463414,1.274390243902439,74
1137308.036585366,2005.560975609756,43.33536585365854,1.9634146341463414,1.2195121951219512,2.9878048780487805,1.475609756097561,1.7134146341463414,1.274390243902439,119
1137308.036585366,2005.560975609756,43.33536585365854,1.9634146341463414,1.2195121951219512,2.9878048780487805,1.475609756097561,1.7134146341463414,1.274390243902439,99
1137308.036585366,2005.560975609756,43.33536585365854,1.9634146341463414,1.2195121951219512,2.9878048780487805,1.475609756097561,1.7134146341463414,1.274390243902439,105
1137308.036585366,2005.560975609756,43.33536585365854,1.9634146341463414,1.2195121951219512,2.9878048780487805,1.475609756097561,1.7134146341463414,1.274390243902439,94
1137308.036585366,2005.560975609756,43.33536585365854,1.9634146341463414,1.2195121951219512,2.9878048780487805,1.475609756097561,1.7134146341463414,1.274390243902439,100
1137308.036585366,2005.560975609756,43.33536585365854,1.9634146341463414,1.2195121951219512,2.9878048780487805,1.475609756097561,1.7134146341463414,1.274390243902439,67
1137308.036585366,2005.560975609756,43.33536585365854,1.9634146341463414,1.2195121951219512,2.9878048780487805,1.475609756097561,1.7134146341463414,1.274390243902439,81
1137308.036585366,2005.560975609756,43.33536585365854,1.9634146341463414,1.2195121951219512,2.9878048780487805,1.475609756097561,1.7134146341463414,1.274390243902439,97
1137308.036585366,2005.560975609756,43.33536585365854,1.9634146341463414,1.2195121951219512,2.9878048780487805,1.475609756097561,1.7134146341463414,1.274390243902439,107
1137308.036585366,2005.560975609756,43.33536585365854,1.9634146341463414,1.2195121951219512,2.9878048780487805,1.475609756097561,1.7134146341463414,1.274390243902439,142
1137308.036585366,2005.560975609756,43.33536585365854,1.9634146341463414,1.2195121951219512,2.9878048780487805,1.475609756097561,1.7134146341463414,1.274390243902439,117
1137308.036585366,2005.560975609756,43.33536585365854,1.9634146341463414,1.2195121951219512,2.9878048780487805,1.475609756097561,1.7134146341463414,1.274390243902439,112
1137308.036585366,2005.560975609756,43.33536585365854,1.9634146341463414,1.2195121951219512,2.9878048780487805,1.475609756097561,1.7134146341463414,1.274390243902439,75
1137308.036585366,2005.560975609756,43.33536585365854,1.9634146341463414,1.2195121951219512,2.9878048780487805,1.475609756097561,1.7134146341463414,1.274390243902439,108
1137308.036585366,2005.560975609756,43.33536585365854,1.9634146341463414,1.2195121951219512,2.9878048780487805,1.475609756097561,1.7134146341463414,1.274390243902439,140
1137308.036585366,2005.560975609756,43.33536585365854,1.9634146341463414,1.2195121951219512,2.9878048780487805,1.475609756097561,1.7134146341463414,1.274390243902439,148
1137308.036585366,2005.560975609756,43.33536585365854,1.9634146341463414,1.2195121951219512,2.9878048780487805,1.475609756097561,1.7134146341463414,1.274390243902439,101
1137308.036585366,2005.560975609756,43.33536585365854,1.9634146341463414,1.2195121951219512,2.9878048780487805,1.475609756097561,1.7134146341463414,1.274390243902439,272
1137308.036585366,2005.560975609756,43.33536585365854,1.9634146341463414,1.2195121951219512,2.9878048780487805,1.475609756097561,1.7134146341463414,1.274390243902439,123
1137308.036585366,2005.560975609756,43.33536585365854,1.9634146341463414,1.2195121951219512,2.9878048780487805,1.475609756097561,1.7134146341463414,1.274390243902439,88
1137308.036585366,2005.560975609756,43.33536585365854,1.9634146341463414,1.2195121951219512,2.9878048780487805,1.475609756097561,1.7134146341463414,1.274390243902439,114
1137308.036585366,2005.560975609756,43.33536585365854,1.9634146341463414,1.2195121951219512,2.9878048780487805,1.475609756097561,1.7134146341463414,1.274390243902439,63
1137308.036585366,2005.560975609756,43.33536585365854,1.9634146341463414,1.2195121951219512,2.9878048780487805,1.475609756097561,1.7134146341463414,1.274390243902439,69
1137308.036585366,2005.560975609756,43.33536585365854,1.9634146341463414,1.2195121951219512,2.9878048780487805,1.475609756097561,1.7134146341463414,1.274390243902439,110
1137308.036585366,2005.560975609756,43.33536585365854,1.9634146341463414,1.2195121951219512,2.9878048780487805,1.475609756097561,1.7134146341463414,1.274390243902439,127
1137308.036585366,2005.560975609756,43.33536585365854,1.9634146341463414,1.2195121951219512,2.9878048780487805,1.475609756097561,1.7134146341463414,1.274390243902439,65
1137308.036585366,2005.560975609756,43.33536585365854,1.9634146341463414,1.2195121951219512,2.9878048780487805,1.475609756097561,1.7134146341463414,1.274390243902439,110
1137308.036585366,2005.560975609756,43.33536585365854,1.9634146341463414,1.2195121951219512,2.9878048780487805,1.475609756097561,1.7134146341463414,1.274390243902439,108
1137308.036585366,2005.560975609756,43.33536585365854,1.9634146341463414,1.2195121951219512,2.9878048780487805,1.475609756097561,1.7134146341463414,1.274390243902439,88
1137308.036585366,2005.560975609756,43.33536585365854,1.9634146341463414,1.2195121951219512,2.9878048780487805,1.475609756097561,1.7134146341463414,1.274390243902439,105
1137308.036585366,2005.560975609756,43.33536585365854,1.9634146341463414,1.2195121951219512,2.9878048780487805,1.475609756097561,1.7134146341463414,1.274390243902439,115
1137308.036585366,2005.560975609756,43.33536585365854,1.9634146341463414,1.2195121951219512,2.9878048780487805,1.475609756097561,1.7134146341463414,1.274390243902439,89
1137308.036585366,2005.560975609756,43.33536585365854,1.9634146341463414,1.2195121951219512,2.9878048780487805,1.475609756097561,1.7134146341463414,1.274390243902439,93
1137308.036585366,2005.560975609756,43.33536585365854,1.9634146341463414,1.2195121951219512,2.9878048780487805,1.475609756097561,1.7134146341463414,1.274390243902439,94
1137308.036585366,2005.560975609756,43.33536585365854,1.9634146341463414,1.2195121951219512,2.9878048780487805,1.475609756097561,1.7134146341463414,1.274390243902439,88
1137308.036585366,2005.560975609756,43.33536585365854,1.9634146341463414,1.2195121951219512,2.9878048780487805,1.475609756097561,1.7134146341463414,1.274390243902439,90
1137308.036585366,2005.560975609756,43.33536585365854,1.9634146341463414,1.2195121951219512,2.9878048780487805,1.475609756097561,1.7134146341463414,1.274390243902439,100
1137308.036585366,2005.560975609756,43.33536585365854,1.9634146341463414,1.2195121951219512,2.9878048780487805,1.475609756097561,1.7134146341463414,1.274390243902439,137
1137308.036585366,2005.560975609756,43.33536585365854,1.9634146341463414,1.2195121951219512,2.9878048780487805,1.475609756097561,1.7134146341463414,1.274390243902439,142
1137308.036585366,2005.560975609756,43.33536585365854,1.9634146341463414,1.2195121951219512,2.9878048780487805,1.475609756097561,1.7134146341463414,1.274390243902439,97
1137308.036585366,2005.560975609756,43.33536585365854,1.9634146341463414,1.2195121951219512,2.9878048780487805,1.475609756097561,1.7134146341463414,1.274390243902439,113
1137308.036585366,2005.560975609756,43.33536585365854,1.9634146341463414,1.2195121951219512,2.9878048780487805,1.475609756097561,1.7134146341463414,1.274390243902439,119
1137308.036585366,2005.560975609756,43.33536585365854,1.9634146341463414,1.2195121951219512,2.9878048780487805,1.475609756097561,1.7134146341463414,1.274390243902439,135
1137308.036585366,2005.560975609756,43.33536585365854,1.9634146341463414,1.2195121951219512,2.9878048780487805,1.475609756097561,1.7134146341463414,1.274390243902439,117
1137308.036585366,2005.560975609756,43.33536585365854,1.9634146341463414,1.2195121951219512,2.9878048780487805,1.475609756097561,1.7134146341463414,1.274390243902439,80
1137308.036585366,2005.560975609756,43.33536585365854,1.9634146341463414,1.2195121951219512,2.9878048780487805,1.475609756097561,1.7134146341463414,1.274390243902439,114
1137308.036585366,2005.560975609756,43.33536585365854,1.9634146341463414,1.2195121951219512,2.9878048780487805,1.475609756097561,1.7134146341463414,1.274390243902439,123
1137308.036585366,2005.560975609756,43.33536585365854,1.9634146341463414,1.2195121951219512,2.9878048780487805,1.475609756097561,1.7134146341463414,1.274390243902439,74
1137308.036585366,2005.560975609756,43.33536585365854,1.9634146341463414,1.2195121951219512,2.9878048780487805,1.475609756097561,1.7134146341463414,1.274390243902439,131
1137308.036585366,2005.560975609756,43.33536585365854,1.9634146341463414,1.2195121951219512,2.9878048780487805,1.475609756097561,1.7134146341463414,1.274390243902439,81
1137308.036585366,2005.560975609756,43.33536585365854,1.9634146341463414,1.2195121951219512,2.9878048780487805,1.475609756097561,1.7134146341463414,1.274390243902439,66
1137308.036585366,2005.560975609756,43.33536585365854,1.9634146341463414,1.2195121951219512,2.9878048780487805,1.475609756097561,1.7134146341463414,1.274390243902439,112
