976864.663900415,2005.8091286307053,42.70124481327801,2.016597510373444,1.2655601659751037,2.921161825726141,1.4688796680497926,1.6597510373443984,1.3526970954356847,75
976864.663900415,2005.8091286307053,42.70124481327801,2.016597510373444,1.2655601659751037,2.921161825726141,1.4688796680497926,1.6597510373443984,1.3526970954356847,123
976864.663900415,2005.8091286307053,42.70124481327801,2.016597510373444,1.2655601659751037,2.921161825726141,1.4688796680497926,1.6597510373443984,1.3526970954356847,78
976864.663900415,2005.8091286307053,42.70124481327801,2.016597510373444,1.2655601659751037,2.921161825726141,1.4688796680497926,1.6597510373443984,1.3526970954356847,152
976864.663900415,2005.8091286307053,42.70124481327801,2.016597510373444,1.2655601659751037,2.921161825726141,1.4688796680497926,1.6597510373443984,1.3526970954356847,81
976864.663900415,2005.8091286307053,42.70124481327801,2.016597510373444,1.2655601659751037,2.921161825726141,1.4688796680497926,1.6597510373443984,1.3526970954356847,77
976864.663900415,2005.8091286307053,42.70124481327801,2.016597510373444,1.2655601659751037,2.921161825726141,1.4688796680497926,1.6597510373443984,1.3526970954356847,88
976864.663900415,2005.8091286307053,42.70124481327801,2.016597510373444,1.2655601659751037,2.921161825726141,1.4688796680497926,1.6597510373443984,1.3526970954356847,148
976864.663900415,2005.8091286307053,42.70124481327801,2.016597510373444,1.2655601659751037,2.921161825726141,1.4688796680497926,1.6597510373443984,1.3526970954356847,102
976864.663900415,2005.8091286307053,42.70124481327801,2.016597510373444,1.2655601659751037,2.921161825726141,1.4688796680497926,1.6597510373443984,1.3526970954356847,71
976864.663900415,2005.8091286307053,42.70124481327801,2.016597510373444,1.2655601659751037,2.921161825726141,1.4688796680497926,1.6597510373443984,1.3526970954356847,132
976864.663900415,2005.8091286307053,42.70124481327801,2.016597510373444,1.2655601659751037,2.921161825726141,1.4688796680497926,1.6597510373443984,1.3526970954356847,118
976864.663900415,2005.8091286307053,42.70124481327801,2.016597510373444,1.2655601659751037,2.921161825726141,1.4688796680497926,1.6597510373443984,1.3526970954356847,268
976864.663900415,2005.8091286307053,42.70124481327801,2.016597510373444,1.2655601659751037,2.921161825726141,1.4688796680497926,1.6597510373443984,1.3526970954356847,105
976864.663900415,2005.8091286307053,42.70124481327801,2.016597510373444,1.2655601659751037,2.921161825726141,1.4688796680497926,1.6597510373443984,1.3526970954356847,97
976864.663900415,2005.8091286307053,42.70124481327801,2.016597510373444,1.2655601659751037,2.921161825726141,1.4688796680497926,1.6597510373443984,1.3526970954356847,147
976864.663900415,2005.8091286307053,42.70124481327801,2.016597510373444,1.2655601659751037,2.921161825726141,1.4688796680497926,1.6597510373443984,1.3526970954356847,95
976864.663900415,2005.8091286307053,42.70124481327801,2.016597510373444,1.2655601659751037,2.921161825726141,1.4688796680497926,1.6597510373443984,1.3526970954356847,85
976864.663900415,2005.8091286307053,42.70124481327801,2.016597510373444,1.2655601659751037,2.921161825726141,1.4688796680497926,1.6597510373443984,1.3526970954356847,182
976864.663900415,2005.8091286307053,42.70124481327801,2.016597510373444,1.2655601659751037,2.921161825726141,1.4688796680497926,1.6597510373443984,1.3526970954356847,79
976864.663900415,2005.8091286307053,42.70124481327801,2.016597510373444,1.2655601659751037,2.921161825726141,1.4688796680497926,1.6597510373443984,1.3526970954356847,76
976864.663900415,2005.8091286307053,42.70124481327801,2.016597510373444,1.2655601659751037,2.921161825726141,1.4688796680497926,1.6597510373443984,1.3526970954356847,100
976864.663900415,2005.8091286307053,42.70124481327801,2.016597510373444,1.2655601659751037,2.921161825726141,1.4688796680497926,1.6597510373443984,1.3526970954356847,83
976864.663900415,2005.8091286307053,42.70124481327801,2.016597510373444,1.2655601659751037,2.921161825726141,1.4688796680497926,1.6597510373443984,1.3526970954356847,74
976864.663900415,2005.8091286307053,42.70124481327801,2.016597510373444,1.2655601659751037,2.921161825726141,1.4688796680497926,1.6597510373443984,1.3526970954356847,62
976864.663900415,2005.8091286307053,42.70124481327801,2.016597510373444,1.2655601659751037,2.921161825726141,1.4688796680497926,1.6597510373443984,1.3526970954356847,157
976864.663900415,2005.8091286307053,42.70124481327801,2.016597510373444,1.2655601659751037,2.921161825726141,1.4688796680497926,1.6597510373443984,1.3526970954356847,114
976864.663900415,2005.8091286307053,42.70124481327801,2.016597510373444,1.2655601659751037,2.921161825726141,1.4688796680497926,1.6597510373443984,1.3526970954356847,138
976864.663900415,2005.8091286307053,42.70124481327801,2.016597510373444,1.2655601659751037,2.921161825726141,1.4688796680497926,1.6597510373443984,1.3526970954356847,94
976864.663900415,2005.8091286307053,42.70124481327801,2.016597510373444,1.2655601659751037,2.921161825726141,1.4688796680497926,1.6597510373443984,1.3526970954356847,48
976864.663900415,2005.8091286307053,42.70124481327801,2.016597510373444,1.2655601659751037,2.921161825726141,1.4688796680497926,1.6597510373443984,1.3526970954356847,119
976864.663900415,2005.8091286307053,42.70124481327801,2.016597510373444,1.2655601659751037,2.921161825726141,1.4688796680497926,1.6597510373443984,1.3526970954356847,170
976864.663900415,2005.8091286307053,42.70124481327801,2.016597510373444,1.2655601659751037,2.921161825726141,1.4688796680497926,1.6597510373443984,1.3526970954356847,119
976864.663900415,2005.8091286307053,42.70124481327801,2.016597510373444,1.2655601659751037,2.921161825726141,1.4688796680497926,1.6597510373443984,1.3526970954356847,122
976864.663900415,2005.8091286307053,42.70124481327801,2.016597510373444,1.2655601659751037,2.921161825726141,1.4688796680497926,1.6597510373443984,1.3526970954356847,110
976864.663900415,2005.8091286307053,42.70124481327801,2.016597510373444,1.2655601659751037,2.921161825726141,1.4688796680497926,1.6597510373443984,1.3526970954356847,277
976864.663900415,2005.8091286307053,42.70124481327801,2.016597510373444,1.2655601659751037,2.921161825726141,1.4688796680497926,1.6597510373443984,1.3526970954356847,50
976864.663900415,2005.8091286307053,42.70124481327801,2.016597510373444,1.2655601659751037,2.921161825726141,1.4688796680497926,1.6597510373443984,1.3526970954356847,107
976864.663900415,2005.8091286307053,42.70124481327801,2.016597510373444,1.2655601659751037,2.921161825726141,1.4688796680497926,1.6597510373443984,1.3526970954356847,106
976864.663900415,2005.8091286307053,42.70124481327801,2.016597510373444,1.2655601659751037,2.921161825726141,1.4688796680497926,1.6597510373443984,1.3526970954356847,83
976864.663900415,2005.8091286307053,42.70124481327801,2.016597510373444,1.2655601659751037,2.921161825726141,1.4688796680497926,1.6597510373443984,1.3526970954356847,106
976864.663900415,2005.8091286307053,42.70124481327801,2.016597510373444,1.2655601659751037,2.921161825726141,1.4688796680497926,1.6597510373443984,1.3526970954356847,81
976864.663900415,2005.8091286307053,42.70124481327801,2.016597510373444,1.2655601659751037,2.921161825726141,1.4688796680497926,1.6597510373443984,1.3526970954356847,88
976864.663900415,2005.8091286307053,42.70124481327801,2.016597510373444,1.2655601659751037,2.921161825726141,1.4688796680497926,1.6597510373443984,1.3526970954356847,55
976864.663900415,2005.8091286307053,42.70124481327801,2.016597510373444,1.2655601659751037,2.921161825726141,1.4688796680497926,1.6597510373443984,1.3526970954356847,180
976864.663900415,2005.8091286307053,42.70124481327801,2.016597510373444,1.2655601659751037,2.921161825726141,1.4688796680497926,1.6597510373443984,1.3526970954356847,100
976864.663900415,2005.8091286307053,42.70124481327801,2.016597510373444,1.2655601659751037,2.921161825726141,1.4688796680497926,1.6597510373443984,1.3526970954356847,32
976864.663900415,2005.8091286307053,42.70124481327801,2.016597510373444,1.2655601659751037,2.921161825726141,1.4688796680497926,1.6597510373443984,1.3526970954356847,127
976864.663900415,2005.8091286307053,42.70124481327801,2.016597510373444,1.2655601659751037,2.921161825726141,1.4688796680497926,1.6597510373443984,1.3526970954356847,102
976864.663900415,2005.8091286307053,42.70124481327801,2.016597510373444,1.2655601659751037,2.921161825726141,1.4688796680497926,1.6597510373443984,1.3526970954356847,97
976864.663900415,2005.8091286307053,42.70124481327801,2.016597510373444,1.2655601659751037,2.921161825726141,1.4688796680497926,1.6597510373443984,1.3526970954356847,85
976864.663900415,2005.8091286307053,42.70124481327801,2.016597510373444,1.2655601659751037,2.921161825726141,1.4688796680497926,1.6597510373443984,1.3526970954356847,107
976864.663900415,2005.8091286307053,42.70124481327801,2.016597510373444,1.2655601659751037,2.921161825726141,1.4688796680497926,1.6597510373443984,1.3526970954356847,144
976864.663900415,2005.8091286307053,42.70124481327801,2.016597510373444,1.2655601659751037,2.921161825726141,1.4688796680497926,1.6597510373443984,1.3526970954356847,87
976864.663900415,2005.8091286307053,42.70124481327801,2.016597510373444,1.2655601659751037,2.921161825726141,1.4688796680497926,1.6597510373443984,1.3526970954356847,119
976864.663900415,2005.8091286307053,42.70124481327801,2.016597510373444,1.2655601659751037,2.921161825726141,1.4688796680497926,1.6597510373443984,1.3526970954356847,201
976864.663900415,2005.8091286307053,42.70124481327801,2.016597510373444,1.2655601659751037,2.921161825726141,1.4688796680497926,1.6597510373443984,1.3526970954356847,74
976864.663900415,2005.8091286307053,42.70124481327801,2.016597510373444,1.2655601659751037,2.921161825726141,1.4688796680497926,1.6597510373443984,1.3526970954356847,94
976864.663900415,2005.8091286307053,42.70124481327801,2.016597510373444,1.2655601659751037,2.921161825726141,1.4688796680497926,1.6597510373443984,1.3526970954356847,146
976864.663900415,2005.8091286307053,42.70124481327801,2.016597510373444,1.2655601659751037,2.921161825726141,1.4688796680497926,1.6597510373443984,1.3526970954356847,120
976864.663900415,2005.8091286307053,42.70124481327801,2.016597510373444,1.2655601659751037,2.921161825726141,1.4688796680497926,1.6597510373443984,1.3526970954356847,105
976864.663900415,2005.8091286307053,42.70124481327801,2.016597510373444,1.2655601659751037,2.921161825726141,1.4688796680497926,1.6597510373443984,1.3526970954356847,104
976864.663900415,2005.8091286307053,42.70124481327801,2.016597510373444,1.2655601659751037,2.921161825726141,1.4688796680497926,1.6597510373443984,1.3526970954356847,114
976864.663900415,2005.8091286307053,42.70124481327801,2.016597510373444,1.2655601659751037,2.921161825726141,1.4688796680497926,1.6597510373443984,1.3526970954356847,142
976864.663900415,2005.8091286307053,42.70124481327801,2.016597510373444,1.2655601659751037,2.921161825726141,1.4688796680497926,1.6597510373443984,1.3526970954356847,148
976864.663900415,2005.8091286307053,42.70124481327801,2.016597510373444,1.2655601659751037,2.921161825726141,1.4688796680497926,1.6597510373443984,1.3526970954356847,123
976864.663900415,2005.8091286307053,42.70124481327801,2.016597510373444,1.2655601659751037,2.921161825726141,1.4688796680497926,1.6597510373443984,1.3526970954356847,119
976864.663900415,2005.8091286307053,42.70124481327801,2.016597510373444,1.2655601659751037,2.921161825726141,1.4688796680497926,1.6597510373443984,1.3526970954356847,158
976864.663900415,2005.8091286307053,42.70124481327801,2.016597510373444,1.2655601659751037,2.921161825726141,1.4688796680497926,1.6597510373443984,1.3526970954356847,115
976864.663900415,2005.8091286307053,42.70124481327801,2.016597510373444,1.2655601659751037,2.921161825726141,1.4688796680497926,1.6597510373443984,1.3526970954356847,96
976864.663900415,2005.8091286307053,42.70124481327801,2.016597510373444,1.2655601659751037,2.921161825726141,1.4688796680497926,1.6597510373443984,1.3526970954356847,110
976864.663900415,2005.8091286307053,42.70124481327801,2.016597510373444,1.2655601659751037,2.921161825726141,1.4688796680497926,1.6597510373443984,1.3526970954356847,123
976864.663900415,2005.8091286307053,42.70124481327801,2.016597510373444,1.2655601659751037,2.921161825726141,1.4688796680497926,1.6597510373443984,1.3526970954356847,133
976864.663900415,2005.8091286307053,42.70124481327801,2.016597510373444,1.2655601659751037,2.921161825726141,1.4688796680497926,1.6597510373443984,1.3526970954356847,135
976864.663900415,2005.8091286307053,42.70124481327801,2.016597510373444,1.2655601659751037,2.921161825726141,1.4688796680497926,1.6597510373443984,1.3526970954356847,110
976864.663900415,2005.8091286307053,42.70124481327801,2.016597510373444,1.2655601659751037,2.921161825726141,1.4688796680497926,1.6597510373443984,1.3526970954356847,177
976864.663900415,2005.8091286307053,42.70124481327801,2.016597510373444,1.2655601659751037,2.921161825726141,1.4688796680497926,1.6597510373443984,1.3526970954356847,161
976864.663900415,2005.8091286307053,42.70124481327801,2.016597510373444,1.2655601659751037,2.921161825726141,1.4688796680497926,1.6597510373443984,1.3526970954356847,109
976864.663900415,2005.8091286307053,42.70124481327801,2.016597510373444,1.2655601659751037,2.921161825726141,1.4688796680497926,1.6597510373443984,1.3526970954356847,117
976864.663900415,2005.8091286307053,42.70124481327801,2.016597510373444,1.2655601659751037,2.921161825726141,1.4688796680497926,1.6597510373443984,1.3526970954356847,65
976864.663900415,2005.8091286307053,42.70124481327801,2.016597510373444,1.2655601659751037,2.921161825726141,1.4688796680497926,1.6597510373443984,1.3526970954356847,94
976864.663900415,2005.8091286307053,42.70124481327801,2.016597510373444,1.2655601659751037,2.921161825726141,1.4688796680497926,1.6597510373443984,1.3526970954356847,96
976864.663900415,2005.8091286307053,42.70124481327801,2.016597510373444,1.2655601659751037,2.921161825726141,1.4688796680497926,1.6597510373443984,1.3526970954356847,148
976864.663900415,2005.8091286307053,42.70124481327801,2.016597510373444,1.2655601659751037,2.921161825726141,1.4688796680497926,1.6597510373443984,1.3526970954356847,130
976864.663900415,2005.8091286307053,42.70124481327801,2.016597510373444,1.2655601659751037,2.921161825726141,1.4688796680497926,1.6597510373443984,1.3526970954356847,136
976864.663900415,2005.8091286307053,42.70124481327801,2.016597510373444,1.2655601659751037,2.921161825726141,1.4688796680497926,1.6597510373443984,1.3526970954356847,155
976864.663900415,2005.8091286307053,42.70124481327801,2.016597510373444,1.2655601659751037,2.921161825726141,1.4688796680497926,1.6597510373443984,1.3526970954356847,131
976864.663900415,2005.8091286307053,42.70124481327801,2.016597510373444,1.2655601659751037,2.921161825726141,1.4688796680497926,1.6597510373443984,1.3526970954356847,119
976864.663900415,2005.8091286307053,42.70124481327801,2.016597510373444,1.2655601659751037,2.921161825726141,1.4688796680497926,1.6597510373443984,1.3526970954356847,112
976864.663900415,2005.8091286307053,42.70124481327801,2.016597510373444,1.2655601659751037,2.921161825726141,1.4688796680497926,1.6597510373443984,1.3526970954356847,55
976864.663900415,2005.8091286307053,42.70124481327801,2.016597510373444,1.2655601659751037,2.921161825726141,1.4688796680497926,1.6597510373443984,1.3526970954356847,115
976864.663900415,2005.8091286307053,42.70124481327801,2.016597510373444,1.2655601659751037,2.921161825726141,1.4688796680497926,1.6597510373443984,1.3526970954356847,47
976864.663900415,2005.8091286307053,42.70124481327801,2.016597510373444,1.2655601659751037,2.921161825726141,1.4688796680497926,1.6597510373443984,1.3526970954356847,196
976864.663900415,2005.8091286307053,42.70124481327801,2.016597510373444,1.2655601659751037,2.921161825726141,1.4688796680497926,1.6597510373443984,1.3526970954356847,108
976864.663900415,2005.8091286307053,42.70124481327801,2.016597510373444,1.2655601659751037,2.921161825726141,1.4688796680497926,1.6597510373443984,1.3526970954356847,100
976864.663900415,2005.8091286307053,42.70124481327801,2.016597510373444,1.2655601659751037,2.921161825726141,1.4688796680497926,1.6597510373443984,1.3526970954356847,61
976864.663900415,2005.8091286307053,42.70124481327801,2.016597510373444,1.2655601659751037,2.921161825726141,1.4688796680497926,1.6597510373443984,1.3526970954356847,88
976864.663900415,2005.8091286307053,42.70124481327801,2.016597510373444,1.2655601659751037,2.921161825726141,1.4688796680497926,1.6597510373443984,1.3526970954356847,139
976864.663900415,2005.8091286307053,42.70124481327801,2.016597510373444,1.2655601659751037,2.921161825726141,1.4688796680497926,1.6597510373443984,1.3526970954356847,125
976864.663900415,2005.8091286307053,42.70124481327801,2.016597510373444,1.2655601659751037,2.921161825726141,1.4688796680497926,1.6597510373443984,1.3526970954356847,35
976864.663900415,2005.8091286307053,42.70124481327801,2.016597510373444,1.2655601659751037,2.921161825726141,1.4688796680497926,1.6597510373443984,1.3526970954356847,127
976864.663900415,2005.8091286307053,42.70124481327801,2.016597510373444,1.2655601659751037,2.921161825726141,1.4688796680497926,1.6597510373443984,1.3526970954356847,149
976864.663900415,2005.8091286307053,42.70124481327801,2.016597510373444,1.2655601659751037,2.921161825726141,1.4688796680497926,1.6597510373443984,1.3526970954356847,81
976864.663900415,2005.8091286307053,42.70124481327801,2.016597510373444,1.2655601659751037,2.921161825726141,1.4688796680497926,1.6597510373443984,1.3526970954356847,166
976864.663900415,2005.8091286307053,42.70124481327801,2.016597510373444,1.2655601659751037,2.921161825726141,1.4688796680497926,1.6597510373443984,1.3526970954356847,142
976864.663900415,2005.8091286307053,42.70124481327801,2.016597510373444,1.2655601659751037,2.921161825726141,1.4688796680497926,1.6597510373443984,1.3526970954356847,187
976864.663900415,2005.8091286307053,42.70124481327801,2.016597510373444,1.2655601659751037,2.921161825726141,1.4688796680497926,1.6597510373443984,1.3526970954356847,99
976864.663900415,2005.8091286307053,42.70124481327801,2.016597510373444,1.2655601659751037,2.921161825726141,1.4688796680497926,1.6597510373443984,1.3526970954356847,128
976864.663900415,2005.8091286307053,42.70124481327801,2.016597510373444,1.2655601659751037,2.921161825726141,1.4688796680497926,1.6597510373443984,1.3526970954356847,90
976864.663900415,2005.8091286307053,42.70124481327801,2.016597510373444,1.2655601659751037,2.921161825726141,1.4688796680497926,1.6597510373443984,1.3526970954356847,112
976864.663900415,2005.8091286307053,42.70124481327801,2.016597510373444,1.2655601659751037,2.921161825726141,1.4688796680497926,1.6597510373443984,1.3526970954356847,88
976864.663900415,2005.8091286307053,42.70124481327801,2.016597510373444,1.2655601659751037,2.921161825726141,1.4688796680497926,1.6597510373443984,1.3526970954356847,101
976864.663900415,2005.8091286307053,42.70124481327801,2.016597510373444,1.2655601659751037,2.921161825726141,1.4688796680497926,1.6597510373443984,1.3526970954356847,161
976864.663900415,2005.8091286307053,42.70124481327801,2.016597510373444,1.2655601659751037,2.921161825726141,1.4688796680497926,1.6597510373443984,1.3526970954356847,65
976864.663900415,2005.8091286307053,42.70124481327801,2.016597510373444,1.2655601659751037,2.921161825726141,1.4688796680497926,1.6597510373443984,1.3526970954356847,121
976864.663900415,2005.8091286307053,42.70124481327801,2.016597510373444,1.2655601659751037,2.921161825726141,1.4688796680497926,1.6597510373443984,1.3526970954356847,103
976864.663900415,2005.8091286307053,42.70124481327801,2.016597510373444,1.2655601659751037,2.921161825726141,1.4688796680497926,1.6597510373443984,1.3526970954356847,177
976864.663900415,2005.8091286307053,42.70124481327801,2.016597510373444,1.2655601659751037,2.921161825726141,1.4688796680497926,1.6597510373443984,1.3526970954356847,155
976864.663900415,2005.8091286307053,42.70124481327801,2.016597510373444,1.2655601659751037,2.921161825726141,1.4688796680497926,1.6597510373443984,1.3526970954356847,192
976864.663900415,2005.8091286307053,42.70124481327801,2.016597510373444,1.2655601659751037,2.921161825726141,1.4688796680497926,1.6597510373443984,1.3526970954356847,110
976864.663900415,2005.8091286307053,42.70124481327801,2.016597510373444,1.2655601659751037,2.921161825726141,1.4688796680497926,1.6597510373443984,1.3526970954356847,140
976864.663900415,2005.8091286307053,42.70124481327801,2.016597510373444,1.2655601659751037,2.921161825726141,1.4688796680497926,1.6597510373443984,1.3526970954356847,52
976864.663900415,2005.8091286307053,42.70124481327801,2.016597510373444,1.2655601659751037,2.921161825726141,1.4688796680497926,1.6597510373443984,1.3526970954356847,129
976864.663900415,2005.8091286307053,42.70124481327801,2.016597510373444,1.2655601659751037,2.921161825726141,1.4688796680497926,1.6597510373443984,1.3526970954356847,63
976864.663900415,2005.8091286307053,42.70124481327801,2.016597510373444,1.2655601659751037,2.921161825726141,1.4688796680497926,1.6597510373443984,1.3526970954356847,54
976864.663900415,2005.8091286307053,42.70124481327801,2.016597510373444,1.2655601659751037,2.921161825726141,1.4688796680497926,1.6597510373443984,1.3526970954356847,142
976864.663900415,2005.8091286307053,42.70124481327801,2.016597510373444,1.2655601659751037,2.921161825726141,1.4688796680497926,1.6597510373443984,1.3526970954356847,172
976864.663900415,2005.8091286307053,42.70124481327801,2.016597510373444,1.2655601659751037,2.921161825726141,1.4688796680497926,1.6597510373443984,1.3526970954356847,282
976864.663900415,2005.8091286307053,42.70124481327801,2.016597510373444,1.2655601659751037,2.921161825726141,1.4688796680497926,1.6597510373443984,1.3526970954356847,117
976864.663900415,2005.8091286307053,42.70124481327801,2.016597510373444,1.2655601659751037,2.921161825726141,1.4688796680497926,1.6597510373443984,1.3526970954356847,127
976864.663900415,2005.8091286307053,42.70124481327801,2.016597510373444,1.2655601659751037,2.921161825726141,1.4688796680497926,1.6597510373443984,1.3526970954356847,67
976864.663900415,2005.8091286307053,42.70124481327801,2.016597510373444,1.2655601659751037,2.921161825726141,1.4688796680497926,1.6597510373443984,1.3526970954356847,81
976864.663900415,2005.8091286307053,42.70124481327801,2.016597510373444,1.2655601659751037,2.921161825726141,1.4688796680497926,1.6597510373443984,1.3526970954356847,131
976864.663900415,2005.8091286307053,42.70124481327801,2.016597510373444,1.2655601659751037,2.921161825726141,1.4688796680497926,1.6597510373443984,1.3526970954356847,91
976864.663900415,2005.8091286307053,42.70124481327801,2.016597510373444,1.2655601659751037,2.921161825726141,1.4688796680497926,1.6597510373443984,1.3526970954356847,114
976864.663900415,2005.8091286307053,42.70124481327801,2.016597510373444,1.2655601659751037,2.921161825726141,1.4688796680497926,1.6597510373443984,1.3526970954356847,148
976864.663900415,2005.8091286307053,42.70124481327801,2.016597510373444,1.2655601659751037,2.921161825726141,1.4688796680497926,1.6597510373443984,1.3526970954356847,69
976864.663900415,2005.8091286307053,42.70124481327801,2.016597510373444,1.2655601659751037,2.921161825726141,1.4688796680497926,1.6597510373443984,1.3526970954356847,153
976864.663900415,2005.8091286307053,42.70124481327801,2.016597510373444,1.2655601659751037,2.921161825726141,1.4688796680497926,1.6597510373443984,1.3526970954356847,145
976864.663900415,2005.8091286307053,42.70124481327801,2.016597510373444,1.2655601659751037,2.921161825726141,1.4688796680497926,1.6597510373443984,1.3526970954356847,37
976864.663900415,2005.8091286307053,42.70124481327801,2.016597510373444,1.2655601659751037,2.921161825726141,1.4688796680497926,1.6597510373443984,1.3526970954356847,105
976864.663900415,2005.8091286307053,42.70124481327801,2.016597510373444,1.2655601659751037,2.921161825726141,1.4688796680497926,1.6597510373443984,1.3526970954356847,100
976864.663900415,2005.8091286307053,42.70124481327801,2.016597510373444,1.2655601659751037,2.921161825726141,1.4688796680497926,1.6597510373443984,1.3526970954356847,108
976864.663900415,2005.8091286307053,42.70124481327801,2.016597510373444,1.2655601659751037,2.921161825726141,1.4688796680497926,1.6597510373443984,1.3526970954356847,94
976864.663900415,2005.8091286307053,42.70124481327801,2.016597510373444,1.2655601659751037,2.921161825726141,1.4688796680497926,1.6597510373443984,1.3526970954356847,93
976864.663900415,2005.8091286307053,42.70124481327801,2.016597510373444,1.2655601659751037,2.921161825726141,1.4688796680497926,1.6597510373443984,1.3526970954356847,272
976864.663900415,2005.8091286307053,42.70124481327801,2.016597510373444,1.2655601659751037,2.921161825726141,1.4688796680497926,1.6597510373443984,1.3526970954356847,74
976864.663900415,2005.8091286307053,42.70124481327801,2.016597510373444,1.2655601659751037,2.921161825726141,1.4688796680497926,1.6597510373443984,1.3526970954356847,135
976864.663900415,2005.8091286307053,42.70124481327801,2.016597510373444,1.2655601659751037,2.921161825726141,1.4688796680497926,1.6597510373443984,1.3526970954356847,82
976864.663900415,2005.8091286307053,42.70124481327801,2.016597510373444,1.2655601659751037,2.921161825726141,1.4688796680497926,1.6597510373443984,1.3526970954356847,80
976864.663900415,2005.8091286307053,42.70124481327801,2.016597510373444,1.2655601659751037,2.921161825726141,1.4688796680497926,1.6597510373443984,1.3526970954356847,89
976864.663900415,2005.8091286307053,42.70124481327801,2.016597510373444,1.2655601659751037,2.921161825726141,1.4688796680497926,1.6597510373443984,1.3526970954356847,119
976864.663900415,2005.8091286307053,42.70124481327801,2.016597510373444,1.2655601659751037,2.921161825726141,1.4688796680497926,1.6597510373443984,1.3526970954356847,100
976864.663900415,2005.8091286307053,42.70124481327801,2.016597510373444,1.2655601659751037,2.921161825726141,1.4688796680497926,1.6597510373443984,1.3526970954356847,137
976864.663900415,2005.8091286307053,42.70124481327801,2.016597510373444,1.2655601659751037,2.921161825726141,1.4688796680497926,1.6597510373443984,1.3526970954356847,114
976864.663900415,2005.8091286307053,42.70124481327801,2.016597510373444,1.2655601659751037,2.921161825726141,1.4688796680497926,1.6597510373443984,1.3526970954356847,90
976864.663900415,2005.8091286307053,42.70124481327801,2.016597510373444,1.2655601659751037,2.921161825726141,1.4688796680497926,1.6597510373443984,1.3526970954356847,40
976864.663900415,2005.8091286307053,42.70124481327801,2.016597510373444,1.2655601659751037,2.921161825726141,1.4688796680497926,1.6597510373443984,1.3526970954356847,95
976864.663900415,2005.8091286307053,42.70124481327801,2.016597510373444,1.2655601659751037,2.921161825726141,1.4688796680497926,1.6597510373443984,1.3526970954356847,131
976864.663900415,2005.8091286307053,42.70124481327801,2.016597510373444,1.2655601659751037,2.921161825726141,1.4688796680497926,1.6597510373443984,1.3526970954356847,88
976864.663900415,2005.8091286307053,42.70124481327801,2.016597510373444,1.2655601659751037,2.921161825726141,1.4688796680497926,1.6597510373443984,1.3526970954356847,127
976864.663900415,2005.8091286307053,42.70124481327801,2.016597510373444,1.2655601659751037,2.921161825726141,1.4688796680497926,1.6597510373443984,1.3526970954356847,129
976864.663900415,2005.8091286307053,42.70124481327801,2.016597510373444,1.2655601659751037,2.921161825726141,1.4688796680497926,1.6597510373443984,1.3526970954356847,113
976864.663900415,2005.8091286307053,42.70124481327801,2.016597510373444,1.2655601659751037,2.921161825726141,1.4688796680497926,1.6597510373443984,1.3526970954356847,64
976864.663900415,2005.8091286307053,42.70124481327801,2.016597510373444,1.2655601659751037,2.921161825726141,1.4688796680497926,1.6597510373443984,1.3526970954356847,84
976864.663900415,2005.8091286307053,42.70124481327801,2.016597510373444,1.2655601659751037,2.921161825726141,1.4688796680497926,1.6597510373443984,1.3526970954356847,145
976864.663900415,2005.8091286307053,42.70124481327801,2.016597510373444,1.2655601659751037,2.921161825726141,1.4688796680497926,1.6597510373443984,1.3526970954356847,94
976864.663900415,2005.8091286307053,42.70124481327801,2.016597510373444,1.2655601659751037,2.921161825726141,1.4688796680497926,1.6597510373443984,1.3526970954356847,89
976864.663900415,2005.8091286307053,42.70124481327801,2.016597510373444,1.2655601659751037,2.921161825726141,1.4688796680497926,1.6597510373443984,1.3526970954356847,135
976864.663900415,2005.8091286307053,42.70124481327801,2.016597510373444,1.2655601659751037,2.921161825726141,1.4688796680497926,1.6597510373443984,1.3526970954356847,177
976864.663900415,2005.8091286307053,42.70124481327801,2.016597510373444,1.2655601659751037,2.921161825726141,1.4688796680497926,1.6597510373443984,1.3526970954356847,161
976864.663900415,2005.8091286307053,42.70124481327801,2.016597510373444,1.2655601659751037,2.921161825726141,1.4688796680497926,1.6597510373443984,1.3526970954356847,81
976864.663900415,2005.8091286307053,42.70124481327801,2.016597510373444,1.2655601659751037,2.921161825726141,1.4688796680497926,1.6597510373443984,1.3526970954356847,110
976864.663900415,2005.8091286307053,42.70124481327801,2.016597510373444,1.2655601659751037,2.921161825726141,1.4688796680497926,1.6597510373443984,1.3526970954356847,70
976864.663900415,2005.8091286307053,42.70124481327801,2.016597510373444,1.2655601659751037,2.921161825726141,1.4688796680497926,1.6597510373443984,1.3526970954356847,75
976864.663900415,2005.8091286307053,42.70124481327801,2.016597510373444,1.2655601659751037,2.921161825726141,1.4688796680497926,1.6597510373443984,1.3526970954356847,189
976864.663900415,2005.8091286307053,42.70124481327801,2.016597510373444,1.2655601659751037,2.921161825726141,1.4688796680497926,1.6597510373443984,1.3526970954356847,105
976864.663900415,2005.8091286307053,42.70124481327801,2.016597510373444,1.2655601659751037,2.921161825726141,1.4688796680497926,1.6597510373443984,1.3526970954356847,80
976864.663900415,2005.8091286307053,42.70124481327801,2.016597510373444,1.2655601659751037,2.921161825726141,1.4688796680497926,1.6597510373443984,1.3526970954356847,103
976864.663900415,2005.8091286307053,42.70124481327801,2.016597510373444,1.2655601659751037,2.921161825726141,1.4688796680497926,1.6597510373443984,1.3526970954356847,88
976864.663900415,2005.8091286307053,42.70124481327801,2.016597510373444,1.2655601659751037,2.921161825726141,1.4688796680497926,1.6597510373443984,1.3526970954356847,86
976864.663900415,2005.8091286307053,42.70124481327801,2.016597510373444,1.2655601659751037,2.921161825726141,1.4688796680497926,1.6597510373443984,1.3526970954356847,72
976864.663900415,2005.8091286307053,42.70124481327801,2.016597510373444,1.2655601659751037,2.921161825726141,1.4688796680497926,1.6597510373443984,1.3526970954356847,60
976864.663900415,2005.8091286307053,42.70124481327801,2.016597510373444,1.2655601659751037,2.921161825726141,1.4688796680497926,1.6597510373443984,1.3526970954356847,66
976864.663900415,2005.8091286307053,42.70124481327801,2.016597510373444,1.2655601659751037,2.921161825726141,1.4688796680497926,1.6597510373443984,1.3526970954356847,93
976864.663900415,2005.8091286307053,42.70124481327801,2.016597510373444,1.2655601659751037,2.921161825726141,1.4688796680497926,1.6597510373443984,1.3526970954356847,92
976864.663900415,2005.8091286307053,42.70124481327801,2.016597510373444,1.2655601659751037,2.921161825726141,1.4688796680497926,1.6597510373443984,1.3526970954356847,119
976864.663900415,2005.8091286307053,42.70124481327801,2.016597510373444,1.2655601659751037,2.921161825726141,1.4688796680497926,1.6597510373443984,1.3526970954356847,100
976864.663900415,2005.8091286307053,42.70124481327801,2.016597510373444,1.2655601659751037,2.921161825726141,1.4688796680497926,1.6597510373443984,1.3526970954356847,74
976864.663900415,2005.8091286307053,42.70124481327801,2.016597510373444,1.2655601659751037,2.921161825726141,1.4688796680497926,1.6597510373443984,1.3526970954356847,148
976864.663900415,2005.8091286307053,42.70124481327801,2.016597510373444,1.2655601659751037,2.921161825726141,1.4688796680497926,1.6597510373443984,1.3526970954356847,121
976864.663900415,2005.8091286307053,42.70124481327801,2.016597510373444,1.2655601659751037,2.921161825726141,1.4688796680497926,1.6597510373443984,1.3526970954356847,65
976864.663900415,2005.8091286307053,42.70124481327801,2.016597510373444,1.2655601659751037,2.921161825726141,1.4688796680497926,1.6597510373443984,1.3526970954356847,105
976864.663900415,2005.8091286307053,42.70124481327801,2.016597510373444,1.2655601659751037,2.921161825726141,1.4688796680497926,1.6597510373443984,1.3526970954356847,111
976864.663900415,2005.8091286307053,42.70124481327801,2.016597510373444,1.2655601659751037,2.921161825726141,1.4688796680497926,1.6597510373443984,1.3526970954356847,129
976864.663900415,2005.8091286307053,42.70124481327801,2.016597510373444,1.2655601659751037,2.921161825726141,1.4688796680497926,1.6597510373443984,1.3526970954356847,88
976864.663900415,2005.8091286307053,42.70124481327801,2.016597510373444,1.2655601659751037,2.921161825726141,1.4688796680497926,1.6597510373443984,1.3526970954356847,110
976864.663900415,2005.8091286307053,42.70124481327801,2.016597510373444,1.2655601659751037,2.921161825726141,1.4688796680497926,1.6597510373443984,1.3526970954356847,179
976864.663900415,2005.8091286307053,42.70124481327801,2.016597510373444,1.2655601659751037,2.921161825726141,1.4688796680497926,1.6597510373443984,1.3526970954356847,72
976864.663900415,2005.8091286307053,42.70124481327801,2.016597510373444,1.2655601659751037,2.921161825726141,1.4688796680497926,1.6597510373443984,1.3526970954356847,278
976864.663900415,2005.8091286307053,42.70124481327801,2.016597510373444,1.2655601659751037,2.921161825726141,1.4688796680497926,1.6597510373443984,1.3526970954356847,126
976864.663900415,2005.8091286307053,42.70124481327801,2.016597510373444,1.2655601659751037,2.921161825726141,1.4688796680497926,1.6597510373443984,1.3526970954356847,198
976864.663900415,2005.8091286307053,42.70124481327801,2.016597510373444,1.2655601659751037,2.921161825726141,1.4688796680497926,1.6597510373443984,1.3526970954356847,73
976864.663900415,2005.8091286307053,42.70124481327801,2.016597510373444,1.2655601659751037,2.921161825726141,1.4688796680497926,1.6597510373443984,1.3526970954356847,164
976864.663900415,2005.8091286307053,42.70124481327801,2.016597510373444,1.2655601659751037,2.921161825726141,1.4688796680497926,1.6597510373443984,1.3526970954356847,27
976864.663900415,2005.8091286307053,42.70124481327801,2.016597510373444,1.2655601659751037,2.921161825726141,1.4688796680497926,1.6597510373443984,1.3526970954356847,138
976864.663900415,2005.8091286307053,42.70124481327801,2.016597510373444,1.2655601659751037,2.921161825726141,1.4688796680497926,1.6597510373443984,1.3526970954356847,44
976864.663900415,2005.8091286307053,42.70124481327801,2.016597510373444,1.2655601659751037,2.921161825726141,1.4688796680497926,1.6597510373443984,1.3526970954356847,80
976864.663900415,2005.8091286307053,42.70124481327801,2.016597510373444,1.2655601659751037,2.921161825726141,1.4688796680497926,1.6597510373443984,1.3526970954356847,97
976864.663900415,2005.8091286307053,42.70124481327801,2.016597510373444,1.2655601659751037,2.921161825726141,1.4688796680497926,1.6597510373443984,1.3526970954356847,68
976864.663900415,2005.8091286307053,42.70124481327801,2.016597510373444,1.2655601659751037,2.921161825726141,1.4688796680497926,1.6597510373443984,1.3526970954356847,57
976864.663900415,2005.8091286307053,42.70124481327801,2.016597510373444,1.2655601659751037,2.921161825726141,1.4688796680497926,1.6597510373443984,1.3526970954356847,84
976864.663900415,2005.8091286307053,42.70124481327801,2.016597510373444,1.2655601659751037,2.921161825726141,1.4688796680497926,1.6597510373443984,1.3526970954356847,116
976864.663900415,2005.8091286307053,42.70124481327801,2.016597510373444,1.2655601659751037,2.921161825726141,1.4688796680497926,1.6597510373443984,1.3526970954356847,134
976864.663900415,2005.8091286307053,42.70124481327801,2.016597510373444,1.2655601659751037,2.921161825726141,1.4688796680497926,1.6597510373443984,1.3526970954356847,110
976864.663900415,2005.8091286307053,42.70124481327801,2.016597510373444,1.2655601659751037,2.921161825726141,1.4688796680497926,1.6597510373443984,1.3526970954356847,94
976864.663900415,2005.8091286307053,42.70124481327801,2.016597510373444,1.2655601659751037,2.921161825726141,1.4688796680497926,1.6597510373443984,1.3526970954356847,119
976864.663900415,2005.8091286307053,42.70124481327801,2.016597510373444,1.2655601659751037,2.921161825726141,1.4688796680497926,1.6597510373443984,1.3526970954356847,90
976864.663900415,2005.8091286307053,42.70124481327801,2.016597510373444,1.2655601659751037,2.921161825726141,1.4688796680497926,1.6597510373443984,1.3526970954356847,100
976864.663900415,2005.8091286307053,42.70124481327801,2.016597510373444,1.2655601659751037,2.921161825726141,1.4688796680497926,1.6597510373443984,1.3526970954356847,148
976864.663900415,2005.8091286307053,42.70124481327801,2.016597510373444,1.2655601659751037,2.921161825726141,1.4688796680497926,1.6597510373443984,1.3526970954356847,81
976864.663900415,2005.8091286307053,42.70124481327801,2.016597510373444,1.2655601659751037,2.921161825726141,1.4688796680497926,1.6597510373443984,1.3526970954356847,85
976864.663900415,2005.8091286307053,42.70124481327801,2.016597510373444,1.2655601659751037,2.921161825726141,1.4688796680497926,1.6597510373443984,1.3526970954356847,74
976864.663900415,2005.8091286307053,42.70124481327801,2.016597510373444,1.2655601659751037,2.921161825726141,1.4688796680497926,1.6597510373443984,1.3526970954356847,75
976864.663900415,2005.8091286307053,42.70124481327801,2.016597510373444,1.2655601659751037,2.921161825726141,1.4688796680497926,1.6597510373443984,1.3526970954356847,77
976864.663900415,2005.8091286307053,42.70124481327801,2.016597510373444,1.2655601659751037,2.921161825726141,1.4688796680497926,1.6597510373443984,1.3526970954356847,169
976864.663900415,2005.8091286307053,42.70124481327801,2.016597510373444,1.2655601659751037,2.921161825726141,1.4688796680497926,1.6597510373443984,1.3526970954356847,268
976864.663900415,2005.8091286307053,42.70124481327801,2.016597510373444,1.2655601659751037,2.921161825726141,1.4688796680497926,1.6597510373443984,1.3526970954356847,83
976864.663900415,2005.8091286307053,42.70124481327801,2.016597510373444,1.2655601659751037,2.921161825726141,1.4688796680497926,1.6597510373443984,1.3526970954356847,114
976864.663900415,2005.8091286307053,42.70124481327801,2.016597510373444,1.2655601659751037,2.921161825726141,1.4688796680497926,1.6597510373443984,1.3526970954356847,59
976864.663900415,2005.8091286307053,42.70124481327801,2.016597510373444,1.2655601659751037,2.921161825726141,1.4688796680497926,1.6597510373443984,1.3526970954356847,78
976864.663900415,2005.8091286307053,42.70124481327801,2.016597510373444,1.2655601659751037,2.921161825726141,1.4688796680497926,1.6597510373443984,1.3526970954356847,124
976864.663900415,2005.8091286307053,42.70124481327801,2.016597510373444,1.2655601659751037,2.921161825726141,1.4688796680497926,1.6597510373443984,1.3526970954356847,56
976864.663900415,2005.8091286307053,42.70124481327801,2.016597510373444,1.2655601659751037,2.921161825726141,1.4688796680497926,1.6597510373443984,1.3526970954356847,92
976864.663900415,2005.8091286307053,42.70124481327801,2.016597510373444,1.2655601659751037,2.921161825726141,1.4688796680497926,1.6597510373443984,1.3526970954356847,165
976864.663900415,2005.8091286307053,42.70124481327801,2.016597510373444,1.2655601659751037,2.921161825726141,1.4688796680497926,1.6597510373443984,1.3526970954356847,102
976864.663900415,2005.8091286307053,42.70124481327801,2.016597510373444,1.2655601659751037,2.921161825726141,1.4688796680497926,1.6597510373443984,1.3526970954356847,143
976864.663900415,2005.8091286307053,42.70124481327801,2.016597510373444,1.2655601659751037,2.921161825726141,1.4688796680497926,1.6597510373443984,1.3526970954356847,150
976864.663900415,2005.8091286307053,42.70124481327801,2.016597510373444,1.2655601659751037,2.921161825726141,1.4688796680497926,1.6597510373443984,1.3526970954356847,70
976864.663900415,2005.8091286307053,42.70124481327801,2.016597510373444,1.2655601659751037,2.921161825726141,1.4688796680497926,1.6597510373443984,1.3526970954356847,95
976864.663900415,2005.8091286307053,42.70124481327801,2.016597510373444,1.2655601659751037,2.921161825726141,1.4688796680497926,1.6597510373443984,1.3526970954356847,100
1089289.5065789474,2005.9473684210527,41.5,1.980263157894737,1.2105263157894737,2.9934210526315788,1.4078947368421053,1.7039473684210527,1.3026315789473684,119
1089289.5065789474,2005.9473684210527,41.5,1.980263157894737,1.2105263157894737,2.9934210526315788,1.4078947368421053,1.7039473684210527,1.3026315789473684,77
1089289.5065789474,2005.9473684210527,41.5,1.980263157894737,1.2105263157894737,2.9934210526315788,1.4078947368421053,1.7039473684210527,1.3026315789473684,69
1089289.5065789474,2005.9473684210527,41.5,1.980263157894737,1.2105263157894737,2.9934210526315788,1.4078947368421053,1.7039473684210527,1.3026315789473684,75
1089289.5065789474,2005.9473684210527,41.5,1.980263157894737,1.2105263157894737,2.9934210526315788,1.4078947368421053,1.7039473684210527,1.3026315789473684,65
1089289.5065789474,2005.9473684210527,41.5,1.980263157894737,1.2105263157894737,2.9934210526315788,1.4078947368421053,1.7039473684210527,1.3026315789473684,63
1089289.5065789474,2005.9473684210527,41.5,1.980263157894737,1.2105263157894737,2.9934210526315788,1.4078947368421053,1.7039473684210527,1.3026315789473684,99
1089289.5065789474,2005.9473684210527,41.5,1.980263157894737,1.2105263157894737,2.9934210526315788,1.4078947368421053,1.7039473684210527,1.3026315789473684,131
1089289.5065789474,2005.9473684210527,41.5,1.980263157894737,1.2105263157894737,2.9934210526315788,1.4078947368421053,1.7039473684210527,1.3026315789473684,88
1089289.5065789474,2005.9473684210527,41.5,1.980263157894737,1.2105263157894737,2.9934210526315788,1.4078947368421053,1.7039473684210527,1.3026315789473684,97
1089289.5065789474,2005.9473684210527,41.5,1.980263157894737,1.2105263157894737,2.9934210526315788,1.4078947368421053,1.7039473684210527,1.3026315789473684,81
1089289.5065789474,2005.9473684210527,41.5,1.980263157894737,1.2105263157894737,2.9934210526315788,1.4078947368421053,1.7039473684210527,1.3026315789473684,110
1089289.5065789474,2005.9473684210527,41.5,1.980263157894737,1.2105263157894737,2.9934210526315788,1.4078947368421053,1.7039473684210527,1.3026315789473684,148
1089289.5065789474,2005.9473684210527,41.5,1.980263157894737,1.2105263157894737,2.9934210526315788,1.4078947368421053,1.7039473684210527,1.3026315789473684,140
1089289.5065789474,2005.9473684210527,41.5,1.980263157894737,1.2105263157894737,2.9934210526315788,1.4078947368421053,1.7039473684210527,1.3026315789473684,272
1089289.5065789474,2005.9473684210527,41.5,1.980263157894737,1.2105263157894737,2.9934210526315788,1.4078947368421053,1.7039473684210527,1.3026315789473684,67
1089289.5065789474,2005.9473684210527,41.5,1.980263157894737,1.2105263157894737,2.9934210526315788,1.4078947368421053,1.7039473684210527,1.3026315789473684,119
1089289.5065789474,2005.9473684210527,41.5,1.980263157894737,1.2105263157894737,2.9934210526315788,1.4078947368421053,1.7039473684210527,1.3026315789473684,74
1089289.5065789474,2005.9473684210527,41.5,1.980263157894737,1.2105263157894737,2.9934210526315788,1.4078947368421053,1.7039473684210527,1.3026315789473684,114
1089289.5065789474,2005.9473684210527,41.5,1.980263157894737,1.2105263157894737,2.9934210526315788,1.4078947368421053,1.7039473684210527,1.3026315789473684,94
1089289.5065789474,2005.9473684210527,41.5,1.980263157894737,1.2105263157894737,2.9934210526315788,1.4078947368421053,1.7039473684210527,1.3026315789473684,142
1089289.5065789474,2005.9473684210527,41.5,1.980263157894737,1.2105263157894737,2.9934210526315788,1.4078947368421053,1.7039473684210527,1.3026315789473684,100
1089289.5065789474,2005.9473684210527,41.5,1.980263157894737,1.2105263157894737,2.9934210526315788,1.4078947368421053,1.7039473684210527,1.3026315789473684,115
1089289.5065789474,2005.9473684210527,41.5,1.980263157894737,1.2105263157894737,2.9934210526315788,1.4078947368421053,1.7039473684210527,1.3026315789473684,121
1089289.5065789474,2005.9473684210527,41.5,1.980263157894737,1.2105263157894737,2.9934210526315788,1.4078947368421053,1.7039473684210527,1.3026315789473684,119
1089289.5065789474,2005.9473684210527,41.5,1.980263157894737,1.2105263157894737,2.9934210526315788,1.4078947368421053,1.7039473684210527,1.3026315789473684,80
1089289.5065789474,2005.9473684210527,41.5,1.980263157894737,1.2105263157894737,2.9934210526315788,1.4078947368421053,1.7039473684210527,1.3026315789473684,110
1089289.5065789474,2005.9473684210527,41.5,1.980263157894737,1.2105263157894737,2.9934210526315788,1.4078947368421053,1.7039473684210527,1.3026315789473684,119
1089289.5065789474,2005.9473684210527,41.5,1.980263157894737,1.2105263157894737,2.9934210526315788,1.4078947368421053,1.7039473684210527,1.3026315789473684,148
1089289.5065789474,2005.9473684210527,41.5,1.980263157894737,1.2105263157894737,2.9934210526315788,1.4078947368421053,1.7039473684210527,1.3026315789473684,97
1089289.5065789474,2005.9473684210527,41.5,1.980263157894737,1.2105263157894737,2.9934210526315788,1.4078947368421053,1.7039473684210527,1.3026315789473684,114
1089289.5065789474,2005.9473684210527,41.5,1.980263157894737,1.2105263157894737,2.9934210526315788,1.4078947368421053,1.7039473684210527,1.3026315789473684,66
1089289.5065789474,2005.9473684210527,41.5,1.980263157894737,1.2105263157894737,2.9934210526315788,1.4078947368421053,1.7039473684210527,1.3026315789473684,105
1089289.5065789474,2005.9473684210527,41.5,1.980263157894737,1.2105263157894737,2.9934210526315788,1.4078947368421053,1.7039473684210527,1.3026315789473684,100
1089289.5065789474,2005.9473684210527,41.5,1.980263157894737,1.2105263157894737,2.9934210526315788,1.4078947368421053,1.7039473684210527,1.3026315789473684,88
1089289.5065789474,2005.9473684210527,41.5,1.980263157894737,1.2105263157894737,2.9934210526315788,1.4078947368421053,1.7039473684210527,1.3026315789473684,90
1089289.5065789474,2005.9473684210527,41.5,1.980263157894737,1.2105263157894737,2.9934210526315788,1.4078947368421053,1.7039473684210527,1.3026315789473684,89
1089289.5065789474,2005.9473684210527,41.5,1.980263157894737,1.2105263157894737,2.9934210526315788,1.4078947368421053,1.7039473684210527,1.3026315789473684,65
1089289.5065789474,2005.9473684210527,41.5,1.980263157894737,1.2105263157894737,2.9934210526315788,1.4078947368421053,1.7039473684210527,1.3026315789473684,155
1089289.5065789474,2005.9473684210527,41.5,1.980263157894737,1.2105263157894737,2.9934210526315788,1.4078947368421053,1.7039473684210527,1.3026315789473684,81
1089289.5065789474,2005.9473684210527,41.5,1.980263157894737,1.2105263157894737,2.9934210526315788,1.4078947368421053,1.7039473684210527,1.3026315789473684,103
1089289.5065789474,2005.9473684210527,41.5,1.980263157894737,1.2105263157894737,2.9934210526315788,1.4078947368421053,1.7039473684210527,1.3026315789473684,127
1089289.5065789474,2005.9473684210527,41.5,1.980263157894737,1.2105263157894737,2.9934210526315788,1.4078947368421053,1.7039473684210527,1.3026315789473684,126
1089289.5065789474,2005.9473684210527,41.5,1.980263157894737,1.2105263157894737,2.9934210526315788,1.4078947368421053,1.7039473684210527,1.3026315789473684,142
1089289.5065789474,2005.9473684210527,41.5,1.980263157894737,1.2105263157894737,2.9934210526315788,1.4078947368421053,1.7039473684210527,1.3026315789473684,131
1089289.5065789474,2005.9473684210527,41.5,1.980263157894737,1.2105263157894737,2.9934210526315788,1.4078947368421053,1.7039473684210527,1.3026315789473684,88
1089289.5065789474,2005.9473684210527,41.5,1.980263157894737,1.2105263157894737,2.9934210526315788,1.4078947368421053,1.7039473684210527,1.3026315789473684,74
1089289.5065789474,2005.9473684210527,41.5,1.980263157894737,1.2105263157894737,2.9934210526315788,1.4078947368421053,1.7039473684210527,1.3026315789473684,110
1089289.5065789474,2005.9473684210527,41.5,1.980263157894737,1.2105263157894737,2.9934210526315788,1.4078947368421053,1.7039473684210527,1.3026315789473684,164
1089289.5065789474,2005.9473684210527,41.5,1.980263157894737,1.2105263157894737,2.9934210526315788,1.4078947368421053,1.7039473684210527,1.3026315789473684,129
1089289.5065789474,2005.9473684210527,41.5,1.980263157894737,1.2105263157894737,2.9934210526315788,1.4078947368421053,1.7039473684210527,1.3026315789473684,81
1089289.5065789474,2005.9473684210527,41.5,1.980263157894737,1.2105263157894737,2.9934210526315788,1.4078947368421053,1.7039473684210527,1.3026315789473684,90
1089289.5065789474,2005.9473684210527,41.5,1.980263157894737,1.2105263157894737,2.9934210526315788,1.4078947368421053,1.7039473684210527,1.3026315789473684,84
1089289.5065789474,2005.9473684210527,41.5,1.980263157894737,1.2105263157894737,2.9934210526315788,1.4078947368421053,1.7039473684210527,1.3026315789473684,88
1089289.5065789474,2005.9473684210527,41.5,1.980263157894737,1.2105263157894737,2.9934210526315788,1.4078947368421053,1.7039473684210527,1.3026315789473684,80
1089289.5065789474,2005.9473684210527,41.5,1.980263157894737,1.2105263157894737,2.9934210526315788,1.4078947368421053,1.7039473684210527,1.3026315789473684,74
1089289.5065789474,2005.9473684210527,41.5,1.980263157894737,1.2105263157894737,2.9934210526315788,1.4078947368421053,1.7039473684210527,1.3026315789473684,138
1089289.5065789474,2005.9473684210527,41.5,1.980263157894737,1.2105263157894737,2.9934210526315788,1.4078947368421053,1.7039473684210527,1.3026315789473684,145
1089289.5065789474,2005.9473684210527,41.5,1.980263157894737,1.2105263157894737,2.9934210526315788,1.4078947368421053,1.7039473684210527,1.3026315789473684,112
1089289.5065789474,2005.9473684210527,41.5,1.980263157894737,1.2105263157894737,2.9934210526315788,1.4078947368421053,1.7039473684210527,1.3026315789473684,95
1089289.5065789474,2005.9473684210527,41.5,1.980263157894737,1.2105263157894737,2.9934210526315788,1.4078947368421053,1.7039473684210527,1.3026315789473684,108
1089289.5065789474,2005.9473684210527,41.5,1.980263157894737,1.2105263157894737,2.9934210526315788,1.4078947368421053,1.7039473684210527,1.3026315789473684,105
1089289.5065789474,2005.9473684210527,41.5,1.980263157894737,1.2105263157894737,2.9934210526315788,1.4078947368421053,1.7039473684210527,1.3026315789473684,148
1089289.5065789474,2005.9473684210527,41.5,1.980263157894737,1.2105263157894737,2.9934210526315788,1.4078947368421053,1.7039473684210527,1.3026315789473684,278
1089289.5065789474,2005.9473684210527,41.5,1.980263157894737,1.2105263157894737,2.9934210526315788,1.4078947368421053,1.7039473684210527,1.3026315789473684,127
1089289.5065789474,2005.9473684210527,41.5,1.980263157894737,1.2105263157894737,2.9934210526315788,1.4078947368421053,1.7039473684210527,1.3026315789473684,89
1089289.5065789474,2005.9473684210527,41.5,1.980263157894737,1.2105263157894737,2.9934210526315788,1.4078947368421053,1.7039473684210527,1.3026315789473684,117
1089289.5065789474,2005.9473684210527,41.5,1.980263157894737,1.2105263157894737,2.9934210526315788,1.4078947368421053,1.7039473684210527,1.3026315789473684,116
1089289.5065789474,2005.9473684210527,41.5,1.980263157894737,1.2105263157894737,2.9934210526315788,1.4078947368421053,1.7039473684210527,1.3026315789473684,111
1089289.5065789474,2005.9473684210527,41.5,1.980263157894737,1.2105263157894737,2.9934210526315788,1.4078947368421053,1.7039473684210527,1.3026315789473684,94
1089289.5065789474,2005.9473684210527,41.5,1.980263157894737,1.2105263157894737,2.9934210526315788,1.4078947368421053,1.7039473684210527,1.3026315789473684,100
1089289.5065789474,2005.9473684210527,41.5,1.980263157894737,1.2105263157894737,2.9934210526315788,1.4078947368421053,1.7039473684210527,1.3026315789473684,100
1089289.5065789474,2005.9473684210527,41.5,1.980263157894737,1.2105263157894737,2.9934210526315788,1.4078947368421053,1.7039473684210527,1.3026315789473684,135
1089289.5065789474,2005.9473684210527,41.5,1.980263157894737,1.2105263157894737,2.9934210526315788,1.4078947368421053,1.7039473684210527,1.3026315789473684,114
1089289.5065789474,2005.9473684210527,41.5,1.980263157894737,1.2105263157894737,2.9934210526315788,1.4078947368421053,1.7039473684210527,1.3026315789473684,119
1089289.5065789474,2005.9473684210527,41.5,1.980263157894737,1.2105263157894737,2.9934210526315788,1.4078947368421053,1.7039473684210527,1.3026315789473684,59
1089289.5065789474,2005.9473684210527,41.5,1.980263157894737,1.2105263157894737,2.9934210526315788,1.4078947368421053,1.7039473684210527,1.3026315789473684,72
1089289.5065789474,2005.9473684210527,41.5,1.980263157894737,1.2105263157894737,2.9934210526315788,1.4078947368421053,1.7039473684210527,1.3026315789473684,112
1089289.5065789474,2005.9473684210527,41.5,1.980263157894737,1.2105263157894737,2.9934210526315788,1.4078947368421053,1.7039473684210527,1.3026315789473684,93
1089289.5065789474,2005.9473684210527,41.5,1.980263157894737,1.2105263157894737,2.9934210526315788,1.4078947368421053,1.7039473684210527,1.3026315789473684,81
1089289.5065789474,2005.9473684210527,41.5,1.980263157894737,1.2105263157894737,2.9934210526315788,1.4078947368421053,1.7039473684210527,1.3026315789473684,110
1089289.5065789474,2005.9473684210527,41.5,1.980263157894737,1.2105263157894737,2.9934210526315788,1.4078947368421053,1.7039473684210527,1.3026315789473684,108
1089289.5065789474,2005.9473684210527,41.5,1.980263157894737,1.2105263157894737,2.9934210526315788,1.4078947368421053,1.7039473684210527,1.3026315789473684,94
1089289.5065789474,2005.9473684210527,41.5,1.980263157894737,1.2105263157894737,2.9934210526315788,1.4078947368421053,1.7039473684210527,1.3026315789473684,50
1089289.5065789474,2005.9473684210527,41.5,1.980263157894737,1.2105263157894737,2.9934210526315788,1.4078947368421053,1.7039473684210527,1.3026315789473684,88
1089289.5065789474,2005.9473684210527,41.5,1.980263157894737,1.2105263157894737,2.9934210526315788,1.4078947368421053,1.7039473684210527,1.3026315789473684,148
1089289.5065789474,2005.9473684210527,41.5,1.980263157894737,1.2105263157894737,2.9934210526315788,1.4078947368421053,1.7039473684210527,1.3026315789473684,177
1089289.5065789474,2005.9473684210527,41.5,1.980263157894737,1.2105263157894737,2.9934210526315788,1.4078947368421053,1.7039473684210527,1.3026315789473684,117
1089289.5065789474,2005.9473684210527,41.5,1.980263157894737,1.2105263157894737,2.9934210526315788,1.4078947368421053,1.7039473684210527,1.3026315789473684,135
1089289.5065789474,2005.9473684210527,41.5,1.980263157894737,1.2105263157894737,2.9934210526315788,1.4078947368421053,1.7039473684210527,1.3026315789473684,129
1089289.5065789474,2005.9473684210527,41.5,1.980263157894737,1.2105263157894737,2.9934210526315788,1.4078947368421053,1.7039473684210527,1.3026315789473684,161
1089289.5065789474,2005.9473684210527,41.5,1.980263157894737,1.2105263157894737,2.9934210526315788,1.4078947368421053,1.7039473684210527,1.3026315789473684,119
1089289.5065789474,2005.9473684210527,41.5,1.980263157894737,1.2105263157894737,2.9934210526315788,1.4078947368421053,1.7039473684210527,1.3026315789473684,95
1089289.5065789474,2005.9473684210527,41.5,1.980263157894737,1.2105263157894737,2.9934210526315788,1.4078947368421053,1.7039473684210527,1.3026315789473684,201
1089289.5065789474,2005.9473684210527,41.5,1.980263157894737,1.2105263157894737,2.9934210526315788,1.4078947368421053,1.7039473684210527,1.3026315789473684,74
1089289.5065789474,2005.9473684210527,41.5,1.980263157894737,1.2105263157894737,2.9934210526315788,1.4078947368421053,1.7039473684210527,1.3026315789473684,132
1089289.5065789474,2005.9473684210527,41.5,1.980263157894737,1.2105263157894737,2.9934210526315788,1.4078947368421053,1.7039473684210527,1.3026315789473684,114
1089289.5065789474,2005.9473684210527,41.5,1.980263157894737,1.2105263157894737,2.9934210526315788,1.4078947368421053,1.7039473684210527,1.3026315789473684,100
1089289.5065789474,2005.9473684210527,41.5,1.980263157894737,1.2105263157894737,2.9934210526315788,1.4078947368421053,1.7039473684210527,1.3026315789473684,105
1089289.5065789474,2005.9473684210527,41.5,1.980263157894737,1.2105263157894737,2.9934210526315788,1.4078947368421053,1.7039473684210527,1.3026315789473684,71
1089289.5065789474,2005.9473684210527,41.5,1.980263157894737,1.2105263157894737,2.9934210526315788,1.4078947368421053,1.7039473684210527,1.3026315789473684,127
1089289.5065789474,2005.9473684210527,41.5,1.980263157894737,1.2105263157894737,2.9934210526315788,1.4078947368421053,1.7039473684210527,1.3026315789473684,104
1089289.5065789474,2005.9473684210527,41.5,1.980263157894737,1.2105263157894737,2.9934210526315788,1.4078947368421053,1.7039473684210527,1.3026315789473684,119
1089289.5065789474,2005.9473684210527,41.5,1.980263157894737,1.2105263157894737,2.9934210526315788,1.4078947368421053,1.7039473684210527,1.3026315789473684,105
1089289.5065789474,2005.9473684210527,41.5,1.980263157894737,1.2105263157894737,2.9934210526315788,1.4078947368421053,1.7039473684210527,1.3026315789473684,127
1089289.5065789474,2005.9473684210527,41.5,1.980263157894737,1.2105263157894737,2.9934210526315788,1.4078947368421053,1.7039473684210527,1.3026315789473684,93
1089289.5065789474,2005.9473684210527,41.5,1.980263157894737,1.2105263157894737,2.9934210526315788,1.4078947368421053,1.7039473684210527,1.3026315789473684,106
1089289.5065789474,2005.9473684210527,41.5,1.980263157894737,1.2105263157894737,2.9934210526315788,1.4078947368421053,1.7039473684210527,1.3026315789473684,123
1089289.5065789474,2005.9473684210527,41.5,1.980263157894737,1.2105263157894737,2.9934210526315788,1.4078947368421053,1.7039473684210527,1.3026315789473684,78
1089289.5065789474,2005.9473684210527,41.5,1.980263157894737,1.2105263157894737,2.9934210526315788,1.4078947368421053,1.7039473684210527,1.3026315789473684,85
1089289.5065789474,2005.9473684210527,41.5,1.980263157894737,1.2105263157894737,2.9934210526315788,1.4078947368421053,1.7039473684210527,1.3026315789473684,100
1089289.5065789474,2005.9473684210527,41.5,1.980263157894737,1.2105263157894737,2.9934210526315788,1.4078947368421053,1.7039473684210527,1.3026315789473684,110
1089289.5065789474,2005.9473684210527,41.5,1.980263157894737,1.2105263157894737,2.9934210526315788,1.4078947368421053,1.7039473684210527,1.3026315789473684,161
1089289.5065789474,2005.9473684210527,41.5,1.980263157894737,1.2105263157894737,2.9934210526315788,1.4078947368421053,1.7039473684210527,1.3026315789473684,74
1089289.5065789474,2005.9473684210527,41.5,1.980263157894737,1.2105263157894737,2.9934210526315788,1.4078947368421053,1.7039473684210527,1.3026315789473684,88
1089289.5065789474,2005.9473684210527,41.5,1.980263157894737,1.2105263157894737,2.9934210526315788,1.4078947368421053,1.7039473684210527,1.3026315789473684,70
1089289.5065789474,2005.9473684210527,41.5,1.980263157894737,1.2105263157894737,2.9934210526315788,1.4078947368421053,1.7039473684210527,1.3026315789473684,96
1089289.5065789474,2005.9473684210527,41.5,1.980263157894737,1.2105263157894737,2.9934210526315788,1.4078947368421053,1.7039473684210527,1.3026315789473684,87
1089289.5065789474,2005.9473684210527,41.5,1.980263157894737,1.2105263157894737,2.9934210526315788,1.4078947368421053,1.7039473684210527,1.3026315789473684,135
1089289.5065789474,2005.9473684210527,41.5,1.980263157894737,1.2105263157894737,2.9934210526315788,1.4078947368421053,1.7039473684210527,1.3026315789473684,94
1089289.5065789474,2005.9473684210527,41.5,1.980263157894737,1.2105263157894737,2.9934210526315788,1.4078947368421053,1.7039473684210527,1.3026315789473684,83
1089289.5065789474,2005.9473684210527,41.5,1.980263157894737,1.2105263157894737,2.9934210526315788,1.4078947368421053,1.7039473684210527,1.3026315789473684,177
1089289.5065789474,2005.9473684210527,41.5,1.980263157894737,1.2105263157894737,2.9934210526315788,1.4078947368421053,1.7039473684210527,1.3026315789473684,144
1089289.5065789474,2005.9473684210527,41.5,1.980263157894737,1.2105263157894737,2.9934210526315788,1.4078947368421053,1.7039473684210527,1.3026315789473684,114
1089289.5065789474,2005.9473684210527,41.5,1.980263157894737,1.2105263157894737,2.9934210526315788,1.4078947368421053,1.7039473684210527,1.3026315789473684,268
1089289.5065789474,2005.9473684210527,41.5,1.980263157894737,1.2105263157894737,2.9934210526315788,1.4078947368421053,1.7039473684210527,1.3026315789473684,102
1089289.5065789474,2005.9473684210527,41.5,1.980263157894737,1.2105263157894737,2.9934210526315788,1.4078947368421053,1.7039473684210527,1.3026315789473684,92
1089289.5065789474,2005.9473684210527,41.5,1.980263157894737,1.2105263157894737,2.9934210526315788,1.4078947368421053,1.7039473684210527,1.3026315789473684,81
1089289.5065789474,2005.9473684210527,41.5,1.980263157894737,1.2105263157894737,2.9934210526315788,1.4078947368421053,1.7039473684210527,1.3026315789473684,100
1089289.5065789474,2005.9473684210527,41.5,1.980263157894737,1.2105263157894737,2.9934210526315788,1.4078947368421053,1.7039473684210527,1.3026315789473684,109
1089289.5065789474,2005.9473684210527,41.5,1.980263157894737,1.2105263157894737,2.9934210526315788,1.4078947368421053,1.7039473684210527,1.3026315789473684,70
1089289.5065789474,2005.9473684210527,41.5,1.980263157894737,1.2105263157894737,2.9934210526315788,1.4078947368421053,1.7039473684210527,1.3026315789473684,101
1089289.5065789474,2005.9473684210527,41.5,1.980263157894737,1.2105263157894737,2.9934210526315788,1.4078947368421053,1.7039473684210527,1.3026315789473684,61
1089289.5065789474,2005.9473684210527,41.5,1.980263157894737,1.2105263157894737,2.9934210526315788,1.4078947368421053,1.7039473684210527,1.3026315789473684,107
1089289.5065789474,2005.9473684210527,41.5,1.980263157894737,1.2105263157894737,2.9934210526315788,1.4078947368421053,1.7039473684210527,1.3026315789473684,77
1089289.5065789474,2005.9473684210527,41.5,1.980263157894737,1.2105263157894737,2.9934210526315788,1.4078947368421053,1.7039473684210527,1.3026315789473684,166
1089289.5065789474,2005.9473684210527,41.5,1.980263157894737,1.2105263157894737,2.9934210526315788,1.4078947368421053,1.7039473684210527,1.3026315789473684,92
1089289.5065789474,2005.9473684210527,41.5,1.980263157894737,1.2105263157894737,2.9934210526315788,1.4078947368421053,1.7039473684210527,1.3026315789473684,133
1089289.5065789474,2005.9473684210527,41.5,1.980263157894737,1.2105263157894737,2.9934210526315788,1.4078947368421053,1.7039473684210527,1.3026315789473684,55
1089289.5065789474,2005.9473684210527,41.5,1.980263157894737,1.2105263157894737,2.9934210526315788,1.4078947368421053,1.7039473684210527,1.3026315789473684,75
1089289.5065789474,2005.9473684210527,41.5,1.980263157894737,1.2105263157894737,2.9934210526315788,1.4078947368421053,1.7039473684210527,1.3026315789473684,123
1089289.5065789474,2005.9473684210527,41.5,1.980263157894737,1.2105263157894737,2.9934210526315788,1.4078947368421053,1.7039473684210527,1.3026315789473684,83
1089289.5065789474,2005.9473684210527,41.5,1.980263157894737,1.2105263157894737,2.9934210526315788,1.4078947368421053,1.7039473684210527,1.3026315789473684,148
1089289.5065789474,2005.9473684210527,41.5,1.980263157894737,1.2105263157894737,2.9934210526315788,1.4078947368421053,1.7039473684210527,1.3026315789473684,102
1089289.5065789474,2005.9473684210527,41.5,1.980263157894737,1.2105263157894737,2.9934210526315788,1.4078947368421053,1.7039473684210527,1.3026315789473684,119
1089289.5065789474,2005.9473684210527,41.5,1.980263157894737,1.2105263157894737,2.9934210526315788,1.4078947368421053,1.7039473684210527,1.3026315789473684,88
1089289.5065789474,2005.9473684210527,41.5,1.980263157894737,1.2105263157894737,2.9934210526315788,1.4078947368421053,1.7039473684210527,1.3026315789473684,65
1089289.5065789474,2005.9473684210527,41.5,1.980263157894737,1.2105263157894737,2.9934210526315788,1.4078947368421053,1.7039473684210527,1.3026315789473684,85
1089289.5065789474,2005.9473684210527,41.5,1.980263157894737,1.2105263157894737,2.9934210526315788,1.4078947368421053,1.7039473684210527,1.3026315789473684,81
1089289.5065789474,2005.9473684210527,41.5,1.980263157894737,1.2105263157894737,2.9934210526315788,1.4078947368421053,1.7039473684210527,1.3026315789473684,131
1089289.5065789474,2005.9473684210527,41.5,1.980263157894737,1.2105263157894737,2.9934210526315788,1.4078947368421053,1.7039473684210527,1.3026315789473684,110
1089289.5065789474,2005.9473684210527,41.5,1.980263157894737,1.2105263157894737,2.9934210526315788,1.4078947368421053,1.7039473684210527,1.3026315789473684,94
