1305230.564102564,2005.5897435897436,41.08974358974359,1.794871794871795,1.205128205128205,3.0256410256410255,1.5512820512820513,1.7179487179487178,1.3461538461538463,119
1305230.564102564,2005.5897435897436,41.08974358974359,1.794871794871795,1.205128205128205,3.0256410256410255,1.5512820512820513,1.7179487179487178,1.3461538461538463,108
1305230.564102564,2005.5897435897436,41.08974358974359,1.794871794871795,1.205128205128205,3.0256410256410255,1.5512820512820513,1.7179487179487178,1.3461538461538463,129
1305230.564102564,2005.5897435897436,41.08974358974359,1.794871794871795,1.205128205128205,3.0256410256410255,1.5512820512820513,1.7179487179487178,1.3461538461538463,55
1305230.564102564,2005.5897435897436,41.08974358974359,1.794871794871795,1.205128205128205,3.0256410256410255,1.5512820512820513,1.7179487179487178,1.3461538461538463,107
1305230.564102564,2005.5897435897436,41.08974358974359,1.794871794871795,1.205128205128205,3.0256410256410255,1.5512820512820513,1.7179487179487178,1.3461538461538463,100
1305230.564102564,2005.5897435897436,41.08974358974359,1.794871794871795,1.205128205128205,3.0256410256410255,1.5512820512820513,1.7179487179487178,1.3461538461538463,131
1305230.564102564,2005.5897435897436,41.08974358974359,1.794871794871795,1.205128205128205,3.0256410256410255,1.5512820512820513,1.7179487179487178,1.3461538461538463,96
1305230.564102564,2005.5897435897436,41.08974358974359,1.794871794871795,1.205128205128205,3.0256410256410255,1.5512820512820513,1.7179487179487178,1.3461538461538463,117
1305230.564102564,2005.5897435897436,41.08974358974359,1.794871794871795,1.205128205128205,3.0256410256410255,1.5512820512820513,1.7179487179487178,1.3461538461538463,81
1305230.564102564,2005.5897435897436,41.08974358974359,1.794871794871795,1.205128205128205,3.0256410256410255,1.5512820512820513,1.7179487179487178,1.3461538461538463,110
1305230.564102564,2005.5897435897436,41.08974358974359,1.794871794871795,1.205128205128205,3.0256410256410255,1.5512820512820513,1.7179487179487178,1.3461538461538463,93
1305230.564102564,2005.5897435897436,41.08974358974359,1.794871794871795,1.205128205128205,3.0256410256410255,1.5512820512820513,1.7179487179487178,1.3461538461538463,114
1305230.564102564,2005.5897435897436,41.08974358974359,1.794871794871795,1.205128205128205,3.0256410256410255,1.5512820512820513,1.7179487179487178,1.3461538461538463,115
1305230.564102564,2005.5897435897436,41.08974358974359,1.794871794871795,1.205128205128205,3.0256410256410255,1.5512820512820513,1.7179487179487178,1.3461538461538463,161
1305230.564102564,2005.5897435897436,41.08974358974359,1.794871794871795,1.205128205128205,3.0256410256410255,1.5512820512820513,1.7179487179487178,1.3461538461538463,80
1305230.564102564,2005.5897435897436,41.08974358974359,1.794871794871795,1.205128205128205,3.0256410256410255,1.5512820512820513,1.7179487179487178,1.3461538461538463,119
1305230.564102564,2005.5897435897436,41.08974358974359,1.794871794871795,1.205128205128205,3.0256410256410255,1.5512820512820513,1.7179487179487178,1.3461538461538463,90
1305230.564102564,2005.5897435897436,41.08974358974359,1.794871794871795,1.205128205128205,3.0256410256410255,1.5512820512820513,1.7179487179487178,1.3461538461538463,89
1305230.564102564,2005.5897435897436,41.08974358974359,1.794871794871795,1.205128205128205,3.0256410256410255,1.5512820512820513,1.7179487179487178,1.3461538461538463,94
1305230.564102564,2005.5897435897436,41.08974358974359,1.794871794871795,1.205128205128205,3.0256410256410255,1.5512820512820513,1.7179487179487178,1.3461538461538463,110
1305230.564102564,2005.5897435897436,41.08974358974359,1.794871794871795,1.205128205128205,3.0256410256410255,1.5512820512820513,1.7179487179487178,1.3461538461538463,133
1305230.564102564,2005.5897435897436,41.08974358974359,1.794871794871795,1.205128205128205,3.0256410256410255,1.5512820512820513,1.7179487179487178,1.3461538461538463,88
1305230.564102564,2005.5897435897436,41.08974358974359,1.794871794871795,1.205128205128205,3.0256410256410255,1.5512820512820513,1.7179487179487178,1.3461538461538463,109
1305230.564102564,2005.5897435897436,41.08974358974359,1.794871794871795,1.205128205128205,3.0256410256410255,1.5512820512820513,1.7179487179487178,1.3461538461538463,81
1305230.564102564,2005.5897435897436,41.08974358974359,1.794871794871795,1.205128205128205,3.0256410256410255,1.5512820512820513,1.7179487179487178,1.3461538461538463,74
1305230.564102564,2005.5897435897436,41.08974358974359,1.794871794871795,1.205128205128205,3.0256410256410255,1.5512820512820513,1.7179487179487178,1.3461538461538463,177
1305230.564102564,2005.5897435897436,41.08974358974359,1.794871794871795,1.205128205128205,3.0256410256410255,1.5512820512820513,1.7179487179487178,1.3461538461538463,101
1305230.564102564,2005.5897435897436,41.08974358974359,1.794871794871795,1.205128205128205,3.0256410256410255,1.5512820512820513,1.7179487179487178,1.3461538461538463,65
1305230.564102564,2005.5897435897436,41.08974358974359,1.794871794871795,1.205128205128205,3.0256410256410255,1.5512820512820513,1.7179487179487178,1.3461538461538463,81
1305230.564102564,2005.5897435897436,41.08974358974359,1.794871794871795,1.205128205128205,3.0256410256410255,1.5512820512820513,1.7179487179487178,1.3461538461538463,92
1305230.564102564,2005.5897435897436,41.08974358974359,1.794871794871795,1.205128205128205,3.0256410256410255,1.5512820512820513,1.7179487179487178,1.3461538461538463,95
1305230.564102564,2005.5897435897436,41.08974358974359,1.794871794871795,1.205128205128205,3.0256410256410255,1.5512820512820513,1.7179487179487178,1.3461538461538463,70
1305230.564102564,2005.5897435897436,41.08974358974359,1.794871794871795,1.205128205128205,3.0256410256410255,1.5512820512820513,1.7179487179487178,1.3461538461538463,123
1305230.564102564,2005.5897435897436,41.08974358974359,1.794871794871795,1.205128205128205,3.0256410256410255,1.5512820512820513,1.7179487179487178,1.3461538461538463,83
1305230.564102564,2005.5897435897436,41.08974358974359,1.794871794871795,1.205128205128205,3.0256410256410255,1.5512820512820513,1.7179487179487178,1.3461538461538463,110
1305230.564102564,2005.5897435897436,41.08974358974359,1.794871794871795,1.205128205128205,3.0256410256410255,1.5512820512820513,1.7179487179487178,1.3461538461538463,94
1305230.564102564,2005.5897435897436,41.08974358974359,1.794871794871795,1.205128205128205,3.0256410256410255,1.5512820512820513,1.7179487179487178,1.3461538461538463,114
1305230.564102564,2005.5897435897436,41.08974358974359,1.794871794871795,1.205128205128205,3.0256410256410255,1.5512820512820513,1.7179487179487178,1.3461538461538463,102
1305230.564102564,2005.5897435897436,41.08974358974359,1.794871794871795,1.205128205128205,3.0256410256410255,1.5512820512820513,1.7179487179487178,1.3461538461538463,85
1305230.564102564,2005.5897435897436,41.08974358974359,1.794871794871795,1.205128205128205,3.0256410256410255,1.5512820512820513,1.7179487179487178,1.3461538461538463,88
1305230.564102564,2005.5897435897436,41.08974358974359,1.794871794871795,1.205128205128205,3.0256410256410255,1.5512820512820513,1.7179487179487178,1.3461538461538463,105
1305230.564102564,2005.5897435897436,41.08974358974359,1.794871794871795,1.205128205128205,3.0256410256410255,1.5512820512820513,1.7179487179487178,1.3461538461538463,155
1305230.564102564,2005.5897435897436,41.08974358974359,1.794871794871795,1.205128205128205,3.0256410256410255,1.5512820512820513,1.7179487179487178,1.3461538461538463,69
1305230.564102564,2005.5897435897436,41.08974358974359,1.794871794871795,1.205128205128205,3.0256410256410255,1.5512820512820513,1.7179487179487178,1.3461538461538463,103
1305230.564102564,2005.5897435897436,41.08974358974359,1.794871794871795,1.205128205128205,3.0256410256410255,1.5512820512820513,1.7179487179487178,1.3461538461538463,74
1305230.564102564,2005.5897435897436,41.08974358974359,1.794871794871795,1.205128205128205,3.0256410256410255,1.5512820512820513,1.7179487179487178,1.3461538461538463,121
1305230.564102564,2005.5897435897436,41.08974358974359,1.794871794871795,1.205128205128205,3.0256410256410255,1.5512820512820513,1.7179487179487178,1.3461538461538463,112
1305230.564102564,2005.5897435897436,41.08974358974359,1.794871794871795,1.205128205128205,3.0256410256410255,1.5512820512820513,1.7179487179487178,1.3461538461538463,135
1305230.564102564,2005.5897435897436,41.08974358974359,1.794871794871795,1.205128205128205,3.0256410256410255,1.5512820512820513,1.7179487179487178,1.3461538461538463,148
1305230.564102564,2005.5897435897436,41.08974358974359,1.794871794871795,1.205128205128205,3.0256410256410255,1.5512820512820513,1.7179487179487178,1.3461538461538463,84
1305230.564102564,2005.5897435897436,41.08974358974359,1.794871794871795,1.205128205128205,3.0256410256410255,1.5512820512820513,1.7179487179487178,1.3461538461538463,127
1305230.564102564,2005.5897435897436,41.08974358974359,1.794871794871795,1.205128205128205,3.0256410256410255,1.5512820512820513,1.7179487179487178,1.3461538461538463,94
1305230.564102564,2005.5897435897436,41.08974358974359,1.794871794871795,1.205128205128205,3.0256410256410255,1.5512820512820513,1.7179487179487178,1.3461538461538463,138
1305230.564102564,2005.5897435897436,41.08974358974359,1.794871794871795,1.205128205128205,3.0256410256410255,1.5512820512820513,1.7179487179487178,1.3461538461538463,126
1305230.564102564,2005.5897435897436,41.08974358974359,1.794871794871795,1.205128205128205,3.0256410256410255,1.5512820512820513,1.7179487179487178,1.3461538461538463,135
1305230.564102564,2005.5897435897436,41.08974358974359,1.794871794871795,1.205128205128205,3.0256410256410255,1.5512820512820513,1.7179487179487178,1.3461538461538463,145
1305230.564102564,2005.5897435897436,41.08974358974359,1.794871794871795,1.205128205128205,3.0256410256410255,1.5512820512820513,1.7179487179487178,1.3461538461538463,88
1305230.564102564,2005.5897435897436,41.08974358974359,1.794871794871795,1.205128205128205,3.0256410256410255,1.5512820512820513,1.7179487179487178,1.3461538461538463,100
1305230.564102564,2005.5897435897436,41.08974358974359,1.794871794871795,1.205128205128205,3.0256410256410255,1.5512820512820513,1.7179487179487178,1.3461538461538463,105
1305230.564102564,2005.5897435897436,41.08974358974359,1.794871794871795,1.205128205128205,3.0256410256410255,1.5512820512820513,1.7179487179487178,1.3461538461538463,75
1305230.564102564,2005.5897435897436,41.08974358974359,1.794871794871795,1.205128205128205,3.0256410256410255,1.5512820512820513,1.7179487179487178,1.3461538461538463,72
1305230.564102564,2005.5897435897436,41.08974358974359,1.794871794871795,1.205128205128205,3.0256410256410255,1.5512820512820513,1.7179487179487178,1.3461538461538463,100
1305230.564102564,2005.5897435897436,41.08974358974359,1.794871794871795,1.205128205128205,3.0256410256410255,1.5512820512820513,1.7179487179487178,1.3461538461538463,148
1305230.564102564,2005.5897435897436,41.08974358974359,1.794871794871795,1.205128205128205,3.0256410256410255,1.5512820512820513,1.7179487179487178,1.3461538461538463,127
1305230.564102564,2005.5897435897436,41.08974358974359,1.794871794871795,1.205128205128205,3.0256410256410255,1.5512820512820513,1.7179487179487178,1.3461538461538463,119
1305230.564102564,2005.5897435897436,41.08974358974359,1.794871794871795,1.205128205128205,3.0256410256410255,1.5512820512820513,1.7179487179487178,1.3461538461538463,59
1305230.564102564,2005.5897435897436,41.08974358974359,1.794871794871795,1.205128205128205,3.0256410256410255,1.5512820512820513,1.7179487179487178,1.3461538461538463,142
1305230.564102564,2005.5897435897436,41.08974358974359,1.794871794871795,1.205128205128205,3.0256410256410255,1.5512820512820513,1.7179487179487178,1.3461538461538463,97
1305230.564102564,2005.5897435897436,41.08974358974359,1.794871794871795,1.205128205128205,3.0256410256410255,1.5512820512820513,1.7179487179487178,1.3461538461538463,268
1305230.564102564,2005.5897435897436,41.08974358974359,1.794871794871795,1.205128205128205,3.0256410256410255,1.5512820512820513,1.7179487179487178,1.3461538461538463,77
1305230.564102564,2005.5897435897436,41.08974358974359,1.794871794871795,1.205128205128205,3.0256410256410255,1.5512820512820513,1.7179487179487178,1.3461538461538463,131
1305230.564102564,2005.5897435897436,41.08974358974359,1.794871794871795,1.205128205128205,3.0256410256410255,1.5512820512820513,1.7179487179487178,1.3461538461538463,106
1305230.564102564,2005.5897435897436,41.08974358974359,1.794871794871795,1.205128205128205,3.0256410256410255,1.5512820512820513,1.7179487179487178,1.3461538461538463,119
1305230.564102564,2005.5897435897436,41.08974358974359,1.794871794871795,1.205128205128205,3.0256410256410255,1.5512820512820513,1.7179487179487178,1.3461538461538463,148
1305230.564102564,2005.5897435897436,41.08974358974359,1.794871794871795,1.205128205128205,3.0256410256410255,1.5512820512820513,1.7179487179487178,1.3461538461538463,201
1305230.564102564,2005.5897435897436,41.08974358974359,1.794871794871795,1.205128205128205,3.0256410256410255,1.5512820512820513,1.7179487179487178,1.3461538461538463,78
1305230.564102564,2005.5897435897436,41.08974358974359,1.794871794871795,1.205128205128205,3.0256410256410255,1.5512820512820513,1.7179487179487178,1.3461538461538463,100
988658.3402366864,2005.8224852071005,41.328402366863905,1.9615384615384615,1.2603550295857988,2.9940828402366866,1.5,1.7248520710059172,1.301775147928994,88
988658.3402366864,2005.8224852071005,41.328402366863905,1.9615384615384615,1.2603550295857988,2.9940828402366866,1.5,1.7248520710059172,1.301775147928994,108
988658.3402366864,2005.8224852071005,41.328402366863905,1.9615384615384615,1.2603550295857988,2.9940828402366866,1.5,1.7248520710059172,1.301775147928994,129
988658.3402366864,2005.8224852071005,41.328402366863905,1.9615384615384615,1.2603550295857988,2.9940828402366866,1.5,1.7248520710059172,1.301775147928994,94
988658.3402366864,2005.8224852071005,41.328402366863905,1.9615384615384615,1.2603550295857988,2.9940828402366866,1.5,1.7248520710059172,1.301775147928994,55
988658.3402366864,2005.8224852071005,41.328402366863905,1.9615384615384615,1.2603550295857988,2.9940828402366866,1.5,1.7248520710059172,1.301775147928994,119
988658.3402366864,2005.8224852071005,41.328402366863905,1.9615384615384615,1.2603550295857988,2.9940828402366866,1.5,1.7248520710059172,1.301775147928994,119
988658.3402366864,2005.8224852071005,41.328402366863905,1.9615384615384615,1.2603550295857988,2.9940828402366866,1.5,1.7248520710059172,1.301775147928994,105
988658.3402366864,2005.8224852071005,41.328402366863905,1.9615384615384615,1.2603550295857988,2.9940828402366866,1.5,1.7248520710059172,1.301775147928994,282
988658.3402366864,2005.8224852071005,41.328402366863905,1.9615384615384615,1.2603550295857988,2.9940828402366866,1.5,1.7248520710059172,1.301775147928994,196
988658.3402366864,2005.8224852071005,41.328402366863905,1.9615384615384615,1.2603550295857988,2.9940828402366866,1.5,1.7248520710059172,1.301775147928994,88
988658.3402366864,2005.8224852071005,41.328402366863905,1.9615384615384615,1.2603550295857988,2.9940828402366866,1.5,1.7248520710059172,1.301775147928994,100
988658.3402366864,2005.8224852071005,41.328402366863905,1.9615384615384615,1.2603550295857988,2.9940828402366866,1.5,1.7248520710059172,1.301775147928994,93
988658.3402366864,2005.8224852071005,41.328402366863905,1.9615384615384615,1.2603550295857988,2.9940828402366866,1.5,1.7248520710059172,1.301775147928994,117
988658.3402366864,2005.8224852071005,41.328402366863905,1.9615384615384615,1.2603550295857988,2.9940828402366866,1.5,1.7248520710059172,1.301775147928994,109
988658.3402366864,2005.8224852071005,41.328402366863905,1.9615384615384615,1.2603550295857988,2.9940828402366866,1.5,1.7248520710059172,1.301775147928994,133
988658.3402366864,2005.8224852071005,41.328402366863905,1.9615384615384615,1.2603550295857988,2.9940828402366866,1.5,1.7248520710059172,1.301775147928994,121
988658.3402366864,2005.8224852071005,41.328402366863905,1.9615384615384615,1.2603550295857988,2.9940828402366866,1.5,1.7248520710059172,1.301775147928994,70
988658.3402366864,2005.8224852071005,41.328402366863905,1.9615384615384615,1.2603550295857988,2.9940828402366866,1.5,1.7248520710059172,1.301775147928994,83
988658.3402366864,2005.8224852071005,41.328402366863905,1.9615384615384615,1.2603550295857988,2.9940828402366866,1.5,1.7248520710059172,1.301775147928994,74
988658.3402366864,2005.8224852071005,41.328402366863905,1.9615384615384615,1.2603550295857988,2.9940828402366866,1.5,1.7248520710059172,1.301775147928994,142
988658.3402366864,2005.8224852071005,41.328402366863905,1.9615384615384615,1.2603550295857988,2.9940828402366866,1.5,1.7248520710059172,1.301775147928994,100
988658.3402366864,2005.8224852071005,41.328402366863905,1.9615384615384615,1.2603550295857988,2.9940828402366866,1.5,1.7248520710059172,1.301775147928994,101
988658.3402366864,2005.8224852071005,41.328402366863905,1.9615384615384615,1.2603550295857988,2.9940828402366866,1.5,1.7248520710059172,1.301775147928994,123
988658.3402366864,2005.8224852071005,41.328402366863905,1.9615384615384615,1.2603550295857988,2.9940828402366866,1.5,1.7248520710059172,1.301775147928994,99
988658.3402366864,2005.8224852071005,41.328402366863905,1.9615384615384615,1.2603550295857988,2.9940828402366866,1.5,1.7248520710059172,1.301775147928994,177
988658.3402366864,2005.8224852071005,41.328402366863905,1.9615384615384615,1.2603550295857988,2.9940828402366866,1.5,1.7248520710059172,1.301775147928994,74
988658.3402366864,2005.8224852071005,41.328402366863905,1.9615384615384615,1.2603550295857988,2.9940828402366866,1.5,1.7248520710059172,1.301775147928994,148
988658.3402366864,2005.8224852071005,41.328402366863905,1.9615384615384615,1.2603550295857988,2.9940828402366866,1.5,1.7248520710059172,1.301775147928994,144
988658.3402366864,2005.8224852071005,41.328402366863905,1.9615384615384615,1.2603550295857988,2.9940828402366866,1.5,1.7248520710059172,1.301775147928994,35
988658.3402366864,2005.8224852071005,41.328402366863905,1.9615384615384615,1.2603550295857988,2.9940828402366866,1.5,1.7248520710059172,1.301775147928994,81
988658.3402366864,2005.8224852071005,41.328402366863905,1.9615384615384615,1.2603550295857988,2.9940828402366866,1.5,1.7248520710059172,1.301775147928994,112
988658.3402366864,2005.8224852071005,41.328402366863905,1.9615384615384615,1.2603550295857988,2.9940828402366866,1.5,1.7248520710059172,1.301775147928994,94
988658.3402366864,2005.8224852071005,41.328402366863905,1.9615384615384615,1.2603550295857988,2.9940828402366866,1.5,1.7248520710059172,1.301775147928994,87
988658.3402366864,2005.8224852071005,41.328402366863905,1.9615384615384615,1.2603550295857988,2.9940828402366866,1.5,1.7248520710059172,1.301775147928994,97
988658.3402366864,2005.8224852071005,41.328402366863905,1.9615384615384615,1.2603550295857988,2.9940828402366866,1.5,1.7248520710059172,1.301775147928994,65
988658.3402366864,2005.8224852071005,41.328402366863905,1.9615384615384615,1.2603550295857988,2.9940828402366866,1.5,1.7248520710059172,1.301775147928994,153
988658.3402366864,2005.8224852071005,41.328402366863905,1.9615384615384615,1.2603550295857988,2.9940828402366866,1.5,1.7248520710059172,1.301775147928994,131
988658.3402366864,2005.8224852071005,41.328402366863905,1.9615384615384615,1.2603550295857988,2.9940828402366866,1.5,1.7248520710059172,1.301775147928994,81
988658.3402366864,2005.8224852071005,41.328402366863905,1.9615384615384615,1.2603550295857988,2.9940828402366866,1.5,1.7248520710059172,1.301775147928994,105
988658.3402366864,2005.8224852071005,41.328402366863905,1.9615384615384615,1.2603550295857988,2.9940828402366866,1.5,1.7248520710059172,1.301775147928994,104
988658.3402366864,2005.8224852071005,41.328402366863905,1.9615384615384615,1.2603550295857988,2.9940828402366866,1.5,1.7248520710059172,1.301775147928994,127
988658.3402366864,2005.8224852071005,41.328402366863905,1.9615384615384615,1.2603550295857988,2.9940828402366866,1.5,1.7248520710059172,1.301775147928994,138
988658.3402366864,2005.8224852071005,41.328402366863905,1.9615384615384615,1.2603550295857988,2.9940828402366866,1.5,1.7248520710059172,1.301775147928994,102
988658.3402366864,2005.8224852071005,41.328402366863905,1.9615384615384615,1.2603550295857988,2.9940828402366866,1.5,1.7248520710059172,1.301775147928994,161
988658.3402366864,2005.8224852071005,41.328402366863905,1.9615384615384615,1.2603550295857988,2.9940828402366866,1.5,1.7248520710059172,1.301775147928994,145
988658.3402366864,2005.8224852071005,41.328402366863905,1.9615384615384615,1.2603550295857988,2.9940828402366866,1.5,1.7248520710059172,1.301775147928994,119
988658.3402366864,2005.8224852071005,41.328402366863905,1.9615384615384615,1.2603550295857988,2.9940828402366866,1.5,1.7248520710059172,1.301775147928994,50
988658.3402366864,2005.8224852071005,41.328402366863905,1.9615384615384615,1.2603550295857988,2.9940828402366866,1.5,1.7248520710059172,1.301775147928994,100
988658.3402366864,2005.8224852071005,41.328402366863905,1.9615384615384615,1.2603550295857988,2.9940828402366866,1.5,1.7248520710059172,1.301775147928994,92
988658.3402366864,2005.8224852071005,41.328402366863905,1.9615384615384615,1.2603550295857988,2.9940828402366866,1.5,1.7248520710059172,1.301775147928994,114
988658.3402366864,2005.8224852071005,41.328402366863905,1.9615384615384615,1.2603550295857988,2.9940828402366866,1.5,1.7248520710059172,1.301775147928994,166
988658.3402366864,2005.8224852071005,41.328402366863905,1.9615384615384615,1.2603550295857988,2.9940828402366866,1.5,1.7248520710059172,1.301775147928994,110
988658.3402366864,2005.8224852071005,41.328402366863905,1.9615384615384615,1.2603550295857988,2.9940828402366866,1.5,1.7248520710059172,1.301775147928994,110
988658.3402366864,2005.8224852071005,41.328402366863905,1.9615384615384615,1.2603550295857988,2.9940828402366866,1.5,1.7248520710059172,1.301775147928994,135
988658.3402366864,2005.8224852071005,41.328402366863905,1.9615384615384615,1.2603550295857988,2.9940828402366866,1.5,1.7248520710059172,1.301775147928994,80
988658.3402366864,2005.8224852071005,41.328402366863905,1.9615384615384615,1.2603550295857988,2.9940828402366866,1.5,1.7248520710059172,1.301775147928994,103
988658.3402366864,2005.8224852071005,41.328402366863905,1.9615384615384615,1.2603550295857988,2.9940828402366866,1.5,1.7248520710059172,1.301775147928994,100
988658.3402366864,2005.8224852071005,41.328402366863905,1.9615384615384615,1.2603550295857988,2.9940828402366866,1.5,1.7248520710059172,1.301775147928994,81
988658.3402366864,2005.8224852071005,41.328402366863905,1.9615384615384615,1.2603550295857988,2.9940828402366866,1.5,1.7248520710059172,1.301775147928994,99
988658.3402366864,2005.8224852071005,41.328402366863905,1.9615384615384615,1.2603550295857988,2.9940828402366866,1.5,1.7248520710059172,1.301775147928994,105
988658.3402366864,2005.8224852071005,41.328402366863905,1.9615384615384615,1.2603550295857988,2.9940828402366866,1.5,1.7248520710059172,1.301775147928994,119
988658.3402366864,2005.8224852071005,41.328402366863905,1.9615384615384615,1.2603550295857988,2.9940828402366866,1.5,1.7248520710059172,1.301775147928994,143
988658.3402366864,2005.8224852071005,41.328402366863905,1.9615384615384615,1.2603550295857988,2.9940828402366866,1.5,1.7248520710059172,1.301775147928994,100
988658.3402366864,2005.8224852071005,41.328402366863905,1.9615384615384615,1.2603550295857988,2.9940828402366866,1.5,1.7248520710059172,1.301775147928994,77
988658.3402366864,2005.8224852071005,41.328402366863905,1.9615384615384615,1.2603550295857988,2.9940828402366866,1.5,1.7248520710059172,1.301775147928994,268
988658.3402366864,2005.8224852071005,41.328402366863905,1.9615384615384615,1.2603550295857988,2.9940828402366866,1.5,1.7248520710059172,1.301775147928994,109
988658.3402366864,2005.8224852071005,41.328402366863905,1.9615384615384615,1.2603550295857988,2.9940828402366866,1.5,1.7248520710059172,1.301775147928994,105
988658.3402366864,2005.8224852071005,41.328402366863905,1.9615384615384615,1.2603550295857988,2.9940828402366866,1.5,1.7248520710059172,1.301775147928994,110
988658.3402366864,2005.8224852071005,41.328402366863905,1.9615384615384615,1.2603550295857988,2.9940828402366866,1.5,1.7248520710059172,1.301775147928994,114
988658.3402366864,2005.8224852071005,41.328402366863905,1.9615384615384615,1.2603550295857988,2.9940828402366866,1.5,1.7248520710059172,1.301775147928994,152
988658.3402366864,2005.8224852071005,41.328402366863905,1.9615384615384615,1.2603550295857988,2.9940828402366866,1.5,1.7248520710059172,1.301775147928994,142
988658.3402366864,2005.8224852071005,41.328402366863905,1.9615384615384615,1.2603550295857988,2.9940828402366866,1.5,1.7248520710059172,1.301775147928994,114
988658.3402366864,2005.8224852071005,41.328402366863905,1.9615384615384615,1.2603550295857988,2.9940828402366866,1.5,1.7248520710059172,1.301775147928994,90
988658.3402366864,2005.8224852071005,41.328402366863905,1.9615384615384615,1.2603550295857988,2.9940828402366866,1.5,1.7248520710059172,1.301775147928994,127
988658.3402366864,2005.8224852071005,41.328402366863905,1.9615384615384615,1.2603550295857988,2.9940828402366866,1.5,1.7248520710059172,1.301775147928994,126
988658.3402366864,2005.8224852071005,41.328402366863905,1.9615384615384615,1.2603550295857988,2.9940828402366866,1.5,1.7248520710059172,1.301775147928994,135
988658.3402366864,2005.8224852071005,41.328402366863905,1.9615384615384615,1.2603550295857988,2.9940828402366866,1.5,1.7248520710059172,1.301775147928994,119
988658.3402366864,2005.8224852071005,41.328402366863905,1.9615384615384615,1.2603550295857988,2.9940828402366866,1.5,1.7248520710059172,1.301775147928994,100
988658.3402366864,2005.8224852071005,41.328402366863905,1.9615384615384615,1.2603550295857988,2.9940828402366866,1.5,1.7248520710059172,1.301775147928994,69
988658.3402366864,2005.8224852071005,41.328402366863905,1.9615384615384615,1.2603550295857988,2.9940828402366866,1.5,1.7248520710059172,1.301775147928994,166
988658.3402366864,2005.8224852071005,41.328402366863905,1.9615384615384615,1.2603550295857988,2.9940828402366866,1.5,1.7248520710059172,1.301775147928994,74
988658.3402366864,2005.8224852071005,41.328402366863905,1.9615384615384615,1.2603550295857988,2.9940828402366866,1.5,1.7248520710059172,1.301775147928994,92
988658.3402366864,2005.8224852071005,41.328402366863905,1.9615384615384615,1.2603550295857988,2.9940828402366866,1.5,1.7248520710059172,1.301775147928994,66
988658.3402366864,2005.8224852071005,41.328402366863905,1.9615384615384615,1.2603550295857988,2.9940828402366866,1.5,1.7248520710059172,1.301775147928994,133
988658.3402366864,2005.8224852071005,41.328402366863905,1.9615384615384615,1.2603550295857988,2.9940828402366866,1.5,1.7248520710059172,1.301775147928994,88
988658.3402366864,2005.8224852071005,41.328402366863905,1.9615384615384615,1.2603550295857988,2.9940828402366866,1.5,1.7248520710059172,1.301775147928994,177
988658.3402366864,2005.8224852071005,41.328402366863905,1.9615384615384615,1.2603550295857988,2.9940828402366866,1.5,1.7248520710059172,1.301775147928994,117
988658.3402366864,2005.8224852071005,41.328402366863905,1.9615384615384615,1.2603550295857988,2.9940828402366866,1.5,1.7248520710059172,1.301775147928994,67
988658.3402366864,2005.8224852071005,41.328402366863905,1.9615384615384615,1.2603550295857988,2.9940828402366866,1.5,1.7248520710059172,1.301775147928994,85
988658.3402366864,2005.8224852071005,41.328402366863905,1.9615384615384615,1.2603550295857988,2.9940828402366866,1.5,1.7248520710059172,1.301775147928994,94
988658.3402366864,2005.8224852071005,41.328402366863905,1.9615384615384615,1.2603550295857988,2.9940828402366866,1.5,1.7248520710059172,1.301775147928994,57
988658.3402366864,2005.8224852071005,41.328402366863905,1.9615384615384615,1.2603550295857988,2.9940828402366866,1.5,1.7248520710059172,1.301775147928994,83
988658.3402366864,2005.8224852071005,41.328402366863905,1.9615384615384615,1.2603550295857988,2.9940828402366866,1.5,1.7248520710059172,1.301775147928994,119
988658.3402366864,2005.8224852071005,41.328402366863905,1.9615384615384615,1.2603550295857988,2.9940828402366866,1.5,1.7248520710059172,1.301775147928994,94
988658.3402366864,2005.8224852071005,41.328402366863905,1.9615384615384615,1.2603550295857988,2.9940828402366866,1.5,1.7248520710059172,1.301775147928994,121
988658.3402366864,2005.8224852071005,41.328402366863905,1.9615384615384615,1.2603550295857988,2.9940828402366866,1.5,1.7248520710059172,1.301775147928994,131
988658.3402366864,2005.8224852071005,41.328402366863905,1.9615384615384615,1.2603550295857988,2.9940828402366866,1.5,1.7248520710059172,1.301775147928994,72
988658.3402366864,2005.8224852071005,41.328402366863905,1.9615384615384615,1.2603550295857988,2.9940828402366866,1.5,1.7248520710059172,1.301775147928994,65
988658.3402366864,2005.8224852071005,41.328402366863905,1.9615384615384615,1.2603550295857988,2.9940828402366866,1.5,1.7248520710059172,1.301775147928994,110
988658.3402366864,2005.8224852071005,41.328402366863905,1.9615384615384615,1.2603550295857988,2.9940828402366866,1.5,1.7248520710059172,1.301775147928994,70
988658.3402366864,2005.8224852071005,41.328402366863905,1.9615384615384615,1.2603550295857988,2.9940828402366866,1.5,1.7248520710059172,1.301775147928994,78
988658.3402366864,2005.8224852071005,41.328402366863905,1.9615384615384615,1.2603550295857988,2.9940828402366866,1.5,1.7248520710059172,1.301775147928994,88
988658.3402366864,2005.8224852071005,41.328402366863905,1.9615384615384615,1.2603550295857988,2.9940828402366866,1.5,1.7248520710059172,1.301775147928994,140
988658.3402366864,2005.8224852071005,41.328402366863905,1.9615384615384615,1.2603550295857988,2.9940828402366866,1.5,1.7248520710059172,1.301775147928994,161
988658.3402366864,2005.8224852071005,41.328402366863905,1.9615384615384615,1.2603550295857988,2.9940828402366866,1.5,1.7248520710059172,1.301775147928994,55
988658.3402366864,2005.8224852071005,41.328402366863905,1.9615384615384615,1.2603550295857988,2.9940828402366866,1.5,1.7248520710059172,1.301775147928994,108
988658.3402366864,2005.8224852071005,41.328402366863905,1.9615384615384615,1.2603550295857988,2.9940828402366866,1.5,1.7248520710059172,1.301775147928994,102
988658.3402366864,2005.8224852071005,41.328402366863905,1.9615384615384615,1.2603550295857988,2.9940828402366866,1.5,1.7248520710059172,1.301775147928994,138
988658.3402366864,2005.8224852071005,41.328402366863905,1.9615384615384615,1.2603550295857988,2.9940828402366866,1.5,1.7248520710059172,1.301775147928994,112
988658.3402366864,2005.8224852071005,41.328402366863905,1.9615384615384615,1.2603550295857988,2.9940828402366866,1.5,1.7248520710059172,1.301775147928994,148
988658.3402366864,2005.8224852071005,41.328402366863905,1.9615384615384615,1.2603550295857988,2.9940828402366866,1.5,1.7248520710059172,1.301775147928994,81
988658.3402366864,2005.8224852071005,41.328402366863905,1.9615384615384615,1.2603550295857988,2.9940828402366866,1.5,1.7248520710059172,1.301775147928994,118
988658.3402366864,2005.8224852071005,41.328402366863905,1.9615384615384615,1.2603550295857988,2.9940828402366866,1.5,1.7248520710059172,1.301775147928994,268
988658.3402366864,2005.8224852071005,41.328402366863905,1.9615384615384615,1.2603550295857988,2.9940828402366866,1.5,1.7248520710059172,1.301775147928994,85
988658.3402366864,2005.8224852071005,41.328402366863905,1.9615384615384615,1.2603550295857988,2.9940828402366866,1.5,1.7248520710059172,1.301775147928994,277
988658.3402366864,2005.8224852071005,41.328402366863905,1.9615384615384615,1.2603550295857988,2.9940828402366866,1.5,1.7248520710059172,1.301775147928994,123
988658.3402366864,2005.8224852071005,41.328402366863905,1.9615384615384615,1.2603550295857988,2.9940828402366866,1.5,1.7248520710059172,1.301775147928994,119
988658.3402366864,2005.8224852071005,41.328402366863905,1.9615384615384615,1.2603550295857988,2.9940828402366866,1.5,1.7248520710059172,1.301775147928994,177
988658.3402366864,2005.8224852071005,41.328402366863905,1.9615384615384615,1.2603550295857988,2.9940828402366866,1.5,1.7248520710059172,1.301775147928994,100
988658.3402366864,2005.8224852071005,41.328402366863905,1.9615384615384615,1.2603550295857988,2.9940828402366866,1.5,1.7248520710059172,1.301775147928994,81
988658.3402366864,2005.8224852071005,41.328402366863905,1.9615384615384615,1.2603550295857988,2.9940828402366866,1.5,1.7248520710059172,1.301775147928994,161
988658.3402366864,2005.8224852071005,41.328402366863905,1.9615384615384615,1.2603550295857988,2.9940828402366866,1.5,1.7248520710059172,1.301775147928994,135
988658.3402366864,2005.8224852071005,41.328402366863905,1.9615384615384615,1.2603550295857988,2.9940828402366866,1.5,1.7248520710059172,1.301775147928994,90
988658.3402366864,2005.8224852071005,41.328402366863905,1.9615384615384615,1.2603550295857988,2.9940828402366866,1.5,1.7248520710059172,1.301775147928994,100
988658.3402366864,2005.8224852071005,41.328402366863905,1.9615384615384615,1.2603550295857988,2.9940828402366866,1.5,1.7248520710059172,1.301775147928994,75
988658.3402366864,2005.8224852071005,41.328402366863905,1.9615384615384615,1.2603550295857988,2.9940828402366866,1.5,1.7248520710059172,1.301775147928994,77
988658.3402366864,2005.8224852071005,41.328402366863905,1.9615384615384615,1.2603550295857988,2.9940828402366866,1.5,1.7248520710059172,1.301775147928994,76
988658.3402366864,2005.8224852071005,41.328402366863905,1.9615384615384615,1.2603550295857988,2.9940828402366866,1.5,1.7248520710059172,1.301775147928994,106
988658.3402366864,2005.8224852071005,41.328402366863905,1.9615384615384615,1.2603550295857988,2.9940828402366866,1.5,1.7248520710059172,1.301775147928994,83
988658.3402366864,2005.8224852071005,41.328402366863905,1.9615384615384615,1.2603550295857988,2.9940828402366866,1.5,1.7248520710059172,1.301775147928994,67
988658.3402366864,2005.8224852071005,41.328402366863905,1.9615384615384615,1.2603550295857988,2.9940828402366866,1.5,1.7248520710059172,1.301775147928994,110
988658.3402366864,2005.8224852071005,41.328402366863905,1.9615384615384615,1.2603550295857988,2.9940828402366866,1.5,1.7248520710059172,1.301775147928994,80
988658.3402366864,2005.8224852071005,41.328402366863905,1.9615384615384615,1.2603550295857988,2.9940828402366866,1.5,1.7248520710059172,1.301775147928994,114
988658.3402366864,2005.8224852071005,41.328402366863905,1.9615384615384615,1.2603550295857988,2.9940828402366866,1.5,1.7248520710059172,1.301775147928994,103
988658.3402366864,2005.8224852071005,41.328402366863905,1.9615384615384615,1.2603550295857988,2.9940828402366866,1.5,1.7248520710059172,1.301775147928994,88
988658.3402366864,2005.8224852071005,41.328402366863905,1.9615384615384615,1.2603550295857988,2.9940828402366866,1.5,1.7248520710059172,1.301775147928994,114
988658.3402366864,2005.8224852071005,41.328402366863905,1.9615384615384615,1.2603550295857988,2.9940828402366866,1.5,1.7248520710059172,1.301775147928994,95
988658.3402366864,2005.8224852071005,41.328402366863905,1.9615384615384615,1.2603550295857988,2.9940828402366866,1.5,1.7248520710059172,1.301775147928994,182
988658.3402366864,2005.8224852071005,41.328402366863905,1.9615384615384615,1.2603550295857988,2.9940828402366866,1.5,1.7248520710059172,1.301775147928994,94
988658.3402366864,2005.8224852071005,41.328402366863905,1.9615384615384615,1.2603550295857988,2.9940828402366866,1.5,1.7248520710059172,1.301775147928994,107
988658.3402366864,2005.8224852071005,41.328402366863905,1.9615384615384615,1.2603550295857988,2.9940828402366866,1.5,1.7248520710059172,1.301775147928994,89
988658.3402366864,2005.8224852071005,41.328402366863905,1.9615384615384615,1.2603550295857988,2.9940828402366866,1.5,1.7248520710059172,1.301775147928994,129
988658.3402366864,2005.8224852071005,41.328402366863905,1.9615384615384615,1.2603550295857988,2.9940828402366866,1.5,1.7248520710059172,1.301775147928994,126
988658.3402366864,2005.8224852071005,41.328402366863905,1.9615384615384615,1.2603550295857988,2.9940828402366866,1.5,1.7248520710059172,1.301775147928994,105
988658.3402366864,2005.8224852071005,41.328402366863905,1.9615384615384615,1.2603550295857988,2.9940828402366866,1.5,1.7248520710059172,1.301775147928994,44
988658.3402366864,2005.8224852071005,41.328402366863905,1.9615384615384615,1.2603550295857988,2.9940828402366866,1.5,1.7248520710059172,1.301775147928994,108
988658.3402366864,2005.8224852071005,41.328402366863905,1.9615384615384615,1.2603550295857988,2.9940828402366866,1.5,1.7248520710059172,1.301775147928994,119
988658.3402366864,2005.8224852071005,41.328402366863905,1.9615384615384615,1.2603550295857988,2.9940828402366866,1.5,1.7248520710059172,1.301775147928994,66
988658.3402366864,2005.8224852071005,41.328402366863905,1.9615384615384615,1.2603550295857988,2.9940828402366866,1.5,1.7248520710059172,1.301775147928994,131
988658.3402366864,2005.8224852071005,41.328402366863905,1.9615384615384615,1.2603550295857988,2.9940828402366866,1.5,1.7248520710059172,1.301775147928994,117
988658.3402366864,2005.8224852071005,41.328402366863905,1.9615384615384615,1.2603550295857988,2.9940828402366866,1.5,1.7248520710059172,1.301775147928994,110
988658.3402366864,2005.8224852071005,41.328402366863905,1.9615384615384615,1.2603550295857988,2.9940828402366866,1.5,1.7248520710059172,1.301775147928994,102
988658.3402366864,2005.8224852071005,41.328402366863905,1.9615384615384615,1.2603550295857988,2.9940828402366866,1.5,1.7248520710059172,1.301775147928994,84
988658.3402366864,2005.8224852071005,41.328402366863905,1.9615384615384615,1.2603550295857988,2.9940828402366866,1.5,1.7248520710059172,1.301775147928994,119
988658.3402366864,2005.8224852071005,41.328402366863905,1.9615384615384615,1.2603550295857988,2.9940828402366866,1.5,1.7248520710059172,1.301775147928994,94
988658.3402366864,2005.8224852071005,41.328402366863905,1.9615384615384615,1.2603550295857988,2.9940828402366866,1.5,1.7248520710059172,1.301775147928994,88
988658.3402366864,2005.8224852071005,41.328402366863905,1.9615384615384615,1.2603550295857988,2.9940828402366866,1.5,1.7248520710059172,1.301775147928994,81
988658.3402366864,2005.8224852071005,41.328402366863905,1.9615384615384615,1.2603550295857988,2.9940828402366866,1.5,1.7248520710059172,1.301775147928994,69
988658.3402366864,2005.8224852071005,41.328402366863905,1.9615384615384615,1.2603550295857988,2.9940828402366866,1.5,1.7248520710059172,1.301775147928994,148
988658.3402366864,2005.8224852071005,41.328402366863905,1.9615384615384615,1.2603550295857988,2.9940828402366866,1.5,1.7248520710059172,1.301775147928994,124
988658.3402366864,2005.8224852071005,41.328402366863905,1.9615384615384615,1.2603550295857988,2.9940828402366866,1.5,1.7248520710059172,1.301775147928994,100
988658.3402366864,2005.8224852071005,41.328402366863905,1.9615384615384615,1.2603550295857988,2.9940828402366866,1.5,1.7248520710059172,1.301775147928994,88
988658.3402366864,2005.8224852071005,41.328402366863905,1.9615384615384615,1.2603550295857988,2.9940828402366866,1.5,1.7248520710059172,1.301775147928994,70
988658.3402366864,2005.8224852071005,41.328402366863905,1.9615384615384615,1.2603550295857988,2.9940828402366866,1.5,1.7248520710059172,1.301775147928994,140
988658.3402366864,2005.8224852071005,41.328402366863905,1.9615384615384615,1.2603550295857988,2.9940828402366866,1.5,1.7248520710059172,1.301775147928994,127
988658.3402366864,2005.8224852071005,41.328402366863905,1.9615384615384615,1.2603550295857988,2.9940828402366866,1.5,1.7248520710059172,1.301775147928994,65
988658.3402366864,2005.8224852071005,41.328402366863905,1.9615384615384615,1.2603550295857988,2.9940828402366866,1.5,1.7248520710059172,1.301775147928994,74
988658.3402366864,2005.8224852071005,41.328402366863905,1.9615384615384615,1.2603550295857988,2.9940828402366866,1.5,1.7248520710059172,1.301775147928994,78
988658.3402366864,2005.8224852071005,41.328402366863905,1.9615384615384615,1.2603550295857988,2.9940828402366866,1.5,1.7248520710059172,1.301775147928994,72
988658.3402366864,2005.8224852071005,41.328402366863905,1.9615384615384615,1.2603550295857988,2.9940828402366866,1.5,1.7248520710059172,1.301775147928994,68
988658.3402366864,2005.8224852071005,41.328402366863905,1.9615384615384615,1.2603550295857988,2.9940828402366866,1.5,1.7248520710059172,1.301775147928994,148
988658.3402366864,2005.8224852071005,41.328402366863905,1.9615384615384615,1.2603550295857988,2.9940828402366866,1.5,1.7248520710059172,1.301775147928994,84
988658.3402366864,2005.8224852071005,41.328402366863905,1.9615384615384615,1.2603550295857988,2.9940828402366866,1.5,1.7248520710059172,1.301775147928994,123
988658.3402366864,2005.8224852071005,41.328402366863905,1.9615384615384615,1.2603550295857988,2.9940828402366866,1.5,1.7248520710059172,1.301775147928994,56
988658.3402366864,2005.8224852071005,41.328402366863905,1.9615384615384615,1.2603550295857988,2.9940828402366866,1.5,1.7248520710059172,1.301775147928994,116
988658.3402366864,2005.8224852071005,41.328402366863905,1.9615384615384615,1.2603550295857988,2.9940828402366866,1.5,1.7248520710059172,1.301775147928994,132
988658.3402366864,2005.8224852071005,41.328402366863905,1.9615384615384615,1.2603550295857988,2.9940828402366866,1.5,1.7248520710059172,1.301775147928994,88
988658.3402366864,2005.8224852071005,41.328402366863905,1.9615384615384615,1.2603550295857988,2.9940828402366866,1.5,1.7248520710059172,1.301775147928994,150
988658.3402366864,2005.8224852071005,41.328402366863905,1.9615384615384615,1.2603550295857988,2.9940828402366866,1.5,1.7248520710059172,1.301775147928994,142
988658.3402366864,2005.8224852071005,41.328402366863905,1.9615384615384615,1.2603550295857988,2.9940828402366866,1.5,1.7248520710059172,1.301775147928994,90
988658.3402366864,2005.8224852071005,41.328402366863905,1.9615384615384615,1.2603550295857988,2.9940828402366866,1.5,1.7248520710059172,1.301775147928994,119
988658.3402366864,2005.8224852071005,41.328402366863905,1.9615384615384615,1.2603550295857988,2.9940828402366866,1.5,1.7248520710059172,1.301775147928994,93
988658.3402366864,2005.8224852071005,41.328402366863905,1.9615384615384615,1.2603550295857988,2.9940828402366866,1.5,1.7248520710059172,1.301775147928994,106
988658.3402366864,2005.8224852071005,41.328402366863905,1.9615384615384615,1.2603550295857988,2.9940828402366866,1.5,1.7248520710059172,1.301775147928994,62
988658.3402366864,2005.8224852071005,41.328402366863905,1.9615384615384615,1.2603550295857988,2.9940828402366866,1.5,1.7248520710059172,1.301775147928994,119
988658.3402366864,2005.8224852071005,41.328402366863905,1.9615384615384615,1.2603550295857988,2.9940828402366866,1.5,1.7248520710059172,1.301775147928994,100
988658.3402366864,2005.8224852071005,41.328402366863905,1.9615384615384615,1.2603550295857988,2.9940828402366866,1.5,1.7248520710059172,1.301775147928994,74
988658.3402366864,2005.8224852071005,41.328402366863905,1.9615384615384615,1.2603550295857988,2.9940828402366866,1.5,1.7248520710059172,1.301775147928994,81
988658.3402366864,2005.8224852071005,41.328402366863905,1.9615384615384615,1.2603550295857988,2.9940828402366866,1.5,1.7248520710059172,1.301775147928994,88
988658.3402366864,2005.8224852071005,41.328402366863905,1.9615384615384615,1.2603550295857988,2.9940828402366866,1.5,1.7248520710059172,1.301775147928994,61
988658.3402366864,2005.8224852071005,41.328402366863905,1.9615384615384615,1.2603550295857988,2.9940828402366866,1.5,1.7248520710059172,1.301775147928994,139
988658.3402366864,2005.8224852071005,41.328402366863905,1.9615384615384615,1.2603550295857988,2.9940828402366866,1.5,1.7248520710059172,1.301775147928994,148
988658.3402366864,2005.8224852071005,41.328402366863905,1.9615384615384615,1.2603550295857988,2.9940828402366866,1.5,1.7248520710059172,1.301775147928994,177
988658.3402366864,2005.8224852071005,41.328402366863905,1.9615384615384615,1.2603550295857988,2.9940828402366866,1.5,1.7248520710059172,1.301775147928994,158
988658.3402366864,2005.8224852071005,41.328402366863905,1.9615384615384615,1.2603550295857988,2.9940828402366866,1.5,1.7248520710059172,1.301775147928994,95
988658.3402366864,2005.8224852071005,41.328402366863905,1.9615384615384615,1.2603550295857988,2.9940828402366866,1.5,1.7248520710059172,1.301775147928994,164
988658.3402366864,2005.8224852071005,41.328402366863905,1.9615384615384615,1.2603550295857988,2.9940828402366866,1.5,1.7248520710059172,1.301775147928994,88
988658.3402366864,2005.8224852071005,41.328402366863905,1.9615384615384615,1.2603550295857988,2.9940828402366866,1.5,1.7248520710059172,1.301775147928994,110
988658.3402366864,2005.8224852071005,41.328402366863905,1.9615384615384615,1.2603550295857988,2.9940828402366866,1.5,1.7248520710059172,1.301775147928994,103
988658.3402366864,2005.8224852071005,41.328402366863905,1.9615384615384615,1.2603550295857988,2.9940828402366866,1.5,1.7248520710059172,1.301775147928994,148
988658.3402366864,2005.8224852071005,41.328402366863905,1.9615384615384615,1.2603550295857988,2.9940828402366866,1.5,1.7248520710059172,1.301775147928994,59
988658.3402366864,2005.8224852071005,41.328402366863905,1.9615384615384615,1.2603550295857988,2.9940828402366866,1.5,1.7248520710059172,1.301775147928994,80
988658.3402366864,2005.8224852071005,41.328402366863905,1.9615384615384615,1.2603550295857988,2.9940828402366866,1.5,1.7248520710059172,1.301775147928994,110
988658.3402366864,2005.8224852071005,41.328402366863905,1.9615384615384615,1.2603550295857988,2.9940828402366866,1.5,1.7248520710059172,1.301775147928994,72
988658.3402366864,2005.8224852071005,41.328402366863905,1.9615384615384615,1.2603550295857988,2.9940828402366866,1.5,1.7248520710059172,1.301775147928994,115
988658.3402366864,2005.8224852071005,41.328402366863905,1.9615384615384615,1.2603550295857988,2.9940828402366866,1.5,1.7248520710059172,1.301775147928994,131
988658.3402366864,2005.8224852071005,41.328402366863905,1.9615384615384615,1.2603550295857988,2.9940828402366866,1.5,1.7248520710059172,1.301775147928994,96
988658.3402366864,2005.8224852071005,41.328402366863905,1.9615384615384615,1.2603550295857988,2.9940828402366866,1.5,1.7248520710059172,1.301775147928994,135
988658.3402366864,2005.8224852071005,41.328402366863905,1.9615384615384615,1.2603550295857988,2.9940828402366866,1.5,1.7248520710059172,1.301775147928994,114
988658.3402366864,2005.8224852071005,41.328402366863905,1.9615384615384615,1.2603550295857988,2.9940828402366866,1.5,1.7248520710059172,1.301775147928994,97
988658.3402366864,2005.8224852071005,41.328402366863905,1.9615384615384615,1.2603550295857988,2.9940828402366866,1.5,1.7248520710059172,1.301775147928994,105
988658.3402366864,2005.8224852071005,41.328402366863905,1.9615384615384615,1.2603550295857988,2.9940828402366866,1.5,1.7248520710059172,1.301775147928994,74
988658.3402366864,2005.8224852071005,41.328402366863905,1.9615384615384615,1.2603550295857988,2.9940828402366866,1.5,1.7248520710059172,1.301775147928994,114
988658.3402366864,2005.8224852071005,41.328402366863905,1.9615384615384615,1.2603550295857988,2.9940828402366866,1.5,1.7248520710059172,1.301775147928994,70
988658.3402366864,2005.8224852071005,41.328402366863905,1.9615384615384615,1.2603550295857988,2.9940828402366866,1.5,1.7248520710059172,1.301775147928994,161
988658.3402366864,2005.8224852071005,41.328402366863905,1.9615384615384615,1.2603550295857988,2.9940828402366866,1.5,1.7248520710059172,1.301775147928994,110
988658.3402366864,2005.8224852071005,41.328402366863905,1.9615384615384615,1.2603550295857988,2.9940828402366866,1.5,1.7248520710059172,1.301775147928994,107
988658.3402366864,2005.8224852071005,41.328402366863905,1.9615384615384615,1.2603550295857988,2.9940828402366866,1.5,1.7248520710059172,1.301775147928994,77
988658.3402366864,2005.8224852071005,41.328402366863905,1.9615384615384615,1.2603550295857988,2.9940828402366866,1.5,1.7248520710059172,1.301775147928994,75
988658.3402366864,2005.8224852071005,41.328402366863905,1.9615384615384615,1.2603550295857988,2.9940828402366866,1.5,1.7248520710059172,1.301775147928994,201
988658.3402366864,2005.8224852071005,41.328402366863905,1.9615384615384615,1.2603550295857988,2.9940828402366866,1.5,1.7248520710059172,1.301775147928994,94
988658.3402366864,2005.8224852071005,41.328402366863905,1.9615384615384615,1.2603550295857988,2.9940828402366866,1.5,1.7248520710059172,1.301775147928994,127
988658.3402366864,2005.8224852071005,41.328402366863905,1.9615384615384615,1.2603550295857988,2.9940828402366866,1.5,1.7248520710059172,1.301775147928994,81
988658.3402366864,2005.8224852071005,41.328402366863905,1.9615384615384615,1.2603550295857988,2.9940828402366866,1.5,1.7248520710059172,1.301775147928994,85
988658.3402366864,2005.8224852071005,41.328402366863905,1.9615384615384615,1.2603550295857988,2.9940828402366866,1.5,1.7248520710059172,1.301775147928994,89
988658.3402366864,2005.8224852071005,41.328402366863905,1.9615384615384615,1.2603550295857988,2.9940828402366866,1.5,1.7248520710059172,1.301775147928994,278
988658.3402366864,2005.8224852071005,41.328402366863905,1.9615384615384615,1.2603550295857988,2.9940828402366866,1.5,1.7248520710059172,1.301775147928994,129
988658.3402366864,2005.8224852071005,41.328402366863905,1.9615384615384615,1.2603550295857988,2.9940828402366866,1.5,1.7248520710059172,1.301775147928994,100
988658.3402366864,2005.8224852071005,41.328402366863905,1.9615384615384615,1.2603550295857988,2.9940828402366866,1.5,1.7248520710059172,1.301775147928994,93
988658.3402366864,2005.8224852071005,41.328402366863905,1.9615384615384615,1.2603550295857988,2.9940828402366866,1.5,1.7248520710059172,1.301775147928994,112
988658.3402366864,2005.8224852071005,41.328402366863905,1.9615384615384615,1.2603550295857988,2.9940828402366866,1.5,1.7248520710059172,1.301775147928994,85
988658.3402366864,2005.8224852071005,41.328402366863905,1.9615384615384615,1.2603550295857988,2.9940828402366866,1.5,1.7248520710059172,1.301775147928994,135
988658.3402366864,2005.8224852071005,41.328402366863905,1.9615384615384615,1.2603550295857988,2.9940828402366866,1.5,1.7248520710059172,1.301775147928994,119
988658.3402366864,2005.8224852071005,41.328402366863905,1.9615384615384615,1.2603550295857988,2.9940828402366866,1.5,1.7248520710059172,1.301775147928994,81
988658.3402366864,2005.8224852071005,41.328402366863905,1.9615384615384615,1.2603550295857988,2.9940828402366866,1.5,1.7248520710059172,1.301775147928994,96
988658.3402366864,2005.8224852071005,41.328402366863905,1.9615384615384615,1.2603550295857988,2.9940828402366866,1.5,1.7248520710059172,1.301775147928994,88
988658.3402366864,2005.8224852071005,41.328402366863905,1.9615384615384615,1.2603550295857988,2.9940828402366866,1.5,1.7248520710059172,1.301775147928994,148
988658.3402366864,2005.8224852071005,41.328402366863905,1.9615384615384615,1.2603550295857988,2.9940828402366866,1.5,1.7248520710059172,1.301775147928994,125
988658.3402366864,2005.8224852071005,41.328402366863905,1.9615384615384615,1.2603550295857988,2.9940828402366866,1.5,1.7248520710059172,1.301775147928994,201
988658.3402366864,2005.8224852071005,41.328402366863905,1.9615384615384615,1.2603550295857988,2.9940828402366866,1.5,1.7248520710059172,1.301775147928994,63
988658.3402366864,2005.8224852071005,41.328402366863905,1.9615384615384615,1.2603550295857988,2.9940828402366866,1.5,1.7248520710059172,1.301775147928994,142
988658.3402366864,2005.8224852071005,41.328402366863905,1.9615384615384615,1.2603550295857988,2.9940828402366866,1.5,1.7248520710059172,1.301775147928994,278
988658.3402366864,2005.8224852071005,41.328402366863905,1.9615384615384615,1.2603550295857988,2.9940828402366866,1.5,1.7248520710059172,1.301775147928994,155
988658.3402366864,2005.8224852071005,41.328402366863905,1.9615384615384615,1.2603550295857988,2.9940828402366866,1.5,1.7248520710059172,1.301775147928994,59
988658.3402366864,2005.8224852071005,41.328402366863905,1.9615384615384615,1.2603550295857988,2.9940828402366866,1.5,1.7248520710059172,1.301775147928994,83
988658.3402366864,2005.8224852071005,41.328402366863905,1.9615384615384615,1.2603550295857988,2.9940828402366866,1.5,1.7248520710059172,1.301775147928994,123
988658.3402366864,2005.8224852071005,41.328402366863905,1.9615384615384615,1.2603550295857988,2.9940828402366866,1.5,1.7248520710059172,1.301775147928994,164
988658.3402366864,2005.8224852071005,41.328402366863905,1.9615384615384615,1.2603550295857988,2.9940828402366866,1.5,1.7248520710059172,1.301775147928994,114
988658.3402366864,2005.8224852071005,41.328402366863905,1.9615384615384615,1.2603550295857988,2.9940828402366866,1.5,1.7248520710059172,1.301775147928994,110
988658.3402366864,2005.8224852071005,41.328402366863905,1.9615384615384615,1.2603550295857988,2.9940828402366866,1.5,1.7248520710059172,1.301775147928994,105
988658.3402366864,2005.8224852071005,41.328402366863905,1.9615384615384615,1.2603550295857988,2.9940828402366866,1.5,1.7248520710059172,1.301775147928994,119
988658.3402366864,2005.8224852071005,41.328402366863905,1.9615384615384615,1.2603550295857988,2.9940828402366866,1.5,1.7248520710059172,1.301775147928994,110
988658.3402366864,2005.8224852071005,41.328402366863905,1.9615384615384615,1.2603550295857988,2.9940828402366866,1.5,1.7248520710059172,1.301775147928994,75
988658.3402366864,2005.8224852071005,41.328402366863905,1.9615384615384615,1.2603550295857988,2.9940828402366866,1.5,1.7248520710059172,1.301775147928994,97
988658.3402366864,2005.8224852071005,41.328402366863905,1.9615384615384615,1.2603550295857988,2.9940828402366866,1.5,1.7248520710059172,1.301775147928994,84
988658.3402366864,2005.8224852071005,41.328402366863905,1.9615384615384615,1.2603550295857988,2.9940828402366866,1.5,1.7248520710059172,1.301775147928994,148
988658.3402366864,2005.8224852071005,41.328402366863905,1.9615384615384615,1.2603550295857988,2.9940828402366866,1.5,1.7248520710059172,1.301775147928994,127
988658.3402366864,2005.8224852071005,41.328402366863905,1.9615384615384615,1.2603550295857988,2.9940828402366866,1.5,1.7248520710059172,1.301775147928994,100
988658.3402366864,2005.8224852071005,41.328402366863905,1.9615384615384615,1.2603550295857988,2.9940828402366866,1.5,1.7248520710059172,1.301775147928994,74
988658.3402366864,2005.8224852071005,41.328402366863905,1.9615384615384615,1.2603550295857988,2.9940828402366866,1.5,1.7248520710059172,1.301775147928994,92
988658.3402366864,2005.8224852071005,41.328402366863905,1.9615384615384615,1.2603550295857988,2.9940828402366866,1.5,1.7248520710059172,1.301775147928994,71
988658.3402366864,2005.8224852071005,41.328402366863905,1.9615384615384615,1.2603550295857988,2.9940828402366866,1.5,1.7248520710059172,1.301775147928994,74
988658.3402366864,2005.8224852071005,41.328402366863905,1.9615384615384615,1.2603550295857988,2.9940828402366866,1.5,1.7248520710059172,1.301775147928994,94
988658.3402366864,2005.8224852071005,41.328402366863905,1.9615384615384615,1.2603550295857988,2.9940828402366866,1.5,1.7248520710059172,1.301775147928994,88
988658.3402366864,2005.8224852071005,41.328402366863905,1.9615384615384615,1.2603550295857988,2.9940828402366866,1.5,1.7248520710059172,1.301775147928994,272
988658.3402366864,2005.8224852071005,41.328402366863905,1.9615384615384615,1.2603550295857988,2.9940828402366866,1.5,1.7248520710059172,1.301775147928994,90
988658.3402366864,2005.8224852071005,41.328402366863905,1.9615384615384615,1.2603550295857988,2.9940828402366866,1.5,1.7248520710059172,1.301775147928994,129
988658.3402366864,2005.8224852071005,41.328402366863905,1.9615384615384615,1.2603550295857988,2.9940828402366866,1.5,1.7248520710059172,1.301775147928994,81
988658.3402366864,2005.8224852071005,41.328402366863905,1.9615384615384615,1.2603550295857988,2.9940828402366866,1.5,1.7248520710059172,1.301775147928994,131
988658.3402366864,2005.8224852071005,41.328402366863905,1.9615384615384615,1.2603550295857988,2.9940828402366866,1.5,1.7248520710059172,1.301775147928994,127
988658.3402366864,2005.8224852071005,41.328402366863905,1.9615384615384615,1.2603550295857988,2.9940828402366866,1.5,1.7248520710059172,1.301775147928994,116
988658.3402366864,2005.8224852071005,41.328402366863905,1.9615384615384615,1.2603550295857988,2.9940828402366866,1.5,1.7248520710059172,1.301775147928994,77
988658.3402366864,2005.8224852071005,41.328402366863905,1.9615384615384615,1.2603550295857988,2.9940828402366866,1.5,1.7248520710059172,1.301775147928994,94
988658.3402366864,2005.8224852071005,41.328402366863905,1.9615384615384615,1.2603550295857988,2.9940828402366866,1.5,1.7248520710059172,1.301775147928994,100
988658.3402366864,2005.8224852071005,41.328402366863905,1.9615384615384615,1.2603550295857988,2.9940828402366866,1.5,1.7248520710059172,1.301775147928994,80
988658.3402366864,2005.8224852071005,41.328402366863905,1.9615384615384615,1.2603550295857988,2.9940828402366866,1.5,1.7248520710059172,1.301775147928994,115
988658.3402366864,2005.8224852071005,41.328402366863905,1.9615384615384615,1.2603550295857988,2.9940828402366866,1.5,1.7248520710059172,1.301775147928994,106
988658.3402366864,2005.8224852071005,41.328402366863905,1.9615384615384615,1.2603550295857988,2.9940828402366866,1.5,1.7248520710059172,1.301775147928994,102
988658.3402366864,2005.8224852071005,41.328402366863905,1.9615384615384615,1.2603550295857988,2.9940828402366866,1.5,1.7248520710059172,1.301775147928994,89
988658.3402366864,2005.8224852071005,41.328402366863905,1.9615384615384615,1.2603550295857988,2.9940828402366866,1.5,1.7248520710059172,1.301775147928994,132
988658.3402366864,2005.8224852071005,41.328402366863905,1.9615384615384615,1.2603550295857988,2.9940828402366866,1.5,1.7248520710059172,1.301775147928994,95
988658.3402366864,2005.8224852071005,41.328402366863905,1.9615384615384615,1.2603550295857988,2.9940828402366866,1.5,1.7248520710059172,1.301775147928994,65
988658.3402366864,2005.8224852071005,41.328402366863905,1.9615384615384615,1.2603550295857988,2.9940828402366866,1.5,1.7248520710059172,1.301775147928994,89
988658.3402366864,2005.8224852071005,41.328402366863905,1.9615384615384615,1.2603550295857988,2.9940828402366866,1.5,1.7248520710059172,1.301775147928994,74
988658.3402366864,2005.8224852071005,41.328402366863905,1.9615384615384615,1.2603550295857988,2.9940828402366866,1.5,1.7248520710059172,1.301775147928994,113
988658.3402366864,2005.8224852071005,41.328402366863905,1.9615384615384615,1.2603550295857988,2.9940828402366866,1.5,1.7248520710059172,1.301775147928994,148
988658.3402366864,2005.8224852071005,41.328402366863905,1.9615384615384615,1.2603550295857988,2.9940828402366866,1.5,1.7248520710059172,1.301775147928994,112
988658.3402366864,2005.8224852071005,41.328402366863905,1.9615384615384615,1.2603550295857988,2.9940828402366866,1.5,1.7248520710059172,1.301775147928994,137
988658.3402366864,2005.8224852071005,41.328402366863905,1.9615384615384615,1.2603550295857988,2.9940828402366866,1.5,1.7248520710059172,1.301775147928994,131
988658.3402366864,2005.8224852071005,41.328402366863905,1.9615384615384615,1.2603550295857988,2.9940828402366866,1.5,1.7248520710059172,1.301775147928994,94
988658.3402366864,2005.8224852071005,41.328402366863905,1.9615384615384615,1.2603550295857988,2.9940828402366866,1.5,1.7248520710059172,1.301775147928994,65
988658.3402366864,2005.8224852071005,41.328402366863905,1.9615384615384615,1.2603550295857988,2.9940828402366866,1.5,1.7248520710059172,1.301775147928994,104
988658.3402366864,2005.8224852071005,41.328402366863905,1.9615384615384615,1.2603550295857988,2.9940828402366866,1.5,1.7248520710059172,1.301775147928994,129
988658.3402366864,2005.8224852071005,41.328402366863905,1.9615384615384615,1.2603550295857988,2.9940828402366866,1.5,1.7248520710059172,1.301775147928994,85
988658.3402366864,2005.8224852071005,41.328402366863905,1.9615384615384615,1.2603550295857988,2.9940828402366866,1.5,1.7248520710059172,1.301775147928994,119
988658.3402366864,2005.8224852071005,41.328402366863905,1.9615384615384615,1.2603550295857988,2.9940828402366866,1.5,1.7248520710059172,1.301775147928994,127
988658.3402366864,2005.8224852071005,41.328402366863905,1.9615384615384615,1.2603550295857988,2.9940828402366866,1.5,1.7248520710059172,1.301775147928994,110
988658.3402366864,2005.8224852071005,41.328402366863905,1.9615384615384615,1.2603550295857988,2.9940828402366866,1.5,1.7248520710059172,1.301775147928994,95
988658.3402366864,2005.8224852071005,41.328402366863905,1.9615384615384615,1.2603550295857988,2.9940828402366866,1.5,1.7248520710059172,1.301775147928994,146
988658.3402366864,2005.8224852071005,41.328402366863905,1.9615384615384615,1.2603550295857988,2.9940828402366866,1.5,1.7248520710059172,1.301775147928994,121
988658.3402366864,2005.8224852071005,41.328402366863905,1.9615384615384615,1.2603550295857988,2.9940828402366866,1.5,1.7248520710059172,1.301775147928994,93
988658.3402366864,2005.8224852071005,41.328402366863905,1.9615384615384615,1.2603550295857988,2.9940828402366866,1.5,1.7248520710059172,1.301775147928994,55
988658.3402366864,2005.8224852071005,41.328402366863905,1.9615384615384615,1.2603550295857988,2.9940828402366866,1.5,1.7248520710059172,1.301775147928994,88
988658.3402366864,2005.8224852071005,41.328402366863905,1.9615384615384615,1.2603550295857988,2.9940828402366866,1.5,1.7248520710059172,1.301775147928994,138
988658.3402366864,2005.8224852071005,41.328402366863905,1.9615384615384615,1.2603550295857988,2.9940828402366866,1.5,1.7248520710059172,1.301775147928994,145
988658.3402366864,2005.8224852071005,41.328402366863905,1.9615384615384615,1.2603550295857988,2.9940828402366866,1.5,1.7248520710059172,1.301775147928994,75
988658.3402366864,2005.8224852071005,41.328402366863905,1.9615384615384615,1.2603550295857988,2.9940828402366866,1.5,1.7248520710059172,1.301775147928994,123
988658.3402366864,2005.8224852071005,41.328402366863905,1.9615384615384615,1.2603550295857988,2.9940828402366866,1.5,1.7248520710059172,1.301775147928994,155
988658.3402366864,2005.8224852071005,41.328402366863905,1.9615384615384615,1.2603550295857988,2.9940828402366866,1.5,1.7248520710059172,1.301775147928994,111
988658.3402366864,2005.8224852071005,41.328402366863905,1.9615384615384615,1.2603550295857988,2.9940828402366866,1.5,1.7248520710059172,1.301775147928994,105
988658.3402366864,2005.8224852071005,41.328402366863905,1.9615384615384615,1.2603550295857988,2.9940828402366866,1.5,1.7248520710059172,1.301775147928994,94
988658.3402366864,2005.8224852071005,41.328402366863905,1.9615384615384615,1.2603550295857988,2.9940828402366866,1.5,1.7248520710059172,1.301775147928994,74
988658.3402366864,2005.8224852071005,41.328402366863905,1.9615384615384615,1.2603550295857988,2.9940828402366866,1.5,1.7248520710059172,1.301775147928994,144
988658.3402366864,2005.8224852071005,41.328402366863905,1.9615384615384615,1.2603550295857988,2.9940828402366866,1.5,1.7248520710059172,1.301775147928994,100
988658.3402366864,2005.8224852071005,41.328402366863905,1.9615384615384615,1.2603550295857988,2.9940828402366866,1.5,1.7248520710059172,1.301775147928994,105
988658.3402366864,2005.8224852071005,41.328402366863905,1.9615384615384615,1.2603550295857988,2.9940828402366866,1.5,1.7248520710059172,1.301775147928994,114
988658.3402366864,2005.8224852071005,41.328402366863905,1.9615384615384615,1.2603550295857988,2.9940828402366866,1.5,1.7248520710059172,1.301775147928994,102
988658.3402366864,2005.8224852071005,41.328402366863905,1.9615384615384615,1.2603550295857988,2.9940828402366866,1.5,1.7248520710059172,1.301775147928994,127
988658.3402366864,2005.8224852071005,41.328402366863905,1.9615384615384615,1.2603550295857988,2.9940828402366866,1.5,1.7248520710059172,1.301775147928994,119
988658.3402366864,2005.8224852071005,41.328402366863905,1.9615384615384615,1.2603550295857988,2.9940828402366866,1.5,1.7248520710059172,1.301775147928994,92
988658.3402366864,2005.8224852071005,41.328402366863905,1.9615384615384615,1.2603550295857988,2.9940828402366866,1.5,1.7248520710059172,1.301775147928994,148
988658.3402366864,2005.8224852071005,41.328402366863905,1.9615384615384615,1.2603550295857988,2.9940828402366866,1.5,1.7248520710059172,1.301775147928994,88
988658.3402366864,2005.8224852071005,41.328402366863905,1.9615384615384615,1.2603550295857988,2.9940828402366866,1.5,1.7248520710059172,1.301775147928994,136
988658.3402366864,2005.8224852071005,41.328402366863905,1.9615384615384615,1.2603550295857988,2.9940828402366866,1.5,1.7248520710059172,1.301775147928994,81
988658.3402366864,2005.8224852071005,41.328402366863905,1.9615384615384615,1.2603550295857988,2.9940828402366866,1.5,1.7248520710059172,1.301775147928994,119
988658.3402366864,2005.8224852071005,41.328402366863905,1.9615384615384615,1.2603550295857988,2.9940828402366866,1.5,1.7248520710059172,1.301775147928994,81
988658.3402366864,2005.8224852071005,41.328402366863905,1.9615384615384615,1.2603550295857988,2.9940828402366866,1.5,1.7248520710059172,1.301775147928994,142
988658.3402366864,2005.8224852071005,41.328402366863905,1.9615384615384615,1.2603550295857988,2.9940828402366866,1.5,1.7248520710059172,1.301775147928994,71
988658.3402366864,2005.8224852071005,41.328402366863905,1.9615384615384615,1.2603550295857988,2.9940828402366866,1.5,1.7248520710059172,1.301775147928994,172
988658.3402366864,2005.8224852071005,41.328402366863905,1.9615384615384615,1.2603550295857988,2.9940828402366866,1.5,1.7248520710059172,1.301775147928994,128
988658.3402366864,2005.8224852071005,41.328402366863905,1.9615384615384615,1.2603550295857988,2.9940828402366866,1.5,1.7248520710059172,1.301775147928994,110
988658.3402366864,2005.8224852071005,41.328402366863905,1.9615384615384615,1.2603550295857988,2.9940828402366866,1.5,1.7248520710059172,1.301775147928994,87
988658.3402366864,2005.8224852071005,41.328402366863905,1.9615384615384615,1.2603550295857988,2.9940828402366866,1.5,1.7248520710059172,1.301775147928994,135
988658.3402366864,2005.8224852071005,41.328402366863905,1.9615384615384615,1.2603550295857988,2.9940828402366866,1.5,1.7248520710059172,1.301775147928994,100
988658.3402366864,2005.8224852071005,41.328402366863905,1.9615384615384615,1.2603550295857988,2.9940828402366866,1.5,1.7248520710059172,1.301775147928994,97
988658.3402366864,2005.8224852071005,41.328402366863905,1.9615384615384615,1.2603550295857988,2.9940828402366866,1.5,1.7248520710059172,1.301775147928994,101
988658.3402366864,2005.8224852071005,41.328402366863905,1.9615384615384615,1.2603550295857988,2.9940828402366866,1.5,1.7248520710059172,1.301775147928994,83
