937282.783171521,2005.7411003236246,42.80906148867314,2.0,1.2362459546925566,2.9644012944983817,1.4919093851132685,1.7249190938511327,1.3203883495145632,69
937282.783171521,2005.7411003236246,42.80906148867314,2.0,1.2362459546925566,2.9644012944983817,1.4919093851132685,1.7249190938511327,1.3203883495145632,75
937282.783171521,2005.7411003236246,42.80906148867314,2.0,1.2362459546925566,2.9644012944983817,1.4919093851132685,1.7249190938511327,1.3203883495145632,143
937282.783171521,2005.7411003236246,42.80906148867314,2.0,1.2362459546925566,2.9644012944983817,1.4919093851132685,1.7249190938511327,1.3203883495145632,88
937282.783171521,2005.7411003236246,42.80906148867314,2.0,1.2362459546925566,2.9644012944983817,1.4919093851132685,1.7249190938511327,1.3203883495145632,65
937282.783171521,2005.7411003236246,42.80906148867314,2.0,1.2362459546925566,2.9644012944983817,1.4919093851132685,1.7249190938511327,1.3203883495145632,97
937282.783171521,2005.7411003236246,42.80906148867314,2.0,1.2362459546925566,2.9644012944983817,1.4919093851132685,1.7249190938511327,1.3203883495145632,126
937282.783171521,2005.7411003236246,42.80906148867314,2.0,1.2362459546925566,2.9644012944983817,1.4919093851132685,1.7249190938511327,1.3203883495145632,103
937282.783171521,2005.7411003236246,42.80906148867314,2.0,1.2362459546925566,2.9644012944983817,1.4919093851132685,1.7249190938511327,1.3203883495145632,57
937282.783171521,2005.7411003236246,42.80906148867314,2.0,1.2362459546925566,2.9644012944983817,1.4919093851132685,1.7249190938511327,1.3203883495145632,100
937282.783171521,2005.7411003236246,42.80906148867314,2.0,1.2362459546925566,2.9644012944983817,1.4919093851132685,1.7249190938511327,1.3203883495145632,107
937282.783171521,2005.7411003236246,42.80906148867314,2.0,1.2362459546925566,2.9644012944983817,1.4919093851132685,1.7249190938511327,1.3203883495145632,90
937282.783171521,2005.7411003236246,42.80906148867314,2.0,1.2362459546925566,2.9644012944983817,1.4919093851132685,1.7249190938511327,1.3203883495145632,119
937282.783171521,2005.7411003236246,42.80906148867314,2.0,1.2362459546925566,2.9644012944983817,1.4919093851132685,1.7249190938511327,1.3203883495145632,94
937282.783171521,2005.7411003236246,42.80906148867314,2.0,1.2362459546925566,2.9644012944983817,1.4919093851132685,1.7249190938511327,1.3203883495145632,80
937282.783171521,2005.7411003236246,42.80906148867314,2.0,1.2362459546925566,2.9644012944983817,1.4919093851132685,1.7249190938511327,1.3203883495145632,148
937282.783171521,2005.7411003236246,42.80906148867314,2.0,1.2362459546925566,2.9644012944983817,1.4919093851132685,1.7249190938511327,1.3203883495145632,129
937282.783171521,2005.7411003236246,42.80906148867314,2.0,1.2362459546925566,2.9644012944983817,1.4919093851132685,1.7249190938511327,1.3203883495145632,131
937282.783171521,2005.7411003236246,42.80906148867314,2.0,1.2362459546925566,2.9644012944983817,1.4919093851132685,1.7249190938511327,1.3203883495145632,135
937282.783171521,2005.7411003236246,42.80906148867314,2.0,1.2362459546925566,2.9644012944983817,1.4919093851132685,1.7249190938511327,1.3203883495145632,110
937282.783171521,2005.7411003236246,42.80906148867314,2.0,1.2362459546925566,2.9644012944983817,1.4919093851132685,1.7249190938511327,1.3203883495145632,71
937282.783171521,2005.7411003236246,42.80906148867314,2.0,1.2362459546925566,2.9644012944983817,1.4919093851132685,1.7249190938511327,1.3203883495145632,127
937282.783171521,2005.7411003236246,42.80906148867314,2.0,1.2362459546925566,2.9644012944983817,1.4919093851132685,1.7249190938511327,1.3203883495145632,105
937282.783171521,2005.7411003236246,42.80906148867314,2.0,1.2362459546925566,2.9644012944983817,1.4919093851132685,1.7249190938511327,1.3203883495145632,110
937282.783171521,2005.7411003236246,42.80906148867314,2.0,1.2362459546925566,2.9644012944983817,1.4919093851132685,1.7249190938511327,1.3203883495145632,84
937282.783171521,2005.7411003236246,42.80906148867314,2.0,1.2362459546925566,2.9644012944983817,1.4919093851132685,1.7249190938511327,1.3203883495145632,95
937282.783171521,2005.7411003236246,42.80906148867314,2.0,1.2362459546925566,2.9644012944983817,1.4919093851132685,1.7249190938511327,1.3203883495145632,81
937282.783171521,2005.7411003236246,42.80906148867314,2.0,1.2362459546925566,2.9644012944983817,1.4919093851132685,1.7249190938511327,1.3203883495145632,77
937282.783171521,2005.7411003236246,42.80906148867314,2.0,1.2362459546925566,2.9644012944983817,1.4919093851132685,1.7249190938511327,1.3203883495145632,119
937282.783171521,2005.7411003236246,42.80906148867314,2.0,1.2362459546925566,2.9644012944983817,1.4919093851132685,1.7249190938511327,1.3203883495145632,123
937282.783171521,2005.7411003236246,42.80906148867314,2.0,1.2362459546925566,2.9644012944983817,1.4919093851132685,1.7249190938511327,1.3203883495145632,74
937282.783171521,2005.7411003236246,42.80906148867314,2.0,1.2362459546925566,2.9644012944983817,1.4919093851132685,1.7249190938511327,1.3203883495145632,148
937282.783171521,2005.7411003236246,42.80906148867314,2.0,1.2362459546925566,2.9644012944983817,1.4919093851132685,1.7249190938511327,1.3203883495145632,152
937282.783171521,2005.7411003236246,42.80906148867314,2.0,1.2362459546925566,2.9644012944983817,1.4919093851132685,1.7249190938511327,1.3203883495145632,78
937282.783171521,2005.7411003236246,42.80906148867314,2.0,1.2362459546925566,2.9644012944983817,1.4919093851132685,1.7249190938511327,1.3203883495145632,102
937282.783171521,2005.7411003236246,42.80906148867314,2.0,1.2362459546925566,2.9644012944983817,1.4919093851132685,1.7249190938511327,1.3203883495145632,89
937282.783171521,2005.7411003236246,42.80906148867314,2.0,1.2362459546925566,2.9644012944983817,1.4919093851132685,1.7249190938511327,1.3203883495145632,88
937282.783171521,2005.7411003236246,42.80906148867314,2.0,1.2362459546925566,2.9644012944983817,1.4919093851132685,1.7249190938511327,1.3203883495145632,112
937282.783171521,2005.7411003236246,42.80906148867314,2.0,1.2362459546925566,2.9644012944983817,1.4919093851132685,1.7249190938511327,1.3203883495145632,100
937282.783171521,2005.7411003236246,42.80906148867314,2.0,1.2362459546925566,2.9644012944983817,1.4919093851132685,1.7249190938511327,1.3203883495145632,121
937282.783171521,2005.7411003236246,42.80906148867314,2.0,1.2362459546925566,2.9644012944983817,1.4919093851132685,1.7249190938511327,1.3203883495145632,88
937282.783171521,2005.7411003236246,42.80906148867314,2.0,1.2362459546925566,2.9644012944983817,1.4919093851132685,1.7249190938511327,1.3203883495145632,268
937282.783171521,2005.7411003236246,42.80906148867314,2.0,1.2362459546925566,2.9644012944983817,1.4919093851132685,1.7249190938511327,1.3203883495145632,81
937282.783171521,2005.7411003236246,42.80906148867314,2.0,1.2362459546925566,2.9644012944983817,1.4919093851132685,1.7249190938511327,1.3203883495145632,114
937282.783171521,2005.7411003236246,42.80906148867314,2.0,1.2362459546925566,2.9644012944983817,1.4919093851132685,1.7249190938511327,1.3203883495145632,83
937282.783171521,2005.7411003236246,42.80906148867314,2.0,1.2362459546925566,2.9644012944983817,1.4919093851132685,1.7249190938511327,1.3203883495145632,85
937282.783171521,2005.7411003236246,42.80906148867314,2.0,1.2362459546925566,2.9644012944983817,1.4919093851132685,1.7249190938511327,1.3203883495145632,114
937282.783171521,2005.7411003236246,42.80906148867314,2.0,1.2362459546925566,2.9644012944983817,1.4919093851132685,1.7249190938511327,1.3203883495145632,132
937282.783171521,2005.7411003236246,42.80906148867314,2.0,1.2362459546925566,2.9644012944983817,1.4919093851132685,1.7249190938511327,1.3203883495145632,131
937282.783171521,2005.7411003236246,42.80906148867314,2.0,1.2362459546925566,2.9644012944983817,1.4919093851132685,1.7249190938511327,1.3203883495145632,144
937282.783171521,2005.7411003236246,42.80906148867314,2.0,1.2362459546925566,2.9644012944983817,1.4919093851132685,1.7249190938511327,1.3203883495145632,65
937282.783171521,2005.7411003236246,42.80906148867314,2.0,1.2362459546925566,2.9644012944983817,1.4919093851132685,1.7249190938511327,1.3203883495145632,93
937282.783171521,2005.7411003236246,42.80906148867314,2.0,1.2362459546925566,2.9644012944983817,1.4919093851132685,1.7249190938511327,1.3203883495145632,119
937282.783171521,2005.7411003236246,42.80906148867314,2.0,1.2362459546925566,2.9644012944983817,1.4919093851132685,1.7249190938511327,1.3203883495145632,148
937282.783171521,2005.7411003236246,42.80906148867314,2.0,1.2362459546925566,2.9644012944983817,1.4919093851132685,1.7249190938511327,1.3203883495145632,74
937282.783171521,2005.7411003236246,42.80906148867314,2.0,1.2362459546925566,2.9644012944983817,1.4919093851132685,1.7249190938511327,1.3203883495145632,201
937282.783171521,2005.7411003236246,42.80906148867314,2.0,1.2362459546925566,2.9644012944983817,1.4919093851132685,1.7249190938511327,1.3203883495145632,59
937282.783171521,2005.7411003236246,42.80906148867314,2.0,1.2362459546925566,2.9644012944983817,1.4919093851132685,1.7249190938511327,1.3203883495145632,124
937282.783171521,2005.7411003236246,42.80906148867314,2.0,1.2362459546925566,2.9644012944983817,1.4919093851132685,1.7249190938511327,1.3203883495145632,83
937282.783171521,2005.7411003236246,42.80906148867314,2.0,1.2362459546925566,2.9644012944983817,1.4919093851132685,1.7249190938511327,1.3203883495145632,85
937282.783171521,2005.7411003236246,42.80906148867314,2.0,1.2362459546925566,2.9644012944983817,1.4919093851132685,1.7249190938511327,1.3203883495145632,68
937282.783171521,2005.7411003236246,42.80906148867314,2.0,1.2362459546925566,2.9644012944983817,1.4919093851132685,1.7249190938511327,1.3203883495145632,88
937282.783171521,2005.7411003236246,42.80906148867314,2.0,1.2362459546925566,2.9644012944983817,1.4919093851132685,1.7249190938511327,1.3203883495145632,81
937282.783171521,2005.7411003236246,42.80906148867314,2.0,1.2362459546925566,2.9644012944983817,1.4919093851132685,1.7249190938511327,1.3203883495145632,89
937282.783171521,2005.7411003236246,42.80906148867314,2.0,1.2362459546925566,2.9644012944983817,1.4919093851132685,1.7249190938511327,1.3203883495145632,112
937282.783171521,2005.7411003236246,42.80906148867314,2.0,1.2362459546925566,2.9644012944983817,1.4919093851132685,1.7249190938511327,1.3203883495145632,100
937282.783171521,2005.7411003236246,42.80906148867314,2.0,1.2362459546925566,2.9644012944983817,1.4919093851132685,1.7249190938511327,1.3203883495145632,115
937282.783171521,2005.7411003236246,42.80906148867314,2.0,1.2362459546925566,2.9644012944983817,1.4919093851132685,1.7249190938511327,1.3203883495145632,81
937282.783171521,2005.7411003236246,42.80906148867314,2.0,1.2362459546925566,2.9644012944983817,1.4919093851132685,1.7249190938511327,1.3203883495145632,127
937282.783171521,2005.7411003236246,42.80906148867314,2.0,1.2362459546925566,2.9644012944983817,1.4919093851132685,1.7249190938511327,1.3203883495145632,148
937282.783171521,2005.7411003236246,42.80906148867314,2.0,1.2362459546925566,2.9644012944983817,1.4919093851132685,1.7249190938511327,1.3203883495145632,123
937282.783171521,2005.7411003236246,42.80906148867314,2.0,1.2362459546925566,2.9644012944983817,1.4919093851132685,1.7249190938511327,1.3203883495145632,84
937282.783171521,2005.7411003236246,42.80906148867314,2.0,1.2362459546925566,2.9644012944983817,1.4919093851132685,1.7249190938511327,1.3203883495145632,76
937282.783171521,2005.7411003236246,42.80906148867314,2.0,1.2362459546925566,2.9644012944983817,1.4919093851132685,1.7249190938511327,1.3203883495145632,135
937282.783171521,2005.7411003236246,42.80906148867314,2.0,1.2362459546925566,2.9644012944983817,1.4919093851132685,1.7249190938511327,1.3203883495145632,88
937282.783171521,2005.7411003236246,42.80906148867314,2.0,1.2362459546925566,2.9644012944983817,1.4919093851132685,1.7249190938511327,1.3203883495145632,114
937282.783171521,2005.7411003236246,42.80906148867314,2.0,1.2362459546925566,2.9644012944983817,1.4919093851132685,1.7249190938511327,1.3203883495145632,75
937282.783171521,2005.7411003236246,42.80906148867314,2.0,1.2362459546925566,2.9644012944983817,1.4919093851132685,1.7249190938511327,1.3203883495145632,129
937282.783171521,2005.7411003236246,42.80906148867314,2.0,1.2362459546925566,2.9644012944983817,1.4919093851132685,1.7249190938511327,1.3203883495145632,102
937282.783171521,2005.7411003236246,42.80906148867314,2.0,1.2362459546925566,2.9644012944983817,1.4919093851132685,1.7249190938511327,1.3203883495145632,118
937282.783171521,2005.7411003236246,42.80906148867314,2.0,1.2362459546925566,2.9644012944983817,1.4919093851132685,1.7249190938511327,1.3203883495145632,44
937282.783171521,2005.7411003236246,42.80906148867314,2.0,1.2362459546925566,2.9644012944983817,1.4919093851132685,1.7249190938511327,1.3203883495145632,96
937282.783171521,2005.7411003236246,42.80906148867314,2.0,1.2362459546925566,2.9644012944983817,1.4919093851132685,1.7249190938511327,1.3203883495145632,74
937282.783171521,2005.7411003236246,42.80906148867314,2.0,1.2362459546925566,2.9644012944983817,1.4919093851132685,1.7249190938511327,1.3203883495145632,182
937282.783171521,2005.7411003236246,42.80906148867314,2.0,1.2362459546925566,2.9644012944983817,1.4919093851132685,1.7249190938511327,1.3203883495145632,107
937282.783171521,2005.7411003236246,42.80906148867314,2.0,1.2362459546925566,2.9644012944983817,1.4919093851132685,1.7249190938511327,1.3203883495145632,97
937282.783171521,2005.7411003236246,42.80906148867314,2.0,1.2362459546925566,2.9644012944983817,1.4919093851132685,1.7249190938511327,1.3203883495145632,119
937282.783171521,2005.7411003236246,42.80906148867314,2.0,1.2362459546925566,2.9644012944983817,1.4919093851132685,1.7249190938511327,1.3203883495145632,277
937282.783171521,2005.7411003236246,42.80906148867314,2.0,1.2362459546925566,2.9644012944983817,1.4919093851132685,1.7249190938511327,1.3203883495145632,110
937282.783171521,2005.7411003236246,42.80906148867314,2.0,1.2362459546925566,2.9644012944983817,1.4919093851132685,1.7249190938511327,1.3203883495145632,105
937282.783171521,2005.7411003236246,42.80906148867314,2.0,1.2362459546925566,2.9644012944983817,1.4919093851132685,1.7249190938511327,1.3203883495145632,95
937282.783171521,2005.7411003236246,42.80906148867314,2.0,1.2362459546925566,2.9644012944983817,1.4919093851132685,1.7249190938511327,1.3203883495145632,94
937282.783171521,2005.7411003236246,42.80906148867314,2.0,1.2362459546925566,2.9644012944983817,1.4919093851132685,1.7249190938511327,1.3203883495145632,110
937282.783171521,2005.7411003236246,42.80906148867314,2.0,1.2362459546925566,2.9644012944983817,1.4919093851132685,1.7249190938511327,1.3203883495145632,278
937282.783171521,2005.7411003236246,42.80906148867314,2.0,1.2362459546925566,2.9644012944983817,1.4919093851132685,1.7249190938511327,1.3203883495145632,88
937282.783171521,2005.7411003236246,42.80906148867314,2.0,1.2362459546925566,2.9644012944983817,1.4919093851132685,1.7249190938511327,1.3203883495145632,100
937282.783171521,2005.7411003236246,42.80906148867314,2.0,1.2362459546925566,2.9644012944983817,1.4919093851132685,1.7249190938511327,1.3203883495145632,119
937282.783171521,2005.7411003236246,42.80906148867314,2.0,1.2362459546925566,2.9644012944983817,1.4919093851132685,1.7249190938511327,1.3203883495145632,88
937282.783171521,2005.7411003236246,42.80906148867314,2.0,1.2362459546925566,2.9644012944983817,1.4919093851132685,1.7249190938511327,1.3203883495145632,278
937282.783171521,2005.7411003236246,42.80906148867314,2.0,1.2362459546925566,2.9644012944983817,1.4919093851132685,1.7249190938511327,1.3203883495145632,70
937282.783171521,2005.7411003236246,42.80906148867314,2.0,1.2362459546925566,2.9644012944983817,1.4919093851132685,1.7249190938511327,1.3203883495145632,105
937282.783171521,2005.7411003236246,42.80906148867314,2.0,1.2362459546925566,2.9644012944983817,1.4919093851132685,1.7249190938511327,1.3203883495145632,115
937282.783171521,2005.7411003236246,42.80906148867314,2.0,1.2362459546925566,2.9644012944983817,1.4919093851132685,1.7249190938511327,1.3203883495145632,112
937282.783171521,2005.7411003236246,42.80906148867314,2.0,1.2362459546925566,2.9644012944983817,1.4919093851132685,1.7249190938511327,1.3203883495145632,94
937282.783171521,2005.7411003236246,42.80906148867314,2.0,1.2362459546925566,2.9644012944983817,1.4919093851132685,1.7249190938511327,1.3203883495145632,148
937282.783171521,2005.7411003236246,42.80906148867314,2.0,1.2362459546925566,2.9644012944983817,1.4919093851132685,1.7249190938511327,1.3203883495145632,177
937282.783171521,2005.7411003236246,42.80906148867314,2.0,1.2362459546925566,2.9644012944983817,1.4919093851132685,1.7249190938511327,1.3203883495145632,85
937282.783171521,2005.7411003236246,42.80906148867314,2.0,1.2362459546925566,2.9644012944983817,1.4919093851132685,1.7249190938511327,1.3203883495145632,142
937282.783171521,2005.7411003236246,42.80906148867314,2.0,1.2362459546925566,2.9644012944983817,1.4919093851132685,1.7249190938511327,1.3203883495145632,83
937282.783171521,2005.7411003236246,42.80906148867314,2.0,1.2362459546925566,2.9644012944983817,1.4919093851132685,1.7249190938511327,1.3203883495145632,94
937282.783171521,2005.7411003236246,42.80906148867314,2.0,1.2362459546925566,2.9644012944983817,1.4919093851132685,1.7249190938511327,1.3203883495145632,88
937282.783171521,2005.7411003236246,42.80906148867314,2.0,1.2362459546925566,2.9644012944983817,1.4919093851132685,1.7249190938511327,1.3203883495145632,119
937282.783171521,2005.7411003236246,42.80906148867314,2.0,1.2362459546925566,2.9644012944983817,1.4919093851132685,1.7249190938511327,1.3203883495145632,106
937282.783171521,2005.7411003236246,42.80906148867314,2.0,1.2362459546925566,2.9644012944983817,1.4919093851132685,1.7249190938511327,1.3203883495145632,158
937282.783171521,2005.7411003236246,42.80906148867314,2.0,1.2362459546925566,2.9644012944983817,1.4919093851132685,1.7249190938511327,1.3203883495145632,138
937282.783171521,2005.7411003236246,42.80906148867314,2.0,1.2362459546925566,2.9644012944983817,1.4919093851132685,1.7249190938511327,1.3203883495145632,161
937282.783171521,2005.7411003236246,42.80906148867314,2.0,1.2362459546925566,2.9644012944983817,1.4919093851132685,1.7249190938511327,1.3203883495145632,100
937282.783171521,2005.7411003236246,42.80906148867314,2.0,1.2362459546925566,2.9644012944983817,1.4919093851132685,1.7249190938511327,1.3203883495145632,110
937282.783171521,2005.7411003236246,42.80906148867314,2.0,1.2362459546925566,2.9644012944983817,1.4919093851132685,1.7249190938511327,1.3203883495145632,102
937282.783171521,2005.7411003236246,42.80906148867314,2.0,1.2362459546925566,2.9644012944983817,1.4919093851132685,1.7249190938511327,1.3203883495145632,127
937282.783171521,2005.7411003236246,42.80906148867314,2.0,1.2362459546925566,2.9644012944983817,1.4919093851132685,1.7249190938511327,1.3203883495145632,110
937282.783171521,2005.7411003236246,42.80906148867314,2.0,1.2362459546925566,2.9644012944983817,1.4919093851132685,1.7249190938511327,1.3203883495145632,135
937282.783171521,2005.7411003236246,42.80906148867314,2.0,1.2362459546925566,2.9644012944983817,1.4919093851132685,1.7249190938511327,1.3203883495145632,61
937282.783171521,2005.7411003236246,42.80906148867314,2.0,1.2362459546925566,2.9644012944983817,1.4919093851132685,1.7249190938511327,1.3203883495145632,92
937282.783171521,2005.7411003236246,42.80906148867314,2.0,1.2362459546925566,2.9644012944983817,1.4919093851132685,1.7249190938511327,1.3203883495145632,201
937282.783171521,2005.7411003236246,42.80906148867314,2.0,1.2362459546925566,2.9644012944983817,1.4919093851132685,1.7249190938511327,1.3203883495145632,100
937282.783171521,2005.7411003236246,42.80906148867314,2.0,1.2362459546925566,2.9644012944983817,1.4919093851132685,1.7249190938511327,1.3203883495145632,114
937282.783171521,2005.7411003236246,42.80906148867314,2.0,1.2362459546925566,2.9644012944983817,1.4919093851132685,1.7249190938511327,1.3203883495145632,81
937282.783171521,2005.7411003236246,42.80906148867314,2.0,1.2362459546925566,2.9644012944983817,1.4919093851132685,1.7249190938511327,1.3203883495145632,55
937282.783171521,2005.7411003236246,42.80906148867314,2.0,1.2362459546925566,2.9644012944983817,1.4919093851132685,1.7249190938511327,1.3203883495145632,139
937282.783171521,2005.7411003236246,42.80906148867314,2.0,1.2362459546925566,2.9644012944983817,1.4919093851132685,1.7249190938511327,1.3203883495145632,81
937282.783171521,2005.7411003236246,42.80906148867314,2.0,1.2362459546925566,2.9644012944983817,1.4919093851132685,1.7249190938511327,1.3203883495145632,127
937282.783171521,2005.7411003236246,42.80906148867314,2.0,1.2362459546925566,2.9644012944983817,1.4919093851132685,1.7249190938511327,1.3203883495145632,96
937282.783171521,2005.7411003236246,42.80906148867314,2.0,1.2362459546925566,2.9644012944983817,1.4919093851132685,1.7249190938511327,1.3203883495145632,119
937282.783171521,2005.7411003236246,42.80906148867314,2.0,1.2362459546925566,2.9644012944983817,1.4919093851132685,1.7249190938511327,1.3203883495145632,65
937282.783171521,2005.7411003236246,42.80906148867314,2.0,1.2362459546925566,2.9644012944983817,1.4919093851132685,1.7249190938511327,1.3203883495145632,155
937282.783171521,2005.7411003236246,42.80906148867314,2.0,1.2362459546925566,2.9644012944983817,1.4919093851132685,1.7249190938511327,1.3203883495145632,105
937282.783171521,2005.7411003236246,42.80906148867314,2.0,1.2362459546925566,2.9644012944983817,1.4919093851132685,1.7249190938511327,1.3203883495145632,59
937282.783171521,2005.7411003236246,42.80906148867314,2.0,1.2362459546925566,2.9644012944983817,1.4919093851132685,1.7249190938511327,1.3203883495145632,97
937282.783171521,2005.7411003236246,42.80906148867314,2.0,1.2362459546925566,2.9644012944983817,1.4919093851132685,1.7249190938511327,1.3203883495145632,74
937282.783171521,2005.7411003236246,42.80906148867314,2.0,1.2362459546925566,2.9644012944983817,1.4919093851132685,1.7249190938511327,1.3203883495145632,131
937282.783171521,2005.7411003236246,42.80906148867314,2.0,1.2362459546925566,2.9644012944983817,1.4919093851132685,1.7249190938511327,1.3203883495145632,74
937282.783171521,2005.7411003236246,42.80906148867314,2.0,1.2362459546925566,2.9644012944983817,1.4919093851132685,1.7249190938511327,1.3203883495145632,119
937282.783171521,2005.7411003236246,42.80906148867314,2.0,1.2362459546925566,2.9644012944983817,1.4919093851132685,1.7249190938511327,1.3203883495145632,93
937282.783171521,2005.7411003236246,42.80906148867314,2.0,1.2362459546925566,2.9644012944983817,1.4919093851132685,1.7249190938511327,1.3203883495145632,114
937282.783171521,2005.7411003236246,42.80906148867314,2.0,1.2362459546925566,2.9644012944983817,1.4919093851132685,1.7249190938511327,1.3203883495145632,142
937282.783171521,2005.7411003236246,42.80906148867314,2.0,1.2362459546925566,2.9644012944983817,1.4919093851132685,1.7249190938511327,1.3203883495145632,127
937282.783171521,2005.7411003236246,42.80906148867314,2.0,1.2362459546925566,2.9644012944983817,1.4919093851132685,1.7249190938511327,1.3203883495145632,105
937282.783171521,2005.7411003236246,42.80906148867314,2.0,1.2362459546925566,2.9644012944983817,1.4919093851132685,1.7249190938511327,1.3203883495145632,110
937282.783171521,2005.7411003236246,42.80906148867314,2.0,1.2362459546925566,2.9644012944983817,1.4919093851132685,1.7249190938511327,1.3203883495145632,63
937282.783171521,2005.7411003236246,42.80906148867314,2.0,1.2362459546925566,2.9644012944983817,1.4919093851132685,1.7249190938511327,1.3203883495145632,117
937282.783171521,2005.7411003236246,42.80906148867314,2.0,1.2362459546925566,2.9644012944983817,1.4919093851132685,1.7249190938511327,1.3203883495145632,112
937282.783171521,2005.7411003236246,42.80906148867314,2.0,1.2362459546925566,2.9644012944983817,1.4919093851132685,1.7249190938511327,1.3203883495145632,101
937282.783171521,2005.7411003236246,42.80906148867314,2.0,1.2362459546925566,2.9644012944983817,1.4919093851132685,1.7249190938511327,1.3203883495145632,88
937282.783171521,2005.7411003236246,42.80906148867314,2.0,1.2362459546925566,2.9644012944983817,1.4919093851132685,1.7249190938511327,1.3203883495145632,272
937282.783171521,2005.7411003236246,42.80906148867314,2.0,1.2362459546925566,2.9644012944983817,1.4919093851132685,1.7249190938511327,1.3203883495145632,65
937282.783171521,2005.7411003236246,42.80906148867314,2.0,1.2362459546925566,2.9644012944983817,1.4919093851132685,1.7249190938511327,1.3203883495145632,102
937282.783171521,2005.7411003236246,42.80906148867314,2.0,1.2362459546925566,2.9644012944983817,1.4919093851132685,1.7249190938511327,1.3203883495145632,55
937282.783171521,2005.7411003236246,42.80906148867314,2.0,1.2362459546925566,2.9644012944983817,1.4919093851132685,1.7249190938511327,1.3203883495145632,90
937282.783171521,2005.7411003236246,42.80906148867314,2.0,1.2362459546925566,2.9644012944983817,1.4919093851132685,1.7249190938511327,1.3203883495145632,77
937282.783171521,2005.7411003236246,42.80906148867314,2.0,1.2362459546925566,2.9644012944983817,1.4919093851132685,1.7249190938511327,1.3203883495145632,94
937282.783171521,2005.7411003236246,42.80906148867314,2.0,1.2362459546925566,2.9644012944983817,1.4919093851132685,1.7249190938511327,1.3203883495145632,148
937282.783171521,2005.7411003236246,42.80906148867314,2.0,1.2362459546925566,2.9644012944983817,1.4919093851132685,1.7249190938511327,1.3203883495145632,81
937282.783171521,2005.7411003236246,42.80906148867314,2.0,1.2362459546925566,2.9644012944983817,1.4919093851132685,1.7249190938511327,1.3203883495145632,104
937282.783171521,2005.7411003236246,42.80906148867314,2.0,1.2362459546925566,2.9644012944983817,1.4919093851132685,1.7249190938511327,1.3203883495145632,129
937282.783171521,2005.7411003236246,42.80906148867314,2.0,1.2362459546925566,2.9644012944983817,1.4919093851132685,1.7249190938511327,1.3203883495145632,119
937282.783171521,2005.7411003236246,42.80906148867314,2.0,1.2362459546925566,2.9644012944983817,1.4919093851132685,1.7249190938511327,1.3203883495145632,87
937282.783171521,2005.7411003236246,42.80906148867314,2.0,1.2362459546925566,2.9644012944983817,1.4919093851132685,1.7249190938511327,1.3203883495145632,94
937282.783171521,2005.7411003236246,42.80906148867314,2.0,1.2362459546925566,2.9644012944983817,1.4919093851132685,1.7249190938511327,1.3203883495145632,123
937282.783171521,2005.7411003236246,42.80906148867314,2.0,1.2362459546925566,2.9644012944983817,1.4919093851132685,1.7249190938511327,1.3203883495145632,81
937282.783171521,2005.7411003236246,42.80906148867314,2.0,1.2362459546925566,2.9644012944983817,1.4919093851132685,1.7249190938511327,1.3203883495145632,138
937282.783171521,2005.7411003236246,42.80906148867314,2.0,1.2362459546925566,2.9644012944983817,1.4919093851132685,1.7249190938511327,1.3203883495145632,155
937282.783171521,2005.7411003236246,42.80906148867314,2.0,1.2362459546925566,2.9644012944983817,1.4919093851132685,1.7249190938511327,1.3203883495145632,100
937282.783171521,2005.7411003236246,42.80906148867314,2.0,1.2362459546925566,2.9644012944983817,1.4919093851132685,1.7249190938511327,1.3203883495145632,74
937282.783171521,2005.7411003236246,42.80906148867314,2.0,1.2362459546925566,2.9644012944983817,1.4919093851132685,1.7249190938511327,1.3203883495145632,119
937282.783171521,2005.7411003236246,42.80906148867314,2.0,1.2362459546925566,2.9644012944983817,1.4919093851132685,1.7249190938511327,1.3203883495145632,110
937282.783171521,2005.7411003236246,42.80906148867314,2.0,1.2362459546925566,2.9644012944983817,1.4919093851132685,1.7249190938511327,1.3203883495145632,135
937282.783171521,2005.7411003236246,42.80906148867314,2.0,1.2362459546925566,2.9644012944983817,1.4919093851132685,1.7249190938511327,1.3203883495145632,88
937282.783171521,2005.7411003236246,42.80906148867314,2.0,1.2362459546925566,2.9644012944983817,1.4919093851132685,1.7249190938511327,1.3203883495145632,92
937282.783171521,2005.7411003236246,42.80906148867314,2.0,1.2362459546925566,2.9644012944983817,1.4919093851132685,1.7249190938511327,1.3203883495145632,100
937282.783171521,2005.7411003236246,42.80906148867314,2.0,1.2362459546925566,2.9644012944983817,1.4919093851132685,1.7249190938511327,1.3203883495145632,119
937282.783171521,2005.7411003236246,42.80906148867314,2.0,1.2362459546925566,2.9644012944983817,1.4919093851132685,1.7249190938511327,1.3203883495145632,67
937282.783171521,2005.7411003236246,42.80906148867314,2.0,1.2362459546925566,2.9644012944983817,1.4919093851132685,1.7249190938511327,1.3203883495145632,108
937282.783171521,2005.7411003236246,42.80906148867314,2.0,1.2362459546925566,2.9644012944983817,1.4919093851132685,1.7249190938511327,1.3203883495145632,100
937282.783171521,2005.7411003236246,42.80906148867314,2.0,1.2362459546925566,2.9644012944983817,1.4919093851132685,1.7249190938511327,1.3203883495145632,106
937282.783171521,2005.7411003236246,42.80906148867314,2.0,1.2362459546925566,2.9644012944983817,1.4919093851132685,1.7249190938511327,1.3203883495145632,177
937282.783171521,2005.7411003236246,42.80906148867314,2.0,1.2362459546925566,2.9644012944983817,1.4919093851132685,1.7249190938511327,1.3203883495145632,85
937282.783171521,2005.7411003236246,42.80906148867314,2.0,1.2362459546925566,2.9644012944983817,1.4919093851132685,1.7249190938511327,1.3203883495145632,105
937282.783171521,2005.7411003236246,42.80906148867314,2.0,1.2362459546925566,2.9644012944983817,1.4919093851132685,1.7249190938511327,1.3203883495145632,74
937282.783171521,2005.7411003236246,42.80906148867314,2.0,1.2362459546925566,2.9644012944983817,1.4919093851132685,1.7249190938511327,1.3203883495145632,83
937282.783171521,2005.7411003236246,42.80906148867314,2.0,1.2362459546925566,2.9644012944983817,1.4919093851132685,1.7249190938511327,1.3203883495145632,125
937282.783171521,2005.7411003236246,42.80906148867314,2.0,1.2362459546925566,2.9644012944983817,1.4919093851132685,1.7249190938511327,1.3203883495145632,140
937282.783171521,2005.7411003236246,42.80906148867314,2.0,1.2362459546925566,2.9644012944983817,1.4919093851132685,1.7249190938511327,1.3203883495145632,70
937282.783171521,2005.7411003236246,42.80906148867314,2.0,1.2362459546925566,2.9644012944983817,1.4919093851132685,1.7249190938511327,1.3203883495145632,80
937282.783171521,2005.7411003236246,42.80906148867314,2.0,1.2362459546925566,2.9644012944983817,1.4919093851132685,1.7249190938511327,1.3203883495145632,161
937282.783171521,2005.7411003236246,42.80906148867314,2.0,1.2362459546925566,2.9644012944983817,1.4919093851132685,1.7249190938511327,1.3203883495145632,131
937282.783171521,2005.7411003236246,42.80906148867314,2.0,1.2362459546925566,2.9644012944983817,1.4919093851132685,1.7249190938511327,1.3203883495145632,145
937282.783171521,2005.7411003236246,42.80906148867314,2.0,1.2362459546925566,2.9644012944983817,1.4919093851132685,1.7249190938511327,1.3203883495145632,93
937282.783171521,2005.7411003236246,42.80906148867314,2.0,1.2362459546925566,2.9644012944983817,1.4919093851132685,1.7249190938511327,1.3203883495145632,100
937282.783171521,2005.7411003236246,42.80906148867314,2.0,1.2362459546925566,2.9644012944983817,1.4919093851132685,1.7249190938511327,1.3203883495145632,129
937282.783171521,2005.7411003236246,42.80906148867314,2.0,1.2362459546925566,2.9644012944983817,1.4919093851132685,1.7249190938511327,1.3203883495145632,117
937282.783171521,2005.7411003236246,42.80906148867314,2.0,1.2362459546925566,2.9644012944983817,1.4919093851132685,1.7249190938511327,1.3203883495145632,75
937282.783171521,2005.7411003236246,42.80906148867314,2.0,1.2362459546925566,2.9644012944983817,1.4919093851132685,1.7249190938511327,1.3203883495145632,135
937282.783171521,2005.7411003236246,42.80906148867314,2.0,1.2362459546925566,2.9644012944983817,1.4919093851132685,1.7249190938511327,1.3203883495145632,105
937282.783171521,2005.7411003236246,42.80906148867314,2.0,1.2362459546925566,2.9644012944983817,1.4919093851132685,1.7249190938511327,1.3203883495145632,94
937282.783171521,2005.7411003236246,42.80906148867314,2.0,1.2362459546925566,2.9644012944983817,1.4919093851132685,1.7249190938511327,1.3203883495145632,100
937282.783171521,2005.7411003236246,42.80906148867314,2.0,1.2362459546925566,2.9644012944983817,1.4919093851132685,1.7249190938511327,1.3203883495145632,166
937282.783171521,2005.7411003236246,42.80906148867314,2.0,1.2362459546925566,2.9644012944983817,1.4919093851132685,1.7249190938511327,1.3203883495145632,77
937282.783171521,2005.7411003236246,42.80906148867314,2.0,1.2362459546925566,2.9644012944983817,1.4919093851132685,1.7249190938511327,1.3203883495145632,89
937282.783171521,2005.7411003236246,42.80906148867314,2.0,1.2362459546925566,2.9644012944983817,1.4919093851132685,1.7249190938511327,1.3203883495145632,108
937282.783171521,2005.7411003236246,42.80906148867314,2.0,1.2362459546925566,2.9644012944983817,1.4919093851132685,1.7249190938511327,1.3203883495145632,111
937282.783171521,2005.7411003236246,42.80906148867314,2.0,1.2362459546925566,2.9644012944983817,1.4919093851132685,1.7249190938511327,1.3203883495145632,119
937282.783171521,2005.7411003236246,42.80906148867314,2.0,1.2362459546925566,2.9644012944983817,1.4919093851132685,1.7249190938511327,1.3203883495145632,90
937282.783171521,2005.7411003236246,42.80906148867314,2.0,1.2362459546925566,2.9644012944983817,1.4919093851132685,1.7249190938511327,1.3203883495145632,113
937282.783171521,2005.7411003236246,42.80906148867314,2.0,1.2362459546925566,2.9644012944983817,1.4919093851132685,1.7249190938511327,1.3203883495145632,110
937282.783171521,2005.7411003236246,42.80906148867314,2.0,1.2362459546925566,2.9644012944983817,1.4919093851132685,1.7249190938511327,1.3203883495145632,55
937282.783171521,2005.7411003236246,42.80906148867314,2.0,1.2362459546925566,2.9644012944983817,1.4919093851132685,1.7249190938511327,1.3203883495145632,136
937282.783171521,2005.7411003236246,42.80906148867314,2.0,1.2362459546925566,2.9644012944983817,1.4919093851132685,1.7249190938511327,1.3203883495145632,80
937282.783171521,2005.7411003236246,42.80906148867314,2.0,1.2362459546925566,2.9644012944983817,1.4919093851132685,1.7249190938511327,1.3203883495145632,148
937282.783171521,2005.7411003236246,42.80906148867314,2.0,1.2362459546925566,2.9644012944983817,1.4919093851132685,1.7249190938511327,1.3203883495145632,128
937282.783171521,2005.7411003236246,42.80906148867314,2.0,1.2362459546925566,2.9644012944983817,1.4919093851132685,1.7249190938511327,1.3203883495145632,142
937282.783171521,2005.7411003236246,42.80906148867314,2.0,1.2362459546925566,2.9644012944983817,1.4919093851132685,1.7249190938511327,1.3203883495145632,72
937282.783171521,2005.7411003236246,42.80906148867314,2.0,1.2362459546925566,2.9644012944983817,1.4919093851132685,1.7249190938511327,1.3203883495145632,161
937282.783171521,2005.7411003236246,42.80906148867314,2.0,1.2362459546925566,2.9644012944983817,1.4919093851132685,1.7249190938511327,1.3203883495145632,94
937282.783171521,2005.7411003236246,42.80906148867314,2.0,1.2362459546925566,2.9644012944983817,1.4919093851132685,1.7249190938511327,1.3203883495145632,109
937282.783171521,2005.7411003236246,42.80906148867314,2.0,1.2362459546925566,2.9644012944983817,1.4919093851132685,1.7249190938511327,1.3203883495145632,103
937282.783171521,2005.7411003236246,42.80906148867314,2.0,1.2362459546925566,2.9644012944983817,1.4919093851132685,1.7249190938511327,1.3203883495145632,100
937282.783171521,2005.7411003236246,42.80906148867314,2.0,1.2362459546925566,2.9644012944983817,1.4919093851132685,1.7249190938511327,1.3203883495145632,123
937282.783171521,2005.7411003236246,42.80906148867314,2.0,1.2362459546925566,2.9644012944983817,1.4919093851132685,1.7249190938511327,1.3203883495145632,88
937282.783171521,2005.7411003236246,42.80906148867314,2.0,1.2362459546925566,2.9644012944983817,1.4919093851132685,1.7249190938511327,1.3203883495145632,99
937282.783171521,2005.7411003236246,42.80906148867314,2.0,1.2362459546925566,2.9644012944983817,1.4919093851132685,1.7249190938511327,1.3203883495145632,101
937282.783171521,2005.7411003236246,42.80906148867314,2.0,1.2362459546925566,2.9644012944983817,1.4919093851132685,1.7249190938511327,1.3203883495145632,137
937282.783171521,2005.7411003236246,42.80906148867314,2.0,1.2362459546925566,2.9644012944983817,1.4919093851132685,1.7249190938511327,1.3203883495145632,70
937282.783171521,2005.7411003236246,42.80906148867314,2.0,1.2362459546925566,2.9644012944983817,1.4919093851132685,1.7249190938511327,1.3203883495145632,88
937282.783171521,2005.7411003236246,42.80906148867314,2.0,1.2362459546925566,2.9644012944983817,1.4919093851132685,1.7249190938511327,1.3203883495145632,114
937282.783171521,2005.7411003236246,42.80906148867314,2.0,1.2362459546925566,2.9644012944983817,1.4919093851132685,1.7249190938511327,1.3203883495145632,95
937282.783171521,2005.7411003236246,42.80906148867314,2.0,1.2362459546925566,2.9644012944983817,1.4919093851132685,1.7249190938511327,1.3203883495145632,74
937282.783171521,2005.7411003236246,42.80906148867314,2.0,1.2362459546925566,2.9644012944983817,1.4919093851132685,1.7249190938511327,1.3203883495145632,110
937282.783171521,2005.7411003236246,42.80906148867314,2.0,1.2362459546925566,2.9644012944983817,1.4919093851132685,1.7249190938511327,1.3203883495145632,148
937282.783171521,2005.7411003236246,42.80906148867314,2.0,1.2362459546925566,2.9644012944983817,1.4919093851132685,1.7249190938511327,1.3203883495145632,131
937282.783171521,2005.7411003236246,42.80906148867314,2.0,1.2362459546925566,2.9644012944983817,1.4919093851132685,1.7249190938511327,1.3203883495145632,127
937282.783171521,2005.7411003236246,42.80906148867314,2.0,1.2362459546925566,2.9644012944983817,1.4919093851132685,1.7249190938511327,1.3203883495145632,119
937282.783171521,2005.7411003236246,42.80906148867314,2.0,1.2362459546925566,2.9644012944983817,1.4919093851132685,1.7249190938511327,1.3203883495145632,114
937282.783171521,2005.7411003236246,42.80906148867314,2.0,1.2362459546925566,2.9644012944983817,1.4919093851132685,1.7249190938511327,1.3203883495145632,104
937282.783171521,2005.7411003236246,42.80906148867314,2.0,1.2362459546925566,2.9644012944983817,1.4919093851132685,1.7249190938511327,1.3203883495145632,105
937282.783171521,2005.7411003236246,42.80906148867314,2.0,1.2362459546925566,2.9644012944983817,1.4919093851132685,1.7249190938511327,1.3203883495145632,177
937282.783171521,2005.7411003236246,42.80906148867314,2.0,1.2362459546925566,2.9644012944983817,1.4919093851132685,1.7249190938511327,1.3203883495145632,138
937282.783171521,2005.7411003236246,42.80906148867314,2.0,1.2362459546925566,2.9644012944983817,1.4919093851132685,1.7249190938511327,1.3203883495145632,81
937282.783171521,2005.7411003236246,42.80906148867314,2.0,1.2362459546925566,2.9644012944983817,1.4919093851132685,1.7249190938511327,1.3203883495145632,87
937282.783171521,2005.7411003236246,42.80906148867314,2.0,1.2362459546925566,2.9644012944983817,1.4919093851132685,1.7249190938511327,1.3203883495145632,133
937282.783171521,2005.7411003236246,42.80906148867314,2.0,1.2362459546925566,2.9644012944983817,1.4919093851132685,1.7249190938511327,1.3203883495145632,81
937282.783171521,2005.7411003236246,42.80906148867314,2.0,1.2362459546925566,2.9644012944983817,1.4919093851132685,1.7249190938511327,1.3203883495145632,145
937282.783171521,2005.7411003236246,42.80906148867314,2.0,1.2362459546925566,2.9644012944983817,1.4919093851132685,1.7249190938511327,1.3203883495145632,92
937282.783171521,2005.7411003236246,42.80906148867314,2.0,1.2362459546925566,2.9644012944983817,1.4919093851132685,1.7249190938511327,1.3203883495145632,172
937282.783171521,2005.7411003236246,42.80906148867314,2.0,1.2362459546925566,2.9644012944983817,1.4919093851132685,1.7249190938511327,1.3203883495145632,88
937282.783171521,2005.7411003236246,42.80906148867314,2.0,1.2362459546925566,2.9644012944983817,1.4919093851132685,1.7249190938511327,1.3203883495145632,114
937282.783171521,2005.7411003236246,42.80906148867314,2.0,1.2362459546925566,2.9644012944983817,1.4919093851132685,1.7249190938511327,1.3203883495145632,105
937282.783171521,2005.7411003236246,42.80906148867314,2.0,1.2362459546925566,2.9644012944983817,1.4919093851132685,1.7249190938511327,1.3203883495145632,88
937282.783171521,2005.7411003236246,42.80906148867314,2.0,1.2362459546925566,2.9644012944983817,1.4919093851132685,1.7249190938511327,1.3203883495145632,119
937282.783171521,2005.7411003236246,42.80906148867314,2.0,1.2362459546925566,2.9644012944983817,1.4919093851132685,1.7249190938511327,1.3203883495145632,135
937282.783171521,2005.7411003236246,42.80906148867314,2.0,1.2362459546925566,2.9644012944983817,1.4919093851132685,1.7249190938511327,1.3203883495145632,110
937282.783171521,2005.7411003236246,42.80906148867314,2.0,1.2362459546925566,2.9644012944983817,1.4919093851132685,1.7249190938511327,1.3203883495145632,81
937282.783171521,2005.7411003236246,42.80906148867314,2.0,1.2362459546925566,2.9644012944983817,1.4919093851132685,1.7249190938511327,1.3203883495145632,66
937282.783171521,2005.7411003236246,42.80906148867314,2.0,1.2362459546925566,2.9644012944983817,1.4919093851132685,1.7249190938511327,1.3203883495145632,121
937282.783171521,2005.7411003236246,42.80906148867314,2.0,1.2362459546925566,2.9644012944983817,1.4919093851132685,1.7249190938511327,1.3203883495145632,75
937282.783171521,2005.7411003236246,42.80906148867314,2.0,1.2362459546925566,2.9644012944983817,1.4919093851132685,1.7249190938511327,1.3203883495145632,50
937282.783171521,2005.7411003236246,42.80906148867314,2.0,1.2362459546925566,2.9644012944983817,1.4919093851132685,1.7249190938511327,1.3203883495145632,117
937282.783171521,2005.7411003236246,42.80906148867314,2.0,1.2362459546925566,2.9644012944983817,1.4919093851132685,1.7249190938511327,1.3203883495145632,81
937282.783171521,2005.7411003236246,42.80906148867314,2.0,1.2362459546925566,2.9644012944983817,1.4919093851132685,1.7249190938511327,1.3203883495145632,142
937282.783171521,2005.7411003236246,42.80906148867314,2.0,1.2362459546925566,2.9644012944983817,1.4919093851132685,1.7249190938511327,1.3203883495145632,78
937282.783171521,2005.7411003236246,42.80906148867314,2.0,1.2362459546925566,2.9644012944983817,1.4919093851132685,1.7249190938511327,1.3203883495145632,148
937282.783171521,2005.7411003236246,42.80906148867314,2.0,1.2362459546925566,2.9644012944983817,1.4919093851132685,1.7249190938511327,1.3203883495145632,161
937282.783171521,2005.7411003236246,42.80906148867314,2.0,1.2362459546925566,2.9644012944983817,1.4919093851132685,1.7249190938511327,1.3203883495145632,166
937282.783171521,2005.7411003236246,42.80906148867314,2.0,1.2362459546925566,2.9644012944983817,1.4919093851132685,1.7249190938511327,1.3203883495145632,94
937282.783171521,2005.7411003236246,42.80906148867314,2.0,1.2362459546925566,2.9644012944983817,1.4919093851132685,1.7249190938511327,1.3203883495145632,177
937282.783171521,2005.7411003236246,42.80906148867314,2.0,1.2362459546925566,2.9644012944983817,1.4919093851132685,1.7249190938511327,1.3203883495145632,119
937282.783171521,2005.7411003236246,42.80906148867314,2.0,1.2362459546925566,2.9644012944983817,1.4919093851132685,1.7249190938511327,1.3203883495145632,69
937282.783171521,2005.7411003236246,42.80906148867314,2.0,1.2362459546925566,2.9644012944983817,1.4919093851132685,1.7249190938511327,1.3203883495145632,126
937282.783171521,2005.7411003236246,42.80906148867314,2.0,1.2362459546925566,2.9644012944983817,1.4919093851132685,1.7249190938511327,1.3203883495145632,100
937282.783171521,2005.7411003236246,42.80906148867314,2.0,1.2362459546925566,2.9644012944983817,1.4919093851132685,1.7249190938511327,1.3203883495145632,116
937282.783171521,2005.7411003236246,42.80906148867314,2.0,1.2362459546925566,2.9644012944983817,1.4919093851132685,1.7249190938511327,1.3203883495145632,123
937282.783171521,2005.7411003236246,42.80906148867314,2.0,1.2362459546925566,2.9644012944983817,1.4919093851132685,1.7249190938511327,1.3203883495145632,72
937282.783171521,2005.7411003236246,42.80906148867314,2.0,1.2362459546925566,2.9644012944983817,1.4919093851132685,1.7249190938511327,1.3203883495145632,108
937282.783171521,2005.7411003236246,42.80906148867314,2.0,1.2362459546925566,2.9644012944983817,1.4919093851132685,1.7249190938511327,1.3203883495145632,80
937282.783171521,2005.7411003236246,42.80906148867314,2.0,1.2362459546925566,2.9644012944983817,1.4919093851132685,1.7249190938511327,1.3203883495145632,109
937282.783171521,2005.7411003236246,42.80906148867314,2.0,1.2362459546925566,2.9644012944983817,1.4919093851132685,1.7249190938511327,1.3203883495145632,114
937282.783171521,2005.7411003236246,42.80906148867314,2.0,1.2362459546925566,2.9644012944983817,1.4919093851132685,1.7249190938511327,1.3203883495145632,89
937282.783171521,2005.7411003236246,42.80906148867314,2.0,1.2362459546925566,2.9644012944983817,1.4919093851132685,1.7249190938511327,1.3203883495145632,77
937282.783171521,2005.7411003236246,42.80906148867314,2.0,1.2362459546925566,2.9644012944983817,1.4919093851132685,1.7249190938511327,1.3203883495145632,84
937282.783171521,2005.7411003236246,42.80906148867314,2.0,1.2362459546925566,2.9644012944983817,1.4919093851132685,1.7249190938511327,1.3203883495145632,97
937282.783171521,2005.7411003236246,42.80906148867314,2.0,1.2362459546925566,2.9644012944983817,1.4919093851132685,1.7249190938511327,1.3203883495145632,70
937282.783171521,2005.7411003236246,42.80906148867314,2.0,1.2362459546925566,2.9644012944983817,1.4919093851132685,1.7249190938511327,1.3203883495145632,65
937282.783171521,2005.7411003236246,42.80906148867314,2.0,1.2362459546925566,2.9644012944983817,1.4919093851132685,1.7249190938511327,1.3203883495145632,90
937282.783171521,2005.7411003236246,42.80906148867314,2.0,1.2362459546925566,2.9644012944983817,1.4919093851132685,1.7249190938511327,1.3203883495145632,148
937282.783171521,2005.7411003236246,42.80906148867314,2.0,1.2362459546925566,2.9644012944983817,1.4919093851132685,1.7249190938511327,1.3203883495145632,164
937282.783171521,2005.7411003236246,42.80906148867314,2.0,1.2362459546925566,2.9644012944983817,1.4919093851132685,1.7249190938511327,1.3203883495145632,100
937282.783171521,2005.7411003236246,42.80906148867314,2.0,1.2362459546925566,2.9644012944983817,1.4919093851132685,1.7249190938511327,1.3203883495145632,74
937282.783171521,2005.7411003236246,42.80906148867314,2.0,1.2362459546925566,2.9644012944983817,1.4919093851132685,1.7249190938511327,1.3203883495145632,268
937282.783171521,2005.7411003236246,42.80906148867314,2.0,1.2362459546925566,2.9644012944983817,1.4919093851132685,1.7249190938511327,1.3203883495145632,103
937282.783171521,2005.7411003236246,42.80906148867314,2.0,1.2362459546925566,2.9644012944983817,1.4919093851132685,1.7249190938511327,1.3203883495145632,94
937282.783171521,2005.7411003236246,42.80906148867314,2.0,1.2362459546925566,2.9644012944983817,1.4919093851132685,1.7249190938511327,1.3203883495145632,102
937282.783171521,2005.7411003236246,42.80906148867314,2.0,1.2362459546925566,2.9644012944983817,1.4919093851132685,1.7249190938511327,1.3203883495145632,83
937282.783171521,2005.7411003236246,42.80906148867314,2.0,1.2362459546925566,2.9644012944983817,1.4919093851132685,1.7249190938511327,1.3203883495145632,133
937282.783171521,2005.7411003236246,42.80906148867314,2.0,1.2362459546925566,2.9644012944983817,1.4919093851132685,1.7249190938511327,1.3203883495145632,131
937282.783171521,2005.7411003236246,42.80906148867314,2.0,1.2362459546925566,2.9644012944983817,1.4919093851132685,1.7249190938511327,1.3203883495145632,100
937282.783171521,2005.7411003236246,42.80906148867314,2.0,1.2362459546925566,2.9644012944983817,1.4919093851132685,1.7249190938511327,1.3203883495145632,127
937282.783171521,2005.7411003236246,42.80906148867314,2.0,1.2362459546925566,2.9644012944983817,1.4919093851132685,1.7249190938511327,1.3203883495145632,129
937282.783171521,2005.7411003236246,42.80906148867314,2.0,1.2362459546925566,2.9644012944983817,1.4919093851132685,1.7249190938511327,1.3203883495145632,110
937282.783171521,2005.7411003236246,42.80906148867314,2.0,1.2362459546925566,2.9644012944983817,1.4919093851132685,1.7249190938511327,1.3203883495145632,95
1044877.6741071428,2005.763392857143,42.96875,1.90625,1.2544642857142858,3.0580357142857144,1.4598214285714286,1.7276785714285714,1.2946428571428572,109
1044877.6741071428,2005.763392857143,42.96875,1.90625,1.2544642857142858,3.0580357142857144,1.4598214285714286,1.7276785714285714,1.2946428571428572,133
1044877.6741071428,2005.763392857143,42.96875,1.90625,1.2544642857142858,3.0580357142857144,1.4598214285714286,1.7276785714285714,1.2946428571428572,166
1044877.6741071428,2005.763392857143,42.96875,1.90625,1.2544642857142858,3.0580357142857144,1.4598214285714286,1.7276785714285714,1.2946428571428572,101
1044877.6741071428,2005.763392857143,42.96875,1.90625,1.2544642857142858,3.0580357142857144,1.4598214285714286,1.7276785714285714,1.2946428571428572,55
1044877.6741071428,2005.763392857143,42.96875,1.90625,1.2544642857142858,3.0580357142857144,1.4598214285714286,1.7276785714285714,1.2946428571428572,148
1044877.6741071428,2005.763392857143,42.96875,1.90625,1.2544642857142858,3.0580357142857144,1.4598214285714286,1.7276785714285714,1.2946428571428572,115
1044877.6741071428,2005.763392857143,42.96875,1.90625,1.2544642857142858,3.0580357142857144,1.4598214285714286,1.7276785714285714,1.2946428571428572,135
1044877.6741071428,2005.763392857143,42.96875,1.90625,1.2544642857142858,3.0580357142857144,1.4598214285714286,1.7276785714285714,1.2946428571428572,155
1044877.6741071428,2005.763392857143,42.96875,1.90625,1.2544642857142858,3.0580357142857144,1.4598214285714286,1.7276785714285714,1.2946428571428572,97
1044877.6741071428,2005.763392857143,42.96875,1.90625,1.2544642857142858,3.0580357142857144,1.4598214285714286,1.7276785714285714,1.2946428571428572,81
1044877.6741071428,2005.763392857143,42.96875,1.90625,1.2544642857142858,3.0580357142857144,1.4598214285714286,1.7276785714285714,1.2946428571428572,83
1044877.6741071428,2005.763392857143,42.96875,1.90625,1.2544642857142858,3.0580357142857144,1.4598214285714286,1.7276785714285714,1.2946428571428572,70
1044877.6741071428,2005.763392857143,42.96875,1.90625,1.2544642857142858,3.0580357142857144,1.4598214285714286,1.7276785714285714,1.2946428571428572,105
1044877.6741071428,2005.763392857143,42.96875,1.90625,1.2544642857142858,3.0580357142857144,1.4598214285714286,1.7276785714285714,1.2946428571428572,93
1044877.6741071428,2005.763392857143,42.96875,1.90625,1.2544642857142858,3.0580357142857144,1.4598214285714286,1.7276785714285714,1.2946428571428572,138
1044877.6741071428,2005.763392857143,42.96875,1.90625,1.2544642857142858,3.0580357142857144,1.4598214285714286,1.7276785714285714,1.2946428571428572,75
1044877.6741071428,2005.763392857143,42.96875,1.90625,1.2544642857142858,3.0580357142857144,1.4598214285714286,1.7276785714285714,1.2946428571428572,60
1044877.6741071428,2005.763392857143,42.96875,1.90625,1.2544642857142858,3.0580357142857144,1.4598214285714286,1.7276785714285714,1.2946428571428572,119
1044877.6741071428,2005.763392857143,42.96875,1.90625,1.2544642857142858,3.0580357142857144,1.4598214285714286,1.7276785714285714,1.2946428571428572,61
1044877.6741071428,2005.763392857143,42.96875,1.90625,1.2544642857142858,3.0580357142857144,1.4598214285714286,1.7276785714285714,1.2946428571428572,100
1044877.6741071428,2005.763392857143,42.96875,1.90625,1.2544642857142858,3.0580357142857144,1.4598214285714286,1.7276785714285714,1.2946428571428572,102
1044877.6741071428,2005.763392857143,42.96875,1.90625,1.2544642857142858,3.0580357142857144,1.4598214285714286,1.7276785714285714,1.2946428571428572,74
1044877.6741071428,2005.763392857143,42.96875,1.90625,1.2544642857142858,3.0580357142857144,1.4598214285714286,1.7276785714285714,1.2946428571428572,94
1044877.6741071428,2005.763392857143,42.96875,1.90625,1.2544642857142858,3.0580357142857144,1.4598214285714286,1.7276785714285714,1.2946428571428572,114
1044877.6741071428,2005.763392857143,42.96875,1.90625,1.2544642857142858,3.0580357142857144,1.4598214285714286,1.7276785714285714,1.2946428571428572,40
1044877.6741071428,2005.763392857143,42.96875,1.90625,1.2544642857142858,3.0580357142857144,1.4598214285714286,1.7276785714285714,1.2946428571428572,110
1044877.6741071428,2005.763392857143,42.96875,1.90625,1.2544642857142858,3.0580357142857144,1.4598214285714286,1.7276785714285714,1.2946428571428572,189
1044877.6741071428,2005.763392857143,42.96875,1.90625,1.2544642857142858,3.0580357142857144,1.4598214285714286,1.7276785714285714,1.2946428571428572,92
1044877.6741071428,2005.763392857143,42.96875,1.90625,1.2544642857142858,3.0580357142857144,1.4598214285714286,1.7276785714285714,1.2946428571428572,127
1044877.6741071428,2005.763392857143,42.96875,1.90625,1.2544642857142858,3.0580357142857144,1.4598214285714286,1.7276785714285714,1.2946428571428572,88
1044877.6741071428,2005.763392857143,42.96875,1.90625,1.2544642857142858,3.0580357142857144,1.4598214285714286,1.7276785714285714,1.2946428571428572,85
1044877.6741071428,2005.763392857143,42.96875,1.90625,1.2544642857142858,3.0580357142857144,1.4598214285714286,1.7276785714285714,1.2946428571428572,64
1044877.6741071428,2005.763392857143,42.96875,1.90625,1.2544642857142858,3.0580357142857144,1.4598214285714286,1.7276785714285714,1.2946428571428572,63
1044877.6741071428,2005.763392857143,42.96875,1.90625,1.2544642857142858,3.0580357142857144,1.4598214285714286,1.7276785714285714,1.2946428571428572,94
1044877.6741071428,2005.763392857143,42.96875,1.90625,1.2544642857142858,3.0580357142857144,1.4598214285714286,1.7276785714285714,1.2946428571428572,73
1044877.6741071428,2005.763392857143,42.96875,1.90625,1.2544642857142858,3.0580357142857144,1.4598214285714286,1.7276785714285714,1.2946428571428572,27
1044877.6741071428,2005.763392857143,42.96875,1.90625,1.2544642857142858,3.0580357142857144,1.4598214285714286,1.7276785714285714,1.2946428571428572,70
1044877.6741071428,2005.763392857143,42.96875,1.90625,1.2544642857142858,3.0580357142857144,1.4598214285714286,1.7276785714285714,1.2946428571428572,155
1044877.6741071428,2005.763392857143,42.96875,1.90625,1.2544642857142858,3.0580357142857144,1.4598214285714286,1.7276785714285714,1.2946428571428572,140
1044877.6741071428,2005.763392857143,42.96875,1.90625,1.2544642857142858,3.0580357142857144,1.4598214285714286,1.7276785714285714,1.2946428571428572,68
1044877.6741071428,2005.763392857143,42.96875,1.90625,1.2544642857142858,3.0580357142857144,1.4598214285714286,1.7276785714285714,1.2946428571428572,148
1044877.6741071428,2005.763392857143,42.96875,1.90625,1.2544642857142858,3.0580357142857144,1.4598214285714286,1.7276785714285714,1.2946428571428572,137
1044877.6741071428,2005.763392857143,42.96875,1.90625,1.2544642857142858,3.0580357142857144,1.4598214285714286,1.7276785714285714,1.2946428571428572,119
1044877.6741071428,2005.763392857143,42.96875,1.90625,1.2544642857142858,3.0580357142857144,1.4598214285714286,1.7276785714285714,1.2946428571428572,134
1044877.6741071428,2005.763392857143,42.96875,1.90625,1.2544642857142858,3.0580357142857144,1.4598214285714286,1.7276785714285714,1.2946428571428572,102
1044877.6741071428,2005.763392857143,42.96875,1.90625,1.2544642857142858,3.0580357142857144,1.4598214285714286,1.7276785714285714,1.2946428571428572,124
1044877.6741071428,2005.763392857143,42.96875,1.90625,1.2544642857142858,3.0580357142857144,1.4598214285714286,1.7276785714285714,1.2946428571428572,100
1044877.6741071428,2005.763392857143,42.96875,1.90625,1.2544642857142858,3.0580357142857144,1.4598214285714286,1.7276785714285714,1.2946428571428572,81
1044877.6741071428,2005.763392857143,42.96875,1.90625,1.2544642857142858,3.0580357142857144,1.4598214285714286,1.7276785714285714,1.2946428571428572,121
1044877.6741071428,2005.763392857143,42.96875,1.90625,1.2544642857142858,3.0580357142857144,1.4598214285714286,1.7276785714285714,1.2946428571428572,135
1044877.6741071428,2005.763392857143,42.96875,1.90625,1.2544642857142858,3.0580357142857144,1.4598214285714286,1.7276785714285714,1.2946428571428572,99
1044877.6741071428,2005.763392857143,42.96875,1.90625,1.2544642857142858,3.0580357142857144,1.4598214285714286,1.7276785714285714,1.2946428571428572,67
1044877.6741071428,2005.763392857143,42.96875,1.90625,1.2544642857142858,3.0580357142857144,1.4598214285714286,1.7276785714285714,1.2946428571428572,85
1044877.6741071428,2005.763392857143,42.96875,1.90625,1.2544642857142858,3.0580357142857144,1.4598214285714286,1.7276785714285714,1.2946428571428572,272
1044877.6741071428,2005.763392857143,42.96875,1.90625,1.2544642857142858,3.0580357142857144,1.4598214285714286,1.7276785714285714,1.2946428571428572,114
1044877.6741071428,2005.763392857143,42.96875,1.90625,1.2544642857142858,3.0580357142857144,1.4598214285714286,1.7276785714285714,1.2946428571428572,97
1044877.6741071428,2005.763392857143,42.96875,1.90625,1.2544642857142858,3.0580357142857144,1.4598214285714286,1.7276785714285714,1.2946428571428572,83
1044877.6741071428,2005.763392857143,42.96875,1.90625,1.2544642857142858,3.0580357142857144,1.4598214285714286,1.7276785714285714,1.2946428571428572,110
1044877.6741071428,2005.763392857143,42.96875,1.90625,1.2544642857142858,3.0580357142857144,1.4598214285714286,1.7276785714285714,1.2946428571428572,74
1044877.6741071428,2005.763392857143,42.96875,1.90625,1.2544642857142858,3.0580357142857144,1.4598214285714286,1.7276785714285714,1.2946428571428572,145
1044877.6741071428,2005.763392857143,42.96875,1.90625,1.2544642857142858,3.0580357142857144,1.4598214285714286,1.7276785714285714,1.2946428571428572,77
1044877.6741071428,2005.763392857143,42.96875,1.90625,1.2544642857142858,3.0580357142857144,1.4598214285714286,1.7276785714285714,1.2946428571428572,88
1044877.6741071428,2005.763392857143,42.96875,1.90625,1.2544642857142858,3.0580357142857144,1.4598214285714286,1.7276785714285714,1.2946428571428572,44
1044877.6741071428,2005.763392857143,42.96875,1.90625,1.2544642857142858,3.0580357142857144,1.4598214285714286,1.7276785714285714,1.2946428571428572,113
1044877.6741071428,2005.763392857143,42.96875,1.90625,1.2544642857142858,3.0580357142857144,1.4598214285714286,1.7276785714285714,1.2946428571428572,150
1044877.6741071428,2005.763392857143,42.96875,1.90625,1.2544642857142858,3.0580357142857144,1.4598214285714286,1.7276785714285714,1.2946428571428572,57
1044877.6741071428,2005.763392857143,42.96875,1.90625,1.2544642857142858,3.0580357142857144,1.4598214285714286,1.7276785714285714,1.2946428571428572,105
1044877.6741071428,2005.763392857143,42.96875,1.90625,1.2544642857142858,3.0580357142857144,1.4598214285714286,1.7276785714285714,1.2946428571428572,69
1044877.6741071428,2005.763392857143,42.96875,1.90625,1.2544642857142858,3.0580357142857144,1.4598214285714286,1.7276785714285714,1.2946428571428572,56
1044877.6741071428,2005.763392857143,42.96875,1.90625,1.2544642857142858,3.0580357142857144,1.4598214285714286,1.7276785714285714,1.2946428571428572,92
1044877.6741071428,2005.763392857143,42.96875,1.90625,1.2544642857142858,3.0580357142857144,1.4598214285714286,1.7276785714285714,1.2946428571428572,142
1044877.6741071428,2005.763392857143,42.96875,1.90625,1.2544642857142858,3.0580357142857144,1.4598214285714286,1.7276785714285714,1.2946428571428572,103
1044877.6741071428,2005.763392857143,42.96875,1.90625,1.2544642857142858,3.0580357142857144,1.4598214285714286,1.7276785714285714,1.2946428571428572,110
1044877.6741071428,2005.763392857143,42.96875,1.90625,1.2544642857142858,3.0580357142857144,1.4598214285714286,1.7276785714285714,1.2946428571428572,127
1044877.6741071428,2005.763392857143,42.96875,1.90625,1.2544642857142858,3.0580357142857144,1.4598214285714286,1.7276785714285714,1.2946428571428572,100
1044877.6741071428,2005.763392857143,42.96875,1.90625,1.2544642857142858,3.0580357142857144,1.4598214285714286,1.7276785714285714,1.2946428571428572,142
1044877.6741071428,2005.763392857143,42.96875,1.90625,1.2544642857142858,3.0580357142857144,1.4598214285714286,1.7276785714285714,1.2946428571428572,126
1044877.6741071428,2005.763392857143,42.96875,1.90625,1.2544642857142858,3.0580357142857144,1.4598214285714286,1.7276785714285714,1.2946428571428572,48
1044877.6741071428,2005.763392857143,42.96875,1.90625,1.2544642857142858,3.0580357142857144,1.4598214285714286,1.7276785714285714,1.2946428571428572,74
1044877.6741071428,2005.763392857143,42.96875,1.90625,1.2544642857142858,3.0580357142857144,1.4598214285714286,1.7276785714285714,1.2946428571428572,81
1044877.6741071428,2005.763392857143,42.96875,1.90625,1.2544642857142858,3.0580357142857144,1.4598214285714286,1.7276785714285714,1.2946428571428572,114
1044877.6741071428,2005.763392857143,42.96875,1.90625,1.2544642857142858,3.0580357142857144,1.4598214285714286,1.7276785714285714,1.2946428571428572,170
1044877.6741071428,2005.763392857143,42.96875,1.90625,1.2544642857142858,3.0580357142857144,1.4598214285714286,1.7276785714285714,1.2946428571428572,177
1044877.6741071428,2005.763392857143,42.96875,1.90625,1.2544642857142858,3.0580357142857144,1.4598214285714286,1.7276785714285714,1.2946428571428572,76
1044877.6741071428,2005.763392857143,42.96875,1.90625,1.2544642857142858,3.0580357142857144,1.4598214285714286,1.7276785714285714,1.2946428571428572,119
1044877.6741071428,2005.763392857143,42.96875,1.90625,1.2544642857142858,3.0580357142857144,1.4598214285714286,1.7276785714285714,1.2946428571428572,131
1044877.6741071428,2005.763392857143,42.96875,1.90625,1.2544642857142858,3.0580357142857144,1.4598214285714286,1.7276785714285714,1.2946428571428572,161
1044877.6741071428,2005.763392857143,42.96875,1.90625,1.2544642857142858,3.0580357142857144,1.4598214285714286,1.7276785714285714,1.2946428571428572,105
1044877.6741071428,2005.763392857143,42.96875,1.90625,1.2544642857142858,3.0580357142857144,1.4598214285714286,1.7276785714285714,1.2946428571428572,127
1044877.6741071428,2005.763392857143,42.96875,1.90625,1.2544642857142858,3.0580357142857144,1.4598214285714286,1.7276785714285714,1.2946428571428572,84
1044877.6741071428,2005.763392857143,42.96875,1.90625,1.2544642857142858,3.0580357142857144,1.4598214285714286,1.7276785714285714,1.2946428571428572,77
1044877.6741071428,2005.763392857143,42.96875,1.90625,1.2544642857142858,3.0580357142857144,1.4598214285714286,1.7276785714285714,1.2946428571428572,118
1044877.6741071428,2005.763392857143,42.96875,1.90625,1.2544642857142858,3.0580357142857144,1.4598214285714286,1.7276785714285714,1.2946428571428572,119
1044877.6741071428,2005.763392857143,42.96875,1.90625,1.2544642857142858,3.0580357142857144,1.4598214285714286,1.7276785714285714,1.2946428571428572,103
1044877.6741071428,2005.763392857143,42.96875,1.90625,1.2544642857142858,3.0580357142857144,1.4598214285714286,1.7276785714285714,1.2946428571428572,148
1044877.6741071428,2005.763392857143,42.96875,1.90625,1.2544642857142858,3.0580357142857144,1.4598214285714286,1.7276785714285714,1.2946428571428572,62
1044877.6741071428,2005.763392857143,42.96875,1.90625,1.2544642857142858,3.0580357142857144,1.4598214285714286,1.7276785714285714,1.2946428571428572,88
1044877.6741071428,2005.763392857143,42.96875,1.90625,1.2544642857142858,3.0580357142857144,1.4598214285714286,1.7276785714285714,1.2946428571428572,145
1044877.6741071428,2005.763392857143,42.96875,1.90625,1.2544642857142858,3.0580357142857144,1.4598214285714286,1.7276785714285714,1.2946428571428572,66
1044877.6741071428,2005.763392857143,42.96875,1.90625,1.2544642857142858,3.0580357142857144,1.4598214285714286,1.7276785714285714,1.2946428571428572,121
1044877.6741071428,2005.763392857143,42.96875,1.90625,1.2544642857142858,3.0580357142857144,1.4598214285714286,1.7276785714285714,1.2946428571428572,79
1044877.6741071428,2005.763392857143,42.96875,1.90625,1.2544642857142858,3.0580357142857144,1.4598214285714286,1.7276785714285714,1.2946428571428572,88
1044877.6741071428,2005.763392857143,42.96875,1.90625,1.2544642857142858,3.0580357142857144,1.4598214285714286,1.7276785714285714,1.2946428571428572,147
1044877.6741071428,2005.763392857143,42.96875,1.90625,1.2544642857142858,3.0580357142857144,1.4598214285714286,1.7276785714285714,1.2946428571428572,143
1044877.6741071428,2005.763392857143,42.96875,1.90625,1.2544642857142858,3.0580357142857144,1.4598214285714286,1.7276785714285714,1.2946428571428572,65
1044877.6741071428,2005.763392857143,42.96875,1.90625,1.2544642857142858,3.0580357142857144,1.4598214285714286,1.7276785714285714,1.2946428571428572,110
1044877.6741071428,2005.763392857143,42.96875,1.90625,1.2544642857142858,3.0580357142857144,1.4598214285714286,1.7276785714285714,1.2946428571428572,94
1044877.6741071428,2005.763392857143,42.96875,1.90625,1.2544642857142858,3.0580357142857144,1.4598214285714286,1.7276785714285714,1.2946428571428572,122
1044877.6741071428,2005.763392857143,42.96875,1.90625,1.2544642857142858,3.0580357142857144,1.4598214285714286,1.7276785714285714,1.2946428571428572,72
1044877.6741071428,2005.763392857143,42.96875,1.90625,1.2544642857142858,3.0580357142857144,1.4598214285714286,1.7276785714285714,1.2946428571428572,278
1044877.6741071428,2005.763392857143,42.96875,1.90625,1.2544642857142858,3.0580357142857144,1.4598214285714286,1.7276785714285714,1.2946428571428572,131
1044877.6741071428,2005.763392857143,42.96875,1.90625,1.2544642857142858,3.0580357142857144,1.4598214285714286,1.7276785714285714,1.2946428571428572,84
1044877.6741071428,2005.763392857143,42.96875,1.90625,1.2544642857142858,3.0580357142857144,1.4598214285714286,1.7276785714285714,1.2946428571428572,177
1044877.6741071428,2005.763392857143,42.96875,1.90625,1.2544642857142858,3.0580357142857144,1.4598214285714286,1.7276785714285714,1.2946428571428572,142
1044877.6741071428,2005.763392857143,42.96875,1.90625,1.2544642857142858,3.0580357142857144,1.4598214285714286,1.7276785714285714,1.2946428571428572,120
1044877.6741071428,2005.763392857143,42.96875,1.90625,1.2544642857142858,3.0580357142857144,1.4598214285714286,1.7276785714285714,1.2946428571428572,74
1044877.6741071428,2005.763392857143,42.96875,1.90625,1.2544642857142858,3.0580357142857144,1.4598214285714286,1.7276785714285714,1.2946428571428572,81
1044877.6741071428,2005.763392857143,42.96875,1.90625,1.2544642857142858,3.0580357142857144,1.4598214285714286,1.7276785714285714,1.2946428571428572,152
1044877.6741071428,2005.763392857143,42.96875,1.90625,1.2544642857142858,3.0580357142857144,1.4598214285714286,1.7276785714285714,1.2946428571428572,129
1044877.6741071428,2005.763392857143,42.96875,1.90625,1.2544642857142858,3.0580357142857144,1.4598214285714286,1.7276785714285714,1.2946428571428572,105
1044877.6741071428,2005.763392857143,42.96875,1.90625,1.2544642857142858,3.0580357142857144,1.4598214285714286,1.7276785714285714,1.2946428571428572,72
1044877.6741071428,2005.763392857143,42.96875,1.90625,1.2544642857142858,3.0580357142857144,1.4598214285714286,1.7276785714285714,1.2946428571428572,123
1044877.6741071428,2005.763392857143,42.96875,1.90625,1.2544642857142858,3.0580357142857144,1.4598214285714286,1.7276785714285714,1.2946428571428572,110
1044877.6741071428,2005.763392857143,42.96875,1.90625,1.2544642857142858,3.0580357142857144,1.4598214285714286,1.7276785714285714,1.2946428571428572,90
1044877.6741071428,2005.763392857143,42.96875,1.90625,1.2544642857142858,3.0580357142857144,1.4598214285714286,1.7276785714285714,1.2946428571428572,80
1044877.6741071428,2005.763392857143,42.96875,1.90625,1.2544642857142858,3.0580357142857144,1.4598214285714286,1.7276785714285714,1.2946428571428572,182
1044877.6741071428,2005.763392857143,42.96875,1.90625,1.2544642857142858,3.0580357142857144,1.4598214285714286,1.7276785714285714,1.2946428571428572,78
1044877.6741071428,2005.763392857143,42.96875,1.90625,1.2544642857142858,3.0580357142857144,1.4598214285714286,1.7276785714285714,1.2946428571428572,111
1044877.6741071428,2005.763392857143,42.96875,1.90625,1.2544642857142858,3.0580357142857144,1.4598214285714286,1.7276785714285714,1.2946428571428572,119
1044877.6741071428,2005.763392857143,42.96875,1.90625,1.2544642857142858,3.0580357142857144,1.4598214285714286,1.7276785714285714,1.2946428571428572,32
1044877.6741071428,2005.763392857143,42.96875,1.90625,1.2544642857142858,3.0580357142857144,1.4598214285714286,1.7276785714285714,1.2946428571428572,59
1044877.6741071428,2005.763392857143,42.96875,1.90625,1.2544642857142858,3.0580357142857144,1.4598214285714286,1.7276785714285714,1.2946428571428572,100
1044877.6741071428,2005.763392857143,42.96875,1.90625,1.2544642857142858,3.0580357142857144,1.4598214285714286,1.7276785714285714,1.2946428571428572,277
1044877.6741071428,2005.763392857143,42.96875,1.90625,1.2544642857142858,3.0580357142857144,1.4598214285714286,1.7276785714285714,1.2946428571428572,268
1044877.6741071428,2005.763392857143,42.96875,1.90625,1.2544642857142858,3.0580357142857144,1.4598214285714286,1.7276785714285714,1.2946428571428572,94
1044877.6741071428,2005.763392857143,42.96875,1.90625,1.2544642857142858,3.0580357142857144,1.4598214285714286,1.7276785714285714,1.2946428571428572,146
1044877.6741071428,2005.763392857143,42.96875,1.90625,1.2544642857142858,3.0580357142857144,1.4598214285714286,1.7276785714285714,1.2946428571428572,161
1044877.6741071428,2005.763392857143,42.96875,1.90625,1.2544642857142858,3.0580357142857144,1.4598214285714286,1.7276785714285714,1.2946428571428572,65
1044877.6741071428,2005.763392857143,42.96875,1.90625,1.2544642857142858,3.0580357142857144,1.4598214285714286,1.7276785714285714,1.2946428571428572,88
1044877.6741071428,2005.763392857143,42.96875,1.90625,1.2544642857142858,3.0580357142857144,1.4598214285714286,1.7276785714285714,1.2946428571428572,119
1044877.6741071428,2005.763392857143,42.96875,1.90625,1.2544642857142858,3.0580357142857144,1.4598214285714286,1.7276785714285714,1.2946428571428572,116
1044877.6741071428,2005.763392857143,42.96875,1.90625,1.2544642857142858,3.0580357142857144,1.4598214285714286,1.7276785714285714,1.2946428571428572,89
1044877.6741071428,2005.763392857143,42.96875,1.90625,1.2544642857142858,3.0580357142857144,1.4598214285714286,1.7276785714285714,1.2946428571428572,164
1044877.6741071428,2005.763392857143,42.96875,1.90625,1.2544642857142858,3.0580357142857144,1.4598214285714286,1.7276785714285714,1.2946428571428572,114
1044877.6741071428,2005.763392857143,42.96875,1.90625,1.2544642857142858,3.0580357142857144,1.4598214285714286,1.7276785714285714,1.2946428571428572,158
1044877.6741071428,2005.763392857143,42.96875,1.90625,1.2544642857142858,3.0580357142857144,1.4598214285714286,1.7276785714285714,1.2946428571428572,107
1044877.6741071428,2005.763392857143,42.96875,1.90625,1.2544642857142858,3.0580357142857144,1.4598214285714286,1.7276785714285714,1.2946428571428572,119
1044877.6741071428,2005.763392857143,42.96875,1.90625,1.2544642857142858,3.0580357142857144,1.4598214285714286,1.7276785714285714,1.2946428571428572,132
1044877.6741071428,2005.763392857143,42.96875,1.90625,1.2544642857142858,3.0580357142857144,1.4598214285714286,1.7276785714285714,1.2946428571428572,47
1044877.6741071428,2005.763392857143,42.96875,1.90625,1.2544642857142858,3.0580357142857144,1.4598214285714286,1.7276785714285714,1.2946428571428572,94
1044877.6741071428,2005.763392857143,42.96875,1.90625,1.2544642857142858,3.0580357142857144,1.4598214285714286,1.7276785714285714,1.2946428571428572,71
1044877.6741071428,2005.763392857143,42.96875,1.90625,1.2544642857142858,3.0580357142857144,1.4598214285714286,1.7276785714285714,1.2946428571428572,268
1044877.6741071428,2005.763392857143,42.96875,1.90625,1.2544642857142858,3.0580357142857144,1.4598214285714286,1.7276785714285714,1.2946428571428572,201
1044877.6741071428,2005.763392857143,42.96875,1.90625,1.2544642857142858,3.0580357142857144,1.4598214285714286,1.7276785714285714,1.2946428571428572,35
1044877.6741071428,2005.763392857143,42.96875,1.90625,1.2544642857142858,3.0580357142857144,1.4598214285714286,1.7276785714285714,1.2946428571428572,161
1044877.6741071428,2005.763392857143,42.96875,1.90625,1.2544642857142858,3.0580357142857144,1.4598214285714286,1.7276785714285714,1.2946428571428572,131
1044877.6741071428,2005.763392857143,42.96875,1.90625,1.2544642857142858,3.0580357142857144,1.4598214285714286,1.7276785714285714,1.2946428571428572,65
1044877.6741071428,2005.763392857143,42.96875,1.90625,1.2544642857142858,3.0580357142857144,1.4598214285714286,1.7276785714285714,1.2946428571428572,100
1044877.6741071428,2005.763392857143,42.96875,1.90625,1.2544642857142858,3.0580357142857144,1.4598214285714286,1.7276785714285714,1.2946428571428572,148
1044877.6741071428,2005.763392857143,42.96875,1.90625,1.2544642857142858,3.0580357142857144,1.4598214285714286,1.7276785714285714,1.2946428571428572,110
1044877.6741071428,2005.763392857143,42.96875,1.90625,1.2544642857142858,3.0580357142857144,1.4598214285714286,1.7276785714285714,1.2946428571428572,75
1044877.6741071428,2005.763392857143,42.96875,1.90625,1.2544642857142858,3.0580357142857144,1.4598214285714286,1.7276785714285714,1.2946428571428572,129
1044877.6741071428,2005.763392857143,42.96875,1.90625,1.2544642857142858,3.0580357142857144,1.4598214285714286,1.7276785714285714,1.2946428571428572,50
1044877.6741071428,2005.763392857143,42.96875,1.90625,1.2544642857142858,3.0580357142857144,1.4598214285714286,1.7276785714285714,1.2946428571428572,80
1044877.6741071428,2005.763392857143,42.96875,1.90625,1.2544642857142858,3.0580357142857144,1.4598214285714286,1.7276785714285714,1.2946428571428572,81
1044877.6741071428,2005.763392857143,42.96875,1.90625,1.2544642857142858,3.0580357142857144,1.4598214285714286,1.7276785714285714,1.2946428571428572,90
1044877.6741071428,2005.763392857143,42.96875,1.90625,1.2544642857142858,3.0580357142857144,1.4598214285714286,1.7276785714285714,1.2946428571428572,105
1044877.6741071428,2005.763392857143,42.96875,1.90625,1.2544642857142858,3.0580357142857144,1.4598214285714286,1.7276785714285714,1.2946428571428572,108
1044877.6741071428,2005.763392857143,42.96875,1.90625,1.2544642857142858,3.0580357142857144,1.4598214285714286,1.7276785714285714,1.2946428571428572,100
1044877.6741071428,2005.763392857143,42.96875,1.90625,1.2544642857142858,3.0580357142857144,1.4598214285714286,1.7276785714285714,1.2946428571428572,136
1044877.6741071428,2005.763392857143,42.96875,1.90625,1.2544642857142858,3.0580357142857144,1.4598214285714286,1.7276785714285714,1.2946428571428572,88
1044877.6741071428,2005.763392857143,42.96875,1.90625,1.2544642857142858,3.0580357142857144,1.4598214285714286,1.7276785714285714,1.2946428571428572,117
1044877.6741071428,2005.763392857143,42.96875,1.90625,1.2544642857142858,3.0580357142857144,1.4598214285714286,1.7276785714285714,1.2946428571428572,177
1044877.6741071428,2005.763392857143,42.96875,1.90625,1.2544642857142858,3.0580357142857144,1.4598214285714286,1.7276785714285714,1.2946428571428572,112
1044877.6741071428,2005.763392857143,42.96875,1.90625,1.2544642857142858,3.0580357142857144,1.4598214285714286,1.7276785714285714,1.2946428571428572,89
1044877.6741071428,2005.763392857143,42.96875,1.90625,1.2544642857142858,3.0580357142857144,1.4598214285714286,1.7276785714285714,1.2946428571428572,196
1044877.6741071428,2005.763392857143,42.96875,1.90625,1.2544642857142858,3.0580357142857144,1.4598214285714286,1.7276785714285714,1.2946428571428572,78
1044877.6741071428,2005.763392857143,42.96875,1.90625,1.2544642857142858,3.0580357142857144,1.4598214285714286,1.7276785714285714,1.2946428571428572,123
1044877.6741071428,2005.763392857143,42.96875,1.90625,1.2544642857142858,3.0580357142857144,1.4598214285714286,1.7276785714285714,1.2946428571428572,106
1044877.6741071428,2005.763392857143,42.96875,1.90625,1.2544642857142858,3.0580357142857144,1.4598214285714286,1.7276785714285714,1.2946428571428572,95
1044877.6741071428,2005.763392857143,42.96875,1.90625,1.2544642857142858,3.0580357142857144,1.4598214285714286,1.7276785714285714,1.2946428571428572,75
1044877.6741071428,2005.763392857143,42.96875,1.90625,1.2544642857142858,3.0580357142857144,1.4598214285714286,1.7276785714285714,1.2946428571428572,125
1044877.6741071428,2005.763392857143,42.96875,1.90625,1.2544642857142858,3.0580357142857144,1.4598214285714286,1.7276785714285714,1.2946428571428572,129
1044877.6741071428,2005.763392857143,42.96875,1.90625,1.2544642857142858,3.0580357142857144,1.4598214285714286,1.7276785714285714,1.2946428571428572,100
1044877.6741071428,2005.763392857143,42.96875,1.90625,1.2544642857142858,3.0580357142857144,1.4598214285714286,1.7276785714285714,1.2946428571428572,128
1044877.6741071428,2005.763392857143,42.96875,1.90625,1.2544642857142858,3.0580357142857144,1.4598214285714286,1.7276785714285714,1.2946428571428572,172
1044877.6741071428,2005.763392857143,42.96875,1.90625,1.2544642857142858,3.0580357142857144,1.4598214285714286,1.7276785714285714,1.2946428571428572,282
1044877.6741071428,2005.763392857143,42.96875,1.90625,1.2544642857142858,3.0580357142857144,1.4598214285714286,1.7276785714285714,1.2946428571428572,52
1044877.6741071428,2005.763392857143,42.96875,1.90625,1.2544642857142858,3.0580357142857144,1.4598214285714286,1.7276785714285714,1.2946428571428572,123
1044877.6741071428,2005.763392857143,42.96875,1.90625,1.2544642857142858,3.0580357142857144,1.4598214285714286,1.7276785714285714,1.2946428571428572,81
1044877.6741071428,2005.763392857143,42.96875,1.90625,1.2544642857142858,3.0580357142857144,1.4598214285714286,1.7276785714285714,1.2946428571428572,104
1044877.6741071428,2005.763392857143,42.96875,1.90625,1.2544642857142858,3.0580357142857144,1.4598214285714286,1.7276785714285714,1.2946428571428572,87
1044877.6741071428,2005.763392857143,42.96875,1.90625,1.2544642857142858,3.0580357142857144,1.4598214285714286,1.7276785714285714,1.2946428571428572,93
1044877.6741071428,2005.763392857143,42.96875,1.90625,1.2544642857142858,3.0580357142857144,1.4598214285714286,1.7276785714285714,1.2946428571428572,135
1044877.6741071428,2005.763392857143,42.96875,1.90625,1.2544642857142858,3.0580357142857144,1.4598214285714286,1.7276785714285714,1.2946428571428572,94
1044877.6741071428,2005.763392857143,42.96875,1.90625,1.2544642857142858,3.0580357142857144,1.4598214285714286,1.7276785714285714,1.2946428571428572,96
1044877.6741071428,2005.763392857143,42.96875,1.90625,1.2544642857142858,3.0580357142857144,1.4598214285714286,1.7276785714285714,1.2946428571428572,153
1044877.6741071428,2005.763392857143,42.96875,1.90625,1.2544642857142858,3.0580357142857144,1.4598214285714286,1.7276785714285714,1.2946428571428572,97
1044877.6741071428,2005.763392857143,42.96875,1.90625,1.2544642857142858,3.0580357142857144,1.4598214285714286,1.7276785714285714,1.2946428571428572,102
1044877.6741071428,2005.763392857143,42.96875,1.90625,1.2544642857142858,3.0580357142857144,1.4598214285714286,1.7276785714285714,1.2946428571428572,144
1044877.6741071428,2005.763392857143,42.96875,1.90625,1.2544642857142858,3.0580357142857144,1.4598214285714286,1.7276785714285714,1.2946428571428572,107
1044877.6741071428,2005.763392857143,42.96875,1.90625,1.2544642857142858,3.0580357142857144,1.4598214285714286,1.7276785714285714,1.2946428571428572,100
1044877.6741071428,2005.763392857143,42.96875,1.90625,1.2544642857142858,3.0580357142857144,1.4598214285714286,1.7276785714285714,1.2946428571428572,127
1044877.6741071428,2005.763392857143,42.96875,1.90625,1.2544642857142858,3.0580357142857144,1.4598214285714286,1.7276785714285714,1.2946428571428572,115
1044877.6741071428,2005.763392857143,42.96875,1.90625,1.2544642857142858,3.0580357142857144,1.4598214285714286,1.7276785714285714,1.2946428571428572,138
1044877.6741071428,2005.763392857143,42.96875,1.90625,1.2544642857142858,3.0580357142857144,1.4598214285714286,1.7276785714285714,1.2946428571428572,148
1044877.6741071428,2005.763392857143,42.96875,1.90625,1.2544642857142858,3.0580357142857144,1.4598214285714286,1.7276785714285714,1.2946428571428572,112
1044877.6741071428,2005.763392857143,42.96875,1.90625,1.2544642857142858,3.0580357142857144,1.4598214285714286,1.7276785714285714,1.2946428571428572,55
1044877.6741071428,2005.763392857143,42.96875,1.90625,1.2544642857142858,3.0580357142857144,1.4598214285714286,1.7276785714285714,1.2946428571428572,187
1044877.6741071428,2005.763392857143,42.96875,1.90625,1.2544642857142858,3.0580357142857144,1.4598214285714286,1.7276785714285714,1.2946428571428572,82
1044877.6741071428,2005.763392857143,42.96875,1.90625,1.2544642857142858,3.0580357142857144,1.4598214285714286,1.7276785714285714,1.2946428571428572,119
1044877.6741071428,2005.763392857143,42.96875,1.90625,1.2544642857142858,3.0580357142857144,1.4598214285714286,1.7276785714285714,1.2946428571428572,139
1044877.6741071428,2005.763392857143,42.96875,1.90625,1.2544642857142858,3.0580357142857144,1.4598214285714286,1.7276785714285714,1.2946428571428572,74
1044877.6741071428,2005.763392857143,42.96875,1.90625,1.2544642857142858,3.0580357142857144,1.4598214285714286,1.7276785714285714,1.2946428571428572,114
1044877.6741071428,2005.763392857143,42.96875,1.90625,1.2544642857142858,3.0580357142857144,1.4598214285714286,1.7276785714285714,1.2946428571428572,83
1044877.6741071428,2005.763392857143,42.96875,1.90625,1.2544642857142858,3.0580357142857144,1.4598214285714286,1.7276785714285714,1.2946428571428572,106
1044877.6741071428,2005.763392857143,42.96875,1.90625,1.2544642857142858,3.0580357142857144,1.4598214285714286,1.7276785714285714,1.2946428571428572,192
1044877.6741071428,2005.763392857143,42.96875,1.90625,1.2544642857142858,3.0580357142857144,1.4598214285714286,1.7276785714285714,1.2946428571428572,108
1044877.6741071428,2005.763392857143,42.96875,1.90625,1.2544642857142858,3.0580357142857144,1.4598214285714286,1.7276785714285714,1.2946428571428572,88
1044877.6741071428,2005.763392857143,42.96875,1.90625,1.2544642857142858,3.0580357142857144,1.4598214285714286,1.7276785714285714,1.2946428571428572,95
1044877.6741071428,2005.763392857143,42.96875,1.90625,1.2544642857142858,3.0580357142857144,1.4598214285714286,1.7276785714285714,1.2946428571428572,85
1044877.6741071428,2005.763392857143,42.96875,1.90625,1.2544642857142858,3.0580357142857144,1.4598214285714286,1.7276785714285714,1.2946428571428572,117
1044877.6741071428,2005.763392857143,42.96875,1.90625,1.2544642857142858,3.0580357142857144,1.4598214285714286,1.7276785714285714,1.2946428571428572,110
