1,2004,39,2,1,2,1,2,2,47
3,2003,33,2,1,2,1,1,1,63
5,2005,44,2,1,1,1,2,2,70
7,2006,48,2,1,3,1,2,1,100
9,2007,45,2,1,2,1,2,1,93
11,2007,56,2,1,2,1,1,2,100
13,2009,40,1,1,4,2,2,2,114
15,2006,71,2,2,1,1,1,2,89
17,2006,30,2,1,2,1,1,2,119
19,2004,45,2,1,4,2,2,1,148
21,2004,41,2,1,2,1,2,1,90
23,2003,40,2,4,3,2,2,1,119
25,2004,59,2,1,1,2,1,1,89
27,2007,46,2,3,1,1,2,2,74
29,2003,38,1,1,2,1,2,1,70
31,2007,26,2,1,3,1,2,1,93
33,2005,53,2,2,2,2,1,1,70
35,2004,46,4,1,4,2,2,1,100
37,2007,42,2,1,3,1,2,1,99
39,2006,28,1,2,3,1,1,2,55
41,2004,30,1,1,1,1,2,2,87
43,2008,34,2,3,4,2,2,1,119
45,2008,46,2,1,4,1,1,2,161
47,2007,22,1,1,3,1,1,2,59
49,2007,37,1,1,2,2,2,1,93
51,2008,27,2,1,3,1,1,1,63
53,2008,52,2,1,2,2,2,1,114
55,2008,43,2,1,2,1,1,2,65
57,2004,52,2,1,2,1,2,1,148
59,2005,54,1,2,3,2,1,1,109
61,2007,47,2,1,2,1,1,1,100
63,2005,21,1,2,3,2,2,1,106
65,2005,42,2,1,4,2,2,1,135
67,2003,72,2,1,5,2,1,1,189
69,2003,38,2,3,2,2,1,1,105
71,2009,53,2,1,2,1,2,1,83
73,2006,35,5,1,3,2,2,2,81
75,2008,60,2,1,2,1,2,1,77
77,2003,39,2,1,2,2,2,1,85
79,2005,45,4,2,2,2,1,2,74
81,2008,61,2,1,2,2,1,1,107
83,2008,64,4,1,2,2,1,1,95
85,2004,39,2,3,1,1,2,1,70
87,2007,46,2,2,3,2,1,1,106
89,2008,25,1,2,3,2,2,2,56
91,2003,80,2,1,3,2,2,1,94
93,2008,51,4,1,3,1,2,1,106
95,2004,58,2,1,2,1,1,1,75
97,2009,52,2,1,3,1,2,1,119
99,2004,45,2,1,5,2,2,1,138
101,2007,41,1,1,3,1,2,1,100
103,2004,42,2,1,2,1,1,1,95
105,2008,31,1,1,3,1,1,1,94
107,2004,49,4,1,2,2,2,1,123
109,2009,47,4,1,2,1,1,1,90
111,2005,39,2,1,2,2,2,1,88
113,2006,53,2,1,4,2,2,1,110
115,2003,37,2,1,2,1,1,1,85
117,2003,52,2,1,4,1,2,1,192
119,2006,41,2,1,2,1,2,1,102
121,2006,39,2,3,4,2,2,1,148
123,2009,63,2,1,5,2,2,1,172
125,2007,23,1,1,2,1,2,2,73
127,2004,62,2,2,2,2,2,1,88
129,2004,43,2,1,5,2,2,1,272
131,2004,29,1,2,2,1,2,2,103
133,2004,43,2,3,5,2,2,1,161
135,2008,34,2,2,4,2,2,2,123
137,2003,38,2,3,5,2,2,1,92
139,2005,25,1,1,4,2,2,1,85
141,2005,64,2,2,2,2,1,1,110
143,2003,49,2,1,4,1,2,1,114
145,2009,46,2,1,4,1,2,1,84
147,2006,30,2,1,5,2,2,1,114
149,2003,33,1,1,3,1,1,2,57
151,2007,29,2,1,4,2,2,1,105
153,2008,32,2,1,2,2,2,1,126
155,2007,54,2,1,2,2,1,1,109
157,2005,40,1,2,2,1,1,1,65
159,2005,24,1,1,4,1,2,1,110
161,2008,30,5,1,1,1,1,2,71
163,2009,49,2,1,4,1,2,1,145
165,2006,47,2,4,2,1,1,1,102
167,2008,25,1,2,2,1,2,2,84
169,2007,44,2,1,3,1,2,1,135
171,2007,41,4,1,1,2,1,1,97
173,2005,54,5,1,4,1,2,1,155
175,2009,59,2,1,5,2,2,1,201
177,2003,25,1,1,2,1,2,2,60
179,2009,63,2,2,5,1,2,2,92
181,2009,49,1,1,3,2,2,1,110
183,2008,35,5,2,3,2,2,1,114
185,2006,24,1,3,2,1,1,2,66
187,2003,66,2,1,2,1,1,1,93
189,2008,57,2,4,1,1,2,2,94
191,2003,47,2,1,4,2,2,1,119
193,2006,44,2,1,4,1,1,1,132
195,2006,56,2,1,4,1,2,1,127
197,2004,34,2,1,2,2,1,2,100
199,2006,23,2,1,1,1,2,2,40
201,2008,30,2,1,4,1,2,1,138
203,2004,38,2,1,3,1,2,2,103
205,2004,43,2,2,1,2,2,1,80
207,2007,58,4,1,3,2,1,1,112
209,2005,36,2,1,2,1,2,2,62
211,2007,48,1,1,2,2,1,1,70
213,2005,35,2,1,2,2,2,1,86
215,2006,22,1,1,2,2,2,2,100
217,2007,50,2,1,4,2,2,1,114
219,2004,58,2,1,1,1,1,2,101
221,2003,20,1,1,2,2,2,2,61
223,2007,44,2,1,2,1,2,1,114
225,2003,50,2,3,4,2,2,1,135
227,2009,55,2,1,2,1,2,1,105
229,2003,39,1,1,2,2,2,1,110
231,2008,32,1,1,4,2,2,1,277
233,2008,50,2,1,4,2,2,2,148
235,2009,24,2,1,1,1,2,2,148
237,2009,53,2,1,3,2,2,1,110
239,2003,35,2,1,2,2,1,2,81
241,2003,25,1,1,1,2,2,1,80
243,2006,24,1,3,4,1,2,1,110
245,2005,57,5,1,4,1,2,1,148
247,2005,43,2,1,1,2,1,1,65
249,2009,33,2,1,3,2,2,1,88
251,2005,40,2,1,3,2,2,1,92
253,2008,39,1,1,4,1,2,1,74
255,2004,32,2,1,5,2,2,1,70
257,2005,48,4,1,4,2,2,1,129
259,2004,29,2,1,5,1,2,1,94
261,2005,35,4,1,4,1,2,1,99
263,2004,41,2,1,2,1,2,1,133
265,2009,52,2,1,2,1,2,1,135
267,2005,50,2,1,2,1,1,2,92
269,2004,35,2,3,4,2,2,2,161
271,2007,27,2,1,3,1,2,1,100
273,2004,57,2,1,5,1,1,1,114
275,2004,48,2,1,3,2,2,2,97
277,2009,41,4,2,3,2,1,1,98
279,2005,59,2,1,5,2,2,1,105
281,2003,55,2,1,4,2,2,1,110
283,2005,54,4,1,2,2,1,1,133
285,2003,34,2,1,5,1,2,1,119
287,2009,43,1,1,2,2,1,1,74
289,2003,43,4,2,4,2,2,1,105
291,2003,62,3,1,1,1,1,2,62
293,2006,45,1,1,2,2,2,2,97
295,2004,40,2,1,4,1,2,1,146
297,2003,33,2,1,2,2,2,1,83
299,2005,45,2,1,5,2,1,1,148
301,2009,21,1,1,3,1,2,2,50
303,2009,54,2,3,1,1,1,2,74
305,2003,43,2,1,4,1,2,2,74
307,2004,54,2,1,4,1,1,1,127
309,2004,35,2,1,1,1,1,1,110
311,2008,23,1,1,3,1,2,1,62
313,2006,61,3,1,2,1,2,1,111
315,2004,51,4,1,4,1,2,1,138
317,2006,43,2,1,3,1,2,1,127
319,2003,20,1,1,2,1,2,2,75
321,2007,51,2,4,3,1,2,1,139
323,2009,65,2,1,2,2,1,1,119
325,2009,37,2,1,2,1,2,1,110
327,2008,24,1,1,2,1,2,2,66
329,2003,36,2,1,2,1,1,1,73
331,2005,45,2,1,3,2,2,2,131
333,2008,33,2,1,5,2,2,1,277
335,2009,36,4,1,2,1,1,2,87
337,2004,32,2,1,2,1,2,1,110
339,2009,45,2,1,2,1,2,1,119
341,2003,51,2,1,2,1,2,2,105
343,2005,33,2,1,3,2,2,1,137
345,2003,47,4,1,3,1,1,1,84
347,2003,37,2,1,5,2,2,1,196
349,2008,41,2,1,3,2,1,1,121
351,2005,23,1,1,2,2,2,2,96
353,2009,57,2,1,4,1,2,1,129
355,2006,61,2,1,5,2,2,1,148
357,2007,47,4,1,3,1,2,1,85
359,2003,29,2,3,4,2,2,1,88
361,2005,37,2,1,2,1,2,1,100
363,2005,57,2,1,2,1,1,1,148
365,2004,39,1,1,5,2,1,2,81
367,2007,59,2,1,4,2,2,1,146
369,2007,31,2,1,4,2,2,1,149
371,2009,26,1,1,2,1,1,2,97
373,2009,51,2,1,2,1,2,1,118
375,2006,38,2,1,2,1,1,2,100
377,2006,51,2,1,4,2,1,2,119
379,2004,50,2,1,2,2,2,1,80
381,2005,32,2,1,5,1,2,1,119
383,2007,38,2,1,4,2,2,1,161
385,2005,49,2,1,2,1,2,1,177
387,2005,40,1,1,3,2,2,1,74
389,2007,60,2,3,5,2,1,1,155
391,2007,30,1,1,4,2,2,1,102
393,2003,41,2,1,4,2,2,1,131
395,2009,32,1,1,3,2,1,1,114
397,2009,26,1,1,4,2,2,1,106
399,2004,41,2,1,3,1,1,1,81
401,2008,53,2,1,2,1,1,1,135
403,2005,35,2,1,3,2,2,2,97
405,2008,50,2,1,2,1,2,1,110
407,2004,43,2,1,4,2,2,1,172
409,2003,50,5,1,2,2,1,1,68
411,2009,19,1,2,2,2,1,2,74
413,2004,42,2,1,2,1,2,2,92
415,2007,53,2,3,2,1,2,1,67
417,2004,22,1,2,3,2,1,2,95
419,2003,49,2,1,2,1,1,1,99
421,2005,33,1,1,2,1,2,1,110
423,2005,31,1,1,2,1,1,1,81
425,2004,43,2,1,1,1,1,1,90
427,2009,57,2,1,5,2,2,2,110
429,2005,40,2,1,5,2,2,1,148
431,2003,48,2,1,2,2,2,1,85
433,2004,46,2,1,4,1,2,1,102
435,2009,58,2,1,4,1,2,1,105
437,2003,50,2,1,1,1,2,1,105
439,2005,38,2,1,3,2,2,1,100
441,2004,33,1,1,5,2,2,1,101
443,2007,52,2,1,3,2,2,1,149
445,2004,48,2,1,1,1,1,2,74
447,2006,53,2,1,5,2,2,2,161
449,2008,37,1,1,3,2,2,1,119
451,2007,43,2,1,2,1,2,2,119
453,2008,54,2,1,3,1,2,1,108
455,2004,41,2,1,5,2,2,1,155
457,2005,57,2,1,4,1,1,2,75
459,2007,54,2,1,5,1,2,1,119
461,2009,25,4,1,2,1,1,1,77
463,2003,35,5,1,1,2,2,2,62
465,2008,29,2,1,3,1,2,1,182
467,2009,36,2,1,2,1,2,1,268
469,2005,43,2,1,4,1,1,1,142
471,2007,41,2,1,4,2,2,1,187
473,2003,52,2,1,4,1,2,2,72
475,2005,48,2,1,2,1,1,2,50
477,2003,51,2,2,2,2,2,2,81
479,2004,55,2,1,3,2,2,1,119
481,2004,37,2,1,5,2,2,2,97
483,2007,48,1,1,3,1,2,1,112
485,2003,42,2,1,1,1,1,1,102
487,2007,43,2,1,4,1,2,1,127
489,2006,32,2,1,2,1,1,2,88
491,2006,33,1,1,4,1,1,1,84
493,2003,48,2,1,2,1,2,2,78
495,2009,20,1,2,3,2,2,2,46
497,2005,43,2,1,2,1,2,1,133
499,2003,58,4,2,2,2,1,1,62
501,2004,38,2,1,3,1,2,1,100
503,2008,23,1,1,2,2,2,2,66
505,2009,54,4,1,2,1,1,1,109
507,2007,66,2,1,5,1,1,1,100
509,2009,47,2,1,5,2,2,1,153
511,2003,35,2,1,3,2,1,2,77
513,2008,39,2,1,2,1,2,1,143
515,2005,35,1,2,3,2,2,1,125
517,2006,40,2,1,3,1,2,1,76
519,2006,41,2,3,2,1,2,1,110
521,2004,40,2,1,5,2,2,1,177
523,2006,50,2,2,2,1,1,2,59
525,2004,35,2,1,2,1,2,1,100
527,2009,43,2,1,3,1,1,2,95
529,2005,26,1,1,3,2,2,1,105
531,2009,23,1,1,2,2,2,2,50
533,2003,61,2,1,5,2,2,2,131
535,2004,24,1,1,4,2,1,1,44
537,2006,66,2,2,3,2,2,1,119
539,2006,50,3,1,2,1,2,1,110
541,2005,22,1,1,2,2,1,2,75
543,2004,62,2,2,2,2,1,1,92
545,2003,55,2,1,4,2,2,1,106
547,2004,41,2,1,4,1,2,2,74
549,2005,54,2,1,4,2,2,1,170
551,2009,29,2,3,4,1,2,2,138
553,2004,39,2,2,2,1,1,1,102
555,2006,71,4,1,4,2,1,2,88
557,2003,22,1,1,4,1,2,1,78
559,2007,48,2,1,4,2,2,2,123
561,2009,35,2,1,3,1,1,1,116
563,2003,46,2,1,4,1,1,2,90
565,2003,51,2,1,1,1,1,1,110
567,2005,55,2,1,2,2,1,1,105
569,2005,36,2,1,2,2,2,1,119
571,2008,57,2,1,2,1,2,2,94
573,2005,21,2,1,2,1,2,1,142
575,2006,60,2,1,5,2,2,1,129
577,2006,41,1,2,3,1,1,2,74
579,2004,56,2,1,4,2,1,1,139
581,2005,32,1,1,4,2,2,1,94
583,2003,32,2,1,2,1,1,1,74
585,2006,36,4,1,3,1,2,1,108
587,2006,28,1,1,2,1,1,2,65
589,2009,60,2,1,5,2,1,2,138
591,2003,41,2,1,3,2,2,1,89
593,2006,55,2,1,3,1,1,1,100
595,2003,36,2,2,3,1,2,1,110
597,2006,46,1,2,3,2,2,1,90
599,2008,62,2,1,2,1,2,2,89
601,2006,44,2,1,2,1,2,2,103
603,2006,36,2,1,4,1,2,1,119
605,2004,41,2,1,2,2,2,1,148
607,2006,22,1,1,4,2,2,1,114
609,2008,51,2,1,5,2,2,1,130
611,2008,57,2,1,1,2,1,1,111
613,2005,55,2,1,2,2,1,1,114
615,2003,36,2,1,4,2,2,1,148
617,2008,43,2,1,5,2,2,1,277
619,2003,38,2,1,3,2,1,2,24
621,2006,27,1,1,3,2,2,2,104
623,2007,32,2,1,3,1,2,1,119
625,2009,44,1,1,1,1,1,2,72
627,2008,56,2,3,4,1,2,1,277
629,2007,38,2,2,4,2,2,1,142
631,2003,36,2,1,1,1,1,2,100
633,2005,28,1,1,3,1,2,1,109
635,2005,39,2,1,2,1,2,1,80
637,2008,42,1,2,2,2,2,2,79
639,2009,51,2,1,1,1,1,1,83
641,2004,55,2,2,2,2,1,1,89
643,2007,39,1,1,5,2,2,1,131
645,2003,42,2,1,1,1,2,2,110
647,2006,33,2,2,5,2,2,1,117
649,2008,23,1,1,2,2,1,1,74
651,2003,40,2,1,4,1,2,1,81
653,2003,40,2,1,3,1,1,2,81
655,2009,51,2,3,3,1,1,1,108
657,2007,76,2,3,4,1,1,1,77
659,2007,57,4,1,5,1,1,1,88
661,2003,27,5,1,3,1,2,1,95
663,2005,26,1,2,2,1,2,1,84
665,2005,25,2,1,2,1,1,1,100
667,2005,27,2,1,3,1,2,1,101
669,2004,33,1,1,3,2,1,1,88
671,2003,51,4,1,1,1,2,1,88
673,2005,22,1,1,4,2,2,1,94
675,2005,47,2,1,2,1,1,1,128
677,2009,34,1,1,3,2,2,1,137
679,2008,47,4,1,3,1,2,1,108
681,2005,31,1,1,3,1,2,1,123
683,2005,46,2,1,2,1,1,1,92
685,2006,47,2,1,2,2,2,1,78
687,2006,49,2,1,4,1,2,1,155
689,2003,40,2,2,4,1,2,1,136
691,2004,51,2,1,1,2,2,1,81
693,2008,31,2,1,3,1,2,1,76
695,2003,58,2,1,2,2,2,1,110
697,2005,48,2,2,3,1,2,2,88
699,2004,54,4,2,4,1,2,1,127
701,2007,56,1,1,5,2,2,2,154
703,2007,61,2,1,2,1,1,1,110
705,2009,32,2,3,5,1,2,1,138
707,2007,60,2,1,4,2,2,2,165
709,2006,42,2,1,3,1,2,1,138
711,2003,22,1,3,3,2,2,2,45
713,2003,46,2,1,3,1,2,1,107
715,2005,53,2,1,1,2,2,1,114
717,2008,43,4,1,4,1,2,1,74
719,2009,32,1,1,2,1,2,1,75
721,2009,30,2,1,4,1,2,1,142
723,2009,50,1,2,5,2,1,1,110
725,2006,40,2,1,5,2,2,1,278
727,2009,55,2,1,1,2,2,2,80
729,2004,42,2,1,4,2,2,1,166
731,2004,35,1,1,2,1,2,1,75
733,2004,33,2,1,4,2,2,1,100
735,2004,33,2,1,3,2,1,1,103
737,2003,38,2,1,2,2,2,1,119
739,2009,41,2,1,2,2,2,1,117
741,2009,42,2,1,5,2,2,2,124
743,2009,58,2,1,4,2,2,1,148
745,2009,45,2,1,2,1,1,2,77
747,2009,47,1,1,2,2,2,1,110
749,2005,30,2,1,2,2,2,1,106
751,2009,34,2,1,4,2,2,1,161
753,2006,43,2,1,5,2,2,2,150
755,2008,58,5,1,1,1,2,1,100
757,2009,44,2,2,3,1,1,2,105
759,2005,28,2,1,1,1,2,2,61
761,2004,46,2,1,3,2,2,1,106
763,2008,36,2,1,3,1,2,1,108
765,2007,37,2,2,2,2,2,1,71
767,2008,47,2,1,4,2,2,1,161
769,2007,56,4,1,3,2,2,2,100
771,2009,38,2,1,3,2,2,1,112
773,2007,41,1,2,1,1,2,2,75
775,2004,62,2,1,3,2,1,1,94
777,2004,40,2,1,3,2,2,1,88
779,2004,44,2,3,5,2,2,1,123
781,2007,56,2,1,4,1,2,1,100
783,2008,51,2,2,3,1,2,2,77
785,2005,41,2,1,3,1,2,2,87
787,2005,52,2,1,5,2,2,1,177
789,2008,27,2,1,3,2,2,1,101
791,2004,52,2,1,4,1,1,1,114
793,2005,51,4,1,2,1,1,2,67
795,2009,51,2,1,2,1,1,1,80
797,2005,28,1,1,4,2,2,1,90
799,2007,49,1,1,2,2,2,2,58
801,2007,61,2,1,1,1,2,1,114
803,2006,39,2,1,2,2,1,1,100
805,2005,23,1,1,1,1,2,2,89
807,2007,53,2,1,5,1,2,1,152
809,2004,55,1,3,3,2,2,1,88
811,2005,48,1,2,2,2,2,1,88
813,2007,50,2,1,4,2,2,1,105
815,2009,31,1,1,1,1,2,2,65
817,2007,53,2,1,2,1,1,1,129
819,2008,49,2,1,4,1,2,2,155
821,2003,49,1,1,4,1,2,2,131
823,2004,43,2,1,2,1,2,1,121
825,2007,20,1,1,2,1,2,1,81
827,2008,46,4,1,2,2,2,1,110
829,2005,48,2,1,4,1,2,1,152
831,2005,19,1,1,2,1,2,2,70
833,2004,56,4,1,4,1,2,1,85
835,2003,44,2,1,3,1,2,2,102
837,2009,23,1,1,2,1,2,2,85
839,2005,42,1,1,4,2,1,1,102
841,2008,32,2,1,5,1,2,2,119
843,2003,32,1,1,2,1,2,2,74
845,2003,43,2,1,2,1,2,2,74
847,2008,57,1,2,4,1,2,1,139
849,2008,26,2,2,3,2,1,1,110
851,2009,67,4,1,3,2,1,1,152
853,2004,31,2,1,5,2,2,1,177
855,2006,49,4,1,3,2,2,1,104
857,2005,29,1,1,4,1,1,1,129
859,2008,41,2,1,3,1,1,2,109
861,2006,35,2,1,2,2,1,1,88
863,2009,39,2,1,2,1,2,2,95
865,2004,33,5,2,3,2,2,1,99
867,2009,53,2,1,4,2,2,1,142
869,2009,43,2,3,4,2,2,1,123
871,2004,36,2,1,4,2,1,1,95
873,2004,38,2,1,5,2,2,1,148
875,2003,58,2,1,2,1,2,2,105
877,2004,45,2,1,4,2,2,1,123
879,2005,34,1,2,2,1,2,2,95
881,2007,30,2,1,4,2,2,2,127
883,2008,21,1,1,2,1,1,2,29
885,2003,39,2,1,4,2,2,1,129
887,2006,28,1,2,3,1,2,1,110
889,2008,54,2,1,2,1,1,1,100
891,2007,24,1,1,3,1,1,1,90
893,2005,57,2,1,5,1,2,1,71
895,2003,48,5,2,2,2,2,2,95
897,2004,31,2,1,3,2,2,1,110
899,2006,47,1,1,5,2,2,1,182
901,2004,44,2,1,4,2,2,2,161
903,2004,30,1,1,2,1,2,1,70
905,2003,41,1,1,4,2,1,1,131
907,2008,26,1,1,4,1,2,1,106
909,2009,32,1,3,3,1,2,1,110
911,2009,39,2,1,2,2,1,1,97
913,2004,42,2,2,3,2,1,1,112
915,2005,24,1,1,4,2,2,1,172
917,2006,44,4,1,5,2,2,1,129
919,2006,30,1,3,4,2,2,1,127
921,2006,58,2,1,4,2,2,1,135
923,2008,33,1,1,2,2,2,1,94
925,2008,56,2,1,2,1,1,2,94
927,2005,28,2,1,3,1,2,1,97
929,2008,41,2,3,5,2,2,1,277
931,2009,22,2,1,3,1,2,2,32
933,2004,37,4,1,3,1,1,1,84
935,2006,18,1,1,1,1,2,2,65
937,2004,37,1,1,4,2,2,2,85
939,2007,43,2,1,4,1,1,1,168
941,2008,49,2,2,2,2,2,1,94
943,2005,36,2,1,4,1,2,1,135
945,2007,47,2,2,5,1,2,2,81
947,2003,52,2,1,4,1,2,1,135
949,2009,34,2,1,3,1,2,2,114
951,2004,62,2,1,4,2,2,1,131
953,2007,44,2,1,1,1,2,1,105
955,2005,48,2,1,1,1,1,1,152
957,2007,51,2,1,2,2,2,1,125
959,2009,35,1,1,4,1,2,1,148
961,2003,42,2,1,2,1,2,2,89
963,2005,34,1,1,4,1,2,1,83
965,2003,50,2,3,4,1,2,1,94
967,2006,50,4,1,4,2,1,1,153
969,2004,55,2,1,4,2,1,2,47
971,2009,56,2,1,2,1,1,1,129
973,2005,50,2,1,2,2,2,1,131
975,2009,44,2,1,4,2,2,2,94
977,2005,30,2,1,4,2,2,1,100
979,2005,34,2,1,4,2,2,1,129
981,2007,50,4,1,2,2,2,1,74
983,2004,51,2,1,4,2,1,2,111
985,2003,53,2,2,3,2,2,2,100
987,2004,40,1,2,5,2,2,1,92
989,2006,34,2,1,2,2,2,1,83
991,2006,36,2,1,3,1,2,1,119
993,2005,44,2,1,3,2,1,1,148
995,2008,54,2,3,2,1,2,2,95
997,2008,36,2,1,4,1,2,2,164
999,2006,62,2,1,5,2,2,1,280
1001,2008,33,1,1,5,2,2,2,114
1003,2004,44,1,1,2,1,2,2,103
1005,2005,80,1,1,2,2,2,2,88
1007,2005,45,2,1,2,2,2,2,88
1009,2008,58,4,1,4,2,2,1,70
1011,2004,51,2,1,3,1,2,2,102
1013,2005,60,2,1,3,2,2,1,278
1015,2007,33,2,1,1,1,1,2,88
1017,2006,28,1,1,3,2,2,1,105
1019,2004,37,2,1,4,1,2,1,127
1021,2006,56,2,1,3,2,2,1,100
1023,2009,59,2,1,5,2,2,1,172
1025,2004,56,2,1,2,2,2,1,75
1027,2003,34,2,1,1,1,2,1,72
1029,2004,37,1,1,2,1,2,1,35
1031,2009,36,2,1,4,1,2,1,94
1033,2008,45,2,1,4,2,2,1,177
1035,2006,36,2,1,5,2,2,2,140
1037,2008,23,1,1,3,2,2,2,27
1039,2003,56,2,1,2,2,1,1,127
1041,2005,33,2,1,3,1,2,2,114
1043,2009,48,2,3,1,1,2,1,127
1045,2008,28,1,1,2,1,2,2,83
1047,2008,37,2,1,3,1,1,1,102
1049,2006,56,2,1,2,2,1,2,87
1051,2005,22,1,1,3,1,2,2,63
1053,2007,60,2,1,2,1,1,2,115
1055,2009,30,1,1,4,1,2,2,81
1057,2003,50,2,1,2,1,1,1,102
1059,2003,38,2,1,5,2,2,1,102
1061,2009,55,2,1,5,2,2,1,103
1063,2006,26,2,1,4,1,2,1,114
1065,2006,39,2,1,3,2,2,1,148
1067,2003,42,2,1,5,2,2,1,148
1069,2007,71,2,2,4,2,1,1,106
1071,2008,33,2,1,3,2,2,1,129
1073,2004,49,1,1,2,1,2,2,52
1075,2005,45,2,1,3,1,1,2,81
1077,2004,41,2,1,5,1,2,1,158
1079,2005,59,4,1,1,1,1,1,54
1081,2004,33,2,1,4,2,2,1,127
1083,2009,47,1,4,1,1,1,2,72
1085,2006,34,2,1,3,2,2,1,145
1087,2007,23,2,2,3,2,2,2,94
1089,2009,32,2,1,2,1,2,1,128
1091,2009,30,2,1,4,2,2,1,103
1093,2006,54,2,2,2,2,1,2,89
1095,2009,46,2,1,3,1,2,1,105
1097,2005,52,2,1,4,2,1,1,138
1099,2008,50,2,1,2,1,2,2,177
1101,2007,57,2,1,2,1,1,1,97
1103,2005,46,2,1,3,1,2,1,101
1105,2005,30,1,1,3,2,1,2,81
1107,2006,32,1,1,3,1,1,2,57
1109,2008,53,2,1,3,1,2,2,106
1111,2005,48,2,1,4,1,1,1,138
1113,2003,31,2,1,3,2,2,1,109
1115,2003,50,2,1,2,1,2,2,77
1117,2004,41,2,1,4,1,2,1,110
1119,2008,47,2,1,2,1,2,1,94
1121,2004,37,2,1,2,2,2,1,75
1123,2004,24,1,1,3,2,2,1,75
1125,2004,53,2,1,1,1,1,1,81
1127,2004,39,4,1,2,1,1,2,95
1129,2007,47,2,1,3,1,1,1,145
1131,2006,36,2,1,4,2,2,1,140
1133,2006,34,2,1,4,2,2,1,148
1135,2004,45,2,1,3,2,2,2,100
1137,2003,60,2,1,1,1,1,2,59
1139,2006,43,2,1,1,2,2,1,119
1141,2009,20,1,1,2,1,1,2,64
1143,2008,27,1,1,4,1,1,1,133
1145,2004,35,4,1,2,1,2,2,59
1147,2008,50,2,1,2,1,1,1,105
1149,2009,56,2,4,2,1,1,2,60
1151,2008,19,1,1,3,1,1,2,31
1153,2006,35,2,1,4,2,2,2,110
1155,2005,23,1,1,1,1,2,2,65
1157,2003,45,3,4,2,1,2,1,94
1159,2004,54,4,1,1,2,1,2,65
1161,2008,43,1,1,2,2,1,1,88
1163,2008,42,2,1,5,1,2,1,177
1165,2005,51,2,1,4,2,2,1,189
1167,2007,49,1,1,4,2,2,1,80
1169,2006,48,2,1,2,2,2,1,111
1171,2005,50,4,1,4,1,1,1,119
1173,2006,37,2,1,4,1,1,1,81
1175,2005,38,2,1,5,1,2,1,187
1177,2009,58,2,1,4,2,2,2,155
1179,2005,41,2,1,1,1,2,1,125
1181,2006,51,2,1,4,2,2,1,278
1183,2006,51,2,1,3,2,2,2,100
1185,2006,44,2,1,1,2,2,1,88
1187,2003,43,2,1,4,2,1,1,114
1189,2004,34,2,1,3,1,2,2,145
1191,2005,43,2,1,4,1,2,1,138
1193,2004,59,2,1,4,1,2,1,256
1195,2004,61,4,1,2,1,2,1,114
1197,2008,40,2,1,1,1,2,1,118
1199,2009,49,2,1,3,2,2,1,105
1201,2003,55,2,1,4,1,2,1,131
1203,2005,54,2,1,5,2,2,1,123
1205,2004,41,2,1,2,2,2,1,110
1207,2006,29,2,1,2,1,1,1,110
1209,2009,66,2,2,2,2,1,2,138
1211,2006,61,2,1,5,2,1,1,107
1213,2003,34,4,1,2,1,2,1,106
1215,2007,41,1,1,2,1,2,1,121
1217,2004,48,4,2,1,2,2,1,85
1219,2005,26,1,1,4,1,2,1,92
1221,2006,54,4,1,3,2,2,2,90
1223,2008,44,2,1,2,1,2,1,105
1225,2008,60,4,1,4,2,2,1,147
1227,2008,57,2,1,2,1,2,2,81
1229,2009,53,2,1,2,2,2,1,108
1231,2007,54,4,1,5,2,2,2,119
1233,2009,37,2,1,4,2,2,1,105
1235,2008,62,2,1,2,2,1,1,127
1237,2003,40,2,1,3,2,2,1,88
1239,2008,39,2,1,2,2,1,1,112
1241,2005,55,1,2,2,1,1,1,81
1243,2006,57,2,1,4,2,1,1,123
1245,2003,45,2,1,4,1,2,1,177
1247,2003,41,2,1,4,1,2,2,83
1249,2007,28,1,1,3,1,1,2,103
1251,2003,58,2,1,5,1,2,1,121
1253,2008,47,1,2,5,2,1,1,142
1255,2007,60,1,1,5,2,2,1,107
1257,2003,26,1,3,4,2,2,1,268
1259,2006,52,2,1,3,1,2,1,110
1261,2008,31,2,1,3,1,2,1,100
1263,2007,63,2,3,5,1,2,1,201
1265,2005,42,2,1,2,1,2,2,110
1267,2009,30,1,1,5,2,2,1,126
1269,2007,52,2,1,3,2,2,1,114
1271,2005,38,2,1,5,2,2,1,161
1273,2008,29,2,1,1,1,2,1,100
1275,2007,42,2,1,4,2,2,2,161
1277,2007,57,2,1,4,2,1,1,126
1279,2005,46,2,2,3,1,2,1,133
1281,2003,21,1,1,1,1,2,2,75
1283,2005,34,4,1,3,1,2,1,110
1285,2008,39,1,1,2,1,1,1,63
1287,2006,26,1,1,3,1,2,1,95
1289,2004,42,4,1,1,2,2,1,112
1291,2004,48,2,1,3,2,1,2,78
1293,2009,54,2,1,2,1,2,1,100
1295,2003,80,2,1,2,1,2,2,83
1297,2006,37,2,1,2,1,2,1,78
1299,2007,31,1,4,3,2,1,2,81
1301,2003,41,5,1,2,2,2,2,71
1303,2004,37,2,1,4,2,2,1,148
1305,2003,43,1,1,4,2,1,1,131
1307,2004,54,2,1,4,2,2,2,201
1309,2004,39,2,1,5,2,2,1,148
1311,2004,45,2,1,2,2,2,2,88
1313,2007,21,1,1,2,2,1,2,96
1315,2005,59,2,2,3,1,2,1,105
1317,2007,29,1,3,4,1,1,2,62
1319,2009,29,2,1,4,2,2,2,138
1321,2005,33,1,2,1,2,2,1,88
1323,2003,45,2,1,4,1,1,1,156
1325,2008,53,4,1,5,1,2,1,177
1327,2003,63,2,1,4,1,2,1,123
1329,2004,56,2,1,4,2,2,1,138
1331,2003,21,1,1,2,1,2,1,63
1333,2007,39,3,3,2,1,2,1,74
1335,2007,30,2,1,4,2,2,1,182
1337,2003,42,2,1,4,2,2,1,116
1339,2004,40,4,1,3,1,1,2,94
1341,2004,47,2,1,3,1,1,1,148
1343,2005,43,2,1,3,2,1,2,20
1345,2005,42,4,1,3,2,2,1,112
1347,2008,50,2,1,4,2,2,1,148
1349,2004,39,2,1,2,1,1,2,81
1351,2007,50,2,1,4,2,1,2,70
1353,2005,60,3,2,5,2,2,1,93
1355,2009,57,1,1,3,1,2,2,88
1357,2007,38,2,1,2,1,2,2,89
1359,2004,49,2,1,2,2,2,1,103
1361,2004,51,4,1,2,2,1,1,74
1363,2004,33,2,1,3,2,2,1,66
1365,2006,59,1,1,3,2,2,1,117
1367,2006,41,2,1,2,2,2,1,102
1369,2003,33,2,1,5,2,2,2,116
1371,2008,28,1,1,4,2,2,1,126
1373,2009,49,1,1,3,2,1,2,83
1375,2005,51,5,1,4,1,2,1,113
1377,2008,36,1,1,4,1,2,1,119
1379,2003,26,1,1,3,1,2,1,88
1381,2005,22,1,1,4,2,2,2,54
1383,2006,47,2,2,2,2,2,2,117
1385,2003,59,2,1,5,1,2,1,119
1387,2004,41,2,1,4,2,1,1,128
1389,2006,32,1,1,4,2,1,1,88
1391,2008,45,2,1,1,1,1,1,110
1393,2008,39,2,1,1,1,2,1,69
1395,2006,64,2,1,2,2,1,1,95
1397,2004,36,2,3,4,1,2,1,135
1399,2004,61,2,1,2,2,2,2,81
1401,2003,34,2,1,1,1,2,2,69
1403,2004,52,2,1,5,2,2,1,135
1405,2008,33,2,1,2,1,2,2,81
1407,2009,36,2,3,4,1,2,1,151
1409,2005,34,2,1,2,1,2,2,94
1411,2004,39,1,1,1,1,2,2,75
1413,2004,59,3,2,5,2,2,1,142
1415,2009,49,2,1,4,1,2,1,176
1417,2006,40,2,1,5,2,2,1,198
1419,2006,49,2,1,2,1,1,1,94
1421,2003,25,2,1,2,1,2,2,81
1423,2009,59,2,3,4,1,1,1,81
1425,2007,39,2,1,2,1,1,2,76
1427,2005,40,2,1,3,1,1,2,94
1429,2009,51,2,1,4,2,2,1,105
1431,2009,63,1,1,2,1,1,1,111
1433,2007,53,2,1,1,2,1,1,93
1435,2008,25,1,1,4,1,2,1,100
1437,2007,53,4,1,2,1,2,1,85
1439,2006,23,2,1,4,2,2,1,75
1441,2004,36,1,3,2,1,1,2,72
1443,2005,19,1,1,2,1,2,2,31
1445,2005,47,2,1,2,1,2,1,93
1447,2005,43,1,1,5,2,1,1,104
1449,2004,40,2,1,4,2,2,1,112
1451,2009,38,2,1,5,2,2,1,181
1453,2003,63,2,1,3,2,2,2,110
1455,2008,45,1,1,4,1,2,1,37
1457,2008,32,2,1,2,2,1,2,74
1459,2009,37,2,1,4,2,2,1,99
1461,2004,37,4,1,2,1,1,2,57
1463,2008,41,2,1,5,2,2,2,119
1465,2005,45,1,1,4,2,1,1,83
1467,2008,22,1,1,3,1,2,2,81
1469,2005,58,2,3,5,2,2,1,227
1471,2003,44,2,1,2,2,2,1,92
1473,2007,39,2,1,3,2,1,1,116
1475,2005,40,2,1,2,1,1,1,142
1477,2003,33,1,3,3,2,2,1,81
1479,2006,35,2,1,5,1,2,2,91
1481,2009,63,2,3,5,1,2,2,114
1483,2003,45,2,1,5,1,2,1,161
1485,2008,31,2,1,2,1,2,1,100
1487,2003,41,1,1,5,1,1,1,93
1489,2008,66,2,1,5,2,2,1,277
1491,2009,45,1,2,2,1,2,1,83
1493,2007,47,1,1,3,1,2,2,100
1495,2006,35,2,1,2,2,1,1,125
1497,2005,52,2,1,2,2,1,2,101
1499,2003,62,2,1,4,2,1,1,170
1501,2003,47,2,1,2,1,2,1,83
1503,2004,40,2,1,3,1,2,1,137
1505,2006,41,2,1,5,2,2,1,278
1507,2009,48,2,1,2,2,2,1,119
1509,2005,55,2,1,4,2,2,1,119
1511,2009,64,2,1,2,2,2,1,114
1513,2004,29,2,1,4,1,2,1,61
1515,2003,49,2,1,3,1,2,1,119
1517,2009,32,2,1,4,1,2,1,133
1519,2006,41,2,3,2,1,2,1,83
1521,2004,58,2,1,3,1,2,1,148
1523,2003,41,2,1,3,1,2,1,148
1525,2007,34,1,1,3,2,1,1,97
1527,2004,43,2,1,4,2,2,1,155
1529,2003,23,1,2,1,2,1,2,88
1531,2003,40,1,1,5,1,2,1,103
1533,2007,46,2,1,5,2,2,1,282
1535,2004,35,2,1,4,1,2,2,107
1537,2007,42,1,1,5,2,2,1,148
1539,2009,47,5,1,2,1,2,2,112
1541,2007,45,2,1,2,1,2,1,148
1543,2008,34,1,1,4,2,2,1,109
1545,2004,57,2,1,2,1,2,1,105
1547,2005,32,1,1,3,2,2,1,86
1549,2009,55,4,1,2,2,1,1,103
1551,2008,22,1,1,4,2,2,2,76
1553,2005,51,2,1,2,2,2,1,125
1555,2006,26,1,1,2,1,1,2,67
1557,2004,27,1,1,4,2,2,2,55
1559,2004,34,2,1,4,2,2,1,166
1561,2007,48,2,1,2,2,2,1,92
1563,2008,23,2,1,2,1,2,2,78
1565,2003,41,2,1,2,1,2,1,112
1567,2009,49,4,1,5,2,2,1,152
1569,2005,47,2,1,5,2,1,1,121
1571,2005,35,4,2,4,1,2,1,117
1573,2007,50,2,1,2,1,2,1,82
1575,2006,55,2,1,2,1,1,1,138
1577,2009,69,2,1,2,1,1,1,40
1579,2004,45,2,1,2,1,2,1,155
1581,2005,40,2,1,3,1,1,1,155
1583,2005,47,1,1,4,2,2,1,143
1585,2008,22,1,1,3,1,2,1,78
1587,2003,42,4,1,2,1,2,2,85
1589,2008,47,2,1,4,2,2,1,159
1591,2005,48,2,2,2,1,2,2,66
1593,2009,28,1,1,2,1,2,2,112
1595,2005,49,1,1,3,1,1,1,91
1597,2009,51,4,1,2,1,1,1,129
1599,2003,58,2,1,5,1,2,1,148
1601,2005,32,1,2,3,2,1,1,114
1603,2009,55,2,1,2,1,1,1,88
1605,2007,49,2,1,2,2,1,1,94
1607,2004,46,2,1,2,1,2,2,88
1609,2003,44,2,1,5,2,1,1,182
1611,2003,25,2,1,3,1,2,1,88
1613,2004,73,4,2,1,1,1,1,93
1615,2004,18,1,1,2,1,2,1,72
1617,2005,52,2,2,1,2,2,1,122
1619,2008,28,2,3,2,1,2,2,72
1621,2004,51,2,1,2,1,2,2,83
1623,2009,44,2,1,4,2,2,1,177
1625,2008,44,2,1,3,2,2,1,142
1627,2003,29,2,3,2,1,2,1,95
1629,2006,48,2,3,4,2,1,2,142
1631,2006,62,2,1,2,2,1,1,102
1633,2004,40,2,1,5,2,2,1,132
1635,2003,24,1,1,3,1,1,2,66
1637,2003,48,2,1,4,1,2,1,119
1639,2008,54,2,1,5,2,1,1,164
1641,2003,69,2,2,1,2,2,1,114
1643,2006,48,2,1,2,1,1,2,123
1645,2003,73,2,1,1,1,2,2,40
1647,2009,30,2,2,3,2,2,2,71
1649,2003,41,1,3,3,2,1,2,74
1651,2009,48,2,1,1,2,2,2,101
1653,2004,63,2,1,4,2,2,1,84
1655,2003,29,2,1,3,2,2,2,85
1657,2004,40,2,1,3,1,2,1,142
1659,2007,52,2,1,3,2,1,1,91
1661,2008,54,5,1,2,1,1,1,114
1663,2009,33,2,1,4,1,2,1,268
1665,2004,42,2,1,4,2,1,1,161
1667,2007,31,2,2,2,1,2,1,94
1669,2006,46,2,1,3,2,2,1,140
1671,2008,44,2,1,4,1,2,1,125
1673,2009,45,5,1,2,1,2,2,114
1675,2003,40,2,1,2,1,2,2,182
1677,2005,31,1,1,2,1,2,1,103
1679,2006,19,1,1,2,1,2,2,77
1681,2003,43,2,1,2,1,1,1,110
1683,2007,56,2,1,4,2,2,1,142
1685,2006,55,2,1,3,1,2,1,102
1687,2006,59,2,1,5,2,1,1,119
1689,2009,49,4,1,1,2,1,1,103
1691,2009,42,2,1,4,1,2,1,129
1693,2008,27,1,1,2,1,2,2,61
1695,2003,34,1,1,2,1,1,2,81
1697,2008,47,2,1,4,2,2,1,277
1699,2003,35,2,1,5,2,2,1,268
1701,2004,33,2,2,3,2,2,1,105
1703,2003,35,2,1,2,1,2,1,144
1705,2004,40,2,1,3,2,1,1,119
1707,2004,53,2,1,4,2,2,2,94
1709,2007,47,2,2,4,2,2,1,74
1711,2006,45,1,1,5,2,2,1,196
1713,2009,34,2,1,4,1,2,1,169
1715,2006,25,2,1,1,1,2,1,70
1717,2006,56,2,1,4,2,2,2,125
1719,2005,54,2,1,3,2,2,1,116
1721,2003,41,2,1,1,1,2,1,89
1723,2008,46,2,1,5,2,2,1,277
1725,2004,44,2,1,5,1,2,1,171
1727,2004,44,4,1,4,2,1,1,100
1729,2005,46,2,1,5,2,2,1,148
1731,2009,38,2,1,4,2,2,1,114
1733,2008,36,2,1,2,1,2,2,129
1735,2009,27,1,3,4,2,2,1,100
1737,2008,33,2,1,2,1,1,2,129
1739,2006,56,2,2,2,1,1,1,140
1741,2005,52,2,1,2,2,2,1,112
1743,2008,33,1,1,5,2,2,1,126
1745,2008,32,2,3,4,1,2,2,94
1747,2008,39,4,1,4,1,2,1,119
1749,2005,22,1,1,2,1,1,2,72
1751,2009,53,2,1,4,1,2,2,105
1753,2006,36,2,1,4,1,2,1,278
1755,2005,37,2,1,1,1,2,2,74
1757,2008,40,2,1,2,2,2,1,131
1759,2005,51,2,2,2,1,1,1,78
1761,2008,40,2,1,2,2,2,1,90
1763,2006,56,2,1,5,2,2,1,117
1765,2009,50,2,1,2,1,2,1,100
1767,2009,49,2,1,2,1,2,1,166
1769,2007,32,2,1,1,2,2,2,81
1771,2004,21,1,1,2,2,2,1,84
1773,2004,48,2,1,4,2,1,1,114
1775,2007,48,2,1,3,1,2,1,74
1777,2004,32,2,1,3,1,2,1,115
1779,2003,30,1,1,3,1,2,1,53
1781,2006,30,2,1,3,1,2,2,119
1783,2003,33,2,1,1,2,2,2,80
1785,2005,56,2,3,5,1,2,2,56
1787,2004,46,4,2,3,2,2,1,90
1789,2003,49,2,1,3,1,2,1,105
1791,2008,24,1,1,2,1,2,2,88
1793,2009,48,1,1,3,2,2,1,147
1795,2006,37,4,1,4,1,1,2,110
1797,2007,53,2,1,3,1,1,1,119
1799,2004,56,2,2,5,2,2,1,142
1801,2008,34,2,2,3,2,2,2,109
1803,2004,56,2,1,3,1,1,1,105
1805,2006,48,2,1,2,1,2,1,110
1807,2006,47,2,2,2,1,2,2,27
1809,2003,52,2,1,3,2,2,1,70
1811,2009,40,2,1,3,1,2,1,167
1813,2008,25,2,1,2,2,2,1,127
1815,2009,35,2,1,4,1,2,1,117
1817,2006,40,1,2,3,2,1,1,104
1819,2009,22,1,1,2,1,2,2,35
1821,2003,50,4,1,3,2,1,1,100
1823,2008,48,5,1,1,1,2,2,65
1825,2007,40,1,3,5,1,2,1,110
1827,2003,45,2,1,3,2,2,1,127
1829,2004,30,2,1,4,2,2,1,114
1831,2003,46,2,1,4,1,2,1,117
1833,2008,34,2,1,2,1,2,1,135
1835,2007,32,2,1,1,1,2,2,65
1837,2004,53,2,1,4,1,1,1,143
1839,2008,32,1,1,3,1,2,2,77
1841,2004,39,2,2,4,1,2,2,100
1843,2007,51,2,1,4,2,2,1,94
1845,2004,40,2,1,2,2,1,1,75
1847,2009,66,2,1,4,2,1,1,127
1849,2006,40,2,1,4,1,2,1,166
1851,2009,52,2,1,5,2,2,2,133
1853,2007,36,2,1,3,2,2,1,126
1855,2007,32,1,1,2,1,1,1,89
1857,2008,45,2,1,2,2,2,2,84
1859,2006,37,2,1,2,2,2,1,169
1861,2004,47,2,3,5,2,2,1,161
1863,2008,49,2,1,2,1,2,1,144
1865,2003,53,2,1,1,2,2,2,74
1867,2007,66,4,2,2,2,1,1,70
1869,2006,33,2,1,1,2,1,2,74
1871,2004,58,4,1,2,1,1,2,94
1873,2008,41,2,1,5,1,2,2,83
1875,2009,54,2,3,3,2,2,1,135
1877,2009,26,1,1,2,1,2,2,87
1879,2008,24,1,4,2,1,1,2,70
1881,2007,62,2,1,4,2,2,2,131
1883,2005,63,2,1,2,2,2,1,136
1885,2005,26,1,3,4,1,2,1,114
1887,2004,45,2,1,2,2,1,1,106
1889,2003,23,2,1,2,1,2,2,88
1891,2008,31,2,1,4,1,2,2,116
1893,2003,44,2,1,5,2,2,1,143
1895,2003,43,1,1,1,1,1,1,55
1897,2004,48,2,1,2,1,2,2,48
1899,2008,48,2,1,4,2,2,1,123
1901,2006,55,2,1,5,2,2,2,118
1903,2004,45,2,3,5,2,2,1,272
1905,2008,48,2,1,4,2,2,1,145
1907,2009,63,2,1,2,1,2,1,119
1909,2004,57,2,2,2,2,2,1,97
1911,2008,69,2,3,5,2,2,1,148
1913,2009,31,1,1,4,2,2,1,127
1915,2003,38,2,1,4,2,2,1,268
1917,2005,43,5,1,4,2,2,1,110
1919,2003,19,1,1,2,1,2,2,52
1921,2005,44,2,1,4,2,2,1,114
1923,2007,31,2,3,4,2,2,2,135
1925,2004,49,1,4,1,1,2,1,88
1927,2006,29,2,1,3,2,1,1,95
1929,2008,26,2,4,3,2,2,1,77
1931,2007,37,2,1,5,2,2,1,116
1933,2006,30,1,1,2,1,2,2,81
1935,2009,35,2,1,3,1,2,1,132
1937,2004,40,2,1,2,1,2,1,117
1939,2005,44,4,4,5,2,2,1,69
1941,2004,65,2,1,2,1,1,1,126
1943,2007,54,2,2,3,1,2,1,102
1945,2009,56,2,1,3,1,2,1,140
1947,2008,48,2,1,4,2,2,1,108
1949,2009,37,4,1,3,1,1,2,58
1951,2005,30,2,1,2,1,2,1,100
1953,2005,46,2,1,5,1,2,2,85
1955,2009,37,2,1,2,1,1,1,132
1957,2005,58,4,2,2,2,2,2,81
1959,2007,52,2,1,3,1,1,1,87
1961,2006,45,2,1,3,2,1,1,158
1963,2008,33,2,1,2,1,2,2,65
1965,2004,51,2,1,3,1,2,2,90
1967,2008,50,2,1,1,1,2,2,47
1969,2006,42,2,1,2,1,1,1,85
1971,2004,46,1,1,3,1,1,1,140
1973,2005,43,2,1,5,2,2,1,148
1975,2003,47,2,1,3,1,2,1,81
1977,2005,47,2,1,5,2,2,2,119
1979,2004,44,2,1,4,2,1,2,71
1981,2008,36,2,3,2,1,2,2,65
1983,2008,39,2,1,2,1,1,2,65
1985,2003,29,2,1,4,2,2,1,126
1987,2005,40,2,1,3,2,2,1,123
1989,2007,20,1,1,3,1,1,1,71
1991,2004,32,2,1,5,2,2,1,113
1993,2003,36,2,1,3,1,2,1,87
1995,2009,31,1,2,3,1,2,1,83
1997,2005,28,2,3,4,1,2,1,131
1999,2005,41,4,4,3,2,1,1,117
2001,2004,54,2,1,4,1,2,1,177
2003,2004,42,2,1,2,1,2,2,119
2005,2003,19,1,1,2,2,1,1,69
2007,2009,59,2,1,3,2,1,2,268
2009,2003,64,1,1,3,2,1,1,100
2011,2003,31,2,1,3,1,2,1,93
2013,2004,37,1,1,3,2,2,1,110
2015,2004,30,2,1,2,1,2,1,88
2017,2005,24,1,1,4,1,2,1,119
2019,2006,26,2,1,2,1,1,2,75
2021,2004,44,2,1,4,2,2,1,114
2023,2008,39,2,1,5,2,2,1,277
2025,2005,48,2,1,5,2,2,1,278
2027,2004,53,1,2,2,1,1,1,81
2029,2004,42,2,3,5,2,2,1,114
2031,2009,44,2,1,5,1,2,1,166
2033,2003,25,1,1,4,2,2,1,85
2035,2004,46,2,1,2,1,1,1,44
2037,2003,52,2,1,3,2,2,2,102
2039,2008,33,2,1,3,2,1,1,88
2041,2007,30,2,2,3,2,2,2,121
2043,2007,38,1,1,3,1,2,1,110
2045,2005,29,1,1,2,2,2,1,80
2047,2008,57,2,3,4,1,1,1,127
2049,2003,50,2,1,4,2,2,1,115
2051,2008,23,1,1,3,1,1,2,99
2053,2006,46,4,1,3,2,2,1,144
2055,2005,61,2,1,4,1,1,1,136
2057,2007,70,2,1,1,2,2,2,101
2059,2009,59,2,1,2,1,1,1,77
2061,2003,57,2,2,2,1,1,1,90
2063,2003,25,1,1,2,1,1,2,87
2065,2005,48,2,1,3,1,2,1,124
2067,2009,52,2,3,5,2,1,2,65
2069,2009,44,5,1,4,2,2,1,132
2071,2004,40,2,1,2,1,2,1,67
2073,2008,43,2,1,4,2,1,1,196
2075,2005,51,2,1,3,1,1,1,166
2077,2003,43,2,3,1,2,2,2,65
2079,2003,42,2,1,2,1,2,1,121
2081,2008,28,2,1,2,1,2,2,102
2083,2003,54,2,1,5,2,2,2,148
2085,2005,34,2,1,5,2,2,1,159
2087,2004,50,2,1,4,2,2,1,110
2089,2005,36,2,1,5,2,2,1,140
2091,2005,36,2,1,4,1,2,1,132
2093,2005,71,3,1,3,1,1,1,119
2095,2006,31,1,3,5,2,2,1,97
2097,2005,43,2,1,5,2,1,1,135
2099,2007,20,1,1,3,1,1,2,72
2101,2007,23,1,1,1,1,2,1,88
2103,2007,42,4,1,2,1,1,2,50
2105,2005,41,2,1,5,2,2,1,149
2107,2009,27,2,1,5,2,2,1,122
2109,2008,29,2,1,3,1,1,2,102
2111,2008,41,4,1,3,1,1,1,100
2113,2003,41,2,2,2,1,1,1,105
2115,2003,22,1,1,3,2,1,2,81
2117,2003,39,2,1,2,1,1,1,74
2119,2008,50,2,1,4,1,2,2,83
2121,2006,49,1,1,4,1,1,1,148
2123,2003,42,2,1,3,2,2,1,119
2125,2008,38,2,2,2,2,2,1,129
2127,2004,55,2,1,4,2,1,2,135
2129,2005,47,1,1,2,1,1,2,80
2131,2007,52,2,4,1,2,2,2,68
2133,2009,56,4,1,4,1,2,2,40
2135,2007,30,2,1,3,2,2,2,132
2137,2005,56,2,1,2,1,1,2,135
2139,2003,46,2,1,2,1,1,1,114
2141,2009,43,2,1,1,2,2,2,126
2143,2003,35,2,1,3,1,1,1,117
2145,2009,58,2,1,2,1,1,1,110
2147,2009,69,2,1,2,1,1,1,81
2149,2006,68,4,1,2,2,1,1,88
2151,2004,52,2,1,3,2,2,1,127
2153,2005,46,1,2,4,2,1,1,105
2155,2007,39,1,1,4,2,2,1,108
2157,2009,66,2,1,4,1,1,2,110
2159,2005,30,2,1,5,1,2,1,117
2161,2006,30,4,1,3,1,2,1,108
2163,2005,43,2,1,2,1,2,2,72
2165,2008,49,2,1,5,1,2,1,161
2167,2005,54,2,1,5,2,2,1,148
2169,2008,48,4,1,5,2,2,1,143
2171,2008,37,5,2,3,2,2,2,97
2173,2007,46,2,1,4,2,1,1,142
2175,2007,53,2,1,2,1,2,2,148
2177,2009,31,1,1,4,1,2,1,110
2179,2006,18,1,1,3,2,2,2,59
2181,2003,49,2,1,4,2,2,1,153
2183,2006,39,2,1,2,1,2,2,81
2185,2003,40,2,1,2,2,1,2,44
2187,2008,37,2,1,2,2,2,1,96
2189,2006,24,2,1,2,1,2,1,102
2191,2007,35,2,1,4,1,2,1,131
2193,2007,27,1,1,2,1,2,2,83
2195,2003,44,1,3,5,2,2,1,131
2197,2008,46,2,1,4,1,2,2,89
2199,2005,40,2,1,3,2,1,2,85
2201,2007,39,2,1,5,2,2,1,166
2203,2008,42,1,1,1,1,1,1,101
2205,2003,37,2,1,2,1,2,1,100
2207,2008,58,2,1,3,2,2,1,123
2209,2005,40,2,3,5,1,2,1,164
2211,2003,27,2,1,2,2,1,1,85
2213,2003,31,2,1,3,2,2,1,75
2215,2008,44,2,1,2,1,2,2,65
2217,2003,38,4,1,2,1,2,1,93
2219,2004,34,2,1,4,2,2,2,138
2221,2005,41,2,1,2,2,2,1,135
2223,2007,20,1,1,1,1,2,2,72
2225,2008,28,1,1,4,2,2,1,179
2227,2009,55,2,1,4,2,2,1,99
2229,2008,38,2,1,4,2,1,2,115
2231,2005,33,1,2,2,1,1,2,74
2233,2009,43,1,1,2,1,1,1,37
2235,2006,50,2,3,4,2,2,1,123
2237,2008,55,2,1,4,2,2,1,88
2239,2005,24,1,2,3,2,2,2,74
2241,2008,41,2,1,4,2,2,1,177
2243,2009,37,4,1,4,2,1,2,119
2245,2005,42,2,1,3,2,1,1,135
2247,2004,25,1,1,4,2,2,1,90
2249,2005,45,2,1,5,2,2,1,148
2251,2009,40,2,1,1,1,2,1,81
2253,2004,43,2,1,5,2,2,1,131
2255,2006,50,2,1,3,1,2,1,177
2257,2003,42,1,1,2,2,1,1,83
2259,2003,38,2,1,2,1,1,1,132
2261,2006,44,4,1,1,1,2,1,83
2263,2007,19,1,1,3,1,1,2,41
2265,2004,44,1,1,3,2,2,1,117
2267,2003,26,1,1,1,1,2,1,74
2269,2005,54,2,1,2,1,1,1,87
2271,2006,32,2,1,4,1,2,1,100
2273,2008,49,2,1,4,2,2,1,142
2275,2005,35,2,1,1,1,2,2,71
2277,2007,34,2,1,1,2,2,2,72
2279,2003,23,1,1,1,1,2,2,55
2281,2008,60,2,3,3,2,1,1,127
2283,2006,54,2,1,5,2,1,1,74
2285,2003,31,2,2,3,2,2,2,140
2287,2006,47,2,1,4,2,2,2,161
2289,2003,48,4,1,2,1,1,2,24
2291,2005,48,2,1,4,2,1,1,115
2293,2004,35,2,1,2,2,1,2,114
2295,2006,55,2,1,5,2,2,1,127
2297,2004,35,2,1,5,2,2,1,138
2299,2009,37,2,3,4,2,2,1,177
2301,2003,27,1,2,2,2,2,2,23
2303,2007,64,2,1,2,2,2,1,90
2305,2003,52,4,1,2,1,1,1,74
2307,2007,47,5,2,1,2,2,2,83
2309,2003,26,1,1,2,1,2,2,57
2311,2005,41,2,1,1,1,2,2,129
2313,2009,22,1,1,2,1,2,1,75
2315,2004,76,2,1,3,1,1,2,74
2317,2006,46,2,1,2,1,1,1,108
2319,2006,39,2,2,3,1,1,1,123
2321,2006,39,2,1,5,1,2,1,278
2323,2004,23,1,1,3,1,1,1,74
2325,2006,49,2,1,3,1,2,1,124
2327,2009,44,2,1,1,1,1,2,88
2329,2006,20,1,1,2,1,2,2,70
2331,2005,43,2,1,5,2,2,1,278
2333,2006,42,2,1,4,2,2,1,148
2335,2009,46,2,1,4,2,2,1,114
2337,2009,33,1,1,4,2,2,1,100
2339,2003,62,2,1,5,2,2,1,268
2341,2006,38,2,1,3,2,1,1,131
2343,2005,43,2,1,4,1,2,2,110
2345,2005,46,4,1,4,2,2,1,278
2347,2006,18,1,1,2,1,2,2,74
2349,2009,63,2,1,5,2,1,2,268
2351,2006,43,1,2,5,1,2,1,120
2353,2009,44,2,1,4,2,2,1,142
2355,2008,53,1,2,3,2,1,1,128
2357,2008,58,1,1,1,2,1,1,90
2359,2003,23,1,1,4,1,2,2,77
2361,2004,50,2,1,4,2,2,1,127
2363,2004,35,1,1,5,2,2,1,119
2365,2006,38,2,1,5,2,1,1,201
2367,2004,36,2,1,2,1,1,1,88
2369,2005,32,2,1,5,2,2,1,148
2371,2003,56,2,1,5,2,2,1,268
2373,2005,41,2,1,3,2,2,2,88
2375,2004,40,1,1,2,1,1,2,100
2377,2004,26,1,1,4,1,2,2,83
2379,2006,26,2,1,2,2,2,1,131
2381,2008,47,4,1,4,2,2,1,109
2383,2007,25,1,2,4,2,2,2,55
2385,2006,58,2,2,3,2,1,2,310
2387,2008,57,2,1,2,2,2,2,83
2389,2003,30,1,1,1,2,2,2,60
2391,2007,44,2,1,4,2,2,1,166
2393,2009,29,2,1,2,1,2,2,80
2395,2007,51,2,1,4,1,1,2,119
2397,2006,37,2,1,1,1,2,2,93
2399,2004,67,2,3,5,2,1,1,161
2401,2009,34,2,1,1,1,2,2,70
2403,2003,50,2,1,5,2,2,1,121
2405,2005,38,2,1,2,1,2,1,161
2407,2008,55,2,1,4,2,2,1,172
2409,2003,27,1,1,3,1,1,1,121
2411,2007,39,2,1,3,1,2,1,135
2413,2007,54,2,1,3,1,1,1,148
2415,2008,55,4,1,5,2,1,1,129
2417,2003,49,2,2,3,2,1,2,135
2419,2003,42,2,1,1,1,1,2,57
2421,2005,39,2,1,4,1,2,2,88
2423,2003,32,1,1,2,1,2,1,68
2425,2005,39,2,1,3,1,2,1,129
2427,2003,50,2,1,5,2,2,1,135
2429,2004,47,2,1,2,1,2,2,94
2431,2003,40,1,1,3,1,2,2,88
2433,2006,51,1,1,3,2,2,1,119
2435,2009,28,2,3,3,1,2,2,69
2437,2007,53,4,1,3,1,2,1,94
2439,2005,54,2,1,3,2,2,1,119
2441,2009,51,2,1,4,2,2,1,92
2443,2008,33,2,1,5,1,2,2,135
2445,2008,55,2,1,4,1,2,2,127
2447,2003,44,2,1,5,1,2,1,101
2449,2009,30,2,1,3,1,2,1,106
2451,2005,40,2,3,5,2,1,1,88
2453,2007,26,2,1,2,1,1,2,100
2455,2006,49,2,3,4,2,1,1,113
2457,2004,43,2,1,5,1,2,1,164
2459,2004,43,1,2,3,1,2,1,83
2461,2008,44,2,1,2,1,2,1,80
2463,2006,32,1,1,4,1,2,2,50
2465,2009,34,2,3,5,2,2,1,153
2467,2009,36,2,3,4,2,1,1,148
2469,2006,51,2,1,1,1,2,1,101
2471,2007,42,2,1,3,2,1,2,96
2473,2003,60,2,1,5,1,1,1,119
2475,2004,36,2,1,2,1,1,2,77
2477,2006,47,2,1,3,1,2,1,119
2479,2004,60,2,1,3,2,1,1,138
2481,2003,22,1,1,2,1,2,2,55
2483,2005,41,1,2,2,1,2,2,65
2485,2003,56,4,1,4,1,2,2,110
2487,2003,44,2,1,2,1,2,1,74
2489,2005,49,2,1,4,1,2,1,106
2491,2006,45,2,1,4,2,2,1,116
2493,2003,25,1,1,3,1,2,2,94
2495,2007,52,2,1,3,1,1,1,119
2497,2003,30,2,1,5,2,2,1,148
2499,2009,29,2,1,2,1,2,2,105
2501,2007,23,2,1,4,2,2,1,80
2503,2007,48,4,1,2,2,2,1,109
2505,2009,44,2,1,2,2,2,2,110
2507,2003,62,2,1,4,1,2,1,127
2509,2006,33,2,1,5,1,2,1,152
2511,2008,51,2,1,2,2,1,1,106
2513,2006,36,2,1,5,2,2,2,201
2515,2005,23,2,1,2,1,1,2,59
2517,2003,51,4,1,2,1,2,1,69
2519,2008,47,2,1,4,1,2,1,177
2521,2003,34,1,1,2,2,1,1,104
2523,2004,34,2,1,2,2,2,1,83
2525,2009,43,2,1,5,2,1,1,201
2527,2006,43,5,1,3,2,2,1,102
2529,2009,40,1,1,4,1,1,1,164
2531,2005,59,2,1,2,2,1,2,105
2533,2008,53,2,1,2,1,2,2,110
2535,2004,32,2,1,2,2,2,1,105
2537,2008,48,2,1,2,1,2,1,108
2539,2008,37,1,1,5,2,2,2,182
2541,2006,20,1,2,3,2,2,2,75
2543,2004,32,2,1,2,2,2,2,61
2545,2004,40,1,1,2,1,2,1,85
2547,2004,48,2,1,3,2,1,1,124
2549,2005,43,2,1,4,2,1,1,177
2551,2009,56,2,3,5,2,2,1,119
2553,2003,55,2,1,5,2,2,2,268
2555,2008,38,1,1,2,1,1,1,89
2557,2006,52,2,1,2,1,1,1,93
2559,2003,40,2,1,5,2,1,2,127
2561,2005,29,2,1,5,2,2,1,115
2563,2007,45,2,1,4,2,2,1,131
2565,2003,39,2,3,1,1,1,2,69
2567,2005,50,2,1,4,1,2,1,182
2569,2003,50,2,1,5,2,2,1,144
2571,2004,57,2,3,5,2,2,1,135
2573,2003,30,2,1,2,1,1,2,63
2575,2005,56,4,2,3,2,2,1,75
2577,2008,43,2,3,5,2,2,1,177
2579,2004,43,2,1,4,2,2,1,105
2581,2005,67,2,2,3,2,1,1,123
2583,2005,50,2,1,2,2,2,1,112
2585,2005,49,2,1,3,2,2,1,112
2587,2004,50,2,1,2,1,1,1,88
2589,2004,59,2,2,4,2,2,1,144
2591,2007,51,2,1,3,1,2,1,117
2593,2005,39,2,1,2,1,2,1,78
2595,2009,54,2,2,3,1,1,1,100
2597,2004,55,2,1,3,2,2,1,123
2599,2005,45,2,1,3,1,2,2,127
2601,2003,54,2,1,3,2,2,1,139
2603,2008,23,1,1,2,1,2,1,127
2605,2003,74,3,2,4,2,1,2,70
2607,2005,52,2,1,2,1,2,2,110
2609,2005,25,1,1,2,1,2,2,71
2611,2008,45,1,1,1,1,2,2,70
2613,2004,37,2,1,3,2,2,1,177
2615,2005,55,2,1,3,1,2,1,114
2617,2004,25,1,1,1,1,2,1,83
2619,2008,66,2,1,4,1,2,1,148
2621,2007,47,1,2,4,2,2,1,161
2623,2005,36,2,2,4,1,2,1,127
2625,2004,63,2,1,2,2,1,1,135
2627,2003,44,2,1,4,1,2,1,161
2629,2009,37,2,1,5,2,2,1,268
2631,2006,32,1,1,4,1,2,1,105
2633,2004,43,2,1,3,2,2,1,135
2635,2009,37,2,1,4,2,2,1,123
2637,2009,26,1,1,2,1,2,2,67
2639,2004,39,2,1,3,2,2,1,92
2641,2008,45,2,1,5,2,2,1,161
2643,2009,40,1,2,4,1,2,1,137
2645,2006,51,2,1,5,2,2,1,153
2647,2009,52,2,2,2,1,2,2,61
2649,2007,43,2,1,2,1,2,1,65
2651,2005,52,2,1,4,1,2,1,114
2653,2005,50,1,1,5,2,2,1,182
2655,2005,54,2,1,4,2,2,2,114
2657,2004,28,2,1,2,1,2,1,97
2659,2003,28,2,1,2,1,2,1,137
2661,2005,26,1,3,4,2,1,2,97
2663,2009,45,4,1,2,1,2,1,81
2665,2003,34,4,1,2,2,2,2,74
2667,2006,73,2,2,2,2,1,1,119
2669,2009,31,1,1,2,1,1,1,114
2671,2005,29,1,1,3,1,2,1,90
2673,2008,40,2,1,5,2,2,1,161
2675,2003,38,2,1,5,2,2,1,180
2677,2004,42,2,1,3,1,2,1,148
2679,2007,50,2,1,2,2,2,1,88
2681,2008,51,2,1,2,1,2,1,59
2683,2009,40,5,1,2,2,2,1,107
2685,2008,25,1,1,4,2,2,2,50
2687,2009,47,4,1,4,1,2,1,144
2689,2009,27,2,1,3,2,2,1,81
2691,2003,53,4,1,4,1,1,2,82
2693,2004,67,2,2,1,2,2,1,88
2695,2008,40,2,3,4,2,1,1,131
2697,2003,44,2,2,4,1,2,1,88
2699,2004,33,1,1,1,1,2,2,81
2701,2004,29,1,1,3,1,2,1,89
2703,2003,32,1,1,5,2,2,1,114
2705,2009,27,1,1,2,2,2,1,105
2707,2003,40,2,1,2,2,2,1,113
2709,2008,36,4,1,2,2,2,2,57
2711,2003,48,1,2,2,2,2,1,88
2713,2004,56,2,1,3,2,2,1,119
2715,2004,24,2,1,1,1,2,2,127
2717,2006,53,2,3,5,1,2,1,135
2719,2008,34,2,1,2,1,2,2,108
2721,2007,61,2,1,3,2,2,2,282
2723,2004,38,2,1,2,1,2,2,48
2725,2007,55,3,1,4,1,1,1,127
2727,2005,70,2,1,4,2,1,2,50
2729,2003,24,1,1,2,1,1,1,81
2731,2006,22,5,1,1,1,2,2,75
2733,2007,38,4,2,4,2,2,1,105
2735,2004,29,2,1,3,1,2,2,80
2737,2006,30,2,1,3,2,2,1,131
2739,2007,38,2,1,5,2,2,1,172
2741,2007,49,5,1,3,2,2,1,97
2743,2009,71,2,1,2,1,2,1,99
2745,2005,32,2,1,2,1,2,2,84
2747,2003,40,2,3,5,2,2,1,299
2749,2004,32,2,1,2,2,2,1,71
2751,2006,33,1,1,3,2,2,1,83
2753,2003,40,2,1,2,1,2,1,74
2755,2005,25,1,2,2,2,2,1,77
2757,2003,36,5,2,3,2,1,2,92
2759,2003,46,2,1,2,1,1,2,142
2761,2009,59,2,1,5,2,2,2,94
2763,2003,49,1,1,5,1,1,2,143
2765,2005,41,2,1,3,1,2,1,92
2767,2007,42,2,3,5,2,2,1,131
2769,2009,59,2,2,3,2,2,2,88
2771,2004,27,1,1,1,1,1,2,76
2773,2006,30,2,1,2,1,2,2,72
2775,2005,54,2,2,2,2,2,1,88
2777,2005,31,1,1,5,2,2,1,81
2779,2007,34,2,1,5,2,2,1,164
2781,2007,47,2,1,2,1,2,1,108
2783,2003,40,2,1,5,2,2,1,133
2785,2007,29,1,1,2,1,2,2,74
2787,2003,58,2,1,1,1,1,1,88
2789,2006,41,2,1,2,1,2,1,119
2791,2004,56,2,1,2,2,1,1,102
2793,2008,52,2,1,2,1,1,1,137
2795,2003,53,2,1,3,1,1,1,119
2797,2003,37,4,1,2,2,1,1,65
2799,2009,30,1,2,3,1,2,2,94
2801,2004,35,2,1,2,2,2,1,138
2803,2006,40,2,1,4,1,1,1,119
2805,2007,54,2,3,2,1,1,2,80
2807,2007,22,1,3,4,2,1,1,63
2809,2005,37,2,1,5,2,2,1,135
2811,2005,39,2,1,2,1,2,2,296
2813,2009,62,2,1,2,2,1,1,110
2815,2007,47,2,1,3,2,1,1,105
2817,2003,51,2,1,5,1,2,1,148
2819,2006,47,4,1,2,1,2,1,100
2821,2003,28,1,1,4,1,2,1,119
2823,2005,65,2,1,2,1,1,1,96
2825,2005,42,2,1,2,2,2,1,114
2827,2007,58,2,1,2,1,1,1,105
2829,2007,32,2,1,3,2,2,1,102
2831,2003,34,2,1,5,2,2,1,146
2833,2007,49,2,1,2,2,2,2,80
2835,2008,39,2,1,5,2,2,1,145
2837,2008,44,2,1,4,1,1,1,76
2839,2009,38,1,1,3,1,2,2,84
2841,2008,48,2,1,5,2,2,1,115
2843,2006,47,2,1,2,1,2,1,106
2845,2009,40,2,4,1,1,2,2,72
2847,2005,27,5,1,1,1,2,1,80
2849,2004,42,2,1,4,2,2,1,104
2851,2004,30,4,1,2,1,2,1,89
2853,2007,31,2,1,5,2,2,1,100
2855,2007,29,2,1,4,2,2,1,113
2857,2006,53,4,1,5,1,2,1,138
2859,2009,37,2,1,1,1,2,2,69
2861,2007,48,2,1,3,2,2,2,109
2863,2009,56,4,1,5,2,2,1,148
2865,2003,44,2,1,3,1,2,1,100
2867,2004,63,2,1,4,2,2,1,118
2869,2003,25,2,1,4,1,2,1,65
2871,2003,31,2,1,4,2,1,2,94
2873,2003,51,2,1,2,1,1,1,99
2875,2007,25,1,1,2,1,2,1,88
2877,2007,50,2,1,3,2,2,1,100
2879,2006,34,2,1,2,1,1,2,109
2881,2004,20,1,1,3,1,2,1,83
2883,2007,30,1,1,2,2,2,1,89
2885,2009,40,2,1,3,1,1,1,97
2887,2006,34,2,1,2,1,1,2,57
2889,2004,57,2,1,2,2,1,1,65
2891,2007,42,2,2,2,2,1,1,89
2893,2003,30,1,1,3,1,2,2,84
2895,2003,37,1,1,3,1,2,1,94
2897,2008,50,2,2,2,1,1,1,85
2899,2009,26,1,1,3,1,2,1,78
2901,2007,59,2,3,2,2,2,1,160
2903,2003,29,1,4,3,1,1,1,133
2905,2009,22,1,1,2,2,2,2,88
2907,2005,54,2,1,2,1,2,1,158
2909,2003,46,2,2,2,1,2,1,119
2911,2008,51,2,1,2,2,2,1,101
2913,2006,35,1,1,3,1,2,2,59
2915,2007,49,2,1,2,2,1,2,85
2917,2003,53,2,1,2,1,2,1,88
2919,2009,61,2,1,3,1,1,1,161
2921,2007,40,2,2,1,2,2,2,70
2923,2003,52,2,1,1,2,1,2,48
2925,2005,40,2,1,4,1,2,1,131
2927,2003,56,2,1,1,2,2,1,85
2929,2008,39,2,1,2,2,2,2,100
2931,2007,30,2,1,2,1,2,1,94
2933,2003,58,2,1,3,1,2,1,131
2935,2007,33,2,3,5,2,2,1,168
2937,2007,51,2,1,5,2,2,1,126
2939,2008,32,1,1,4,2,2,1,148
2941,2009,50,2,2,2,1,2,2,132
2943,2003,26,1,2,3,1,2,2,119
2945,2007,35,2,1,1,1,1,2,110
2947,2006,31,2,1,2,2,2,1,103
2949,2009,31,2,1,4,2,2,1,133
2951,2008,44,2,1,3,1,2,1,155
2953,2007,30,2,1,2,1,2,2,100
2955,2005,27,2,2,1,1,1,2,66
2957,2005,27,1,1,3,1,2,1,88
2959,2009,55,5,1,2,1,1,1,90
