0,2006,18,1,1,1,1,1,2,75
2,2004,24,1,1,4,2,2,2,70
4,2003,45,2,1,3,1,1,1,131
6,2003,43,2,3,4,2,2,1,155
8,2005,50,4,1,2,2,1,1,75
10,2008,54,2,1,4,2,2,1,127
12,2009,44,2,4,3,1,2,1,170
14,2008,30,1,3,3,2,1,1,112
16,2006,41,1,2,3,2,2,1,119
18,2004,52,2,1,2,2,2,1,129
20,2007,45,4,1,3,2,1,1,117
22,2007,34,2,1,2,1,2,2,81
24,2005,35,1,1,2,2,2,1,89
26,2003,39,2,1,4,1,2,1,135
28,2009,54,2,1,2,2,2,1,135
30,2009,51,2,1,3,1,2,1,90
32,2003,37,1,3,4,1,2,2,83
34,2006,50,2,1,5,2,2,2,213
36,2007,56,2,1,4,1,1,1,129
38,2003,37,1,1,3,1,2,1,99
40,2003,38,2,3,4,2,2,2,201
42,2005,40,4,1,2,2,2,2,50
44,2009,75,2,1,4,1,2,1,85
46,2007,40,2,1,4,2,2,2,161
48,2006,38,1,1,2,1,1,2,94
50,2005,49,2,1,5,2,2,1,278
52,2006,43,2,1,2,1,1,1,84
54,2004,34,2,4,2,1,1,1,65
56,2008,57,2,1,2,1,2,2,116
58,2003,18,1,2,2,1,2,1,70
60,2004,55,2,1,5,2,2,1,196
62,2005,51,2,1,3,2,2,1,101
64,2008,33,1,1,5,1,2,2,81
66,2005,34,1,1,2,1,2,2,112
68,2006,36,2,1,4,2,2,1,90
70,2003,56,1,1,5,2,1,1,88
72,2006,70,1,1,4,1,1,1,88
74,2004,25,1,1,4,1,2,1,104
76,2006,32,2,1,3,1,2,2,106
78,2003,27,2,1,1,1,2,2,66
80,2004,28,2,3,4,1,2,2,35
82,2007,27,1,1,4,2,2,1,110
84,2004,43,1,1,1,1,1,2,45
86,2005,50,1,4,1,1,1,1,74
88,2004,39,2,2,2,2,2,2,81
90,2008,52,2,1,5,1,2,1,155
92,2009,35,2,1,4,1,2,1,268
94,2007,57,2,1,5,2,2,1,177
96,2006,25,1,1,1,1,2,2,66
98,2006,33,1,1,2,2,1,1,116
100,2005,57,2,1,5,2,2,2,201
102,2008,71,2,1,3,1,2,1,102
104,2004,43,2,1,4,1,2,1,272
106,2003,23,1,1,3,1,2,2,35
108,2009,30,1,1,5,2,2,1,114
110,2004,22,1,2,2,2,2,1,81
112,2006,59,2,1,5,2,1,1,201
114,2003,28,1,3,4,2,2,1,148
116,2004,61,2,1,2,1,2,1,100
118,2003,34,2,1,2,2,2,1,112
120,2005,43,2,1,4,1,2,1,153
122,2006,54,2,1,3,1,2,2,117
124,2005,69,2,1,2,1,1,1,78
126,2004,41,2,1,3,1,1,1,88
128,2003,48,2,1,5,2,2,1,126
130,2003,49,2,1,3,2,2,1,123
132,2009,42,2,1,2,1,2,1,158
134,2003,37,2,1,4,2,2,1,201
136,2004,55,2,3,2,1,2,1,100
138,2008,21,1,2,2,1,2,2,70
140,2004,58,2,1,2,2,2,1,94
142,2006,31,1,1,2,1,2,2,81
144,2006,25,1,1,2,1,2,1,81
146,2006,32,1,1,3,2,2,1,101
148,2009,40,1,2,1,2,2,1,94
150,2003,44,2,1,5,2,2,2,100
152,2003,60,2,1,4,1,2,1,268
154,2006,23,1,1,1,1,1,1,81
156,2003,63,2,1,2,2,2,2,114
158,2008,44,1,1,1,1,1,2,88
160,2005,47,2,3,5,2,1,1,129
162,2004,61,2,1,3,1,2,1,107
164,2009,55,2,1,5,2,2,2,66
166,2003,24,1,1,1,1,1,2,52
168,2007,42,3,1,2,1,2,1,85
170,2006,25,2,1,2,2,2,1,77
172,2004,34,4,1,2,1,2,2,90
174,2009,53,2,1,1,2,2,2,68
176,2009,53,2,1,4,2,2,1,131
178,2009,70,2,3,5,2,1,2,128
180,2004,47,2,1,4,2,2,1,131
182,2003,46,2,1,2,1,2,1,100
184,2003,33,4,1,1,1,1,1,77
186,2005,34,2,1,5,2,2,1,108
188,2006,22,1,1,2,1,1,2,81
190,2009,74,2,1,2,1,2,1,100
192,2003,40,2,2,3,2,1,1,99
194,2006,45,2,1,4,2,2,1,201
196,2009,43,2,3,4,2,2,1,157
198,2005,33,2,3,4,2,2,1,145
200,2009,62,2,2,4,2,2,1,119
202,2008,37,2,1,4,2,2,1,121
204,2004,54,2,1,2,2,1,1,112
206,2005,34,2,1,3,1,2,2,69
208,2008,50,1,1,4,2,2,1,114
210,2006,46,4,1,3,1,1,1,95
212,2007,41,2,1,1,1,2,2,88
214,2003,63,4,2,3,1,1,1,64
216,2007,38,2,1,3,1,1,1,129
218,2006,35,2,1,3,1,2,1,114
220,2009,29,2,1,4,2,1,1,113
222,2008,66,2,1,1,1,2,1,81
224,2004,37,2,1,2,2,1,1,76
226,2006,39,2,2,2,2,2,1,112
228,2003,42,2,1,2,1,2,2,85
230,2007,51,4,1,2,1,2,1,94
232,2009,55,2,3,5,1,1,1,114
234,2006,51,2,1,5,1,2,1,177
236,2008,38,2,1,5,1,1,1,277
238,2005,49,2,1,2,2,2,1,102
240,2006,42,2,1,2,2,2,2,92
242,2009,43,5,1,1,2,1,2,87
244,2006,38,2,1,4,2,2,1,163
246,2008,59,2,3,2,1,2,1,139
248,2009,57,2,1,3,1,1,1,95
250,2005,25,1,1,2,1,1,2,67
252,2004,49,2,1,4,1,1,1,131
254,2004,41,2,1,1,1,2,1,90
256,2009,38,2,1,2,1,2,1,114
258,2003,61,2,1,5,1,2,1,79
260,2007,49,4,1,2,1,1,1,105
262,2008,52,4,1,5,2,2,1,132
264,2007,43,2,1,5,2,2,1,142
266,2008,60,2,1,4,2,2,1,123
268,2005,46,2,3,5,2,2,1,135
270,2004,21,1,1,2,2,2,2,56
272,2009,61,2,1,4,1,2,1,107
274,2007,32,2,2,5,2,2,1,119
276,2004,58,2,1,2,2,1,1,88
278,2003,35,1,1,2,2,2,1,89
280,2004,26,1,2,2,2,2,1,81
282,2006,32,1,2,2,1,2,2,94
284,2003,37,2,1,2,2,2,1,107
286,2007,22,1,3,2,1,1,2,59
288,2005,51,1,1,2,1,1,2,65
290,2004,44,4,1,5,2,1,1,121
292,2005,35,2,3,5,1,2,1,158
294,2004,60,2,1,2,2,2,1,129
296,2007,40,2,1,4,2,2,1,177
298,2004,35,1,1,1,2,2,2,59
300,2007,35,2,1,5,2,2,2,94
302,2008,47,2,1,2,1,2,1,135
304,2003,43,1,1,4,2,2,1,81
306,2003,33,2,1,1,1,1,1,81
308,2003,60,4,1,5,1,2,1,153
310,2008,38,2,3,5,1,2,1,137
312,2005,53,2,1,2,2,2,2,75
314,2004,55,2,1,3,2,2,1,130
316,2003,57,2,2,2,2,1,2,105
318,2005,64,2,1,4,2,1,2,50
320,2007,43,2,1,2,1,1,1,124
322,2008,35,2,2,3,2,2,1,123
324,2008,54,2,1,2,2,2,2,78
326,2007,45,2,1,2,2,1,1,74
328,2003,58,4,3,4,2,2,1,138
330,2007,48,2,1,4,2,1,2,127
332,2003,46,2,3,1,1,2,1,69
334,2004,46,2,1,2,1,2,1,84
336,2009,55,2,1,1,1,2,1,85
338,2006,51,2,1,3,1,2,1,129
340,2005,49,2,1,3,1,2,1,70
342,2008,34,1,1,3,1,2,1,77
344,2007,53,2,1,3,1,2,2,148
346,2004,40,2,1,3,1,2,1,148
348,2009,50,2,1,3,1,2,1,176
350,2006,37,4,1,1,2,1,1,99
352,2003,39,2,1,3,1,2,1,145
354,2004,52,2,1,4,1,1,1,100
356,2003,50,2,1,2,2,2,1,141
358,2006,48,2,1,4,1,2,1,123
360,2006,47,2,1,2,1,2,1,129
362,2005,27,2,1,4,1,2,1,112
364,2006,39,2,1,2,1,2,1,104
366,2009,44,2,2,2,2,1,1,119
368,2003,37,2,2,3,1,2,1,152
370,2006,52,2,1,2,1,1,2,102
372,2004,26,1,3,3,1,2,1,100
374,2008,39,2,3,5,1,1,1,100
376,2006,25,2,2,2,1,1,2,100
378,2005,31,1,1,4,2,2,2,94
380,2004,58,2,1,3,1,1,1,152
382,2005,30,2,1,4,2,2,1,105
384,2004,27,2,1,1,1,1,1,65
386,2003,40,4,1,2,1,2,1,95
388,2006,55,2,1,5,1,2,1,174
390,2009,35,2,3,5,2,2,1,193
392,2008,48,2,1,2,1,1,2,114
394,2006,29,1,3,4,1,1,1,161
396,2005,25,1,1,3,1,2,1,89
398,2004,40,2,1,3,1,2,1,121
400,2006,27,2,1,1,2,1,2,74
402,2006,44,2,1,2,2,2,1,127
404,2006,49,2,1,3,2,2,1,119
406,2003,22,1,1,3,1,1,2,35
408,2007,45,2,1,3,1,1,1,114
410,2007,33,2,1,3,1,2,2,85
412,2007,63,2,2,5,2,2,1,318
414,2006,49,1,2,4,1,2,1,142
416,2005,39,1,1,5,2,2,1,131
418,2007,25,1,4,1,1,1,2,74
420,2005,29,1,1,5,2,2,1,131
422,2006,37,2,1,2,1,2,1,75
424,2008,35,2,1,5,2,1,1,155
426,2009,46,2,1,2,1,1,1,105
428,2008,58,2,1,4,1,2,1,73
430,2003,39,2,1,5,1,2,1,123
432,2008,41,2,1,4,2,2,1,158
434,2008,29,2,2,4,2,2,1,81
436,2009,37,2,1,4,2,1,1,107
438,2009,62,2,1,2,2,1,2,79
440,2008,27,1,2,2,1,2,1,74
442,2003,37,2,1,2,1,1,1,94
444,2006,56,5,3,4,2,1,2,100
446,2004,36,2,1,3,2,2,1,177
448,2005,23,1,4,2,2,2,2,74
450,2003,46,2,1,3,2,2,1,100
452,2009,26,1,1,3,1,2,2,94
454,2006,43,2,1,1,2,2,1,95
456,2007,36,2,1,2,2,2,1,127
458,2003,54,5,1,3,2,1,1,100
460,2003,62,2,1,2,1,2,1,96
462,2006,40,2,1,2,1,2,1,110
464,2006,53,2,1,3,1,2,1,119
466,2007,48,2,1,5,2,2,1,177
468,2004,23,2,1,4,1,2,2,61
470,2009,34,2,1,2,1,2,1,81
472,2004,43,2,1,4,2,2,2,256
474,2006,55,2,1,2,2,1,1,81
476,2007,59,1,1,2,2,2,1,81
478,2007,60,2,1,2,2,2,2,56
480,2009,49,1,1,2,1,2,1,75
482,2006,45,2,3,3,1,2,1,131
484,2006,31,4,1,2,1,2,2,44
486,2004,34,1,1,4,2,1,1,114
488,2005,26,1,1,5,2,2,1,114
490,2007,22,1,1,2,1,2,2,81
492,2004,40,2,1,2,2,1,2,69
494,2009,41,2,1,3,2,2,1,110
496,2006,36,1,2,3,1,2,1,97
498,2007,38,2,1,1,1,2,2,62
500,2003,48,2,1,2,1,2,2,97
502,2006,47,2,1,3,2,2,1,135
504,2005,47,5,1,1,1,1,2,61
506,2007,35,2,1,4,2,1,2,119
508,2008,49,2,3,2,2,2,1,65
510,2004,40,2,1,3,2,2,1,110
512,2004,32,3,3,4,1,2,2,105
514,2008,57,2,1,4,1,2,1,74
516,2008,56,2,1,4,1,2,1,142
518,2009,73,2,1,1,1,1,2,90
520,2007,29,1,1,2,1,1,1,74
522,2003,49,2,3,5,1,2,1,135
524,2009,30,1,1,2,1,2,1,110
526,2008,29,2,1,2,1,2,1,92
528,2004,36,2,1,3,2,2,2,95
530,2009,39,2,1,5,2,2,1,157
532,2007,48,2,1,4,2,2,1,105
534,2006,45,2,2,4,1,2,1,100
536,2004,50,2,1,4,1,1,2,55
538,2003,42,2,1,4,2,2,1,32
540,2007,58,2,1,3,1,1,2,119
542,2007,48,2,1,2,1,2,1,110
544,2003,48,2,1,4,1,2,1,110
546,2005,45,2,1,3,2,2,1,119
548,2007,41,4,1,3,1,2,1,111
550,2008,27,1,1,2,1,2,1,94
552,2004,44,2,1,2,2,2,1,110
554,2003,32,2,1,4,2,2,1,119
556,2006,46,2,1,1,2,2,1,119
558,2005,52,2,2,2,2,1,2,52
560,2003,22,1,1,3,1,2,2,44
562,2004,53,3,1,2,1,2,1,117
564,2008,34,2,1,5,1,1,1,119
566,2009,38,2,1,2,1,2,1,148
568,2009,42,2,1,1,2,2,1,102
570,2005,25,1,2,3,2,2,1,94
572,2004,29,1,1,3,1,2,1,87
574,2005,28,2,1,5,2,2,1,142
576,2005,46,2,1,4,1,2,1,67
578,2007,55,2,2,5,2,2,1,119
580,2004,56,2,1,2,1,1,2,106
582,2005,41,4,2,2,2,1,1,119
584,2009,61,2,1,5,2,2,2,177
586,2003,47,2,1,2,2,2,1,65
588,2006,52,2,1,3,1,2,1,85
590,2004,27,2,1,2,1,2,2,72
592,2007,33,1,2,3,2,2,1,89
594,2003,58,1,1,2,2,1,1,65
596,2005,27,2,1,4,1,2,1,146
598,2009,52,5,2,2,1,2,1,88
600,2003,45,2,1,5,1,2,2,41
602,2003,22,1,1,2,2,2,1,68
604,2005,25,1,1,3,1,1,1,81
606,2004,25,1,1,2,1,2,1,74
608,2005,41,2,2,1,1,2,1,131
610,2006,54,5,1,4,1,2,1,148
612,2007,23,2,1,2,1,2,1,81
614,2006,36,1,1,5,1,2,1,63
616,2004,31,5,1,3,1,1,1,94
618,2006,52,2,1,2,2,1,1,93
620,2007,46,2,2,2,2,1,2,77
622,2007,45,2,1,2,1,1,1,119
624,2009,40,2,1,2,1,1,2,80
626,2004,33,1,3,4,2,2,1,87
628,2007,42,2,1,4,2,2,1,134
630,2007,41,2,1,4,2,2,1,126
632,2007,25,1,4,2,1,2,1,93
634,2005,24,4,1,2,1,2,1,72
636,2006,24,1,1,3,1,2,2,119
638,2008,51,2,1,2,2,1,2,70
640,2004,41,2,1,2,1,2,2,127
642,2009,42,1,1,4,2,2,1,114
644,2005,30,1,1,4,1,2,1,88
646,2009,55,2,3,1,1,2,2,55
648,2008,23,1,1,2,1,2,1,84
650,2003,60,4,1,4,2,2,2,85
652,2003,40,2,3,5,2,2,1,142
654,2008,41,1,1,2,2,2,1,111
656,2003,80,2,1,2,2,1,1,80
658,2005,53,2,1,2,2,2,1,97
660,2004,40,1,1,2,1,2,2,172
662,2009,35,2,1,3,1,1,1,137
664,2009,55,2,1,1,1,1,1,75
666,2008,24,1,1,2,2,2,1,74
668,2007,39,2,1,4,2,2,1,148
670,2003,30,2,1,5,1,2,1,95
672,2005,68,2,1,2,1,1,1,88
674,2004,54,2,2,2,2,1,1,110
676,2008,27,1,1,4,1,2,2,81
678,2005,34,2,1,2,1,2,1,119
680,2004,53,2,1,5,2,1,1,127
682,2004,48,2,2,5,2,2,2,85
684,2005,59,2,1,2,1,2,1,81
686,2004,30,2,1,3,1,2,2,119
688,2007,45,2,1,5,2,2,1,164
690,2007,39,2,4,4,2,1,1,105
692,2008,45,2,3,4,1,1,2,100
694,2007,43,2,1,5,2,2,1,282
696,2003,30,1,2,5,2,2,1,138
698,2005,57,2,1,4,2,2,1,177
700,2004,53,2,1,4,2,1,1,137
702,2009,42,2,1,4,2,2,1,187
704,2005,23,1,1,2,1,1,2,90
706,2009,58,2,1,2,1,1,2,85
708,2005,43,2,1,1,1,2,1,145
710,2003,33,4,1,5,2,2,1,121
712,2004,56,2,1,4,2,2,1,102
714,2006,37,2,2,4,1,2,2,109
716,2009,41,4,1,5,1,2,2,39
718,2007,33,2,1,3,2,2,1,93
720,2007,50,1,1,5,2,2,1,126
722,2003,43,2,1,5,2,2,1,192
724,2004,53,2,1,4,1,2,1,156
726,2005,37,3,1,3,2,2,1,88
728,2006,20,1,2,3,2,2,2,59
730,2003,26,1,1,3,1,2,1,74
732,2003,29,4,1,4,2,2,2,90
734,2008,57,2,1,4,2,2,1,119
736,2009,47,2,1,3,2,2,1,152
738,2004,54,2,1,5,1,2,2,272
740,2007,38,2,1,1,1,1,2,97
742,2006,23,1,1,3,1,2,2,68
744,2004,31,2,1,2,2,2,1,127
746,2004,43,2,1,4,2,2,1,272
748,2003,33,2,1,5,2,1,2,112
750,2004,48,2,1,2,1,1,1,127
752,2008,33,2,1,2,1,2,1,88
754,2009,52,2,1,4,2,2,1,114
756,2008,30,1,2,3,2,2,2,70
758,2004,44,2,1,2,1,2,1,94
760,2004,38,2,1,2,2,2,1,127
762,2008,51,2,1,2,1,2,1,161
764,2007,47,2,1,3,1,2,1,172
766,2005,28,2,1,4,2,1,1,142
768,2004,52,4,1,3,2,2,1,115
770,2004,23,1,1,1,1,1,2,72
772,2003,65,2,1,1,1,1,2,74
774,2005,27,1,1,4,1,2,1,127
776,2004,33,2,1,1,2,2,2,21
778,2008,49,2,1,2,1,2,1,80
780,2008,27,1,1,3,1,1,1,103
782,2008,48,4,1,2,1,1,1,115
784,2005,38,1,1,3,1,1,1,97
786,2008,58,2,1,3,1,1,2,105
788,2003,40,2,3,5,1,2,2,115
790,2007,46,2,1,2,1,2,2,93
792,2009,53,2,2,3,2,1,1,123
794,2009,25,1,2,5,2,2,1,119
796,2003,42,2,1,3,2,2,1,96
798,2004,40,1,1,2,1,2,1,84
800,2006,35,2,1,2,2,2,1,127
802,2005,50,5,1,2,2,1,2,95
804,2004,34,2,1,3,1,2,1,81
806,2009,48,2,1,2,2,2,1,103
808,2004,49,2,1,5,2,1,1,112
810,2009,41,2,3,4,2,2,2,94
812,2004,37,2,3,4,2,2,1,127
814,2003,58,2,1,3,2,2,1,105
816,2006,28,1,2,2,1,1,2,68
818,2003,33,2,1,2,1,2,1,129
820,2003,50,2,1,3,1,2,1,144
822,2009,38,2,1,2,2,2,1,104
824,2003,48,2,1,2,1,2,1,92
826,2008,30,2,1,3,1,2,1,95
828,2006,49,2,1,5,2,2,2,138
830,2005,44,2,1,4,2,2,1,119
832,2009,50,2,1,2,1,2,1,94
834,2009,58,2,3,4,2,1,1,114
836,2004,45,1,1,4,2,2,1,150
838,2005,44,2,1,3,2,2,2,97
840,2005,35,4,1,4,2,1,2,90
842,2005,59,2,1,2,2,2,2,81
844,2009,45,2,1,2,2,2,2,131
846,2004,51,2,1,4,1,1,1,151
848,2006,61,2,1,3,2,2,2,131
850,2008,45,2,1,2,1,2,1,145
852,2003,34,1,1,4,1,2,1,90
854,2007,33,2,1,4,2,1,2,114
856,2005,45,2,1,2,2,1,1,88
858,2009,50,1,1,5,2,1,1,158
860,2006,50,2,1,2,2,2,1,110
862,2005,39,2,1,3,2,1,2,84
864,2009,26,1,1,4,2,2,1,161
866,2007,49,2,1,2,1,1,2,48
868,2003,20,1,1,2,1,2,2,59
870,2003,31,2,1,4,1,2,2,81
872,2007,49,2,1,2,2,1,1,88
874,2007,56,1,2,2,1,1,1,88
876,2005,61,2,1,4,2,2,1,144
878,2005,56,5,1,2,2,1,1,111
880,2009,51,2,1,4,2,2,2,119
882,2004,42,2,1,1,1,2,1,121
884,2004,45,2,1,4,1,2,1,272
886,2006,30,2,1,5,2,2,1,105
888,2005,48,1,1,4,2,1,2,69
890,2009,33,2,1,5,1,1,1,88
892,2007,50,2,1,3,2,2,1,89
894,2003,31,2,3,5,2,2,1,172
896,2003,48,2,1,4,1,1,1,133
898,2005,35,2,1,5,2,2,1,201
900,2009,47,2,2,3,1,2,1,93
902,2007,45,2,1,4,1,1,1,148
904,2009,52,2,1,2,1,2,1,120
906,2007,46,2,1,2,1,2,1,83
908,2007,47,2,3,4,2,2,2,106
910,2009,49,2,1,2,1,2,1,268
912,2007,36,2,1,1,1,1,2,105
914,2005,51,2,1,4,1,1,2,127
916,2008,46,2,1,2,1,2,1,158
918,2004,37,2,3,4,2,2,2,148
920,2005,23,1,1,3,1,2,1,65
922,2008,43,2,1,4,1,2,1,105
924,2006,34,2,3,4,2,2,1,78
926,2008,58,2,1,2,1,2,1,139
928,2009,44,1,3,4,2,2,1,113
930,2008,61,2,1,4,2,2,2,80
932,2005,40,4,1,1,1,2,2,65
934,2003,37,2,1,3,2,2,1,112
936,2003,33,2,1,2,2,2,2,105
938,2004,38,2,1,3,2,2,1,177
940,2006,41,2,1,2,2,1,1,100
942,2005,30,2,2,2,1,2,1,105
944,2003,51,2,1,1,1,1,1,71
946,2003,39,1,1,3,1,2,1,94
948,2006,56,2,2,3,2,2,1,127
950,2007,44,1,1,2,1,1,2,97
952,2005,51,4,1,5,2,2,1,110
954,2006,35,2,1,2,1,2,2,75
956,2009,27,1,1,2,1,1,2,65
958,2003,47,2,1,3,1,1,1,146
960,2007,51,2,3,3,2,1,2,81
962,2006,41,2,1,2,1,2,2,127
964,2005,63,2,1,1,1,1,2,74
966,2009,61,1,1,2,2,1,2,65
968,2004,46,2,1,2,1,1,1,100
970,2009,33,1,1,3,1,2,2,80
972,2009,35,5,1,1,2,1,2,74
974,2003,28,2,1,5,2,2,1,88
976,2007,50,2,3,3,1,2,2,119
978,2007,41,2,1,5,2,2,1,285
980,2008,23,2,1,4,1,1,2,119
982,2004,45,2,1,3,2,2,1,107
984,2007,63,2,1,5,1,2,1,100
986,2006,59,2,2,3,2,1,1,109
988,2005,30,2,1,4,2,2,1,114
990,2003,30,2,1,5,2,2,1,115
992,2007,45,2,1,2,1,1,2,131
994,2005,42,2,1,2,1,1,1,80
996,2009,57,2,1,1,1,2,1,107
998,2003,52,4,1,3,1,1,2,23
1000,2003,54,2,1,3,2,2,1,115
1002,2005,30,2,1,3,2,2,1,104
1004,2003,47,2,1,4,1,2,1,184
1006,2003,38,1,1,3,2,2,1,314
1008,2003,47,2,1,3,2,1,1,100
1010,2008,39,1,1,4,1,1,1,129
1012,2005,50,2,1,2,1,2,2,88
1014,2003,47,2,1,2,1,2,2,55
1016,2004,45,2,1,2,1,1,1,100
1018,2007,44,2,1,1,2,2,1,119
1020,2003,52,2,1,2,1,2,1,92
1022,2004,42,2,1,4,1,1,2,127
1024,2004,18,1,1,1,1,2,2,42
1026,2006,56,2,1,4,2,2,1,110
1028,2004,50,2,3,5,2,2,2,83
1030,2006,50,2,1,5,2,2,1,278
1032,2006,53,1,1,3,2,1,2,100
1034,2009,38,2,1,5,1,2,1,177
1036,2004,27,1,1,1,2,2,2,84
1038,2004,56,2,1,5,2,2,2,164
1040,2003,50,2,1,5,2,2,1,81
1042,2003,56,2,1,4,1,2,1,131
1044,2007,50,2,1,1,1,1,2,127
1046,2005,49,1,1,2,2,2,2,72
1048,2005,42,1,1,3,1,2,2,105
1050,2009,50,2,1,5,1,1,1,187
1052,2003,53,2,1,4,2,2,1,177
1054,2007,28,2,1,2,1,1,2,140
1056,2003,45,2,1,2,1,1,1,74
1058,2009,24,1,1,2,2,2,2,66
1060,2003,25,1,1,1,1,2,2,81
1062,2004,38,2,1,4,1,2,1,105
1064,2009,47,2,1,4,1,1,1,110
1066,2003,38,2,1,4,1,2,1,155
1068,2007,33,2,1,3,2,2,2,107
1070,2006,39,2,1,5,2,2,1,278
1072,2005,52,4,1,2,1,1,1,88
1074,2005,46,4,1,2,1,2,1,90
1076,2004,42,2,1,2,2,2,1,107
1078,2003,61,2,1,2,1,2,1,57
1080,2005,32,1,1,2,1,2,1,81
1082,2009,42,4,2,2,2,2,1,108
1084,2006,61,2,1,5,2,2,1,196
1086,2009,27,2,1,2,1,2,2,92
1088,2008,45,2,1,5,1,1,1,201
1090,2003,58,2,1,4,2,2,2,32
1092,2007,25,1,1,4,1,2,1,105
1094,2007,34,2,1,1,1,2,2,101
1096,2005,44,2,2,3,2,1,1,85
1098,2007,40,2,1,3,2,2,2,83
1100,2007,51,2,2,4,1,2,2,97
1102,2003,50,2,1,5,2,2,1,121
1104,2009,64,2,1,4,2,1,1,134
1106,2003,54,2,1,3,1,2,1,148
1108,2008,42,1,1,4,2,2,1,105
1110,2007,31,2,3,2,1,1,2,81
1112,2003,25,1,1,4,1,2,1,90
1114,2006,32,2,1,3,1,2,1,107
1116,2007,51,2,1,1,2,1,1,114
1118,2007,75,2,2,1,2,1,2,53
1120,2003,28,2,4,2,1,2,2,88
1122,2009,28,1,1,2,1,2,2,66
1124,2007,32,1,1,5,1,1,1,96
1126,2006,53,2,1,5,2,2,1,272
1128,2008,36,2,1,3,1,1,2,97
1130,2004,43,2,1,5,2,2,1,201
1132,2004,51,2,1,4,1,1,1,123
1134,2005,35,2,2,4,2,2,1,100
1136,2004,46,5,1,2,1,2,2,94
1138,2003,38,2,1,4,1,2,1,81
1140,2004,43,2,3,4,2,2,2,155
1142,2004,39,2,1,2,1,2,2,110
1144,2007,37,4,1,3,1,2,1,123
1146,2008,59,4,1,5,2,1,1,74
1148,2003,33,2,1,4,1,1,2,108
1150,2007,23,1,1,3,1,2,2,74
1152,2006,37,1,1,3,1,2,2,88
1154,2005,40,2,1,2,1,1,2,27
1156,2006,25,2,1,3,2,2,1,94
1158,2008,27,1,1,4,1,2,1,102
1160,2004,47,2,1,5,2,1,1,272
1162,2008,52,2,2,4,1,2,2,94
1164,2007,23,1,1,2,2,2,2,81
1166,2004,33,2,1,4,2,1,2,88
1168,2005,37,1,3,4,2,1,1,110
1170,2008,34,2,1,2,1,1,2,80
1172,2003,51,5,1,2,1,1,1,148
1174,2007,40,4,1,3,1,2,1,148
1176,2007,50,2,1,2,2,1,1,81
1178,2005,64,2,1,3,1,2,1,119
1180,2008,54,2,1,1,1,1,1,80
1182,2003,50,2,2,2,2,2,1,92
1184,2004,32,2,1,4,2,2,1,109
1186,2004,37,2,2,4,2,1,1,105
1188,2006,19,1,1,1,1,2,2,65
1190,2006,32,2,1,2,1,2,1,77
1192,2004,42,2,1,3,1,1,1,100
1194,2009,26,1,1,3,1,1,2,100
1196,2009,46,2,1,5,2,2,1,158
1198,2009,18,1,1,1,1,1,2,50
1200,2005,43,2,1,2,2,1,1,90
1202,2003,62,2,1,3,1,2,1,112
1204,2008,44,2,1,2,1,2,1,148
1206,2005,40,2,1,3,2,1,1,133
1208,2006,43,2,1,2,1,1,1,135
1210,2004,32,1,3,4,1,2,1,119
1212,2006,48,1,2,2,2,2,1,88
1214,2009,35,2,1,3,2,2,1,110
1216,2006,61,2,1,3,2,1,1,131
1218,2006,47,2,1,1,1,2,1,89
1220,2005,55,4,1,2,2,2,1,103
1222,2008,28,4,4,2,1,2,1,77
1224,2008,52,2,1,5,1,1,2,150
1226,2009,27,1,2,5,2,2,1,103
1228,2006,22,2,2,3,2,2,1,90
1230,2006,20,1,1,2,1,1,2,70
1232,2006,42,2,1,2,2,1,1,107
1234,2007,29,2,1,4,1,2,2,88
1236,2003,31,1,1,4,2,1,1,110
1238,2008,59,4,1,3,2,1,1,152
1240,2008,36,2,1,5,1,2,1,148
1242,2007,32,2,1,1,1,1,2,67
1244,2005,32,1,1,3,2,1,1,104
1246,2006,25,1,1,3,2,2,1,100
1248,2008,43,2,1,3,2,2,2,135
1250,2008,44,1,1,2,1,1,2,44
1252,2009,57,2,1,3,1,2,2,117
1254,2006,49,2,2,4,2,2,1,142
1256,2007,41,2,1,2,2,2,1,144
1258,2006,38,2,1,4,1,2,1,135
1260,2004,58,2,1,1,2,1,1,119
1262,2004,59,2,3,5,2,2,2,189
1264,2005,39,2,1,5,2,2,1,161
1266,2006,60,2,1,3,1,1,1,96
1268,2007,56,2,1,2,2,1,1,111
1270,2008,44,2,1,3,1,2,1,148
1272,2008,70,2,2,3,2,2,1,100
1274,2009,27,1,1,4,2,2,2,81
1276,2004,47,2,1,2,1,1,2,119
1278,2003,41,2,1,3,1,2,2,127
1280,2008,29,2,1,3,1,2,1,105
1282,2009,42,2,1,1,1,2,1,113
1284,2007,51,4,1,4,2,1,1,282
1286,2009,47,2,1,2,1,2,1,114
1288,2008,48,2,2,2,1,1,1,112
1290,2003,39,2,1,2,1,2,2,135
1292,2005,23,1,1,2,1,2,1,75
1294,2007,31,2,1,3,1,2,2,120
1296,2005,59,2,1,2,1,1,1,119
1298,2003,19,1,1,1,1,2,2,27
1300,2009,42,2,1,5,2,2,1,182
1302,2004,35,2,3,2,1,2,2,65
1304,2007,38,2,1,5,2,1,1,142
1306,2006,45,2,1,3,2,2,1,114
1308,2008,58,2,1,5,1,2,2,136
1310,2006,26,1,1,3,2,2,1,117
1312,2003,30,1,3,2,2,2,2,100
1314,2006,54,5,1,5,2,2,1,278
1316,2008,38,2,1,2,1,2,1,94
1318,2005,44,2,3,2,1,2,1,94
1320,2003,52,2,1,4,2,2,2,96
1322,2004,73,4,1,2,1,1,1,75
1324,2006,65,2,1,5,2,2,1,105
1326,2003,28,2,1,4,2,1,2,95
1328,2009,53,2,1,1,1,1,1,55
1330,2006,53,2,1,3,2,2,1,89
1332,2008,52,2,1,4,2,2,1,145
1334,2009,27,1,1,2,2,2,1,97
1336,2003,57,2,1,1,1,2,1,131
1338,2004,32,1,1,4,2,2,1,84
1340,2007,51,1,1,2,2,1,1,148
1342,2008,43,2,1,2,2,2,1,50
1344,2004,50,2,1,3,1,2,1,142
1346,2004,53,2,1,3,2,2,1,115
1348,2007,54,2,3,1,1,1,2,65
1350,2007,24,1,1,2,1,2,1,85
1352,2008,40,2,1,2,2,1,1,102
1354,2003,30,2,1,4,1,1,1,95
1356,2003,45,2,1,4,2,2,1,100
1358,2007,55,4,1,4,1,2,1,147
1360,2003,45,1,1,5,2,2,1,140
1362,2004,44,1,2,4,2,2,1,110
1364,2004,37,3,1,4,2,2,1,127
1366,2008,41,2,1,1,1,1,1,115
1368,2007,44,2,1,2,1,1,2,59
1370,2007,52,1,1,2,1,2,1,77
1372,2009,55,2,1,4,2,2,1,142
1374,2003,43,2,1,2,1,2,1,71
1376,2009,27,1,3,5,2,2,1,201
1378,2006,43,2,1,2,2,2,1,97
1380,2007,46,2,1,2,1,1,1,100
1382,2003,30,2,1,3,2,1,1,187
1384,2003,43,2,1,1,1,2,1,81
1386,2005,48,2,1,3,1,2,1,161
1388,2003,33,1,2,1,1,2,2,64
1390,2008,29,1,1,3,1,2,1,88
1392,2005,24,1,1,2,2,2,2,74
1394,2009,52,2,1,3,1,2,1,145
1396,2005,50,2,1,5,1,2,2,142
1398,2005,24,1,1,2,1,2,2,77
1400,2003,42,1,1,3,1,2,1,124
1402,2004,53,2,1,4,1,2,1,119
1404,2008,49,2,1,5,2,2,1,279
1406,2004,46,2,1,1,1,1,2,55
1408,2008,40,2,1,3,1,2,1,155
1410,2003,41,1,3,5,2,2,1,180
1412,2006,41,2,1,4,2,2,1,119
1414,2009,36,2,1,3,1,2,2,88
1416,2003,34,2,2,3,2,1,2,92
1418,2004,24,1,1,3,2,2,2,59
1420,2008,44,2,1,4,1,2,1,124
1422,2007,33,2,2,4,2,2,2,110
1424,2007,25,1,1,2,1,2,1,94
1426,2005,40,2,1,2,1,2,2,117
1428,2007,48,1,3,2,1,2,2,65
1430,2005,56,2,1,2,1,1,2,97
1432,2005,25,1,1,4,1,2,2,118
1434,2005,44,2,1,4,1,2,1,142
1436,2003,27,1,1,3,2,2,1,116
1438,2006,58,2,1,1,1,1,1,75
1440,2008,52,4,2,4,2,2,1,95
1442,2007,60,1,1,5,1,1,1,112
1444,2008,39,2,1,3,2,2,1,104
1446,2004,51,2,1,4,1,2,1,147
1448,2007,31,1,1,3,2,2,1,88
1450,2005,45,3,1,2,1,2,2,119
1452,2005,43,1,1,4,2,2,1,101
1454,2008,45,2,1,4,1,2,1,121
1456,2004,40,2,1,3,2,2,1,194
1458,2008,46,2,1,2,1,2,1,119
1460,2009,51,2,1,5,2,2,1,268
1462,2006,47,4,1,4,2,2,1,174
1464,2004,52,2,1,5,2,2,1,134
1466,2003,31,4,1,2,2,2,1,155
1468,2007,40,2,2,4,2,2,1,155
1470,2009,26,1,1,4,2,2,1,119
1472,2004,49,2,1,2,1,2,2,95
1474,2009,38,4,1,3,1,1,2,110
1476,2005,50,2,4,1,2,1,2,112
1478,2006,63,2,1,3,1,2,1,135
1480,2008,35,2,1,1,1,2,2,86
1482,2008,29,1,1,2,2,2,2,119
1484,2008,33,2,1,2,1,1,1,88
1486,2007,29,2,1,2,1,2,2,93
1488,2007,62,4,1,4,2,2,1,110
1490,2008,45,2,1,5,2,2,1,125
1492,2003,56,2,1,1,1,2,1,128
1494,2003,58,2,1,1,1,1,2,97
1496,2007,39,2,1,5,1,2,1,198
1498,2005,49,2,1,3,1,2,1,93
1500,2004,24,1,1,4,2,2,2,94
1502,2003,61,4,1,2,1,2,1,148
1504,2008,58,2,1,4,1,2,1,80
1506,2009,47,2,3,3,2,2,2,119
1508,2004,41,5,1,4,2,2,1,88
1510,2008,71,2,1,1,2,1,1,94
1512,2006,47,2,1,3,1,2,1,150
1514,2005,38,2,1,4,1,1,1,177
1516,2005,31,1,1,4,1,2,1,74
1518,2007,56,2,3,4,2,2,1,125
1520,2006,44,1,1,4,2,2,1,278
1522,2003,33,2,1,4,2,2,1,108
1524,2005,36,1,1,4,1,2,2,61
1526,2006,31,2,1,4,2,2,1,92
1528,2004,55,2,1,3,2,2,1,110
1530,2005,48,2,1,4,2,2,2,67
1532,2005,50,2,1,3,2,2,1,114
1534,2006,42,2,1,4,2,2,2,171
1536,2008,25,1,1,3,2,2,1,131
1538,2008,55,2,1,2,1,1,1,127
1540,2004,28,1,1,5,1,2,1,117
1542,2003,30,2,4,1,2,1,2,123
1544,2008,46,1,2,4,1,2,1,121
1546,2004,48,4,1,5,2,1,1,131
1548,2006,42,4,1,3,1,2,1,81
1550,2008,23,2,1,4,1,2,2,37
1552,2003,60,2,1,5,1,2,2,105
1554,2008,34,2,2,1,2,2,1,74
1556,2003,45,2,1,4,1,2,1,129
1558,2007,28,1,1,3,1,1,2,84
1560,2004,33,2,1,5,2,2,1,186
1562,2008,58,2,1,2,2,2,1,106
1564,2008,47,2,1,5,2,2,1,164
1566,2003,24,1,1,3,1,2,2,63
1568,2008,56,2,1,4,1,2,2,135
1570,2004,56,2,1,4,1,2,1,121
1572,2005,23,1,4,4,2,1,1,94
1574,2003,56,2,1,5,2,1,1,132
1576,2003,45,2,1,4,2,2,1,133
1578,2009,58,2,1,3,2,2,1,145
1580,2007,30,2,3,5,2,2,1,119
1582,2009,46,2,1,5,1,2,2,150
1584,2004,48,2,1,5,1,2,1,279
1586,2006,50,4,1,2,1,1,1,98
1588,2008,43,1,1,4,2,2,1,100
1590,2006,37,2,1,1,1,2,2,94
1592,2003,49,4,1,3,2,2,2,177
1594,2009,31,2,3,4,2,2,1,166
1596,2009,54,2,3,2,1,2,1,94
1598,2007,52,2,1,4,2,2,1,140
1600,2003,70,2,1,2,1,1,2,78
1602,2005,30,2,1,5,2,2,1,142
1604,2006,44,2,1,2,1,2,1,116
1606,2003,34,2,3,4,2,2,1,148
1608,2007,38,2,1,2,1,2,2,88
1610,2006,28,5,1,1,1,1,1,90
1612,2005,38,2,1,3,1,2,1,142
1614,2003,39,2,1,2,1,1,2,63
1616,2008,52,1,1,4,2,1,1,65
1618,2004,34,1,1,4,1,2,1,152
1620,2003,33,2,1,4,2,2,1,123
1622,2007,45,2,1,4,1,1,1,119
1624,2006,58,2,1,2,1,1,2,80
1626,2003,38,2,1,2,1,2,2,104
1628,2007,63,2,1,4,1,1,2,56
1630,2007,38,2,1,5,2,2,1,100
1632,2007,31,2,1,3,1,2,2,100
1634,2007,53,2,1,4,2,2,1,193
1636,2009,21,1,2,2,2,1,1,103
1638,2006,38,2,1,4,2,2,1,165
1640,2004,18,1,1,1,1,1,1,70
1642,2008,28,1,1,3,1,2,1,100
1644,2003,33,1,1,4,2,2,1,114
1646,2004,32,2,1,3,1,2,2,100
1648,2009,29,1,1,2,2,2,1,95
1650,2005,28,2,1,1,1,1,1,83
1652,2005,42,2,1,5,2,2,1,117
1654,2007,28,3,1,1,2,1,2,55
1656,2009,36,2,1,5,2,2,1,138
1658,2007,47,2,1,2,2,2,1,131
1660,2007,53,2,1,5,2,2,1,282
1662,2003,48,2,1,5,2,2,1,164
1664,2006,36,2,1,5,1,2,1,179
1666,2007,55,2,1,3,2,2,1,126
1668,2008,37,2,1,1,1,1,2,70
1670,2009,68,2,1,4,2,1,1,118
1672,2003,65,2,4,2,1,2,2,71
1674,2007,37,1,1,4,2,2,2,114
1676,2007,33,2,1,4,2,2,1,138
1678,2003,19,1,1,2,2,2,2,55
1680,2004,50,2,1,4,2,2,1,94
1682,2004,22,1,1,3,1,1,2,80
1684,2004,40,2,1,3,2,2,1,89
1686,2008,45,2,1,3,1,2,2,117
1688,2009,36,2,1,5,1,2,2,127
1690,2005,37,2,3,1,1,2,2,81
1692,2003,24,1,1,2,1,1,2,52
1694,2007,66,2,2,1,2,2,1,100
1696,2004,35,2,3,1,1,1,2,63
1698,2009,33,1,1,4,2,2,1,196
1700,2005,44,2,1,3,1,1,1,102
1702,2004,48,1,1,3,2,2,1,108
1704,2009,47,2,1,2,2,2,2,51
1706,2004,41,2,1,3,1,2,1,100
1708,2005,55,2,1,4,2,2,1,63
1710,2008,74,4,2,5,2,2,2,148
1712,2007,33,1,1,4,2,2,1,100
1714,2003,62,2,1,5,2,1,1,131
1716,2004,56,4,1,2,1,1,1,102
1718,2006,29,1,1,5,2,2,1,100
1720,2009,56,1,2,1,2,1,2,80
1722,2009,47,2,2,5,2,2,1,161
1724,2005,45,2,1,2,2,2,1,135
1726,2007,44,2,1,4,2,2,1,161
1728,2004,25,1,1,4,2,2,1,92
1730,2005,45,4,2,3,2,2,2,75
1732,2005,40,2,1,4,2,2,1,136
1734,2003,56,2,1,2,2,1,1,135
1736,2005,56,2,3,3,2,2,1,82
1738,2003,47,2,3,4,1,2,1,177
1740,2007,39,2,1,2,1,2,1,119
1742,2005,38,2,1,3,2,2,1,121
1744,2009,48,2,1,2,1,2,2,94
1746,2005,44,2,2,2,1,1,2,100
1748,2003,42,2,1,5,2,2,2,124
1750,2009,55,2,1,2,1,2,1,119
1752,2006,61,1,1,5,1,2,2,83
1754,2006,39,2,1,2,1,1,1,81
1756,2005,30,2,2,3,1,2,2,105
1758,2009,49,4,1,2,1,1,1,100
1760,2006,33,2,1,4,2,2,1,136
1762,2006,31,2,1,1,1,1,2,81
1764,2005,35,1,3,2,1,2,1,69
1766,2003,55,2,1,2,1,2,1,81
1768,2008,36,2,1,2,1,2,1,114
1770,2003,37,2,1,2,1,2,2,118
1772,2006,33,2,1,2,1,2,1,100
1774,2006,48,2,1,2,1,1,1,119
1776,2004,47,2,3,3,1,2,1,119
1778,2003,60,2,1,3,2,1,1,123
1780,2004,28,1,1,4,2,1,1,110
1782,2005,28,2,1,3,2,2,1,103
1784,2005,48,2,1,4,2,2,1,164
1786,2009,29,2,1,5,2,2,2,117
1788,2004,40,1,1,2,1,1,1,92
1790,2009,32,1,1,5,2,2,1,100
1792,2004,33,4,1,2,2,2,2,55
1794,2003,40,4,1,2,1,2,1,102
1796,2004,42,2,1,3,1,2,1,148
1798,2003,36,2,1,2,1,2,2,115
1800,2004,39,2,2,1,1,1,2,74
1802,2009,44,2,1,5,2,2,1,268
1804,2009,43,2,1,2,1,2,2,129
1806,2008,44,2,1,1,1,2,1,96
1808,2006,29,2,3,5,2,2,1,88
1810,2007,49,2,2,3,2,2,1,105
1812,2007,47,2,2,3,2,2,1,131
1814,2004,46,2,3,5,2,2,1,191
1816,2006,41,4,1,1,1,2,1,118
1818,2008,52,2,1,2,2,1,2,80
1820,2003,43,4,1,2,2,2,1,72
1822,2004,38,2,1,5,2,2,1,148
1824,2003,42,2,1,3,2,2,1,74
1826,2005,56,2,2,4,1,2,2,119
1828,2003,39,2,1,2,1,2,1,129
1830,2005,29,2,2,3,2,2,1,88
1832,2009,33,2,1,5,2,2,1,268
1834,2004,33,2,1,2,1,2,2,105
1836,2004,41,2,1,2,2,2,2,93
1838,2004,44,1,2,1,2,1,1,70
1840,2005,45,2,1,5,2,2,1,201
1842,2004,58,2,1,2,2,2,1,103
1844,2005,29,2,1,3,1,2,1,103
1846,2004,42,4,1,2,1,2,2,65
1848,2008,68,2,1,2,1,2,1,110
1850,2005,47,2,1,5,2,1,1,127
1852,2005,30,2,2,4,2,2,2,94
1854,2005,39,2,1,1,2,2,2,68
1856,2008,42,2,1,4,1,2,1,126
1858,2006,49,2,1,3,1,2,1,165
1860,2009,36,1,1,2,1,1,1,81
1862,2003,44,2,3,2,2,1,1,113
1864,2009,54,2,1,2,2,2,1,77
1866,2003,42,2,1,2,1,1,1,75
1868,2003,39,2,1,4,1,2,1,129
1870,2008,30,2,3,2,2,2,2,59
1872,2004,33,1,2,2,2,2,2,64
1874,2003,28,2,1,2,2,2,1,84
1876,2003,38,2,1,2,1,2,1,94
1878,2005,30,2,4,3,1,2,1,83
1880,2008,25,1,1,5,1,2,1,119
1882,2007,52,2,2,2,2,2,1,81
1884,2007,26,2,1,2,1,1,2,67
1886,2009,54,2,1,4,1,2,1,166
1888,2005,62,2,1,4,2,2,2,100
1890,2009,57,2,3,5,2,1,1,142
1892,2003,32,2,1,4,1,2,1,143
1894,2003,60,2,1,2,1,2,1,35
1896,2004,40,2,1,4,2,2,1,110
1898,2005,49,2,1,2,1,2,2,111
1900,2006,54,2,1,4,1,2,1,132
1902,2009,48,1,1,5,2,2,1,148
1904,2009,35,1,1,1,1,2,1,74
1906,2009,46,4,1,2,2,1,1,144
1908,2007,42,2,1,2,1,2,1,100
1910,2004,58,2,1,4,2,2,1,272
1912,2003,30,1,1,4,2,2,1,201
1914,2008,27,1,1,2,1,2,1,85
1916,2008,55,2,1,1,1,2,1,110
1918,2004,50,2,1,2,1,2,2,61
1920,2006,55,4,1,2,1,1,1,119
1922,2006,40,2,1,3,1,2,1,146
1924,2005,32,2,1,2,2,1,2,113
1926,2006,27,2,1,2,1,1,1,107
1928,2007,49,2,1,3,2,2,1,107
1930,2007,50,2,1,4,2,1,1,127
1932,2006,50,2,1,1,1,1,1,88
1934,2008,44,2,1,5,2,2,1,144
1936,2007,57,2,3,5,2,1,1,160
1938,2008,72,2,2,5,1,1,2,88
1940,2006,23,1,1,1,1,1,2,65
1942,2007,31,1,1,5,2,2,1,177
1944,2008,36,2,1,2,2,2,2,55
1946,2009,63,2,2,3,1,2,1,110
1948,2006,48,2,1,1,1,1,2,82
1950,2005,46,2,1,4,1,2,2,114
1952,2003,55,2,1,4,1,2,1,143
1954,2007,44,2,1,5,2,2,1,161
1956,2006,44,2,1,3,1,2,1,94
1958,2004,32,2,4,1,1,1,2,55
1960,2003,60,2,1,1,1,2,1,74
1962,2004,42,2,1,5,2,2,1,161
1964,2009,48,2,2,5,2,2,1,148
1966,2008,36,2,1,1,1,2,2,88
1968,2009,31,2,1,2,1,1,1,102
1970,2006,54,2,1,2,2,2,1,112
1972,2007,29,2,1,3,1,2,1,107
1974,2003,46,4,1,3,1,2,2,126
1976,2003,35,4,1,2,1,2,2,110
1978,2009,50,2,1,1,2,1,1,93
1980,2005,25,2,1,3,1,2,1,55
1982,2005,33,1,1,3,2,1,2,96
1984,2008,34,2,1,2,1,2,1,114
1986,2006,51,2,2,2,1,1,1,94
1988,2004,33,2,1,2,1,2,1,95
1990,2007,59,2,1,3,2,2,1,139
1992,2006,62,5,2,1,1,2,1,81
1994,2005,28,5,1,2,1,2,1,94
1996,2008,40,2,1,3,2,1,1,88
1998,2003,52,2,1,5,1,2,1,138
2000,2007,29,2,1,2,1,2,2,89
2002,2007,34,2,1,1,1,2,1,93
2004,2004,25,1,1,2,1,2,2,55
2006,2005,66,2,1,4,1,2,1,94
2008,2005,43,2,1,2,2,1,1,69
2010,2007,45,2,2,2,2,2,2,93
2012,2006,35,2,1,5,2,2,1,114
2014,2005,43,2,1,2,2,2,1,110
2016,2007,49,2,1,4,2,2,1,110
2018,2004,60,1,2,1,2,1,1,77
2020,2003,46,2,1,2,2,2,2,94
2022,2009,55,2,1,2,1,2,1,102
2024,2006,32,2,1,3,1,2,1,119
2026,2007,53,2,1,2,1,2,2,133
2028,2009,57,2,1,4,2,2,1,157
2030,2007,51,2,1,5,2,1,1,282
2032,2004,59,2,1,5,2,2,1,182
2034,2006,45,2,1,3,2,1,1,119
2036,2006,56,1,1,2,1,1,1,72
2038,2005,30,2,1,2,1,2,1,85
2040,2006,21,1,1,2,1,2,2,72
2042,2003,60,2,1,4,1,2,1,138
2044,2007,60,2,1,2,2,2,1,102
2046,2007,48,4,1,1,1,2,1,110
2048,2003,39,4,1,4,2,2,2,88
2050,2009,32,1,1,3,2,2,1,115
2052,2007,51,2,2,5,2,2,1,192
2054,2006,47,2,1,4,1,2,2,87
2056,2007,44,2,1,2,2,1,1,76
2058,2008,46,2,1,2,1,2,1,166
2060,2004,28,1,1,4,1,2,1,57
2062,2003,24,1,1,4,2,2,2,100
2064,2006,37,2,1,2,1,2,2,93
2066,2006,31,2,1,2,1,2,1,100
2068,2004,72,2,1,2,2,1,1,93
2070,2008,50,2,1,3,1,1,1,102
2072,2007,36,2,1,3,1,2,1,145
2074,2006,27,1,2,2,1,2,1,77
2076,2009,27,2,1,3,1,2,1,90
2078,2004,41,2,1,4,1,2,2,127
2080,2008,20,1,1,3,2,2,2,83
2082,2008,49,2,2,2,1,2,1,100
2084,2007,25,1,1,2,1,2,1,64
2086,2006,41,2,3,1,1,1,1,89
2088,2009,53,1,1,2,1,1,1,88
2090,2009,45,2,1,4,1,1,2,127
2092,2003,32,2,1,1,1,2,2,67
2094,2005,47,2,1,3,2,2,1,148
2096,2003,26,2,1,2,1,2,1,123
2098,2009,31,2,2,3,2,2,1,133
2100,2007,32,2,3,5,2,2,1,119
2102,2006,50,4,1,5,2,2,1,120
2104,2007,46,2,1,2,1,2,1,115
2106,2006,47,2,1,5,2,2,1,113
2108,2005,55,2,1,3,1,1,1,119
2110,2005,49,2,1,4,1,2,1,148
2112,2004,25,2,1,2,1,2,1,61
2114,2008,60,2,1,2,2,2,2,96
2116,2008,62,2,1,2,1,2,1,89
2118,2003,63,5,2,2,2,2,1,128
2120,2004,31,1,1,5,2,2,1,129
2122,2006,29,2,1,4,1,2,1,110
2124,2008,51,2,1,2,1,2,1,114
2126,2007,28,2,3,2,1,2,2,76
2128,2005,36,1,1,3,2,1,1,123
2130,2007,28,1,1,3,2,2,1,100
2132,2004,38,2,1,4,2,2,1,103
2134,2008,35,2,1,3,1,2,1,96
2136,2005,46,4,1,3,1,2,1,117
2138,2007,37,2,1,3,2,2,2,90
2140,2005,41,4,2,3,2,2,1,105
2142,2006,59,2,2,3,1,1,2,74
2144,2006,51,2,1,3,1,1,2,108
2146,2006,26,1,2,2,1,2,1,100
2148,2003,34,2,2,3,1,2,1,60
2150,2004,32,2,1,2,2,2,1,123
2152,2007,23,1,1,3,1,2,1,81
2154,2004,50,2,1,2,2,2,1,143
2156,2009,25,1,1,1,1,2,1,69
2158,2004,43,2,1,2,1,2,1,79
2160,2009,36,2,2,3,1,2,1,129
2162,2006,50,2,1,2,2,1,2,55
2164,2006,34,5,2,2,2,2,1,135
2166,2005,34,1,1,2,1,2,2,105
2168,2005,55,2,3,5,2,2,1,278
2170,2003,39,2,2,2,1,1,2,78
2172,2004,40,2,1,1,1,1,1,83
2174,2005,32,2,1,3,2,1,1,117
2176,2006,63,2,1,2,2,1,1,119
2178,2004,38,1,1,2,1,2,2,110
2180,2008,67,2,3,2,1,1,2,59
2182,2005,39,2,1,2,1,2,1,116
2184,2003,31,2,3,2,1,1,2,61
2186,2006,41,1,1,3,2,2,1,114
2188,2003,47,2,1,1,1,2,1,78
2190,2009,61,2,1,2,1,2,1,122
2192,2005,61,2,1,5,1,2,1,148
2194,2008,21,2,4,2,1,2,2,55
2196,2004,22,1,1,4,1,1,2,66
2198,2003,53,2,1,4,1,2,1,127
2200,2004,47,2,1,4,1,2,2,81
2202,2005,36,2,1,3,1,2,1,128
2204,2007,36,1,1,2,1,2,2,88
2206,2005,42,2,1,2,1,2,1,123
2208,2004,54,4,1,3,1,2,2,105
2210,2004,27,2,1,3,1,1,1,88
2212,2004,36,2,1,2,1,2,1,132
2214,2006,35,1,1,2,2,1,2,74
2216,2003,60,2,1,2,1,2,1,105
2218,2005,42,5,1,2,1,1,1,92
2220,2008,41,2,2,5,2,2,1,123
2222,2004,35,1,2,3,1,1,1,132
2224,2006,34,1,2,5,2,2,1,310
2226,2007,22,1,1,2,1,1,1,71
2228,2007,47,2,1,2,1,2,2,85
2230,2004,59,2,1,2,1,2,1,103
2232,2007,29,1,1,3,2,2,1,104
2234,2006,32,1,1,1,2,2,1,94
2236,2003,49,2,1,4,1,2,1,129
2238,2009,30,1,1,3,2,2,1,106
2240,2003,33,1,3,2,1,1,1,99
2242,2007,51,2,1,2,1,1,1,133
2244,2003,37,2,1,2,1,2,2,78
2246,2003,46,2,1,3,1,2,1,131
2248,2007,63,2,1,5,2,2,1,110
2250,2005,41,2,1,2,1,2,2,96
2252,2005,40,2,1,2,1,1,1,110
2254,2007,46,2,1,5,2,2,1,282
2256,2005,45,4,1,2,2,2,1,94
2258,2008,48,1,1,4,1,2,1,201
2260,2007,28,2,1,3,2,2,2,88
2262,2009,65,4,2,2,1,1,2,88
2264,2005,50,1,1,2,1,2,2,97
2266,2008,53,2,1,2,1,2,2,108
2268,2007,48,2,3,2,1,2,2,96
2270,2003,30,2,1,3,2,2,2,110
2272,2006,37,2,1,2,2,2,1,87
2274,2004,51,2,1,4,2,2,1,89
2276,2008,55,2,1,5,2,2,1,166
2278,2004,35,2,1,2,2,2,1,95
2280,2006,33,2,1,2,1,2,1,122
2282,2008,41,4,1,4,2,1,1,132
2284,2003,34,2,1,5,2,2,1,96
2286,2006,33,2,1,2,1,2,2,89
2288,2008,49,1,1,1,1,2,1,81
2290,2006,62,2,1,5,2,2,1,74
2292,2004,31,1,2,1,2,1,1,110
2294,2007,43,4,1,1,2,2,2,100
2296,2008,43,2,2,4,2,2,1,134
2298,2004,43,1,1,3,2,2,1,92
2300,2009,48,2,1,4,2,1,2,110
2302,2003,48,2,1,2,2,2,2,70
2304,2007,50,2,1,4,2,2,1,144
2306,2009,29,1,3,4,2,2,2,100
2308,2004,52,2,1,3,2,2,2,94
2310,2004,46,1,1,2,2,2,2,88
2312,2005,40,1,1,2,1,2,1,94
2314,2004,43,2,1,2,1,1,1,81
2316,2006,54,2,1,2,1,2,1,115
2318,2006,38,1,1,5,2,2,1,108
2320,2004,32,2,1,3,1,1,2,101
2322,2008,28,1,3,4,2,2,1,144
2324,2005,33,1,1,5,1,2,1,145
2326,2004,44,2,1,5,1,2,2,164
2328,2006,41,2,1,2,2,1,2,81
2330,2005,31,1,1,1,1,1,2,40
2332,2007,48,4,1,4,2,2,1,97
2334,2007,50,2,2,4,1,1,2,117
2336,2004,47,2,1,4,1,2,1,119
2338,2004,31,2,2,2,1,1,2,84
2340,2008,40,2,1,2,1,1,1,89
2342,2009,54,4,1,3,1,1,2,87
2344,2004,24,1,2,2,2,2,1,75
2346,2005,34,2,1,2,2,2,1,99
2348,2003,65,2,1,4,2,2,1,88
2350,2007,28,2,1,2,1,1,1,110
2352,2008,30,5,1,2,2,1,1,80
2354,2009,45,2,1,3,1,2,2,166
2356,2008,35,5,1,4,2,2,1,139
2358,2005,46,2,4,5,2,2,1,145
2360,2003,47,2,1,2,1,2,2,85
2362,2008,71,2,1,2,1,1,2,100
2364,2003,39,2,1,3,2,2,1,131
2366,2009,41,1,1,1,1,1,2,69
2368,2007,33,2,1,2,1,2,1,140
2370,2009,76,4,1,5,2,2,1,177
2372,2009,20,1,1,2,1,2,1,77
2374,2006,34,2,1,5,2,2,1,135
2376,2003,26,1,1,4,2,2,1,100
2378,2006,51,2,1,4,2,2,1,148
2380,2003,25,2,1,1,1,2,1,80
2382,2006,62,2,1,3,1,2,1,129
2384,2006,37,2,1,4,1,2,1,181
2386,2009,37,1,2,3,1,2,1,94
2388,2007,32,2,1,3,1,2,2,89
2390,2007,55,2,1,3,1,2,1,130
2392,2009,36,2,1,1,1,2,2,77
2394,2006,39,2,1,2,1,2,1,148
2396,2004,46,2,1,4,2,2,1,185
2398,2007,48,2,1,4,2,1,2,129
2400,2005,34,4,1,4,2,2,1,147
2402,2004,39,2,1,3,2,1,2,107
2404,2005,50,2,1,5,1,1,2,115
2406,2006,54,2,1,3,2,2,1,92
2408,2007,60,2,1,4,1,1,1,148
2410,2007,48,1,1,5,2,2,1,112
2412,2007,47,2,1,4,1,2,2,126
2414,2004,20,1,1,2,1,2,2,65
2416,2003,60,2,1,2,1,1,1,108
2418,2003,37,1,1,4,2,2,1,55
2420,2003,46,2,1,4,2,2,1,135
2422,2003,54,2,1,3,2,1,1,72
2424,2006,51,2,1,4,2,1,1,131
2426,2009,32,1,2,2,1,2,1,92
2428,2006,35,2,1,4,2,2,1,155
2430,2003,46,2,1,2,2,2,1,114
2432,2008,38,2,2,1,1,2,1,88
2434,2005,62,2,2,2,2,1,1,81
2436,2003,47,2,1,2,1,2,1,94
2438,2003,28,2,3,5,1,1,2,142
2440,2007,61,2,1,4,2,2,1,145
2442,2003,26,1,1,4,2,1,1,94
2444,2006,49,2,1,2,1,2,1,127
2446,2009,28,2,1,2,2,1,1,114
2448,2003,61,2,1,2,2,1,1,102
2450,2003,42,2,1,4,2,2,1,135
2452,2009,31,2,1,5,1,2,1,127
2454,2009,50,2,1,2,2,2,1,88
2456,2005,44,2,1,1,1,1,2,78
2458,2007,46,2,2,2,2,2,1,318
2460,2006,54,2,1,2,1,2,1,83
2462,2003,40,4,1,2,2,2,1,97
2464,2005,38,2,1,2,1,1,2,88
2466,2006,43,2,1,5,2,2,1,184
2468,2009,43,1,2,2,1,1,1,110
2470,2004,30,2,1,3,2,2,1,95
2472,2005,58,2,1,5,2,1,1,59
2474,2007,60,2,3,4,1,1,1,119
2476,2004,45,2,1,5,1,1,1,131
2478,2008,47,2,1,4,2,2,1,135
2480,2005,47,2,1,1,1,2,2,88
2482,2003,59,4,1,3,2,2,1,67
2484,2006,36,2,1,3,2,2,2,83
2486,2008,39,1,1,5,2,2,1,119
2488,2004,40,2,3,1,2,1,2,106
2490,2003,42,2,1,2,2,2,1,85
2492,2009,29,1,1,5,2,2,2,74
2494,2005,38,2,1,4,2,2,1,139
2496,2003,58,2,2,3,1,1,1,123
2498,2004,18,1,1,2,1,2,2,56
2500,2004,35,2,1,4,1,2,1,142
2502,2008,30,2,3,5,2,1,2,154
2504,2003,48,2,1,3,1,1,2,119
2506,2004,27,2,1,4,1,2,1,114
2508,2005,40,2,1,3,2,2,1,121
2510,2007,34,2,1,5,2,2,2,97
2512,2004,54,2,1,2,2,2,1,142
2514,2006,20,1,2,2,2,2,1,75
2516,2005,50,2,1,2,1,2,1,89
2518,2009,42,2,1,5,2,2,1,198
2520,2008,45,2,2,3,2,1,1,65
2522,2003,59,2,1,3,1,2,2,108
2524,2003,44,2,1,1,1,1,1,81
2526,2005,67,4,1,4,2,2,2,77
2528,2007,26,1,2,4,1,2,1,77
2530,2007,40,2,1,5,2,2,1,140
2532,2004,42,2,1,2,1,2,1,105
2534,2005,22,1,1,2,1,2,1,81
2536,2005,43,2,1,3,1,2,2,140
2538,2004,34,1,1,2,2,1,2,80
2540,2004,44,4,2,2,2,1,1,80
2542,2003,53,2,1,3,1,1,1,268
2544,2003,54,2,1,5,2,1,1,125
2546,2008,55,2,1,4,2,1,1,148
2548,2009,30,1,3,5,1,2,1,119
2550,2004,48,2,1,5,2,2,1,177
2552,2003,48,2,1,2,1,2,1,110
2554,2008,30,2,3,5,2,2,2,127
2556,2006,38,4,1,3,1,2,1,111
2558,2005,25,2,1,3,1,2,1,92
2560,2009,59,3,2,2,2,1,1,105
2562,2004,38,2,1,5,2,1,2,272
2564,2003,40,2,1,4,2,2,1,268
2566,2007,36,2,1,5,2,2,1,164
2568,2008,60,2,1,4,1,2,1,105
2570,2005,40,2,3,4,2,2,2,123
2572,2003,28,2,1,3,2,2,1,119
2574,2004,34,2,3,5,1,2,1,148
2576,2008,39,2,1,4,1,2,1,175
2578,2005,26,2,1,2,1,2,2,96
2580,2004,28,1,1,2,2,2,1,97
2582,2004,27,1,1,4,2,2,1,100
2584,2008,34,2,1,2,1,2,1,100
2586,2009,38,2,2,2,2,1,1,312
2588,2005,51,2,1,4,2,2,1,110
2590,2008,58,4,1,3,1,2,1,88
2592,2004,42,2,1,4,1,1,1,138
2594,2005,32,1,2,3,2,1,1,48
2596,2006,27,2,1,4,2,1,1,105
2598,2009,51,1,1,4,1,2,1,100
2600,2009,50,2,2,2,2,2,1,133
2602,2009,25,1,3,4,2,2,1,115
2604,2006,60,2,2,2,1,1,2,121
2606,2004,62,2,1,3,2,1,1,148
2608,2006,53,2,1,3,1,2,1,121
2610,2009,39,2,1,4,2,2,1,144
2612,2003,23,1,1,3,2,2,2,90
2614,2008,47,2,1,5,2,2,2,148
2616,2009,32,1,1,4,2,2,1,123
2618,2003,57,2,1,4,2,2,1,268
2620,2005,40,2,2,3,2,2,2,78
2622,2006,57,2,1,3,2,2,1,108
2624,2005,31,2,3,5,1,2,1,148
2626,2005,28,1,1,3,1,1,1,89
2628,2007,58,2,1,2,1,2,1,131
2630,2008,47,2,1,2,2,2,1,88
2632,2003,41,2,1,4,2,2,2,70
2634,2004,53,2,1,2,1,1,1,109
2636,2009,27,2,1,4,2,2,1,81
2638,2003,19,1,2,1,2,2,2,65
2640,2007,47,2,1,4,1,2,2,65
2642,2005,44,5,1,2,1,1,1,119
2644,2006,32,1,1,2,1,2,1,74
2646,2005,23,1,1,2,1,2,2,55
2648,2006,31,2,1,2,1,2,2,66
2650,2004,42,2,1,3,1,2,2,272
2652,2003,50,2,1,5,2,2,1,135
2654,2004,52,2,1,4,2,1,2,47
2656,2003,20,1,1,2,1,2,1,77
2658,2004,33,4,1,2,1,1,2,81
2660,2008,26,1,1,4,2,2,2,100
2662,2004,40,2,3,5,1,2,2,166
2664,2005,29,1,1,2,1,2,2,94
2666,2004,35,1,1,4,2,2,1,114
2668,2009,34,1,1,4,2,2,1,88
2670,2003,37,2,1,4,2,2,1,119
2672,2008,37,2,1,4,2,2,1,162
2674,2003,22,1,1,3,1,2,2,74
2676,2008,39,2,2,2,1,1,2,100
2678,2003,42,2,3,3,1,2,1,104
2680,2006,44,2,1,4,1,2,1,109
2682,2008,45,4,1,1,1,2,1,108
2684,2003,42,2,1,5,2,2,1,142
2686,2009,52,4,1,3,2,2,1,161
2688,2004,27,4,1,3,2,2,1,112
2690,2009,46,2,1,3,2,1,1,169
2692,2007,59,2,1,3,2,1,1,96
2694,2005,52,2,1,2,1,1,2,81
2696,2003,19,1,1,1,1,1,2,55
2698,2003,64,2,1,4,2,1,2,108
2700,2007,38,2,1,5,2,2,1,137
2702,2006,45,5,2,2,2,2,1,65
2704,2008,53,2,1,3,2,2,2,180
2706,2007,28,2,1,2,1,2,2,66
2708,2003,39,2,1,1,1,2,1,105
2710,2008,52,2,1,5,2,1,1,177
2712,2009,41,2,1,1,1,2,2,114
2714,2004,44,2,1,1,1,1,2,77
2716,2005,48,2,1,2,1,2,2,94
2718,2003,47,2,1,2,1,2,1,127
2720,2006,31,1,1,2,1,2,2,94
2722,2005,28,2,1,3,1,2,1,104
2724,2007,45,2,1,4,2,2,1,100
2726,2004,56,3,1,4,1,1,1,88
2728,2004,47,2,1,2,2,1,1,136
2730,2005,41,2,1,2,1,2,2,94
2732,2006,49,2,1,2,1,2,2,88
2734,2009,28,1,1,2,1,1,2,97
2736,2009,19,1,1,3,1,1,2,44
2738,2004,48,2,1,3,2,1,1,117
2740,2003,47,2,1,4,2,2,1,127
2742,2004,57,2,1,4,2,2,1,272
2744,2003,39,2,1,2,2,2,1,110
2746,2004,45,1,2,2,2,1,1,67
2748,2006,52,2,1,1,2,2,1,128
2750,2008,51,2,1,2,1,2,1,119
2752,2009,46,2,1,5,2,2,1,74
2754,2003,45,4,1,4,2,2,1,143
2756,2005,40,2,1,2,1,1,1,88
2758,2008,48,2,1,4,2,2,1,129
2760,2004,47,2,1,3,2,2,1,121
2762,2009,45,2,1,2,2,1,1,99
2764,2005,49,2,2,3,1,2,1,117
2766,2007,57,4,1,3,2,1,1,110
2768,2005,77,2,1,2,2,2,1,100
2770,2005,48,2,3,4,2,1,1,161
2772,2004,56,2,1,5,2,2,1,119
2774,2007,39,2,1,4,2,2,1,164
2776,2003,44,1,1,2,1,1,1,111
2778,2007,49,2,2,3,2,2,1,88
2780,2008,58,2,3,1,2,2,2,55
2782,2005,46,2,1,3,2,1,2,127
2784,2004,39,2,1,4,2,1,1,123
2786,2007,26,2,1,2,2,2,2,74
2788,2003,61,2,1,3,2,1,1,100
2790,2003,62,4,1,3,1,1,1,94
2792,2008,47,2,3,4,1,1,2,88
2794,2003,40,2,1,2,1,2,2,119
2796,2006,35,2,1,1,2,2,2,65
2798,2008,61,2,1,2,1,2,1,142
2800,2003,38,2,1,2,1,1,1,135
2802,2008,18,1,1,2,1,2,2,77
2804,2006,45,2,1,2,1,2,2,101
2806,2009,27,2,2,3,2,2,1,100
2808,2004,22,1,1,3,1,1,1,95
2810,2008,29,2,4,1,2,2,1,74
2812,2006,50,2,1,2,2,2,1,123
2814,2003,25,1,1,3,1,2,1,100
2816,2007,35,2,1,4,2,2,1,119
2818,2004,41,2,1,3,1,2,1,127
2820,2009,38,2,1,4,2,1,1,145
2822,2008,49,2,1,2,2,1,1,119
2824,2004,36,2,1,2,1,2,2,129
2826,2005,66,1,2,2,2,2,1,93
2828,2003,23,1,1,1,2,2,2,69
2830,2004,28,2,1,5,2,2,1,100
2832,2007,42,2,1,3,1,2,1,110
2834,2007,20,1,1,2,1,2,2,44
2836,2009,37,2,1,4,2,2,1,189
2838,2009,58,2,1,2,2,1,2,32
2840,2004,45,2,1,5,1,2,1,155
2842,2006,64,2,1,3,2,2,1,114
2844,2009,45,2,1,2,1,1,1,148
2846,2007,52,4,1,3,2,1,1,102
2848,2005,42,2,1,4,2,2,2,123
2850,2005,32,2,1,2,1,2,1,119
2852,2009,40,5,1,1,1,2,2,75
2854,2005,55,2,1,4,2,1,1,161
2856,2004,46,2,1,4,2,2,1,105
2858,2008,55,5,1,1,1,2,2,81
2860,2003,53,1,1,4,2,2,1,100
2862,2005,33,2,3,4,1,2,1,105
2864,2006,45,2,1,1,1,1,1,95
2866,2006,54,2,1,2,2,2,1,100
2868,2004,32,2,1,4,2,2,1,84
2870,2005,42,2,1,4,1,2,2,177
2872,2004,35,2,1,5,2,2,1,119
2874,2004,54,2,1,2,1,2,2,94
2876,2003,38,2,1,3,2,1,1,94
2878,2004,31,1,1,4,2,2,1,102
2880,2003,41,2,1,3,1,2,1,85
2882,2005,45,2,1,4,1,2,1,142
2884,2003,49,2,1,2,1,2,1,119
2886,2004,50,2,1,3,1,2,1,95
2888,2003,40,1,1,2,1,1,1,112
2890,2003,29,2,2,2,1,1,1,60
2892,2006,25,1,1,3,1,1,2,100
2894,2004,32,2,1,2,1,2,2,100
2896,2007,51,2,1,2,2,2,1,87
2898,2008,29,2,1,3,1,2,2,93
2900,2005,32,2,1,3,2,2,1,135
2902,2008,42,2,1,3,1,2,1,145
2904,2005,59,2,1,2,2,2,1,148
2906,2003,31,2,1,4,1,1,2,88
2908,2006,29,2,1,3,2,1,2,108
2910,2006,52,1,1,2,1,1,1,74
2912,2006,35,2,1,2,1,1,2,74
2914,2008,28,1,1,1,1,1,1,106
2916,2006,50,2,1,4,1,2,2,78
2918,2004,49,4,1,2,1,1,2,73
2920,2009,39,2,1,2,2,1,2,74
2922,2003,26,1,4,4,2,2,2,38
2924,2003,31,1,2,3,2,2,1,100
2926,2007,50,1,1,2,1,1,2,50
2928,2009,62,2,1,5,2,2,1,170
2930,2004,35,2,1,3,1,2,2,123
2932,2005,22,1,2,3,2,2,2,74
2934,2003,55,1,1,5,2,2,1,111
2936,2006,63,2,1,3,2,1,1,126
2938,2004,63,4,1,2,2,2,2,75
2940,2008,39,2,1,4,1,1,1,95
2942,2003,28,2,1,1,2,2,2,119
2944,2006,43,2,1,4,2,2,1,127
2946,2006,58,2,2,1,1,2,1,70
2948,2007,38,2,1,5,2,2,1,166
2950,2004,49,2,2,3,1,2,1,139
2952,2003,62,2,1,3,2,1,2,25
2954,2004,36,2,1,3,2,1,1,81
2956,2004,54,4,1,4,1,2,2,88
2958,2005,26,2,1,2,2,2,1,116
2960,2009,46,2,3,5,2,2,1,166
2962,2006,58,4,1,3,1,2,1,150
2964,2005,22,1,1,3,2,2,1,74
2966,2005,58,2,1,5,1,2,2,278
2968,2008,63,2,1,4,1,2,2,137
2970,2007,67,2,2,1,2,2,1,129
2972,2008,44,2,1,2,1,2,1,112
2974,2003,51,2,1,4,1,2,1,179
2976,2003,46,2,1,2,1,2,2,50
2978,2007,43,2,1,1,1,2,2,83
2980,2004,40,2,1,3,1,2,2,74
2982,2008,31,1,1,3,1,2,1,93
2984,2007,41,2,1,5,2,2,1,114
2986,2008,21,1,2,2,1,2,2,84
2988,2008,51,2,1,3,2,2,2,77
2990,2003,43,5,2,3,2,2,1,80
2992,2004,34,2,1,3,2,2,1,131
2994,2008,45,2,1,3,1,2,1,148
2996,2008,35,2,3,1,1,2,2,65
2998,2004,33,2,1,2,2,2,1,135
3000,2003,46,2,2,2,1,2,1,94
3002,2003,38,1,2,1,1,2,1,94
3004,2004,44,1,2,4,2,1,1,90
3006,2006,50,1,1,2,2,1,1,112
3008,2009,55,2,1,2,2,1,1,108
3010,2009,49,2,1,5,2,1,1,192
3012,2006,47,2,2,5,2,2,1,145
3014,2003,40,2,4,2,2,2,1,139
3016,2003,21,1,1,2,1,2,2,54
3018,2008,60,2,2,1,1,2,2,93
3020,2008,56,1,1,1,2,2,2,81
3022,2004,61,2,1,3,1,1,2,129
3024,2008,44,2,1,5,2,2,1,136
3026,2007,43,4,1,5,1,1,1,161
3028,2005,29,2,1,3,1,1,1,110
3030,2003,38,2,1,4,2,2,2,148
3032,2003,26,1,1,3,1,2,1,108
3034,2006,28,1,4,2,1,2,2,67
3036,2003,38,1,1,4,2,1,1,118
3038,2006,45,4,1,3,1,2,2,110
