1,2006,18,1,1,1,1,1,2,75
2,2004,24,1,1,4,2,2,2,70
3,2003,45,2,1,3,1,1,1,131
4,2003,43,2,3,4,2,2,1,155
5,2005,50,4,1,2,2,1,1,75
6,2008,54,2,1,4,2,2,1,127
7,2009,44,2,4,3,1,2,1,170
8,2008,30,1,3,3,2,1,1,112
9,2006,41,1,2,3,2,2,1,119
10,2004,52,2,1,2,2,2,1,129
11,2007,45,4,1,3,2,1,1,117
12,2007,34,2,1,2,1,2,2,81
13,2005,35,1,1,2,2,2,1,89
14,2003,39,2,1,4,1,2,1,135
15,2009,54,2,1,2,2,2,1,135
16,2009,51,2,1,3,1,2,1,90
17,2003,37,1,3,4,1,2,2,83
18,2006,50,2,1,5,2,2,2,213
19,2007,56,2,1,4,1,1,1,129
20,2003,37,1,1,3,1,2,1,99
21,2003,38,2,3,4,2,2,2,201
22,2005,40,4,1,2,2,2,2,50
23,2009,75,2,1,4,1,2,1,85
24,2007,40,2,1,4,2,2,2,161
25,2006,38,1,1,2,1,1,2,94
26,2005,49,2,1,5,2,2,1,278
27,2006,43,2,1,2,1,1,1,84
28,2004,34,2,4,2,1,1,1,65
29,2008,57,2,1,2,1,2,2,116
30,2003,18,1,2,2,1,2,1,70
31,2004,55,2,1,5,2,2,1,196
32,2005,51,2,1,3,2,2,1,101
33,2008,33,1,1,5,1,2,2,81
34,2005,34,1,1,2,1,2,2,112
35,2006,36,2,1,4,2,2,1,90
36,2003,56,1,1,5,2,1,1,88
37,2006,70,1,1,4,1,1,1,88
38,2004,25,1,1,4,1,2,1,104
39,2006,32,2,1,3,1,2,2,106
40,2003,27,2,1,1,1,2,2,66
41,2004,28,2,3,4,1,2,2,35
42,2007,27,1,1,4,2,2,1,110
43,2004,43,1,1,1,1,1,2,45
44,2005,50,1,4,1,1,1,1,74
45,2004,39,2,2,2,2,2,2,81
46,2008,52,2,1,5,1,2,1,155
47,2009,35,2,1,4,1,2,1,268
48,2007,57,2,1,5,2,2,1,177
49,2006,25,1,1,1,1,2,2,66
50,2006,33,1,1,2,2,1,1,116
51,2005,57,2,1,5,2,2,2,201
52,2008,71,2,1,3,1,2,1,102
53,2004,43,2,1,4,1,2,1,272
54,2003,23,1,1,3,1,2,2,35
55,2009,30,1,1,5,2,2,1,114
56,2004,22,1,2,2,2,2,1,81
57,2006,59,2,1,5,2,1,1,201
58,2003,28,1,3,4,2,2,1,148
59,2004,61,2,1,2,1,2,1,100
60,2003,34,2,1,2,2,2,1,112
61,2005,43,2,1,4,1,2,1,153
62,2006,54,2,1,3,1,2,2,117
63,2005,69,2,1,2,1,1,1,78
64,2004,41,2,1,3,1,1,1,88
65,2003,48,2,1,5,2,2,1,126
66,2003,49,2,1,3,2,2,1,123
67,2009,42,2,1,2,1,2,1,158
68,2003,37,2,1,4,2,2,1,201
69,2004,55,2,3,2,1,2,1,100
70,2008,21,1,2,2,1,2,2,70
71,2004,58,2,1,2,2,2,1,94
72,2006,31,1,1,2,1,2,2,81
73,2006,25,1,1,2,1,2,1,81
74,2006,32,1,1,3,2,2,1,101
75,2009,40,1,2,1,2,2,1,94
76,2003,44,2,1,5,2,2,2,100
77,2003,60,2,1,4,1,2,1,268
78,2006,23,1,1,1,1,1,1,81
79,2003,63,2,1,2,2,2,2,114
80,2008,44,1,1,1,1,1,2,88
81,2005,47,2,3,5,2,1,1,129
82,2004,61,2,1,3,1,2,1,107
83,2009,55,2,1,5,2,2,2,66
84,2003,24,1,1,1,1,1,2,52
85,2007,42,3,1,2,1,2,1,85
86,2006,25,2,1,2,2,2,1,77
87,2004,34,4,1,2,1,2,2,90
88,2009,53,2,1,1,2,2,2,68
89,2009,53,2,1,4,2,2,1,131
90,2009,70,2,3,5,2,1,2,128
91,2004,47,2,1,4,2,2,1,131
92,2003,46,2,1,2,1,2,1,100
93,2003,33,4,1,1,1,1,1,77
94,2005,34,2,1,5,2,2,1,108
95,2006,22,1,1,2,1,1,2,81
96,2009,74,2,1,2,1,2,1,100
97,2003,40,2,2,3,2,1,1,99
98,2006,45,2,1,4,2,2,1,201
99,2009,43,2,3,4,2,2,1,157
100,2005,33,2,3,4,2,2,1,145
101,2009,62,2,2,4,2,2,1,119
102,2008,37,2,1,4,2,2,1,121
103,2004,54,2,1,2,2,1,1,112
104,2005,34,2,1,3,1,2,2,69
105,2008,50,1,1,4,2,2,1,114
106,2006,46,4,1,3,1,1,1,95
107,2007,41,2,1,1,1,2,2,88
108,2003,63,4,2,3,1,1,1,64
109,2007,38,2,1,3,1,1,1,129
110,2006,35,2,1,3,1,2,1,114
111,2009,29,2,1,4,2,1,1,113
112,2008,66,2,1,1,1,2,1,81
113,2004,37,2,1,2,2,1,1,76
114,2006,39,2,2,2,2,2,1,112
115,2003,42,2,1,2,1,2,2,85
116,2007,51,4,1,2,1,2,1,94
117,2009,55,2,3,5,1,1,1,114
118,2006,51,2,1,5,1,2,1,177
119,2008,38,2,1,5,1,1,1,277
120,2005,49,2,1,2,2,2,1,102
121,2006,42,2,1,2,2,2,2,92
122,2009,43,5,1,1,2,1,2,87
123,2006,38,2,1,4,2,2,1,163
124,2008,59,2,3,2,1,2,1,139
125,2009,57,2,1,3,1,1,1,95
126,2005,25,1,1,2,1,1,2,67
127,2004,49,2,1,4,1,1,1,131
128,2004,41,2,1,1,1,2,1,90
129,2009,38,2,1,2,1,2,1,114
130,2003,61,2,1,5,1,2,1,79
131,2007,49,4,1,2,1,1,1,105
132,2008,52,4,1,5,2,2,1,132
133,2007,43,2,1,5,2,2,1,142
134,2008,60,2,1,4,2,2,1,123
135,2005,46,2,3,5,2,2,1,135
136,2004,21,1,1,2,2,2,2,56
137,2009,61,2,1,4,1,2,1,107
138,2007,32,2,2,5,2,2,1,119
139,2004,58,2,1,2,2,1,1,88
140,2003,35,1,1,2,2,2,1,89
141,2004,26,1,2,2,2,2,1,81
142,2006,32,1,2,2,1,2,2,94
143,2003,37,2,1,2,2,2,1,107
144,2007,22,1,3,2,1,1,2,59
145,2005,51,1,1,2,1,1,2,65
146,2004,44,4,1,5,2,1,1,121
147,2005,35,2,3,5,1,2,1,158
148,2004,60,2,1,2,2,2,1,129
149,2007,40,2,1,4,2,2,1,177
150,2004,35,1,1,1,2,2,2,59
151,2007,35,2,1,5,2,2,2,94
152,2008,47,2,1,2,1,2,1,135
153,2003,43,1,1,4,2,2,1,81
154,2003,33,2,1,1,1,1,1,81
155,2003,60,4,1,5,1,2,1,153
156,2008,38,2,3,5,1,2,1,137
157,2005,53,2,1,2,2,2,2,75
158,2004,55,2,1,3,2,2,1,130
159,2003,57,2,2,2,2,1,2,105
160,2005,64,2,1,4,2,1,2,50
161,2007,43,2,1,2,1,1,1,124
162,2008,35,2,2,3,2,2,1,123
163,2008,54,2,1,2,2,2,2,78
164,2007,45,2,1,2,2,1,1,74
165,2003,58,4,3,4,2,2,1,138
166,2007,48,2,1,4,2,1,2,127
167,2003,46,2,3,1,1,2,1,69
168,2004,46,2,1,2,1,2,1,84
169,2009,55,2,1,1,1,2,1,85
170,2006,51,2,1,3,1,2,1,129
171,2005,49,2,1,3,1,2,1,70
172,2008,34,1,1,3,1,2,1,77
173,2007,53,2,1,3,1,2,2,148
174,2004,40,2,1,3,1,2,1,148
175,2009,50,2,1,3,1,2,1,176
176,2006,37,4,1,1,2,1,1,99
177,2003,39,2,1,3,1,2,1,145
178,2004,52,2,1,4,1,1,1,100
179,2003,50,2,1,2,2,2,1,141
180,2006,48,2,1,4,1,2,1,123
181,2006,47,2,1,2,1,2,1,129
182,2005,27,2,1,4,1,2,1,112
183,2006,39,2,1,2,1,2,1,104
184,2009,44,2,2,2,2,1,1,119
185,2003,37,2,2,3,1,2,1,152
186,2006,52,2,1,2,1,1,2,102
187,2004,26,1,3,3,1,2,1,100
188,2008,39,2,3,5,1,1,1,100
189,2006,25,2,2,2,1,1,2,100
190,2005,31,1,1,4,2,2,2,94
191,2004,58,2,1,3,1,1,1,152
192,2005,30,2,1,4,2,2,1,105
193,2004,27,2,1,1,1,1,1,65
194,2003,40,4,1,2,1,2,1,95
195,2006,55,2,1,5,1,2,1,174
196,2009,35,2,3,5,2,2,1,193
197,2008,48,2,1,2,1,1,2,114
198,2006,29,1,3,4,1,1,1,161
199,2005,25,1,1,3,1,2,1,89
200,2004,40,2,1,3,1,2,1,121
201,2006,27,2,1,1,2,1,2,74
202,2006,44,2,1,2,2,2,1,127
203,2006,49,2,1,3,2,2,1,119
204,2003,22,1,1,3,1,1,2,35
205,2007,45,2,1,3,1,1,1,114
206,2007,33,2,1,3,1,2,2,85
207,2007,63,2,2,5,2,2,1,318
208,2006,49,1,2,4,1,2,1,142
209,2005,39,1,1,5,2,2,1,131
210,2007,25,1,4,1,1,1,2,74
211,2005,29,1,1,5,2,2,1,131
212,2006,37,2,1,2,1,2,1,75
213,2008,35,2,1,5,2,1,1,155
214,2009,46,2,1,2,1,1,1,105
215,2008,58,2,1,4,1,2,1,73
216,2003,39,2,1,5,1,2,1,123
217,2008,41,2,1,4,2,2,1,158
218,2008,29,2,2,4,2,2,1,81
219,2009,37,2,1,4,2,1,1,107
220,2009,62,2,1,2,2,1,2,79
221,2008,27,1,2,2,1,2,1,74
222,2003,37,2,1,2,1,1,1,94
223,2006,56,5,3,4,2,1,2,100
224,2004,36,2,1,3,2,2,1,177
225,2005,23,1,4,2,2,2,2,74
226,2003,46,2,1,3,2,2,1,100
227,2009,26,1,1,3,1,2,2,94
228,2006,43,2,1,1,2,2,1,95
229,2007,36,2,1,2,2,2,1,127
230,2003,54,5,1,3,2,1,1,100
231,2003,62,2,1,2,1,2,1,96
232,2006,40,2,1,2,1,2,1,110
233,2006,53,2,1,3,1,2,1,119
234,2007,48,2,1,5,2,2,1,177
235,2004,23,2,1,4,1,2,2,61
236,2009,34,2,1,2,1,2,1,81
237,2004,43,2,1,4,2,2,2,256
238,2006,55,2,1,2,2,1,1,81
239,2007,59,1,1,2,2,2,1,81
240,2007,60,2,1,2,2,2,2,56
241,2009,49,1,1,2,1,2,1,75
242,2006,45,2,3,3,1,2,1,131
243,2006,31,4,1,2,1,2,2,44
244,2004,34,1,1,4,2,1,1,114
245,2005,26,1,1,5,2,2,1,114
246,2007,22,1,1,2,1,2,2,81
247,2004,40,2,1,2,2,1,2,69
248,2009,41,2,1,3,2,2,1,110
249,2006,36,1,2,3,1,2,1,97
250,2007,38,2,1,1,1,2,2,62
251,2003,48,2,1,2,1,2,2,97
252,2006,47,2,1,3,2,2,1,135
253,2005,47,5,1,1,1,1,2,61
254,2007,35,2,1,4,2,1,2,119
255,2008,49,2,3,2,2,2,1,65
256,2004,40,2,1,3,2,2,1,110
257,2004,32,3,3,4,1,2,2,105
258,2008,57,2,1,4,1,2,1,74
259,2008,56,2,1,4,1,2,1,142
260,2009,73,2,1,1,1,1,2,90
261,2007,29,1,1,2,1,1,1,74
262,2003,49,2,3,5,1,2,1,135
263,2009,30,1,1,2,1,2,1,110
264,2008,29,2,1,2,1,2,1,92
265,2004,36,2,1,3,2,2,2,95
266,2009,39,2,1,5,2,2,1,157
267,2007,48,2,1,4,2,2,1,105
268,2006,45,2,2,4,1,2,1,100
269,2004,50,2,1,4,1,1,2,55
270,2003,42,2,1,4,2,2,1,32
271,2007,58,2,1,3,1,1,2,119
272,2007,48,2,1,2,1,2,1,110
273,2003,48,2,1,4,1,2,1,110
274,2005,45,2,1,3,2,2,1,119
275,2007,41,4,1,3,1,2,1,111
276,2008,27,1,1,2,1,2,1,94
277,2004,44,2,1,2,2,2,1,110
278,2003,32,2,1,4,2,2,1,119
279,2006,46,2,1,1,2,2,1,119
280,2005,52,2,2,2,2,1,2,52
281,2003,22,1,1,3,1,2,2,44
282,2004,53,3,1,2,1,2,1,117
283,2008,34,2,1,5,1,1,1,119
284,2009,38,2,1,2,1,2,1,148
285,2009,42,2,1,1,2,2,1,102
286,2005,25,1,2,3,2,2,1,94
287,2004,29,1,1,3,1,2,1,87
288,2005,28,2,1,5,2,2,1,142
289,2005,46,2,1,4,1,2,1,67
290,2007,55,2,2,5,2,2,1,119
291,2004,56,2,1,2,1,1,2,106
292,2005,41,4,2,2,2,1,1,119
293,2009,61,2,1,5,2,2,2,177
294,2003,47,2,1,2,2,2,1,65
295,2006,52,2,1,3,1,2,1,85
296,2004,27,2,1,2,1,2,2,72
297,2007,33,1,2,3,2,2,1,89
298,2003,58,1,1,2,2,1,1,65
299,2005,27,2,1,4,1,2,1,146
300,2009,52,5,2,2,1,2,1,88
301,2003,45,2,1,5,1,2,2,41
302,2003,22,1,1,2,2,2,1,68
303,2005,25,1,1,3,1,1,1,81
304,2004,25,1,1,2,1,2,1,74
305,2005,41,2,2,1,1,2,1,131
306,2006,54,5,1,4,1,2,1,148
307,2007,23,2,1,2,1,2,1,81
308,2006,36,1,1,5,1,2,1,63
309,2004,31,5,1,3,1,1,1,94
310,2006,52,2,1,2,2,1,1,93
311,2007,46,2,2,2,2,1,2,77
312,2007,45,2,1,2,1,1,1,119
313,2009,40,2,1,2,1,1,2,80
314,2004,33,1,3,4,2,2,1,87
315,2007,42,2,1,4,2,2,1,134
316,2007,41,2,1,4,2,2,1,126
317,2007,25,1,4,2,1,2,1,93
318,2005,24,4,1,2,1,2,1,72
319,2006,24,1,1,3,1,2,2,119
320,2008,51,2,1,2,2,1,2,70
321,2004,41,2,1,2,1,2,2,127
322,2009,42,1,1,4,2,2,1,114
323,2005,30,1,1,4,1,2,1,88
324,2009,55,2,3,1,1,2,2,55
325,2008,23,1,1,2,1,2,1,84
326,2003,60,4,1,4,2,2,2,85
327,2003,40,2,3,5,2,2,1,142
328,2008,41,1,1,2,2,2,1,111
329,2003,80,2,1,2,2,1,1,80
330,2005,53,2,1,2,2,2,1,97
331,2004,40,1,1,2,1,2,2,172
332,2009,35,2,1,3,1,1,1,137
333,2009,55,2,1,1,1,1,1,75
334,2008,24,1,1,2,2,2,1,74
335,2007,39,2,1,4,2,2,1,148
336,2003,30,2,1,5,1,2,1,95
337,2005,68,2,1,2,1,1,1,88
338,2004,54,2,2,2,2,1,1,110
339,2008,27,1,1,4,1,2,2,81
340,2005,34,2,1,2,1,2,1,119
341,2004,53,2,1,5,2,1,1,127
342,2004,48,2,2,5,2,2,2,85
343,2005,59,2,1,2,1,2,1,81
344,2004,30,2,1,3,1,2,2,119
345,2007,45,2,1,5,2,2,1,164
346,2007,39,2,4,4,2,1,1,105
347,2008,45,2,3,4,1,1,2,100
348,2007,43,2,1,5,2,2,1,282
349,2003,30,1,2,5,2,2,1,138
350,2005,57,2,1,4,2,2,1,177
351,2004,53,2,1,4,2,1,1,137
352,2009,42,2,1,4,2,2,1,187
353,2005,23,1,1,2,1,1,2,90
354,2009,58,2,1,2,1,1,2,85
355,2005,43,2,1,1,1,2,1,145
356,2003,33,4,1,5,2,2,1,121
357,2004,56,2,1,4,2,2,1,102
358,2006,37,2,2,4,1,2,2,109
359,2009,41,4,1,5,1,2,2,39
360,2007,33,2,1,3,2,2,1,93
361,2007,50,1,1,5,2,2,1,126
362,2003,43,2,1,5,2,2,1,192
363,2004,53,2,1,4,1,2,1,156
364,2005,37,3,1,3,2,2,1,88
365,2006,20,1,2,3,2,2,2,59
366,2003,26,1,1,3,1,2,1,74
367,2003,29,4,1,4,2,2,2,90
368,2008,57,2,1,4,2,2,1,119
369,2009,47,2,1,3,2,2,1,152
370,2004,54,2,1,5,1,2,2,272
371,2007,38,2,1,1,1,1,2,97
372,2006,23,1,1,3,1,2,2,68
373,2004,31,2,1,2,2,2,1,127
374,2004,43,2,1,4,2,2,1,272
375,2003,33,2,1,5,2,1,2,112
376,2004,48,2,1,2,1,1,1,127
377,2008,33,2,1,2,1,2,1,88
378,2009,52,2,1,4,2,2,1,114
379,2008,30,1,2,3,2,2,2,70
380,2004,44,2,1,2,1,2,1,94
381,2004,38,2,1,2,2,2,1,127
382,2008,51,2,1,2,1,2,1,161
383,2007,47,2,1,3,1,2,1,172
384,2005,28,2,1,4,2,1,1,142
385,2004,52,4,1,3,2,2,1,115
386,2004,23,1,1,1,1,1,2,72
387,2003,65,2,1,1,1,1,2,74
388,2005,27,1,1,4,1,2,1,127
389,2004,33,2,1,1,2,2,2,21
390,2008,49,2,1,2,1,2,1,80
391,2008,27,1,1,3,1,1,1,103
392,2008,48,4,1,2,1,1,1,115
393,2005,38,1,1,3,1,1,1,97
394,2008,58,2,1,3,1,1,2,105
395,2003,40,2,3,5,1,2,2,115
396,2007,46,2,1,2,1,2,2,93
397,2009,53,2,2,3,2,1,1,123
398,2009,25,1,2,5,2,2,1,119
399,2003,42,2,1,3,2,2,1,96
400,2004,40,1,1,2,1,2,1,84
401,2006,35,2,1,2,2,2,1,127
402,2005,50,5,1,2,2,1,2,95
403,2004,34,2,1,3,1,2,1,81
404,2009,48,2,1,2,2,2,1,103
405,2004,49,2,1,5,2,1,1,112
406,2009,41,2,3,4,2,2,2,94
407,2004,37,2,3,4,2,2,1,127
408,2003,58,2,1,3,2,2,1,105
409,2006,28,1,2,2,1,1,2,68
410,2003,33,2,1,2,1,2,1,129
411,2003,50,2,1,3,1,2,1,144
412,2009,38,2,1,2,2,2,1,104
413,2003,48,2,1,2,1,2,1,92
414,2008,30,2,1,3,1,2,1,95
415,2006,49,2,1,5,2,2,2,138
416,2005,44,2,1,4,2,2,1,119
417,2009,50,2,1,2,1,2,1,94
418,2009,58,2,3,4,2,1,1,114
419,2004,45,1,1,4,2,2,1,150
420,2005,44,2,1,3,2,2,2,97
421,2005,35,4,1,4,2,1,2,90
422,2005,59,2,1,2,2,2,2,81
423,2009,45,2,1,2,2,2,2,131
424,2004,51,2,1,4,1,1,1,151
425,2006,61,2,1,3,2,2,2,131
426,2008,45,2,1,2,1,2,1,145
427,2003,34,1,1,4,1,2,1,90
428,2007,33,2,1,4,2,1,2,114
429,2005,45,2,1,2,2,1,1,88
430,2009,50,1,1,5,2,1,1,158
431,2006,50,2,1,2,2,2,1,110
432,2005,39,2,1,3,2,1,2,84
433,2009,26,1,1,4,2,2,1,161
434,2007,49,2,1,2,1,1,2,48
435,2003,20,1,1,2,1,2,2,59
436,2003,31,2,1,4,1,2,2,81
437,2007,49,2,1,2,2,1,1,88
438,2007,56,1,2,2,1,1,1,88
439,2005,61,2,1,4,2,2,1,144
440,2005,56,5,1,2,2,1,1,111
441,2009,51,2,1,4,2,2,2,119
442,2004,42,2,1,1,1,2,1,121
443,2004,45,2,1,4,1,2,1,272
444,2006,30,2,1,5,2,2,1,105
445,2005,48,1,1,4,2,1,2,69
446,2009,33,2,1,5,1,1,1,88
447,2007,50,2,1,3,2,2,1,89
448,2003,31,2,3,5,2,2,1,172
449,2003,48,2,1,4,1,1,1,133
450,2005,35,2,1,5,2,2,1,201
451,2009,47,2,2,3,1,2,1,93
452,2007,45,2,1,4,1,1,1,148
453,2009,52,2,1,2,1,2,1,120
454,2007,46,2,1,2,1,2,1,83
455,2007,47,2,3,4,2,2,2,106
456,2009,49,2,1,2,1,2,1,268
457,2007,36,2,1,1,1,1,2,105
458,2005,51,2,1,4,1,1,2,127
459,2008,46,2,1,2,1,2,1,158
460,2004,37,2,3,4,2,2,2,148
461,2005,23,1,1,3,1,2,1,65
462,2008,43,2,1,4,1,2,1,105
463,2006,34,2,3,4,2,2,1,78
464,2008,58,2,1,2,1,2,1,139
465,2009,44,1,3,4,2,2,1,113
466,2008,61,2,1,4,2,2,2,80
467,2005,40,4,1,1,1,2,2,65
468,2003,37,2,1,3,2,2,1,112
469,2003,33,2,1,2,2,2,2,105
470,2004,38,2,1,3,2,2,1,177
471,2006,41,2,1,2,2,1,1,100
472,2005,30,2,2,2,1,2,1,105
473,2003,51,2,1,1,1,1,1,71
474,2003,39,1,1,3,1,2,1,94
475,2006,56,2,2,3,2,2,1,127
476,2007,44,1,1,2,1,1,2,97
477,2005,51,4,1,5,2,2,1,110
478,2006,35,2,1,2,1,2,2,75
479,2009,27,1,1,2,1,1,2,65
480,2003,47,2,1,3,1,1,1,146
481,2007,51,2,3,3,2,1,2,81
482,2006,41,2,1,2,1,2,2,127
483,2005,63,2,1,1,1,1,2,74
484,2009,61,1,1,2,2,1,2,65
485,2004,46,2,1,2,1,1,1,100
486,2009,33,1,1,3,1,2,2,80
487,2009,35,5,1,1,2,1,2,74
488,2003,28,2,1,5,2,2,1,88
489,2007,50,2,3,3,1,2,2,119
490,2007,41,2,1,5,2,2,1,285
491,2008,23,2,1,4,1,1,2,119
492,2004,45,2,1,3,2,2,1,107
493,2007,63,2,1,5,1,2,1,100
494,2006,59,2,2,3,2,1,1,109
495,2005,30,2,1,4,2,2,1,114
496,2003,30,2,1,5,2,2,1,115
497,2007,45,2,1,2,1,1,2,131
498,2005,42,2,1,2,1,1,1,80
499,2009,57,2,1,1,1,2,1,107
500,2003,52,4,1,3,1,1,2,23
501,2003,54,2,1,3,2,2,1,115
502,2005,30,2,1,3,2,2,1,104
503,2003,47,2,1,4,1,2,1,184
504,2003,38,1,1,3,2,2,1,314
505,2003,47,2,1,3,2,1,1,100
506,2008,39,1,1,4,1,1,1,129
507,2005,50,2,1,2,1,2,2,88
508,2003,47,2,1,2,1,2,2,55
509,2004,45,2,1,2,1,1,1,100
510,2007,44,2,1,1,2,2,1,119
511,2003,52,2,1,2,1,2,1,92
512,2004,42,2,1,4,1,1,2,127
513,2004,18,1,1,1,1,2,2,42
514,2006,56,2,1,4,2,2,1,110
515,2004,50,2,3,5,2,2,2,83
516,2006,50,2,1,5,2,2,1,278
517,2006,53,1,1,3,2,1,2,100
518,2009,38,2,1,5,1,2,1,177
519,2004,27,1,1,1,2,2,2,84
520,2004,56,2,1,5,2,2,2,164
521,2003,50,2,1,5,2,2,1,81
522,2003,56,2,1,4,1,2,1,131
523,2007,50,2,1,1,1,1,2,127
524,2005,49,1,1,2,2,2,2,72
525,2005,42,1,1,3,1,2,2,105
526,2009,50,2,1,5,1,1,1,187
527,2003,53,2,1,4,2,2,1,177
528,2007,28,2,1,2,1,1,2,140
529,2003,45,2,1,2,1,1,1,74
530,2009,24,1,1,2,2,2,2,66
531,2003,25,1,1,1,1,2,2,81
532,2004,38,2,1,4,1,2,1,105
533,2009,47,2,1,4,1,1,1,110
534,2003,38,2,1,4,1,2,1,155
535,2007,33,2,1,3,2,2,2,107
536,2006,39,2,1,5,2,2,1,278
537,2005,52,4,1,2,1,1,1,88
538,2005,46,4,1,2,1,2,1,90
539,2004,42,2,1,2,2,2,1,107
540,2003,61,2,1,2,1,2,1,57
541,2005,32,1,1,2,1,2,1,81
542,2009,42,4,2,2,2,2,1,108
543,2006,61,2,1,5,2,2,1,196
544,2009,27,2,1,2,1,2,2,92
545,2008,45,2,1,5,1,1,1,201
546,2003,58,2,1,4,2,2,2,32
547,2007,25,1,1,4,1,2,1,105
548,2007,34,2,1,1,1,2,2,101
549,2005,44,2,2,3,2,1,1,85
550,2007,40,2,1,3,2,2,2,83
551,2007,51,2,2,4,1,2,2,97
552,2003,50,2,1,5,2,2,1,121
553,2009,64,2,1,4,2,1,1,134
554,2003,54,2,1,3,1,2,1,148
555,2008,42,1,1,4,2,2,1,105
556,2007,31,2,3,2,1,1,2,81
557,2003,25,1,1,4,1,2,1,90
558,2006,32,2,1,3,1,2,1,107
559,2007,51,2,1,1,2,1,1,114
560,2007,75,2,2,1,2,1,2,53
561,2003,28,2,4,2,1,2,2,88
562,2009,28,1,1,2,1,2,2,66
563,2007,32,1,1,5,1,1,1,96
564,2006,53,2,1,5,2,2,1,272
565,2008,36,2,1,3,1,1,2,97
566,2004,43,2,1,5,2,2,1,201
567,2004,51,2,1,4,1,1,1,123
568,2005,35,2,2,4,2,2,1,100
569,2004,46,5,1,2,1,2,2,94
570,2003,38,2,1,4,1,2,1,81
571,2004,43,2,3,4,2,2,2,155
572,2004,39,2,1,2,1,2,2,110
573,2007,37,4,1,3,1,2,1,123
574,2008,59,4,1,5,2,1,1,74
575,2003,33,2,1,4,1,1,2,108
576,2007,23,1,1,3,1,2,2,74
577,2006,37,1,1,3,1,2,2,88
578,2005,40,2,1,2,1,1,2,27
579,2006,25,2,1,3,2,2,1,94
580,2008,27,1,1,4,1,2,1,102
581,2004,47,2,1,5,2,1,1,272
582,2008,52,2,2,4,1,2,2,94
583,2007,23,1,1,2,2,2,2,81
584,2004,33,2,1,4,2,1,2,88
585,2005,37,1,3,4,2,1,1,110
586,2008,34,2,1,2,1,1,2,80
587,2003,51,5,1,2,1,1,1,148
588,2007,40,4,1,3,1,2,1,148
589,2007,50,2,1,2,2,1,1,81
590,2005,64,2,1,3,1,2,1,119
591,2008,54,2,1,1,1,1,1,80
592,2003,50,2,2,2,2,2,1,92
593,2004,32,2,1,4,2,2,1,109
594,2004,37,2,2,4,2,1,1,105
595,2006,19,1,1,1,1,2,2,65
596,2006,32,2,1,2,1,2,1,77
597,2004,42,2,1,3,1,1,1,100
598,2009,26,1,1,3,1,1,2,100
599,2009,46,2,1,5,2,2,1,158
600,2009,18,1,1,1,1,1,2,50
601,2005,43,2,1,2,2,1,1,90
602,2003,62,2,1,3,1,2,1,112
603,2008,44,2,1,2,1,2,1,148
604,2005,40,2,1,3,2,1,1,133
605,2006,43,2,1,2,1,1,1,135
606,2004,32,1,3,4,1,2,1,119
607,2006,48,1,2,2,2,2,1,88
608,2009,35,2,1,3,2,2,1,110
609,2006,61,2,1,3,2,1,1,131
610,2006,47,2,1,1,1,2,1,89
611,2005,55,4,1,2,2,2,1,103
612,2008,28,4,4,2,1,2,1,77
613,2008,52,2,1,5,1,1,2,150
614,2009,27,1,2,5,2,2,1,103
615,2006,22,2,2,3,2,2,1,90
616,2006,20,1,1,2,1,1,2,70
617,2006,42,2,1,2,2,1,1,107
618,2007,29,2,1,4,1,2,2,88
619,2003,31,1,1,4,2,1,1,110
620,2008,59,4,1,3,2,1,1,152
621,2008,36,2,1,5,1,2,1,148
622,2007,32,2,1,1,1,1,2,67
623,2005,32,1,1,3,2,1,1,104
624,2006,25,1,1,3,2,2,1,100
625,2008,43,2,1,3,2,2,2,135
626,2008,44,1,1,2,1,1,2,44
627,2009,57,2,1,3,1,2,2,117
628,2006,49,2,2,4,2,2,1,142
629,2007,41,2,1,2,2,2,1,144
630,2006,38,2,1,4,1,2,1,135
631,2004,58,2,1,1,2,1,1,119
632,2004,59,2,3,5,2,2,2,189
633,2005,39,2,1,5,2,2,1,161
634,2006,60,2,1,3,1,1,1,96
635,2007,56,2,1,2,2,1,1,111
636,2008,44,2,1,3,1,2,1,148
637,2008,70,2,2,3,2,2,1,100
638,2009,27,1,1,4,2,2,2,81
639,2004,47,2,1,2,1,1,2,119
640,2003,41,2,1,3,1,2,2,127
641,2008,29,2,1,3,1,2,1,105
642,2009,42,2,1,1,1,2,1,113
643,2007,51,4,1,4,2,1,1,282
644,2009,47,2,1,2,1,2,1,114
645,2008,48,2,2,2,1,1,1,112
646,2003,39,2,1,2,1,2,2,135
647,2005,23,1,1,2,1,2,1,75
648,2007,31,2,1,3,1,2,2,120
649,2005,59,2,1,2,1,1,1,119
650,2003,19,1,1,1,1,2,2,27
651,2009,42,2,1,5,2,2,1,182
652,2004,35,2,3,2,1,2,2,65
653,2007,38,2,1,5,2,1,1,142
654,2006,45,2,1,3,2,2,1,114
655,2008,58,2,1,5,1,2,2,136
656,2006,26,1,1,3,2,2,1,117
657,2003,30,1,3,2,2,2,2,100
658,2006,54,5,1,5,2,2,1,278
659,2008,38,2,1,2,1,2,1,94
660,2005,44,2,3,2,1,2,1,94
661,2003,52,2,1,4,2,2,2,96
662,2004,73,4,1,2,1,1,1,75
663,2006,65,2,1,5,2,2,1,105
664,2003,28,2,1,4,2,1,2,95
665,2009,53,2,1,1,1,1,1,55
666,2006,53,2,1,3,2,2,1,89
667,2008,52,2,1,4,2,2,1,145
668,2009,27,1,1,2,2,2,1,97
669,2003,57,2,1,1,1,2,1,131
670,2004,32,1,1,4,2,2,1,84
671,2007,51,1,1,2,2,1,1,148
672,2008,43,2,1,2,2,2,1,50
673,2004,50,2,1,3,1,2,1,142
674,2004,53,2,1,3,2,2,1,115
675,2007,54,2,3,1,1,1,2,65
676,2007,24,1,1,2,1,2,1,85
677,2008,40,2,1,2,2,1,1,102
678,2003,30,2,1,4,1,1,1,95
679,2003,45,2,1,4,2,2,1,100
680,2007,55,4,1,4,1,2,1,147
681,2003,45,1,1,5,2,2,1,140
682,2004,44,1,2,4,2,2,1,110
683,2004,37,3,1,4,2,2,1,127
684,2008,41,2,1,1,1,1,1,115
685,2007,44,2,1,2,1,1,2,59
686,2007,52,1,1,2,1,2,1,77
687,2009,55,2,1,4,2,2,1,142
688,2003,43,2,1,2,1,2,1,71
689,2009,27,1,3,5,2,2,1,201
690,2006,43,2,1,2,2,2,1,97
691,2007,46,2,1,2,1,1,1,100
692,2003,30,2,1,3,2,1,1,187
693,2003,43,2,1,1,1,2,1,81
694,2005,48,2,1,3,1,2,1,161
695,2003,33,1,2,1,1,2,2,64
696,2008,29,1,1,3,1,2,1,88
697,2005,24,1,1,2,2,2,2,74
698,2009,52,2,1,3,1,2,1,145
699,2005,50,2,1,5,1,2,2,142
700,2005,24,1,1,2,1,2,2,77
701,2003,42,1,1,3,1,2,1,124
702,2004,53,2,1,4,1,2,1,119
703,2008,49,2,1,5,2,2,1,279
704,2004,46,2,1,1,1,1,2,55
705,2008,40,2,1,3,1,2,1,155
706,2003,41,1,3,5,2,2,1,180
707,2006,41,2,1,4,2,2,1,119
708,2009,36,2,1,3,1,2,2,88
709,2003,34,2,2,3,2,1,2,92
710,2004,24,1,1,3,2,2,2,59
711,2008,44,2,1,4,1,2,1,124
712,2007,33,2,2,4,2,2,2,110
713,2007,25,1,1,2,1,2,1,94
714,2005,40,2,1,2,1,2,2,117
715,2007,48,1,3,2,1,2,2,65
716,2005,56,2,1,2,1,1,2,97
717,2005,25,1,1,4,1,2,2,118
718,2005,44,2,1,4,1,2,1,142
719,2003,27,1,1,3,2,2,1,116
720,2006,58,2,1,1,1,1,1,75
721,2008,52,4,2,4,2,2,1,95
722,2007,60,1,1,5,1,1,1,112
723,2008,39,2,1,3,2,2,1,104
724,2004,51,2,1,4,1,2,1,147
725,2007,31,1,1,3,2,2,1,88
726,2005,45,3,1,2,1,2,2,119
727,2005,43,1,1,4,2,2,1,101
728,2008,45,2,1,4,1,2,1,121
729,2004,40,2,1,3,2,2,1,194
730,2008,46,2,1,2,1,2,1,119
731,2009,51,2,1,5,2,2,1,268
732,2006,47,4,1,4,2,2,1,174
733,2004,52,2,1,5,2,2,1,134
734,2003,31,4,1,2,2,2,1,155
735,2007,40,2,2,4,2,2,1,155
736,2009,26,1,1,4,2,2,1,119
737,2004,49,2,1,2,1,2,2,95
738,2009,38,4,1,3,1,1,2,110
739,2005,50,2,4,1,2,1,2,112
740,2006,63,2,1,3,1,2,1,135
741,2008,35,2,1,1,1,2,2,86
742,2008,29,1,1,2,2,2,2,119
743,2008,33,2,1,2,1,1,1,88
744,2007,29,2,1,2,1,2,2,93
745,2007,62,4,1,4,2,2,1,110
746,2008,45,2,1,5,2,2,1,125
747,2003,56,2,1,1,1,2,1,128
748,2003,58,2,1,1,1,1,2,97
749,2007,39,2,1,5,1,2,1,198
750,2005,49,2,1,3,1,2,1,93
751,2004,24,1,1,4,2,2,2,94
752,2003,61,4,1,2,1,2,1,148
753,2008,58,2,1,4,1,2,1,80
754,2009,47,2,3,3,2,2,2,119
755,2004,41,5,1,4,2,2,1,88
756,2008,71,2,1,1,2,1,1,94
757,2006,47,2,1,3,1,2,1,150
758,2005,38,2,1,4,1,1,1,177
759,2005,31,1,1,4,1,2,1,74
760,2007,56,2,3,4,2,2,1,125
761,2006,44,1,1,4,2,2,1,278
762,2003,33,2,1,4,2,2,1,108
763,2005,36,1,1,4,1,2,2,61
764,2006,31,2,1,4,2,2,1,92
765,2004,55,2,1,3,2,2,1,110
766,2005,48,2,1,4,2,2,2,67
767,2005,50,2,1,3,2,2,1,114
768,2006,42,2,1,4,2,2,2,171
769,2008,25,1,1,3,2,2,1,131
770,2008,55,2,1,2,1,1,1,127
771,2004,28,1,1,5,1,2,1,117
772,2003,30,2,4,1,2,1,2,123
773,2008,46,1,2,4,1,2,1,121
774,2004,48,4,1,5,2,1,1,131
775,2006,42,4,1,3,1,2,1,81
776,2008,23,2,1,4,1,2,2,37
777,2003,60,2,1,5,1,2,2,105
778,2008,34,2,2,1,2,2,1,74
779,2003,45,2,1,4,1,2,1,129
780,2007,28,1,1,3,1,1,2,84
781,2004,33,2,1,5,2,2,1,186
782,2008,58,2,1,2,2,2,1,106
783,2008,47,2,1,5,2,2,1,164
784,2003,24,1,1,3,1,2,2,63
785,2008,56,2,1,4,1,2,2,135
786,2004,56,2,1,4,1,2,1,121
787,2005,23,1,4,4,2,1,1,94
788,2003,56,2,1,5,2,1,1,132
789,2003,45,2,1,4,2,2,1,133
790,2009,58,2,1,3,2,2,1,145
791,2007,30,2,3,5,2,2,1,119
792,2009,46,2,1,5,1,2,2,150
793,2004,48,2,1,5,1,2,1,279
794,2006,50,4,1,2,1,1,1,98
795,2008,43,1,1,4,2,2,1,100
796,2006,37,2,1,1,1,2,2,94
797,2003,49,4,1,3,2,2,2,177
798,2009,31,2,3,4,2,2,1,166
799,2009,54,2,3,2,1,2,1,94
800,2007,52,2,1,4,2,2,1,140
801,2003,70,2,1,2,1,1,2,78
802,2005,30,2,1,5,2,2,1,142
803,2006,44,2,1,2,1,2,1,116
804,2003,34,2,3,4,2,2,1,148
805,2007,38,2,1,2,1,2,2,88
806,2006,28,5,1,1,1,1,1,90
807,2005,38,2,1,3,1,2,1,142
808,2003,39,2,1,2,1,1,2,63
809,2008,52,1,1,4,2,1,1,65
810,2004,34,1,1,4,1,2,1,152
811,2003,33,2,1,4,2,2,1,123
812,2007,45,2,1,4,1,1,1,119
813,2006,58,2,1,2,1,1,2,80
814,2003,38,2,1,2,1,2,2,104
815,2007,63,2,1,4,1,1,2,56
816,2007,38,2,1,5,2,2,1,100
817,2007,31,2,1,3,1,2,2,100
818,2007,53,2,1,4,2,2,1,193
819,2009,21,1,2,2,2,1,1,103
820,2006,38,2,1,4,2,2,1,165
821,2004,18,1,1,1,1,1,1,70
822,2008,28,1,1,3,1,2,1,100
823,2003,33,1,1,4,2,2,1,114
824,2004,32,2,1,3,1,2,2,100
825,2009,29,1,1,2,2,2,1,95
826,2005,28,2,1,1,1,1,1,83
827,2005,42,2,1,5,2,2,1,117
828,2007,28,3,1,1,2,1,2,55
829,2009,36,2,1,5,2,2,1,138
830,2007,47,2,1,2,2,2,1,131
831,2007,53,2,1,5,2,2,1,282
832,2003,48,2,1,5,2,2,1,164
833,2006,36,2,1,5,1,2,1,179
834,2007,55,2,1,3,2,2,1,126
835,2008,37,2,1,1,1,1,2,70
836,2009,68,2,1,4,2,1,1,118
837,2003,65,2,4,2,1,2,2,71
838,2007,37,1,1,4,2,2,2,114
839,2007,33,2,1,4,2,2,1,138
840,2003,19,1,1,2,2,2,2,55
841,2004,50,2,1,4,2,2,1,94
842,2004,22,1,1,3,1,1,2,80
843,2004,40,2,1,3,2,2,1,89
844,2008,45,2,1,3,1,2,2,117
845,2009,36,2,1,5,1,2,2,127
846,2005,37,2,3,1,1,2,2,81
847,2003,24,1,1,2,1,1,2,52
848,2007,66,2,2,1,2,2,1,100
849,2004,35,2,3,1,1,1,2,63
850,2009,33,1,1,4,2,2,1,196
851,2005,44,2,1,3,1,1,1,102
852,2004,48,1,1,3,2,2,1,108
853,2009,47,2,1,2,2,2,2,51
854,2004,41,2,1,3,1,2,1,100
855,2005,55,2,1,4,2,2,1,63
856,2008,74,4,2,5,2,2,2,148
857,2007,33,1,1,4,2,2,1,100
858,2003,62,2,1,5,2,1,1,131
859,2004,56,4,1,2,1,1,1,102
860,2006,29,1,1,5,2,2,1,100
861,2009,56,1,2,1,2,1,2,80
862,2009,47,2,2,5,2,2,1,161
863,2005,45,2,1,2,2,2,1,135
864,2007,44,2,1,4,2,2,1,161
865,2004,25,1,1,4,2,2,1,92
866,2005,45,4,2,3,2,2,2,75
867,2005,40,2,1,4,2,2,1,136
868,2003,56,2,1,2,2,1,1,135
869,2005,56,2,3,3,2,2,1,82
870,2003,47,2,3,4,1,2,1,177
871,2007,39,2,1,2,1,2,1,119
872,2005,38,2,1,3,2,2,1,121
873,2009,48,2,1,2,1,2,2,94
874,2005,44,2,2,2,1,1,2,100
875,2003,42,2,1,5,2,2,2,124
876,2009,55,2,1,2,1,2,1,119
877,2006,61,1,1,5,1,2,2,83
878,2006,39,2,1,2,1,1,1,81
879,2005,30,2,2,3,1,2,2,105
880,2009,49,4,1,2,1,1,1,100
881,2006,33,2,1,4,2,2,1,136
882,2006,31,2,1,1,1,1,2,81
883,2005,35,1,3,2,1,2,1,69
884,2003,55,2,1,2,1,2,1,81
885,2008,36,2,1,2,1,2,1,114
886,2003,37,2,1,2,1,2,2,118
887,2006,33,2,1,2,1,2,1,100
888,2006,48,2,1,2,1,1,1,119
889,2004,47,2,3,3,1,2,1,119
890,2003,60,2,1,3,2,1,1,123
891,2004,28,1,1,4,2,1,1,110
892,2005,28,2,1,3,2,2,1,103
893,2005,48,2,1,4,2,2,1,164
894,2009,29,2,1,5,2,2,2,117
895,2004,40,1,1,2,1,1,1,92
896,2009,32,1,1,5,2,2,1,100
897,2004,33,4,1,2,2,2,2,55
898,2003,40,4,1,2,1,2,1,102
899,2004,42,2,1,3,1,2,1,148
900,2003,36,2,1,2,1,2,2,115
901,2004,39,2,2,1,1,1,2,74
902,2009,44,2,1,5,2,2,1,268
903,2009,43,2,1,2,1,2,2,129
904,2008,44,2,1,1,1,2,1,96
905,2006,29,2,3,5,2,2,1,88
906,2007,49,2,2,3,2,2,1,105
907,2007,47,2,2,3,2,2,1,131
908,2004,46,2,3,5,2,2,1,191
909,2006,41,4,1,1,1,2,1,118
910,2008,52,2,1,2,2,1,2,80
911,2003,43,4,1,2,2,2,1,72
912,2004,38,2,1,5,2,2,1,148
913,2003,42,2,1,3,2,2,1,74
914,2005,56,2,2,4,1,2,2,119
915,2003,39,2,1,2,1,2,1,129
916,2005,29,2,2,3,2,2,1,88
917,2009,33,2,1,5,2,2,1,268
918,2004,33,2,1,2,1,2,2,105
919,2004,41,2,1,2,2,2,2,93
920,2004,44,1,2,1,2,1,1,70
921,2005,45,2,1,5,2,2,1,201
922,2004,58,2,1,2,2,2,1,103
923,2005,29,2,1,3,1,2,1,103
924,2004,42,4,1,2,1,2,2,65
925,2008,68,2,1,2,1,2,1,110
926,2005,47,2,1,5,2,1,1,127
927,2005,30,2,2,4,2,2,2,94
928,2005,39,2,1,1,2,2,2,68
929,2008,42,2,1,4,1,2,1,126
930,2006,49,2,1,3,1,2,1,165
931,2009,36,1,1,2,1,1,1,81
932,2003,44,2,3,2,2,1,1,113
933,2009,54,2,1,2,2,2,1,77
934,2003,42,2,1,2,1,1,1,75
935,2003,39,2,1,4,1,2,1,129
936,2008,30,2,3,2,2,2,2,59
937,2004,33,1,2,2,2,2,2,64
938,2003,28,2,1,2,2,2,1,84
939,2003,38,2,1,2,1,2,1,94
940,2005,30,2,4,3,1,2,1,83
941,2008,25,1,1,5,1,2,1,119
942,2007,52,2,2,2,2,2,1,81
943,2007,26,2,1,2,1,1,2,67
944,2009,54,2,1,4,1,2,1,166
945,2005,62,2,1,4,2,2,2,100
946,2009,57,2,3,5,2,1,1,142
947,2003,32,2,1,4,1,2,1,143
948,2003,60,2,1,2,1,2,1,35
949,2004,40,2,1,4,2,2,1,110
950,2005,49,2,1,2,1,2,2,111
951,2006,54,2,1,4,1,2,1,132
952,2009,48,1,1,5,2,2,1,148
953,2009,35,1,1,1,1,2,1,74
954,2009,46,4,1,2,2,1,1,144
955,2007,42,2,1,2,1,2,1,100
956,2004,58,2,1,4,2,2,1,272
957,2003,30,1,1,4,2,2,1,201
958,2008,27,1,1,2,1,2,1,85
959,2008,55,2,1,1,1,2,1,110
960,2004,50,2,1,2,1,2,2,61
961,2006,55,4,1,2,1,1,1,119
962,2006,40,2,1,3,1,2,1,146
963,2005,32,2,1,2,2,1,2,113
964,2006,27,2,1,2,1,1,1,107
965,2007,49,2,1,3,2,2,1,107
966,2007,50,2,1,4,2,1,1,127
967,2006,50,2,1,1,1,1,1,88
968,2008,44,2,1,5,2,2,1,144
969,2007,57,2,3,5,2,1,1,160
970,2008,72,2,2,5,1,1,2,88
971,2006,23,1,1,1,1,1,2,65
972,2007,31,1,1,5,2,2,1,177
973,2008,36,2,1,2,2,2,2,55
974,2009,63,2,2,3,1,2,1,110
975,2006,48,2,1,1,1,1,2,82
976,2005,46,2,1,4,1,2,2,114
977,2003,55,2,1,4,1,2,1,143
978,2007,44,2,1,5,2,2,1,161
979,2006,44,2,1,3,1,2,1,94
980,2004,32,2,4,1,1,1,2,55
981,2003,60,2,1,1,1,2,1,74
982,2004,42,2,1,5,2,2,1,161
983,2009,48,2,2,5,2,2,1,148
984,2008,36,2,1,1,1,2,2,88
985,2009,31,2,1,2,1,1,1,102
986,2006,54,2,1,2,2,2,1,112
987,2007,29,2,1,3,1,2,1,107
988,2003,46,4,1,3,1,2,2,126
989,2003,35,4,1,2,1,2,2,110
990,2009,50,2,1,1,2,1,1,93
991,2005,25,2,1,3,1,2,1,55
992,2005,33,1,1,3,2,1,2,96
993,2008,34,2,1,2,1,2,1,114
994,2006,51,2,2,2,1,1,1,94
995,2004,33,2,1,2,1,2,1,95
996,2007,59,2,1,3,2,2,1,139
997,2006,62,5,2,1,1,2,1,81
998,2005,28,5,1,2,1,2,1,94
999,2008,40,2,1,3,2,1,1,88
1000,2003,52,2,1,5,1,2,1,138
1001,2007,29,2,1,2,1,2,2,89
1002,2007,34,2,1,1,1,2,1,93
1003,2004,25,1,1,2,1,2,2,55
1004,2005,66,2,1,4,1,2,1,94
1005,2005,43,2,1,2,2,1,1,69
1006,2007,45,2,2,2,2,2,2,93
1007,2006,35,2,1,5,2,2,1,114
1008,2005,43,2,1,2,2,2,1,110
1009,2007,49,2,1,4,2,2,1,110
1010,2004,60,1,2,1,2,1,1,77
1011,2003,46,2,1,2,2,2,2,94
1012,2009,55,2,1,2,1,2,1,102
1013,2006,32,2,1,3,1,2,1,119
1014,2007,53,2,1,2,1,2,2,133
1015,2009,57,2,1,4,2,2,1,157
1016,2007,51,2,1,5,2,1,1,282
1017,2004,59,2,1,5,2,2,1,182
1018,2006,45,2,1,3,2,1,1,119
1019,2006,56,1,1,2,1,1,1,72
1020,2005,30,2,1,2,1,2,1,85
1021,2006,21,1,1,2,1,2,2,72
1022,2003,60,2,1,4,1,2,1,138
1023,2007,60,2,1,2,2,2,1,102
1024,2007,48,4,1,1,1,2,1,110
1025,2003,39,4,1,4,2,2,2,88
1026,2009,32,1,1,3,2,2,1,115
1027,2007,51,2,2,5,2,2,1,192
1028,2006,47,2,1,4,1,2,2,87
1029,2007,44,2,1,2,2,1,1,76
1030,2008,46,2,1,2,1,2,1,166
1031,2004,28,1,1,4,1,2,1,57
1032,2003,24,1,1,4,2,2,2,100
1033,2006,37,2,1,2,1,2,2,93
1034,2006,31,2,1,2,1,2,1,100
1035,2004,72,2,1,2,2,1,1,93
1036,2008,50,2,1,3,1,1,1,102
1037,2007,36,2,1,3,1,2,1,145
1038,2006,27,1,2,2,1,2,1,77
1039,2009,27,2,1,3,1,2,1,90
1040,2004,41,2,1,4,1,2,2,127
1041,2008,20,1,1,3,2,2,2,83
1042,2008,49,2,2,2,1,2,1,100
1043,2007,25,1,1,2,1,2,1,64
1044,2006,41,2,3,1,1,1,1,89
1045,2009,53,1,1,2,1,1,1,88
1046,2009,45,2,1,4,1,1,2,127
1047,2003,32,2,1,1,1,2,2,67
1048,2005,47,2,1,3,2,2,1,148
1049,2003,26,2,1,2,1,2,1,123
1050,2009,31,2,2,3,2,2,1,133
1051,2007,32,2,3,5,2,2,1,119
1052,2006,50,4,1,5,2,2,1,120
1053,2007,46,2,1,2,1,2,1,115
1054,2006,47,2,1,5,2,2,1,113
1055,2005,55,2,1,3,1,1,1,119
1056,2005,49,2,1,4,1,2,1,148
1057,2004,25,2,1,2,1,2,1,61
1058,2008,60,2,1,2,2,2,2,96
1059,2008,62,2,1,2,1,2,1,89
1060,2003,63,5,2,2,2,2,1,128
1061,2004,31,1,1,5,2,2,1,129
1062,2006,29,2,1,4,1,2,1,110
1063,2008,51,2,1,2,1,2,1,114
1064,2007,28,2,3,2,1,2,2,76
1065,2005,36,1,1,3,2,1,1,123
1066,2007,28,1,1,3,2,2,1,100
1067,2004,38,2,1,4,2,2,1,103
1068,2008,35,2,1,3,1,2,1,96
1069,2005,46,4,1,3,1,2,1,117
1070,2007,37,2,1,3,2,2,2,90
1071,2005,41,4,2,3,2,2,1,105
1072,2006,59,2,2,3,1,1,2,74
1073,2006,51,2,1,3,1,1,2,108
1074,2006,26,1,2,2,1,2,1,100
1075,2003,34,2,2,3,1,2,1,60
1076,2004,32,2,1,2,2,2,1,123
1077,2007,23,1,1,3,1,2,1,81
1078,2004,50,2,1,2,2,2,1,143
1079,2009,25,1,1,1,1,2,1,69
1080,2004,43,2,1,2,1,2,1,79
1081,2009,36,2,2,3,1,2,1,129
1082,2006,50,2,1,2,2,1,2,55
1083,2006,34,5,2,2,2,2,1,135
1084,2005,34,1,1,2,1,2,2,105
1085,2005,55,2,3,5,2,2,1,278
1086,2003,39,2,2,2,1,1,2,78
1087,2004,40,2,1,1,1,1,1,83
1088,2005,32,2,1,3,2,1,1,117
1089,2006,63,2,1,2,2,1,1,119
1090,2004,38,1,1,2,1,2,2,110
1091,2008,67,2,3,2,1,1,2,59
1092,2005,39,2,1,2,1,2,1,116
1093,2003,31,2,3,2,1,1,2,61
1094,2006,41,1,1,3,2,2,1,114
1095,2003,47,2,1,1,1,2,1,78
1096,2009,61,2,1,2,1,2,1,122
1097,2005,61,2,1,5,1,2,1,148
1098,2008,21,2,4,2,1,2,2,55
1099,2004,22,1,1,4,1,1,2,66
1100,2003,53,2,1,4,1,2,1,127
1101,2004,47,2,1,4,1,2,2,81
1102,2005,36,2,1,3,1,2,1,128
1103,2007,36,1,1,2,1,2,2,88
1104,2005,42,2,1,2,1,2,1,123
1105,2004,54,4,1,3,1,2,2,105
1106,2004,27,2,1,3,1,1,1,88
1107,2004,36,2,1,2,1,2,1,132
1108,2006,35,1,1,2,2,1,2,74
1109,2003,60,2,1,2,1,2,1,105
1110,2005,42,5,1,2,1,1,1,92
1111,2008,41,2,2,5,2,2,1,123
1112,2004,35,1,2,3,1,1,1,132
1113,2006,34,1,2,5,2,2,1,310
1114,2007,22,1,1,2,1,1,1,71
1115,2007,47,2,1,2,1,2,2,85
1116,2004,59,2,1,2,1,2,1,103
1117,2007,29,1,1,3,2,2,1,104
1118,2006,32,1,1,1,2,2,1,94
1119,2003,49,2,1,4,1,2,1,129
1120,2009,30,1,1,3,2,2,1,106
1121,2003,33,1,3,2,1,1,1,99
1122,2007,51,2,1,2,1,1,1,133
1123,2003,37,2,1,2,1,2,2,78
1124,2003,46,2,1,3,1,2,1,131
1125,2007,63,2,1,5,2,2,1,110
1126,2005,41,2,1,2,1,2,2,96
1127,2005,40,2,1,2,1,1,1,110
1128,2007,46,2,1,5,2,2,1,282
1129,2005,45,4,1,2,2,2,1,94
1130,2008,48,1,1,4,1,2,1,201
1131,2007,28,2,1,3,2,2,2,88
1132,2009,65,4,2,2,1,1,2,88
1133,2005,50,1,1,2,1,2,2,97
1134,2008,53,2,1,2,1,2,2,108
1135,2007,48,2,3,2,1,2,2,96
1136,2003,30,2,1,3,2,2,2,110
1137,2006,37,2,1,2,2,2,1,87
1138,2004,51,2,1,4,2,2,1,89
1139,2008,55,2,1,5,2,2,1,166
1140,2004,35,2,1,2,2,2,1,95
1141,2006,33,2,1,2,1,2,1,122
1142,2008,41,4,1,4,2,1,1,132
1143,2003,34,2,1,5,2,2,1,96
1144,2006,33,2,1,2,1,2,2,89
1145,2008,49,1,1,1,1,2,1,81
1146,2006,62,2,1,5,2,2,1,74
1147,2004,31,1,2,1,2,1,1,110
1148,2007,43,4,1,1,2,2,2,100
1149,2008,43,2,2,4,2,2,1,134
1150,2004,43,1,1,3,2,2,1,92
1151,2009,48,2,1,4,2,1,2,110
1152,2003,48,2,1,2,2,2,2,70
1153,2007,50,2,1,4,2,2,1,144
1154,2009,29,1,3,4,2,2,2,100
1155,2004,52,2,1,3,2,2,2,94
1156,2004,46,1,1,2,2,2,2,88
1157,2005,40,1,1,2,1,2,1,94
1158,2004,43,2,1,2,1,1,1,81
1159,2006,54,2,1,2,1,2,1,115
1160,2006,38,1,1,5,2,2,1,108
1161,2004,32,2,1,3,1,1,2,101
1162,2008,28,1,3,4,2,2,1,144
1163,2005,33,1,1,5,1,2,1,145
1164,2004,44,2,1,5,1,2,2,164
1165,2006,41,2,1,2,2,1,2,81
1166,2005,31,1,1,1,1,1,2,40
1167,2007,48,4,1,4,2,2,1,97
1168,2007,50,2,2,4,1,1,2,117
1169,2004,47,2,1,4,1,2,1,119
1170,2004,31,2,2,2,1,1,2,84
1171,2008,40,2,1,2,1,1,1,89
1172,2009,54,4,1,3,1,1,2,87
1173,2004,24,1,2,2,2,2,1,75
1174,2005,34,2,1,2,2,2,1,99
1175,2003,65,2,1,4,2,2,1,88
1176,2007,28,2,1,2,1,1,1,110
1177,2008,30,5,1,2,2,1,1,80
1178,2009,45,2,1,3,1,2,2,166
1179,2008,35,5,1,4,2,2,1,139
1180,2005,46,2,4,5,2,2,1,145
1181,2003,47,2,1,2,1,2,2,85
1182,2008,71,2,1,2,1,1,2,100
1183,2003,39,2,1,3,2,2,1,131
1184,2009,41,1,1,1,1,1,2,69
1185,2007,33,2,1,2,1,2,1,140
1186,2009,76,4,1,5,2,2,1,177
1187,2009,20,1,1,2,1,2,1,77
1188,2006,34,2,1,5,2,2,1,135
1189,2003,26,1,1,4,2,2,1,100
1190,2006,51,2,1,4,2,2,1,148
1191,2003,25,2,1,1,1,2,1,80
1192,2006,62,2,1,3,1,2,1,129
1193,2006,37,2,1,4,1,2,1,181
1194,2009,37,1,2,3,1,2,1,94
1195,2007,32,2,1,3,1,2,2,89
1196,2007,55,2,1,3,1,2,1,130
1197,2009,36,2,1,1,1,2,2,77
1198,2006,39,2,1,2,1,2,1,148
1199,2004,46,2,1,4,2,2,1,185
1200,2007,48,2,1,4,2,1,2,129
1201,2005,34,4,1,4,2,2,1,147
1202,2004,39,2,1,3,2,1,2,107
1203,2005,50,2,1,5,1,1,2,115
1204,2006,54,2,1,3,2,2,1,92
1205,2007,60,2,1,4,1,1,1,148
1206,2007,48,1,1,5,2,2,1,112
1207,2007,47,2,1,4,1,2,2,126
1208,2004,20,1,1,2,1,2,2,65
1209,2003,60,2,1,2,1,1,1,108
1210,2003,37,1,1,4,2,2,1,55
1211,2003,46,2,1,4,2,2,1,135
1212,2003,54,2,1,3,2,1,1,72
1213,2006,51,2,1,4,2,1,1,131
1214,2009,32,1,2,2,1,2,1,92
1215,2006,35,2,1,4,2,2,1,155
1216,2003,46,2,1,2,2,2,1,114
1217,2008,38,2,2,1,1,2,1,88
1218,2005,62,2,2,2,2,1,1,81
1219,2003,47,2,1,2,1,2,1,94
1220,2003,28,2,3,5,1,1,2,142
1221,2007,61,2,1,4,2,2,1,145
1222,2003,26,1,1,4,2,1,1,94
1223,2006,49,2,1,2,1,2,1,127
1224,2009,28,2,1,2,2,1,1,114
1225,2003,61,2,1,2,2,1,1,102
1226,2003,42,2,1,4,2,2,1,135
1227,2009,31,2,1,5,1,2,1,127
1228,2009,50,2,1,2,2,2,1,88
1229,2005,44,2,1,1,1,1,2,78
1230,2007,46,2,2,2,2,2,1,318
1231,2006,54,2,1,2,1,2,1,83
1232,2003,40,4,1,2,2,2,1,97
1233,2005,38,2,1,2,1,1,2,88
1234,2006,43,2,1,5,2,2,1,184
1235,2009,43,1,2,2,1,1,1,110
1236,2004,30,2,1,3,2,2,1,95
1237,2005,58,2,1,5,2,1,1,59
1238,2007,60,2,3,4,1,1,1,119
1239,2004,45,2,1,5,1,1,1,131
1240,2008,47,2,1,4,2,2,1,135
1241,2005,47,2,1,1,1,2,2,88
1242,2003,59,4,1,3,2,2,1,67
1243,2006,36,2,1,3,2,2,2,83
1244,2008,39,1,1,5,2,2,1,119
1245,2004,40,2,3,1,2,1,2,106
1246,2003,42,2,1,2,2,2,1,85
1247,2009,29,1,1,5,2,2,2,74
1248,2005,38,2,1,4,2,2,1,139
1249,2003,58,2,2,3,1,1,1,123
1250,2004,18,1,1,2,1,2,2,56
1251,2004,35,2,1,4,1,2,1,142
1252,2008,30,2,3,5,2,1,2,154
1253,2003,48,2,1,3,1,1,2,119
1254,2004,27,2,1,4,1,2,1,114
1255,2005,40,2,1,3,2,2,1,121
1256,2007,34,2,1,5,2,2,2,97
1257,2004,54,2,1,2,2,2,1,142
1258,2006,20,1,2,2,2,2,1,75
1259,2005,50,2,1,2,1,2,1,89
1260,2009,42,2,1,5,2,2,1,198
1261,2008,45,2,2,3,2,1,1,65
1262,2003,59,2,1,3,1,2,2,108
1263,2003,44,2,1,1,1,1,1,81
1264,2005,67,4,1,4,2,2,2,77
1265,2007,26,1,2,4,1,2,1,77
1266,2007,40,2,1,5,2,2,1,140
1267,2004,42,2,1,2,1,2,1,105
1268,2005,22,1,1,2,1,2,1,81
1269,2005,43,2,1,3,1,2,2,140
1270,2004,34,1,1,2,2,1,2,80
1271,2004,44,4,2,2,2,1,1,80
1272,2003,53,2,1,3,1,1,1,268
1273,2003,54,2,1,5,2,1,1,125
1274,2008,55,2,1,4,2,1,1,148
1275,2009,30,1,3,5,1,2,1,119
1276,2004,48,2,1,5,2,2,1,177
1277,2003,48,2,1,2,1,2,1,110
1278,2008,30,2,3,5,2,2,2,127
1279,2006,38,4,1,3,1,2,1,111
1280,2005,25,2,1,3,1,2,1,92
1281,2009,59,3,2,2,2,1,1,105
1282,2004,38,2,1,5,2,1,2,272
1283,2003,40,2,1,4,2,2,1,268
1284,2007,36,2,1,5,2,2,1,164
1285,2008,60,2,1,4,1,2,1,105
1286,2005,40,2,3,4,2,2,2,123
1287,2003,28,2,1,3,2,2,1,119
1288,2004,34,2,3,5,1,2,1,148
1289,2008,39,2,1,4,1,2,1,175
1290,2005,26,2,1,2,1,2,2,96
1291,2004,28,1,1,2,2,2,1,97
1292,2004,27,1,1,4,2,2,1,100
1293,2008,34,2,1,2,1,2,1,100
1294,2009,38,2,2,2,2,1,1,312
1295,2005,51,2,1,4,2,2,1,110
1296,2008,58,4,1,3,1,2,1,88
1297,2004,42,2,1,4,1,1,1,138
1298,2005,32,1,2,3,2,1,1,48
1299,2006,27,2,1,4,2,1,1,105
1300,2009,51,1,1,4,1,2,1,100
1301,2009,50,2,2,2,2,2,1,133
1302,2009,25,1,3,4,2,2,1,115
1303,2006,60,2,2,2,1,1,2,121
1304,2004,62,2,1,3,2,1,1,148
1305,2006,53,2,1,3,1,2,1,121
1306,2009,39,2,1,4,2,2,1,144
1307,2003,23,1,1,3,2,2,2,90
1308,2008,47,2,1,5,2,2,2,148
1309,2009,32,1,1,4,2,2,1,123
1310,2003,57,2,1,4,2,2,1,268
1311,2005,40,2,2,3,2,2,2,78
1312,2006,57,2,1,3,2,2,1,108
1313,2005,31,2,3,5,1,2,1,148
1314,2005,28,1,1,3,1,1,1,89
1315,2007,58,2,1,2,1,2,1,131
1316,2008,47,2,1,2,2,2,1,88
1317,2003,41,2,1,4,2,2,2,70
1318,2004,53,2,1,2,1,1,1,109
1319,2009,27,2,1,4,2,2,1,81
1320,2003,19,1,2,1,2,2,2,65
1321,2007,47,2,1,4,1,2,2,65
1322,2005,44,5,1,2,1,1,1,119
1323,2006,32,1,1,2,1,2,1,74
1324,2005,23,1,1,2,1,2,2,55
1325,2006,31,2,1,2,1,2,2,66
1326,2004,42,2,1,3,1,2,2,272
1327,2003,50,2,1,5,2,2,1,135
1328,2004,52,2,1,4,2,1,2,47
1329,2003,20,1,1,2,1,2,1,77
1330,2004,33,4,1,2,1,1,2,81
1331,2008,26,1,1,4,2,2,2,100
1332,2004,40,2,3,5,1,2,2,166
1333,2005,29,1,1,2,1,2,2,94
1334,2004,35,1,1,4,2,2,1,114
1335,2009,34,1,1,4,2,2,1,88
1336,2003,37,2,1,4,2,2,1,119
1337,2008,37,2,1,4,2,2,1,162
1338,2003,22,1,1,3,1,2,2,74
1339,2008,39,2,2,2,1,1,2,100
1340,2003,42,2,3,3,1,2,1,104
1341,2006,44,2,1,4,1,2,1,109
1342,2008,45,4,1,1,1,2,1,108
1343,2003,42,2,1,5,2,2,1,142
1344,2009,52,4,1,3,2,2,1,161
1345,2004,27,4,1,3,2,2,1,112
1346,2009,46,2,1,3,2,1,1,169
1347,2007,59,2,1,3,2,1,1,96
1348,2005,52,2,1,2,1,1,2,81
1349,2003,19,1,1,1,1,1,2,55
1350,2003,64,2,1,4,2,1,2,108
1351,2007,38,2,1,5,2,2,1,137
1352,2006,45,5,2,2,2,2,1,65
1353,2008,53,2,1,3,2,2,2,180
1354,2007,28,2,1,2,1,2,2,66
1355,2003,39,2,1,1,1,2,1,105
1356,2008,52,2,1,5,2,1,1,177
1357,2009,41,2,1,1,1,2,2,114
1358,2004,44,2,1,1,1,1,2,77
1359,2005,48,2,1,2,1,2,2,94
1360,2003,47,2,1,2,1,2,1,127
1361,2006,31,1,1,2,1,2,2,94
1362,2005,28,2,1,3,1,2,1,104
1363,2007,45,2,1,4,2,2,1,100
1364,2004,56,3,1,4,1,1,1,88
1365,2004,47,2,1,2,2,1,1,136
1366,2005,41,2,1,2,1,2,2,94
1367,2006,49,2,1,2,1,2,2,88
1368,2009,28,1,1,2,1,1,2,97
1369,2009,19,1,1,3,1,1,2,44
1370,2004,48,2,1,3,2,1,1,117
1371,2003,47,2,1,4,2,2,1,127
1372,2004,57,2,1,4,2,2,1,272
1373,2003,39,2,1,2,2,2,1,110
1374,2004,45,1,2,2,2,1,1,67
1375,2006,52,2,1,1,2,2,1,128
1376,2008,51,2,1,2,1,2,1,119
1377,2009,46,2,1,5,2,2,1,74
1378,2003,45,4,1,4,2,2,1,143
1379,2005,40,2,1,2,1,1,1,88
1380,2008,48,2,1,4,2,2,1,129
1381,2004,47,2,1,3,2,2,1,121
1382,2009,45,2,1,2,2,1,1,99
1383,2005,49,2,2,3,1,2,1,117
1384,2007,57,4,1,3,2,1,1,110
1385,2005,77,2,1,2,2,2,1,100
1386,2005,48,2,3,4,2,1,1,161
1387,2004,56,2,1,5,2,2,1,119
1388,2007,39,2,1,4,2,2,1,164
1389,2003,44,1,1,2,1,1,1,111
1390,2007,49,2,2,3,2,2,1,88
1391,2008,58,2,3,1,2,2,2,55
1392,2005,46,2,1,3,2,1,2,127
1393,2004,39,2,1,4,2,1,1,123
1394,2007,26,2,1,2,2,2,2,74
1395,2003,61,2,1,3,2,1,1,100
1396,2003,62,4,1,3,1,1,1,94
1397,2008,47,2,3,4,1,1,2,88
1398,2003,40,2,1,2,1,2,2,119
1399,2006,35,2,1,1,2,2,2,65
1400,2008,61,2,1,2,1,2,1,142
1401,2003,38,2,1,2,1,1,1,135
1402,2008,18,1,1,2,1,2,2,77
1403,2006,45,2,1,2,1,2,2,101
1404,2009,27,2,2,3,2,2,1,100
1405,2004,22,1,1,3,1,1,1,95
1406,2008,29,2,4,1,2,2,1,74
1407,2006,50,2,1,2,2,2,1,123
1408,2003,25,1,1,3,1,2,1,100
1409,2007,35,2,1,4,2,2,1,119
1410,2004,41,2,1,3,1,2,1,127
1411,2009,38,2,1,4,2,1,1,145
1412,2008,49,2,1,2,2,1,1,119
1413,2004,36,2,1,2,1,2,2,129
1414,2005,66,1,2,2,2,2,1,93
1415,2003,23,1,1,1,2,2,2,69
1416,2004,28,2,1,5,2,2,1,100
1417,2007,42,2,1,3,1,2,1,110
1418,2007,20,1,1,2,1,2,2,44
1419,2009,37,2,1,4,2,2,1,189
1420,2009,58,2,1,2,2,1,2,32
1421,2004,45,2,1,5,1,2,1,155
1422,2006,64,2,1,3,2,2,1,114
1423,2009,45,2,1,2,1,1,1,148
1424,2007,52,4,1,3,2,1,1,102
1425,2005,42,2,1,4,2,2,2,123
1426,2005,32,2,1,2,1,2,1,119
1427,2009,40,5,1,1,1,2,2,75
1428,2005,55,2,1,4,2,1,1,161
1429,2004,46,2,1,4,2,2,1,105
1430,2008,55,5,1,1,1,2,2,81
1431,2003,53,1,1,4,2,2,1,100
1432,2005,33,2,3,4,1,2,1,105
1433,2006,45,2,1,1,1,1,1,95
1434,2006,54,2,1,2,2,2,1,100
1435,2004,32,2,1,4,2,2,1,84
1436,2005,42,2,1,4,1,2,2,177
1437,2004,35,2,1,5,2,2,1,119
1438,2004,54,2,1,2,1,2,2,94
1439,2003,38,2,1,3,2,1,1,94
1440,2004,31,1,1,4,2,2,1,102
1441,2003,41,2,1,3,1,2,1,85
1442,2005,45,2,1,4,1,2,1,142
1443,2003,49,2,1,2,1,2,1,119
1444,2004,50,2,1,3,1,2,1,95
1445,2003,40,1,1,2,1,1,1,112
1446,2003,29,2,2,2,1,1,1,60
1447,2006,25,1,1,3,1,1,2,100
1448,2004,32,2,1,2,1,2,2,100
1449,2007,51,2,1,2,2,2,1,87
1450,2008,29,2,1,3,1,2,2,93
1451,2005,32,2,1,3,2,2,1,135
1452,2008,42,2,1,3,1,2,1,145
1453,2005,59,2,1,2,2,2,1,148
1454,2003,31,2,1,4,1,1,2,88
1455,2006,29,2,1,3,2,1,2,108
1456,2006,52,1,1,2,1,1,1,74
1457,2006,35,2,1,2,1,1,2,74
1458,2008,28,1,1,1,1,1,1,106
1459,2006,50,2,1,4,1,2,2,78
1460,2004,49,4,1,2,1,1,2,73
1461,2009,39,2,1,2,2,1,2,74
1462,2003,26,1,4,4,2,2,2,38
1463,2003,31,1,2,3,2,2,1,100
1464,2007,50,1,1,2,1,1,2,50
1465,2009,62,2,1,5,2,2,1,170
1466,2004,35,2,1,3,1,2,2,123
1467,2005,22,1,2,3,2,2,2,74
1468,2003,55,1,1,5,2,2,1,111
1469,2006,63,2,1,3,2,1,1,126
1470,2004,63,4,1,2,2,2,2,75
1471,2008,39,2,1,4,1,1,1,95
1472,2003,28,2,1,1,2,2,2,119
1473,2006,43,2,1,4,2,2,1,127
1474,2006,58,2,2,1,1,2,1,70
1475,2007,38,2,1,5,2,2,1,166
1476,2004,49,2,2,3,1,2,1,139
1477,2003,62,2,1,3,2,1,2,25
1478,2004,36,2,1,3,2,1,1,81
1479,2004,54,4,1,4,1,2,2,88
1480,2005,26,2,1,2,2,2,1,116
1481,2009,46,2,3,5,2,2,1,166
1482,2006,58,4,1,3,1,2,1,150
1483,2005,22,1,1,3,2,2,1,74
1484,2005,58,2,1,5,1,2,2,278
1485,2008,63,2,1,4,1,2,2,137
1486,2007,67,2,2,1,2,2,1,129
1487,2008,44,2,1,2,1,2,1,112
1488,2003,51,2,1,4,1,2,1,179
1489,2003,46,2,1,2,1,2,2,50
1490,2007,43,2,1,1,1,2,2,83
1491,2004,40,2,1,3,1,2,2,74
1492,2008,31,1,1,3,1,2,1,93
1493,2007,41,2,1,5,2,2,1,114
1494,2008,21,1,2,2,1,2,2,84
1495,2008,51,2,1,3,2,2,2,77
1496,2003,43,5,2,3,2,2,1,80
1497,2004,34,2,1,3,2,2,1,131
1498,2008,45,2,1,3,1,2,1,148
1499,2008,35,2,3,1,1,2,2,65
1500,2004,33,2,1,2,2,2,1,135
1501,2003,46,2,2,2,1,2,1,94
1502,2003,38,1,2,1,1,2,1,94
1503,2004,44,1,2,4,2,1,1,90
1504,2006,50,1,1,2,2,1,1,112
1505,2009,55,2,1,2,2,1,1,108
1506,2009,49,2,1,5,2,1,1,192
1507,2006,47,2,2,5,2,2,1,145
1508,2003,40,2,4,2,2,2,1,139
1509,2003,21,1,1,2,1,2,2,54
1510,2008,60,2,2,1,1,2,2,93
1511,2008,56,1,1,1,2,2,2,81
1512,2004,61,2,1,3,1,1,2,129
1513,2008,44,2,1,5,2,2,1,136
1514,2007,43,4,1,5,1,1,1,161
1515,2005,29,2,1,3,1,1,1,110
1516,2003,38,2,1,4,2,2,2,148
1517,2003,26,1,1,3,1,2,1,108
1518,2006,28,1,4,2,1,2,2,67
1519,2003,38,1,1,4,2,1,1,118
1520,2006,45,4,1,3,1,2,2,110
1521,2004,39,2,1,2,1,2,2,47
1522,2003,33,2,1,2,1,1,1,63
1523,2005,44,2,1,1,1,2,2,70
1524,2006,48,2,1,3,1,2,1,100
1525,2007,45,2,1,2,1,2,1,93
1526,2007,56,2,1,2,1,1,2,100
1527,2009,40,1,1,4,2,2,2,114
1528,2006,71,2,2,1,1,1,2,89
1529,2006,30,2,1,2,1,1,2,119
1530,2004,45,2,1,4,2,2,1,148
1531,2004,41,2,1,2,1,2,1,90
1532,2003,40,2,4,3,2,2,1,119
1533,2004,59,2,1,1,2,1,1,89
1534,2007,46,2,3,1,1,2,2,74
1535,2003,38,1,1,2,1,2,1,70
1536,2007,26,2,1,3,1,2,1,93
1537,2005,53,2,2,2,2,1,1,70
1538,2004,46,4,1,4,2,2,1,100
1539,2007,42,2,1,3,1,2,1,99
1540,2006,28,1,2,3,1,1,2,55
1541,2004,30,1,1,1,1,2,2,87
1542,2008,34,2,3,4,2,2,1,119
1543,2008,46,2,1,4,1,1,2,161
1544,2007,22,1,1,3,1,1,2,59
1545,2007,37,1,1,2,2,2,1,93
1546,2008,27,2,1,3,1,1,1,63
1547,2008,52,2,1,2,2,2,1,114
1548,2008,43,2,1,2,1,1,2,65
1549,2004,52,2,1,2,1,2,1,148
1550,2005,54,1,2,3,2,1,1,109
1551,2007,47,2,1,2,1,1,1,100
1552,2005,21,1,2,3,2,2,1,106
1553,2005,42,2,1,4,2,2,1,135
1554,2003,72,2,1,5,2,1,1,189
1555,2003,38,2,3,2,2,1,1,105
1556,2009,53,2,1,2,1,2,1,83
1557,2006,35,5,1,3,2,2,2,81
1558,2008,60,2,1,2,1,2,1,77
1559,2003,39,2,1,2,2,2,1,85
1560,2005,45,4,2,2,2,1,2,74
1561,2008,61,2,1,2,2,1,1,107
1562,2008,64,4,1,2,2,1,1,95
1563,2004,39,2,3,1,1,2,1,70
1564,2007,46,2,2,3,2,1,1,106
1565,2008,25,1,2,3,2,2,2,56
1566,2003,80,2,1,3,2,2,1,94
1567,2008,51,4,1,3,1,2,1,106
1568,2004,58,2,1,2,1,1,1,75
1569,2009,52,2,1,3,1,2,1,119
1570,2004,45,2,1,5,2,2,1,138
1571,2007,41,1,1,3,1,2,1,100
1572,2004,42,2,1,2,1,1,1,95
1573,2008,31,1,1,3,1,1,1,94
1574,2004,49,4,1,2,2,2,1,123
1575,2009,47,4,1,2,1,1,1,90
1576,2005,39,2,1,2,2,2,1,88
1577,2006,53,2,1,4,2,2,1,110
1578,2003,37,2,1,2,1,1,1,85
1579,2003,52,2,1,4,1,2,1,192
1580,2006,41,2,1,2,1,2,1,102
1581,2006,39,2,3,4,2,2,1,148
1582,2009,63,2,1,5,2,2,1,172
1583,2007,23,1,1,2,1,2,2,73
1584,2004,62,2,2,2,2,2,1,88
1585,2004,43,2,1,5,2,2,1,272
1586,2004,29,1,2,2,1,2,2,103
1587,2004,43,2,3,5,2,2,1,161
1588,2008,34,2,2,4,2,2,2,123
1589,2003,38,2,3,5,2,2,1,92
1590,2005,25,1,1,4,2,2,1,85
1591,2005,64,2,2,2,2,1,1,110
1592,2003,49,2,1,4,1,2,1,114
1593,2009,46,2,1,4,1,2,1,84
1594,2006,30,2,1,5,2,2,1,114
1595,2003,33,1,1,3,1,1,2,57
1596,2007,29,2,1,4,2,2,1,105
1597,2008,32,2,1,2,2,2,1,126
1598,2007,54,2,1,2,2,1,1,109
1599,2005,40,1,2,2,1,1,1,65
1600,2005,24,1,1,4,1,2,1,110
1601,2008,30,5,1,1,1,1,2,71
1602,2009,49,2,1,4,1,2,1,145
1603,2006,47,2,4,2,1,1,1,102
1604,2008,25,1,2,2,1,2,2,84
1605,2007,44,2,1,3,1,2,1,135
1606,2007,41,4,1,1,2,1,1,97
1607,2005,54,5,1,4,1,2,1,155
1608,2009,59,2,1,5,2,2,1,201
1609,2003,25,1,1,2,1,2,2,60
1610,2009,63,2,2,5,1,2,2,92
1611,2009,49,1,1,3,2,2,1,110
1612,2008,35,5,2,3,2,2,1,114
1613,2006,24,1,3,2,1,1,2,66
1614,2003,66,2,1,2,1,1,1,93
1615,2008,57,2,4,1,1,2,2,94
1616,2003,47,2,1,4,2,2,1,119
1617,2006,44,2,1,4,1,1,1,132
1618,2006,56,2,1,4,1,2,1,127
1619,2004,34,2,1,2,2,1,2,100
1620,2006,23,2,1,1,1,2,2,40
1621,2008,30,2,1,4,1,2,1,138
1622,2004,38,2,1,3,1,2,2,103
1623,2004,43,2,2,1,2,2,1,80
1624,2007,58,4,1,3,2,1,1,112
1625,2005,36,2,1,2,1,2,2,62
1626,2007,48,1,1,2,2,1,1,70
1627,2005,35,2,1,2,2,2,1,86
1628,2006,22,1,1,2,2,2,2,100
1629,2007,50,2,1,4,2,2,1,114
1630,2004,58,2,1,1,1,1,2,101
1631,2003,20,1,1,2,2,2,2,61
1632,2007,44,2,1,2,1,2,1,114
1633,2003,50,2,3,4,2,2,1,135
1634,2009,55,2,1,2,1,2,1,105
1635,2003,39,1,1,2,2,2,1,110
1636,2008,32,1,1,4,2,2,1,277
1637,2008,50,2,1,4,2,2,2,148
1638,2009,24,2,1,1,1,2,2,148
1639,2009,53,2,1,3,2,2,1,110
1640,2003,35,2,1,2,2,1,2,81
1641,2003,25,1,1,1,2,2,1,80
1642,2006,24,1,3,4,1,2,1,110
1643,2005,57,5,1,4,1,2,1,148
1644,2005,43,2,1,1,2,1,1,65
1645,2009,33,2,1,3,2,2,1,88
1646,2005,40,2,1,3,2,2,1,92
1647,2008,39,1,1,4,1,2,1,74
1648,2004,32,2,1,5,2,2,1,70
1649,2005,48,4,1,4,2,2,1,129
1650,2004,29,2,1,5,1,2,1,94
1651,2005,35,4,1,4,1,2,1,99
1652,2004,41,2,1,2,1,2,1,133
1653,2009,52,2,1,2,1,2,1,135
1654,2005,50,2,1,2,1,1,2,92
1655,2004,35,2,3,4,2,2,2,161
1656,2007,27,2,1,3,1,2,1,100
1657,2004,57,2,1,5,1,1,1,114
1658,2004,48,2,1,3,2,2,2,97
1659,2009,41,4,2,3,2,1,1,98
1660,2005,59,2,1,5,2,2,1,105
1661,2003,55,2,1,4,2,2,1,110
1662,2005,54,4,1,2,2,1,1,133
1663,2003,34,2,1,5,1,2,1,119
1664,2009,43,1,1,2,2,1,1,74
1665,2003,43,4,2,4,2,2,1,105
1666,2003,62,3,1,1,1,1,2,62
1667,2006,45,1,1,2,2,2,2,97
1668,2004,40,2,1,4,1,2,1,146
1669,2003,33,2,1,2,2,2,1,83
1670,2005,45,2,1,5,2,1,1,148
1671,2009,21,1,1,3,1,2,2,50
1672,2009,54,2,3,1,1,1,2,74
1673,2003,43,2,1,4,1,2,2,74
1674,2004,54,2,1,4,1,1,1,127
1675,2004,35,2,1,1,1,1,1,110
1676,2008,23,1,1,3,1,2,1,62
1677,2006,61,3,1,2,1,2,1,111
1678,2004,51,4,1,4,1,2,1,138
1679,2006,43,2,1,3,1,2,1,127
1680,2003,20,1,1,2,1,2,2,75
1681,2007,51,2,4,3,1,2,1,139
1682,2009,65,2,1,2,2,1,1,119
1683,2009,37,2,1,2,1,2,1,110
1684,2008,24,1,1,2,1,2,2,66
1685,2003,36,2,1,2,1,1,1,73
1686,2005,45,2,1,3,2,2,2,131
1687,2008,33,2,1,5,2,2,1,277
1688,2009,36,4,1,2,1,1,2,87
1689,2004,32,2,1,2,1,2,1,110
1690,2009,45,2,1,2,1,2,1,119
1691,2003,51,2,1,2,1,2,2,105
1692,2005,33,2,1,3,2,2,1,137
1693,2003,47,4,1,3,1,1,1,84
1694,2003,37,2,1,5,2,2,1,196
1695,2008,41,2,1,3,2,1,1,121
1696,2005,23,1,1,2,2,2,2,96
1697,2009,57,2,1,4,1,2,1,129
1698,2006,61,2,1,5,2,2,1,148
1699,2007,47,4,1,3,1,2,1,85
1700,2003,29,2,3,4,2,2,1,88
1701,2005,37,2,1,2,1,2,1,100
1702,2005,57,2,1,2,1,1,1,148
1703,2004,39,1,1,5,2,1,2,81
1704,2007,59,2,1,4,2,2,1,146
1705,2007,31,2,1,4,2,2,1,149
1706,2009,26,1,1,2,1,1,2,97
1707,2009,51,2,1,2,1,2,1,118
1708,2006,38,2,1,2,1,1,2,100
1709,2006,51,2,1,4,2,1,2,119
1710,2004,50,2,1,2,2,2,1,80
1711,2005,32,2,1,5,1,2,1,119
1712,2007,38,2,1,4,2,2,1,161
1713,2005,49,2,1,2,1,2,1,177
1714,2005,40,1,1,3,2,2,1,74
1715,2007,60,2,3,5,2,1,1,155
1716,2007,30,1,1,4,2,2,1,102
1717,2003,41,2,1,4,2,2,1,131
1718,2009,32,1,1,3,2,1,1,114
1719,2009,26,1,1,4,2,2,1,106
1720,2004,41,2,1,3,1,1,1,81
1721,2008,53,2,1,2,1,1,1,135
1722,2005,35,2,1,3,2,2,2,97
1723,2008,50,2,1,2,1,2,1,110
1724,2004,43,2,1,4,2,2,1,172
1725,2003,50,5,1,2,2,1,1,68
1726,2009,19,1,2,2,2,1,2,74
1727,2004,42,2,1,2,1,2,2,92
1728,2007,53,2,3,2,1,2,1,67
1729,2004,22,1,2,3,2,1,2,95
1730,2003,49,2,1,2,1,1,1,99
1731,2005,33,1,1,2,1,2,1,110
1732,2005,31,1,1,2,1,1,1,81
1733,2004,43,2,1,1,1,1,1,90
1734,2009,57,2,1,5,2,2,2,110
1735,2005,40,2,1,5,2,2,1,148
1736,2003,48,2,1,2,2,2,1,85
1737,2004,46,2,1,4,1,2,1,102
1738,2009,58,2,1,4,1,2,1,105
1739,2003,50,2,1,1,1,2,1,105
1740,2005,38,2,1,3,2,2,1,100
1741,2004,33,1,1,5,2,2,1,101
1742,2007,52,2,1,3,2,2,1,149
1743,2004,48,2,1,1,1,1,2,74
1744,2006,53,2,1,5,2,2,2,161
1745,2008,37,1,1,3,2,2,1,119
1746,2007,43,2,1,2,1,2,2,119
1747,2008,54,2,1,3,1,2,1,108
1748,2004,41,2,1,5,2,2,1,155
1749,2005,57,2,1,4,1,1,2,75
1750,2007,54,2,1,5,1,2,1,119
1751,2009,25,4,1,2,1,1,1,77
1752,2003,35,5,1,1,2,2,2,62
1753,2008,29,2,1,3,1,2,1,182
1754,2009,36,2,1,2,1,2,1,268
1755,2005,43,2,1,4,1,1,1,142
1756,2007,41,2,1,4,2,2,1,187
1757,2003,52,2,1,4,1,2,2,72
1758,2005,48,2,1,2,1,1,2,50
1759,2003,51,2,2,2,2,2,2,81
1760,2004,55,2,1,3,2,2,1,119
1761,2004,37,2,1,5,2,2,2,97
1762,2007,48,1,1,3,1,2,1,112
1763,2003,42,2,1,1,1,1,1,102
1764,2007,43,2,1,4,1,2,1,127
1765,2006,32,2,1,2,1,1,2,88
1766,2006,33,1,1,4,1,1,1,84
1767,2003,48,2,1,2,1,2,2,78
1768,2009,20,1,2,3,2,2,2,46
1769,2005,43,2,1,2,1,2,1,133
1770,2003,58,4,2,2,2,1,1,62
1771,2004,38,2,1,3,1,2,1,100
1772,2008,23,1,1,2,2,2,2,66
1773,2009,54,4,1,2,1,1,1,109
1774,2007,66,2,1,5,1,1,1,100
1775,2009,47,2,1,5,2,2,1,153
1776,2003,35,2,1,3,2,1,2,77
1777,2008,39,2,1,2,1,2,1,143
1778,2005,35,1,2,3,2,2,1,125
1779,2006,40,2,1,3,1,2,1,76
1780,2006,41,2,3,2,1,2,1,110
1781,2004,40,2,1,5,2,2,1,177
1782,2006,50,2,2,2,1,1,2,59
1783,2004,35,2,1,2,1,2,1,100
1784,2009,43,2,1,3,1,1,2,95
1785,2005,26,1,1,3,2,2,1,105
1786,2009,23,1,1,2,2,2,2,50
1787,2003,61,2,1,5,2,2,2,131
1788,2004,24,1,1,4,2,1,1,44
1789,2006,66,2,2,3,2,2,1,119
1790,2006,50,3,1,2,1,2,1,110
1791,2005,22,1,1,2,2,1,2,75
1792,2004,62,2,2,2,2,1,1,92
1793,2003,55,2,1,4,2,2,1,106
1794,2004,41,2,1,4,1,2,2,74
1795,2005,54,2,1,4,2,2,1,170
1796,2009,29,2,3,4,1,2,2,138
1797,2004,39,2,2,2,1,1,1,102
1798,2006,71,4,1,4,2,1,2,88
1799,2003,22,1,1,4,1,2,1,78
1800,2007,48,2,1,4,2,2,2,123
1801,2009,35,2,1,3,1,1,1,116
1802,2003,46,2,1,4,1,1,2,90
1803,2003,51,2,1,1,1,1,1,110
1804,2005,55,2,1,2,2,1,1,105
1805,2005,36,2,1,2,2,2,1,119
1806,2008,57,2,1,2,1,2,2,94
1807,2005,21,2,1,2,1,2,1,142
1808,2006,60,2,1,5,2,2,1,129
1809,2006,41,1,2,3,1,1,2,74
1810,2004,56,2,1,4,2,1,1,139
1811,2005,32,1,1,4,2,2,1,94
1812,2003,32,2,1,2,1,1,1,74
1813,2006,36,4,1,3,1,2,1,108
1814,2006,28,1,1,2,1,1,2,65
1815,2009,60,2,1,5,2,1,2,138
1816,2003,41,2,1,3,2,2,1,89
1817,2006,55,2,1,3,1,1,1,100
1818,2003,36,2,2,3,1,2,1,110
1819,2006,46,1,2,3,2,2,1,90
1820,2008,62,2,1,2,1,2,2,89
1821,2006,44,2,1,2,1,2,2,103
1822,2006,36,2,1,4,1,2,1,119
1823,2004,41,2,1,2,2,2,1,148
1824,2006,22,1,1,4,2,2,1,114
1825,2008,51,2,1,5,2,2,1,130
1826,2008,57,2,1,1,2,1,1,111
1827,2005,55,2,1,2,2,1,1,114
1828,2003,36,2,1,4,2,2,1,148
1829,2008,43,2,1,5,2,2,1,277
1830,2003,38,2,1,3,2,1,2,24
1831,2006,27,1,1,3,2,2,2,104
1832,2007,32,2,1,3,1,2,1,119
1833,2009,44,1,1,1,1,1,2,72
1834,2008,56,2,3,4,1,2,1,277
1835,2007,38,2,2,4,2,2,1,142
1836,2003,36,2,1,1,1,1,2,100
1837,2005,28,1,1,3,1,2,1,109
1838,2005,39,2,1,2,1,2,1,80
1839,2008,42,1,2,2,2,2,2,79
1840,2009,51,2,1,1,1,1,1,83
1841,2004,55,2,2,2,2,1,1,89
1842,2007,39,1,1,5,2,2,1,131
1843,2003,42,2,1,1,1,2,2,110
1844,2006,33,2,2,5,2,2,1,117
1845,2008,23,1,1,2,2,1,1,74
1846,2003,40,2,1,4,1,2,1,81
1847,2003,40,2,1,3,1,1,2,81
1848,2009,51,2,3,3,1,1,1,108
1849,2007,76,2,3,4,1,1,1,77
1850,2007,57,4,1,5,1,1,1,88
1851,2003,27,5,1,3,1,2,1,95
1852,2005,26,1,2,2,1,2,1,84
1853,2005,25,2,1,2,1,1,1,100
1854,2005,27,2,1,3,1,2,1,101
1855,2004,33,1,1,3,2,1,1,88
1856,2003,51,4,1,1,1,2,1,88
1857,2005,22,1,1,4,2,2,1,94
1858,2005,47,2,1,2,1,1,1,128
1859,2009,34,1,1,3,2,2,1,137
1860,2008,47,4,1,3,1,2,1,108
1861,2005,31,1,1,3,1,2,1,123
1862,2005,46,2,1,2,1,1,1,92
1863,2006,47,2,1,2,2,2,1,78
1864,2006,49,2,1,4,1,2,1,155
1865,2003,40,2,2,4,1,2,1,136
1866,2004,51,2,1,1,2,2,1,81
1867,2008,31,2,1,3,1,2,1,76
1868,2003,58,2,1,2,2,2,1,110
1869,2005,48,2,2,3,1,2,2,88
1870,2004,54,4,2,4,1,2,1,127
1871,2007,56,1,1,5,2,2,2,154
1872,2007,61,2,1,2,1,1,1,110
1873,2009,32,2,3,5,1,2,1,138
1874,2007,60,2,1,4,2,2,2,165
1875,2006,42,2,1,3,1,2,1,138
1876,2003,22,1,3,3,2,2,2,45
1877,2003,46,2,1,3,1,2,1,107
1878,2005,53,2,1,1,2,2,1,114
1879,2008,43,4,1,4,1,2,1,74
1880,2009,32,1,1,2,1,2,1,75
1881,2009,30,2,1,4,1,2,1,142
1882,2009,50,1,2,5,2,1,1,110
1883,2006,40,2,1,5,2,2,1,278
1884,2009,55,2,1,1,2,2,2,80
1885,2004,42,2,1,4,2,2,1,166
1886,2004,35,1,1,2,1,2,1,75
1887,2004,33,2,1,4,2,2,1,100
1888,2004,33,2,1,3,2,1,1,103
1889,2003,38,2,1,2,2,2,1,119
1890,2009,41,2,1,2,2,2,1,117
1891,2009,42,2,1,5,2,2,2,124
1892,2009,58,2,1,4,2,2,1,148
1893,2009,45,2,1,2,1,1,2,77
1894,2009,47,1,1,2,2,2,1,110
1895,2005,30,2,1,2,2,2,1,106
1896,2009,34,2,1,4,2,2,1,161
1897,2006,43,2,1,5,2,2,2,150
1898,2008,58,5,1,1,1,2,1,100
1899,2009,44,2,2,3,1,1,2,105
1900,2005,28,2,1,1,1,2,2,61
1901,2004,46,2,1,3,2,2,1,106
1902,2008,36,2,1,3,1,2,1,108
1903,2007,37,2,2,2,2,2,1,71
1904,2008,47,2,1,4,2,2,1,161
1905,2007,56,4,1,3,2,2,2,100
1906,2009,38,2,1,3,2,2,1,112
1907,2007,41,1,2,1,1,2,2,75
1908,2004,62,2,1,3,2,1,1,94
1909,2004,40,2,1,3,2,2,1,88
1910,2004,44,2,3,5,2,2,1,123
1911,2007,56,2,1,4,1,2,1,100
1912,2008,51,2,2,3,1,2,2,77
1913,2005,41,2,1,3,1,2,2,87
1914,2005,52,2,1,5,2,2,1,177
1915,2008,27,2,1,3,2,2,1,101
1916,2004,52,2,1,4,1,1,1,114
1917,2005,51,4,1,2,1,1,2,67
1918,2009,51,2,1,2,1,1,1,80
1919,2005,28,1,1,4,2,2,1,90
1920,2007,49,1,1,2,2,2,2,58
1921,2007,61,2,1,1,1,2,1,114
1922,2006,39,2,1,2,2,1,1,100
1923,2005,23,1,1,1,1,2,2,89
1924,2007,53,2,1,5,1,2,1,152
1925,2004,55,1,3,3,2,2,1,88
1926,2005,48,1,2,2,2,2,1,88
1927,2007,50,2,1,4,2,2,1,105
1928,2009,31,1,1,1,1,2,2,65
1929,2007,53,2,1,2,1,1,1,129
1930,2008,49,2,1,4,1,2,2,155
1931,2003,49,1,1,4,1,2,2,131
1932,2004,43,2,1,2,1,2,1,121
1933,2007,20,1,1,2,1,2,1,81
1934,2008,46,4,1,2,2,2,1,110
1935,2005,48,2,1,4,1,2,1,152
1936,2005,19,1,1,2,1,2,2,70
1937,2004,56,4,1,4,1,2,1,85
1938,2003,44,2,1,3,1,2,2,102
1939,2009,23,1,1,2,1,2,2,85
1940,2005,42,1,1,4,2,1,1,102
1941,2008,32,2,1,5,1,2,2,119
1942,2003,32,1,1,2,1,2,2,74
1943,2003,43,2,1,2,1,2,2,74
1944,2008,57,1,2,4,1,2,1,139
1945,2008,26,2,2,3,2,1,1,110
1946,2009,67,4,1,3,2,1,1,152
1947,2004,31,2,1,5,2,2,1,177
1948,2006,49,4,1,3,2,2,1,104
1949,2005,29,1,1,4,1,1,1,129
1950,2008,41,2,1,3,1,1,2,109
1951,2006,35,2,1,2,2,1,1,88
1952,2009,39,2,1,2,1,2,2,95
1953,2004,33,5,2,3,2,2,1,99
1954,2009,53,2,1,4,2,2,1,142
1955,2009,43,2,3,4,2,2,1,123
1956,2004,36,2,1,4,2,1,1,95
1957,2004,38,2,1,5,2,2,1,148
1958,2003,58,2,1,2,1,2,2,105
1959,2004,45,2,1,4,2,2,1,123
1960,2005,34,1,2,2,1,2,2,95
1961,2007,30,2,1,4,2,2,2,127
1962,2008,21,1,1,2,1,1,2,29
1963,2003,39,2,1,4,2,2,1,129
1964,2006,28,1,2,3,1,2,1,110
1965,2008,54,2,1,2,1,1,1,100
1966,2007,24,1,1,3,1,1,1,90
1967,2005,57,2,1,5,1,2,1,71
1968,2003,48,5,2,2,2,2,2,95
1969,2004,31,2,1,3,2,2,1,110
1970,2006,47,1,1,5,2,2,1,182
1971,2004,44,2,1,4,2,2,2,161
1972,2004,30,1,1,2,1,2,1,70
1973,2003,41,1,1,4,2,1,1,131
1974,2008,26,1,1,4,1,2,1,106
1975,2009,32,1,3,3,1,2,1,110
1976,2009,39,2,1,2,2,1,1,97
1977,2004,42,2,2,3,2,1,1,112
1978,2005,24,1,1,4,2,2,1,172
1979,2006,44,4,1,5,2,2,1,129
1980,2006,30,1,3,4,2,2,1,127
1981,2006,58,2,1,4,2,2,1,135
1982,2008,33,1,1,2,2,2,1,94
1983,2008,56,2,1,2,1,1,2,94
1984,2005,28,2,1,3,1,2,1,97
1985,2008,41,2,3,5,2,2,1,277
1986,2009,22,2,1,3,1,2,2,32
1987,2004,37,4,1,3,1,1,1,84
1988,2006,18,1,1,1,1,2,2,65
1989,2004,37,1,1,4,2,2,2,85
1990,2007,43,2,1,4,1,1,1,168
1991,2008,49,2,2,2,2,2,1,94
1992,2005,36,2,1,4,1,2,1,135
1993,2007,47,2,2,5,1,2,2,81
1994,2003,52,2,1,4,1,2,1,135
1995,2009,34,2,1,3,1,2,2,114
1996,2004,62,2,1,4,2,2,1,131
1997,2007,44,2,1,1,1,2,1,105
1998,2005,48,2,1,1,1,1,1,152
1999,2007,51,2,1,2,2,2,1,125
2000,2009,35,1,1,4,1,2,1,148
2001,2003,42,2,1,2,1,2,2,89
2002,2005,34,1,1,4,1,2,1,83
2003,2003,50,2,3,4,1,2,1,94
2004,2006,50,4,1,4,2,1,1,153
2005,2004,55,2,1,4,2,1,2,47
2006,2009,56,2,1,2,1,1,1,129
2007,2005,50,2,1,2,2,2,1,131
2008,2009,44,2,1,4,2,2,2,94
2009,2005,30,2,1,4,2,2,1,100
2010,2005,34,2,1,4,2,2,1,129
2011,2007,50,4,1,2,2,2,1,74
2012,2004,51,2,1,4,2,1,2,111
2013,2003,53,2,2,3,2,2,2,100
2014,2004,40,1,2,5,2,2,1,92
2015,2006,34,2,1,2,2,2,1,83
2016,2006,36,2,1,3,1,2,1,119
2017,2005,44,2,1,3,2,1,1,148
2018,2008,54,2,3,2,1,2,2,95
2019,2008,36,2,1,4,1,2,2,164
2020,2006,62,2,1,5,2,2,1,280
2021,2008,33,1,1,5,2,2,2,114
2022,2004,44,1,1,2,1,2,2,103
2023,2005,80,1,1,2,2,2,2,88
2024,2005,45,2,1,2,2,2,2,88
2025,2008,58,4,1,4,2,2,1,70
2026,2004,51,2,1,3,1,2,2,102
2027,2005,60,2,1,3,2,2,1,278
2028,2007,33,2,1,1,1,1,2,88
2029,2006,28,1,1,3,2,2,1,105
2030,2004,37,2,1,4,1,2,1,127
2031,2006,56,2,1,3,2,2,1,100
2032,2009,59,2,1,5,2,2,1,172
2033,2004,56,2,1,2,2,2,1,75
2034,2003,34,2,1,1,1,2,1,72
2035,2004,37,1,1,2,1,2,1,35
2036,2009,36,2,1,4,1,2,1,94
2037,2008,45,2,1,4,2,2,1,177
2038,2006,36,2,1,5,2,2,2,140
2039,2008,23,1,1,3,2,2,2,27
2040,2003,56,2,1,2,2,1,1,127
2041,2005,33,2,1,3,1,2,2,114
2042,2009,48,2,3,1,1,2,1,127
2043,2008,28,1,1,2,1,2,2,83
2044,2008,37,2,1,3,1,1,1,102
2045,2006,56,2,1,2,2,1,2,87
2046,2005,22,1,1,3,1,2,2,63
2047,2007,60,2,1,2,1,1,2,115
2048,2009,30,1,1,4,1,2,2,81
2049,2003,50,2,1,2,1,1,1,102
2050,2003,38,2,1,5,2,2,1,102
2051,2009,55,2,1,5,2,2,1,103
2052,2006,26,2,1,4,1,2,1,114
2053,2006,39,2,1,3,2,2,1,148
2054,2003,42,2,1,5,2,2,1,148
2055,2007,71,2,2,4,2,1,1,106
2056,2008,33,2,1,3,2,2,1,129
2057,2004,49,1,1,2,1,2,2,52
2058,2005,45,2,1,3,1,1,2,81
2059,2004,41,2,1,5,1,2,1,158
2060,2005,59,4,1,1,1,1,1,54
2061,2004,33,2,1,4,2,2,1,127
2062,2009,47,1,4,1,1,1,2,72
2063,2006,34,2,1,3,2,2,1,145
2064,2007,23,2,2,3,2,2,2,94
2065,2009,32,2,1,2,1,2,1,128
2066,2009,30,2,1,4,2,2,1,103
2067,2006,54,2,2,2,2,1,2,89
2068,2009,46,2,1,3,1,2,1,105
2069,2005,52,2,1,4,2,1,1,138
2070,2008,50,2,1,2,1,2,2,177
2071,2007,57,2,1,2,1,1,1,97
2072,2005,46,2,1,3,1,2,1,101
2073,2005,30,1,1,3,2,1,2,81
2074,2006,32,1,1,3,1,1,2,57
2075,2008,53,2,1,3,1,2,2,106
2076,2005,48,2,1,4,1,1,1,138
2077,2003,31,2,1,3,2,2,1,109
2078,2003,50,2,1,2,1,2,2,77
2079,2004,41,2,1,4,1,2,1,110
2080,2008,47,2,1,2,1,2,1,94
2081,2004,37,2,1,2,2,2,1,75
2082,2004,24,1,1,3,2,2,1,75
2083,2004,53,2,1,1,1,1,1,81
2084,2004,39,4,1,2,1,1,2,95
2085,2007,47,2,1,3,1,1,1,145
2086,2006,36,2,1,4,2,2,1,140
2087,2006,34,2,1,4,2,2,1,148
2088,2004,45,2,1,3,2,2,2,100
2089,2003,60,2,1,1,1,1,2,59
2090,2006,43,2,1,1,2,2,1,119
2091,2009,20,1,1,2,1,1,2,64
2092,2008,27,1,1,4,1,1,1,133
2093,2004,35,4,1,2,1,2,2,59
2094,2008,50,2,1,2,1,1,1,105
2095,2009,56,2,4,2,1,1,2,60
2096,2008,19,1,1,3,1,1,2,31
2097,2006,35,2,1,4,2,2,2,110
2098,2005,23,1,1,1,1,2,2,65
2099,2003,45,3,4,2,1,2,1,94
2100,2004,54,4,1,1,2,1,2,65
2101,2008,43,1,1,2,2,1,1,88
2102,2008,42,2,1,5,1,2,1,177
2103,2005,51,2,1,4,2,2,1,189
2104,2007,49,1,1,4,2,2,1,80
2105,2006,48,2,1,2,2,2,1,111
2106,2005,50,4,1,4,1,1,1,119
2107,2006,37,2,1,4,1,1,1,81
2108,2005,38,2,1,5,1,2,1,187
2109,2009,58,2,1,4,2,2,2,155
2110,2005,41,2,1,1,1,2,1,125
2111,2006,51,2,1,4,2,2,1,278
2112,2006,51,2,1,3,2,2,2,100
2113,2006,44,2,1,1,2,2,1,88
2114,2003,43,2,1,4,2,1,1,114
2115,2004,34,2,1,3,1,2,2,145
2116,2005,43,2,1,4,1,2,1,138
2117,2004,59,2,1,4,1,2,1,256
2118,2004,61,4,1,2,1,2,1,114
2119,2008,40,2,1,1,1,2,1,118
2120,2009,49,2,1,3,2,2,1,105
2121,2003,55,2,1,4,1,2,1,131
2122,2005,54,2,1,5,2,2,1,123
2123,2004,41,2,1,2,2,2,1,110
2124,2006,29,2,1,2,1,1,1,110
2125,2009,66,2,2,2,2,1,2,138
2126,2006,61,2,1,5,2,1,1,107
2127,2003,34,4,1,2,1,2,1,106
2128,2007,41,1,1,2,1,2,1,121
2129,2004,48,4,2,1,2,2,1,85
2130,2005,26,1,1,4,1,2,1,92
2131,2006,54,4,1,3,2,2,2,90
2132,2008,44,2,1,2,1,2,1,105
2133,2008,60,4,1,4,2,2,1,147
2134,2008,57,2,1,2,1,2,2,81
2135,2009,53,2,1,2,2,2,1,108
2136,2007,54,4,1,5,2,2,2,119
2137,2009,37,2,1,4,2,2,1,105
2138,2008,62,2,1,2,2,1,1,127
2139,2003,40,2,1,3,2,2,1,88
2140,2008,39,2,1,2,2,1,1,112
2141,2005,55,1,2,2,1,1,1,81
2142,2006,57,2,1,4,2,1,1,123
2143,2003,45,2,1,4,1,2,1,177
2144,2003,41,2,1,4,1,2,2,83
2145,2007,28,1,1,3,1,1,2,103
2146,2003,58,2,1,5,1,2,1,121
2147,2008,47,1,2,5,2,1,1,142
2148,2007,60,1,1,5,2,2,1,107
2149,2003,26,1,3,4,2,2,1,268
2150,2006,52,2,1,3,1,2,1,110
2151,2008,31,2,1,3,1,2,1,100
2152,2007,63,2,3,5,1,2,1,201
2153,2005,42,2,1,2,1,2,2,110
2154,2009,30,1,1,5,2,2,1,126
2155,2007,52,2,1,3,2,2,1,114
2156,2005,38,2,1,5,2,2,1,161
2157,2008,29,2,1,1,1,2,1,100
2158,2007,42,2,1,4,2,2,2,161
2159,2007,57,2,1,4,2,1,1,126
2160,2005,46,2,2,3,1,2,1,133
2161,2003,21,1,1,1,1,2,2,75
2162,2005,34,4,1,3,1,2,1,110
2163,2008,39,1,1,2,1,1,1,63
2164,2006,26,1,1,3,1,2,1,95
2165,2004,42,4,1,1,2,2,1,112
2166,2004,48,2,1,3,2,1,2,78
2167,2009,54,2,1,2,1,2,1,100
2168,2003,80,2,1,2,1,2,2,83
2169,2006,37,2,1,2,1,2,1,78
2170,2007,31,1,4,3,2,1,2,81
2171,2003,41,5,1,2,2,2,2,71
2172,2004,37,2,1,4,2,2,1,148
2173,2003,43,1,1,4,2,1,1,131
2174,2004,54,2,1,4,2,2,2,201
2175,2004,39,2,1,5,2,2,1,148
2176,2004,45,2,1,2,2,2,2,88
2177,2007,21,1,1,2,2,1,2,96
2178,2005,59,2,2,3,1,2,1,105
2179,2007,29,1,3,4,1,1,2,62
2180,2009,29,2,1,4,2,2,2,138
2181,2005,33,1,2,1,2,2,1,88
2182,2003,45,2,1,4,1,1,1,156
2183,2008,53,4,1,5,1,2,1,177
2184,2003,63,2,1,4,1,2,1,123
2185,2004,56,2,1,4,2,2,1,138
2186,2003,21,1,1,2,1,2,1,63
2187,2007,39,3,3,2,1,2,1,74
2188,2007,30,2,1,4,2,2,1,182
2189,2003,42,2,1,4,2,2,1,116
2190,2004,40,4,1,3,1,1,2,94
2191,2004,47,2,1,3,1,1,1,148
2192,2005,43,2,1,3,2,1,2,20
2193,2005,42,4,1,3,2,2,1,112
2194,2008,50,2,1,4,2,2,1,148
2195,2004,39,2,1,2,1,1,2,81
2196,2007,50,2,1,4,2,1,2,70
2197,2005,60,3,2,5,2,2,1,93
2198,2009,57,1,1,3,1,2,2,88
2199,2007,38,2,1,2,1,2,2,89
2200,2004,49,2,1,2,2,2,1,103
2201,2004,51,4,1,2,2,1,1,74
2202,2004,33,2,1,3,2,2,1,66
2203,2006,59,1,1,3,2,2,1,117
2204,2006,41,2,1,2,2,2,1,102
2205,2003,33,2,1,5,2,2,2,116
2206,2008,28,1,1,4,2,2,1,126
2207,2009,49,1,1,3,2,1,2,83
2208,2005,51,5,1,4,1,2,1,113
2209,2008,36,1,1,4,1,2,1,119
2210,2003,26,1,1,3,1,2,1,88
2211,2005,22,1,1,4,2,2,2,54
2212,2006,47,2,2,2,2,2,2,117
2213,2003,59,2,1,5,1,2,1,119
2214,2004,41,2,1,4,2,1,1,128
2215,2006,32,1,1,4,2,1,1,88
2216,2008,45,2,1,1,1,1,1,110
2217,2008,39,2,1,1,1,2,1,69
2218,2006,64,2,1,2,2,1,1,95
2219,2004,36,2,3,4,1,2,1,135
2220,2004,61,2,1,2,2,2,2,81
2221,2003,34,2,1,1,1,2,2,69
2222,2004,52,2,1,5,2,2,1,135
2223,2008,33,2,1,2,1,2,2,81
2224,2009,36,2,3,4,1,2,1,151
2225,2005,34,2,1,2,1,2,2,94
2226,2004,39,1,1,1,1,2,2,75
2227,2004,59,3,2,5,2,2,1,142
2228,2009,49,2,1,4,1,2,1,176
2229,2006,40,2,1,5,2,2,1,198
2230,2006,49,2,1,2,1,1,1,94
2231,2003,25,2,1,2,1,2,2,81
2232,2009,59,2,3,4,1,1,1,81
2233,2007,39,2,1,2,1,1,2,76
2234,2005,40,2,1,3,1,1,2,94
2235,2009,51,2,1,4,2,2,1,105
2236,2009,63,1,1,2,1,1,1,111
2237,2007,53,2,1,1,2,1,1,93
2238,2008,25,1,1,4,1,2,1,100
2239,2007,53,4,1,2,1,2,1,85
2240,2006,23,2,1,4,2,2,1,75
2241,2004,36,1,3,2,1,1,2,72
2242,2005,19,1,1,2,1,2,2,31
2243,2005,47,2,1,2,1,2,1,93
2244,2005,43,1,1,5,2,1,1,104
2245,2004,40,2,1,4,2,2,1,112
2246,2009,38,2,1,5,2,2,1,181
2247,2003,63,2,1,3,2,2,2,110
2248,2008,45,1,1,4,1,2,1,37
2249,2008,32,2,1,2,2,1,2,74
2250,2009,37,2,1,4,2,2,1,99
2251,2004,37,4,1,2,1,1,2,57
2252,2008,41,2,1,5,2,2,2,119
2253,2005,45,1,1,4,2,1,1,83
2254,2008,22,1,1,3,1,2,2,81
2255,2005,58,2,3,5,2,2,1,227
2256,2003,44,2,1,2,2,2,1,92
2257,2007,39,2,1,3,2,1,1,116
2258,2005,40,2,1,2,1,1,1,142
2259,2003,33,1,3,3,2,2,1,81
2260,2006,35,2,1,5,1,2,2,91
2261,2009,63,2,3,5,1,2,2,114
2262,2003,45,2,1,5,1,2,1,161
2263,2008,31,2,1,2,1,2,1,100
2264,2003,41,1,1,5,1,1,1,93
2265,2008,66,2,1,5,2,2,1,277
2266,2009,45,1,2,2,1,2,1,83
2267,2007,47,1,1,3,1,2,2,100
2268,2006,35,2,1,2,2,1,1,125
2269,2005,52,2,1,2,2,1,2,101
2270,2003,62,2,1,4,2,1,1,170
2271,2003,47,2,1,2,1,2,1,83
2272,2004,40,2,1,3,1,2,1,137
2273,2006,41,2,1,5,2,2,1,278
2274,2009,48,2,1,2,2,2,1,119
2275,2005,55,2,1,4,2,2,1,119
2276,2009,64,2,1,2,2,2,1,114
2277,2004,29,2,1,4,1,2,1,61
2278,2003,49,2,1,3,1,2,1,119
2279,2009,32,2,1,4,1,2,1,133
2280,2006,41,2,3,2,1,2,1,83
2281,2004,58,2,1,3,1,2,1,148
2282,2003,41,2,1,3,1,2,1,148
2283,2007,34,1,1,3,2,1,1,97
2284,2004,43,2,1,4,2,2,1,155
2285,2003,23,1,2,1,2,1,2,88
2286,2003,40,1,1,5,1,2,1,103
2287,2007,46,2,1,5,2,2,1,282
2288,2004,35,2,1,4,1,2,2,107
2289,2007,42,1,1,5,2,2,1,148
2290,2009,47,5,1,2,1,2,2,112
2291,2007,45,2,1,2,1,2,1,148
2292,2008,34,1,1,4,2,2,1,109
2293,2004,57,2,1,2,1,2,1,105
2294,2005,32,1,1,3,2,2,1,86
2295,2009,55,4,1,2,2,1,1,103
2296,2008,22,1,1,4,2,2,2,76
2297,2005,51,2,1,2,2,2,1,125
2298,2006,26,1,1,2,1,1,2,67
2299,2004,27,1,1,4,2,2,2,55
2300,2004,34,2,1,4,2,2,1,166
2301,2007,48,2,1,2,2,2,1,92
2302,2008,23,2,1,2,1,2,2,78
2303,2003,41,2,1,2,1,2,1,112
2304,2009,49,4,1,5,2,2,1,152
2305,2005,47,2,1,5,2,1,1,121
2306,2005,35,4,2,4,1,2,1,117
2307,2007,50,2,1,2,1,2,1,82
2308,2006,55,2,1,2,1,1,1,138
2309,2009,69,2,1,2,1,1,1,40
2310,2004,45,2,1,2,1,2,1,155
2311,2005,40,2,1,3,1,1,1,155
2312,2005,47,1,1,4,2,2,1,143
2313,2008,22,1,1,3,1,2,1,78
2314,2003,42,4,1,2,1,2,2,85
2315,2008,47,2,1,4,2,2,1,159
2316,2005,48,2,2,2,1,2,2,66
2317,2009,28,1,1,2,1,2,2,112
2318,2005,49,1,1,3,1,1,1,91
2319,2009,51,4,1,2,1,1,1,129
2320,2003,58,2,1,5,1,2,1,148
2321,2005,32,1,2,3,2,1,1,114
2322,2009,55,2,1,2,1,1,1,88
2323,2007,49,2,1,2,2,1,1,94
2324,2004,46,2,1,2,1,2,2,88
2325,2003,44,2,1,5,2,1,1,182
2326,2003,25,2,1,3,1,2,1,88
2327,2004,73,4,2,1,1,1,1,93
2328,2004,18,1,1,2,1,2,1,72
2329,2005,52,2,2,1,2,2,1,122
2330,2008,28,2,3,2,1,2,2,72
2331,2004,51,2,1,2,1,2,2,83
2332,2009,44,2,1,4,2,2,1,177
2333,2008,44,2,1,3,2,2,1,142
2334,2003,29,2,3,2,1,2,1,95
2335,2006,48,2,3,4,2,1,2,142
2336,2006,62,2,1,2,2,1,1,102
2337,2004,40,2,1,5,2,2,1,132
2338,2003,24,1,1,3,1,1,2,66
2339,2003,48,2,1,4,1,2,1,119
2340,2008,54,2,1,5,2,1,1,164
2341,2003,69,2,2,1,2,2,1,114
2342,2006,48,2,1,2,1,1,2,123
2343,2003,73,2,1,1,1,2,2,40
2344,2009,30,2,2,3,2,2,2,71
2345,2003,41,1,3,3,2,1,2,74
2346,2009,48,2,1,1,2,2,2,101
2347,2004,63,2,1,4,2,2,1,84
2348,2003,29,2,1,3,2,2,2,85
2349,2004,40,2,1,3,1,2,1,142
2350,2007,52,2,1,3,2,1,1,91
2351,2008,54,5,1,2,1,1,1,114
2352,2009,33,2,1,4,1,2,1,268
2353,2004,42,2,1,4,2,1,1,161
2354,2007,31,2,2,2,1,2,1,94
2355,2006,46,2,1,3,2,2,1,140
2356,2008,44,2,1,4,1,2,1,125
2357,2009,45,5,1,2,1,2,2,114
2358,2003,40,2,1,2,1,2,2,182
2359,2005,31,1,1,2,1,2,1,103
2360,2006,19,1,1,2,1,2,2,77
2361,2003,43,2,1,2,1,1,1,110
2362,2007,56,2,1,4,2,2,1,142
2363,2006,55,2,1,3,1,2,1,102
2364,2006,59,2,1,5,2,1,1,119
2365,2009,49,4,1,1,2,1,1,103
2366,2009,42,2,1,4,1,2,1,129
2367,2008,27,1,1,2,1,2,2,61
2368,2003,34,1,1,2,1,1,2,81
2369,2008,47,2,1,4,2,2,1,277
2370,2003,35,2,1,5,2,2,1,268
2371,2004,33,2,2,3,2,2,1,105
2372,2003,35,2,1,2,1,2,1,144
2373,2004,40,2,1,3,2,1,1,119
2374,2004,53,2,1,4,2,2,2,94
2375,2007,47,2,2,4,2,2,1,74
2376,2006,45,1,1,5,2,2,1,196
2377,2009,34,2,1,4,1,2,1,169
2378,2006,25,2,1,1,1,2,1,70
2379,2006,56,2,1,4,2,2,2,125
2380,2005,54,2,1,3,2,2,1,116
2381,2003,41,2,1,1,1,2,1,89
2382,2008,46,2,1,5,2,2,1,277
2383,2004,44,2,1,5,1,2,1,171
2384,2004,44,4,1,4,2,1,1,100
2385,2005,46,2,1,5,2,2,1,148
2386,2009,38,2,1,4,2,2,1,114
2387,2008,36,2,1,2,1,2,2,129
2388,2009,27,1,3,4,2,2,1,100
2389,2008,33,2,1,2,1,1,2,129
2390,2006,56,2,2,2,1,1,1,140
2391,2005,52,2,1,2,2,2,1,112
2392,2008,33,1,1,5,2,2,1,126
2393,2008,32,2,3,4,1,2,2,94
2394,2008,39,4,1,4,1,2,1,119
2395,2005,22,1,1,2,1,1,2,72
2396,2009,53,2,1,4,1,2,2,105
2397,2006,36,2,1,4,1,2,1,278
2398,2005,37,2,1,1,1,2,2,74
2399,2008,40,2,1,2,2,2,1,131
2400,2005,51,2,2,2,1,1,1,78
2401,2008,40,2,1,2,2,2,1,90
2402,2006,56,2,1,5,2,2,1,117
2403,2009,50,2,1,2,1,2,1,100
2404,2009,49,2,1,2,1,2,1,166
2405,2007,32,2,1,1,2,2,2,81
2406,2004,21,1,1,2,2,2,1,84
2407,2004,48,2,1,4,2,1,1,114
2408,2007,48,2,1,3,1,2,1,74
2409,2004,32,2,1,3,1,2,1,115
2410,2003,30,1,1,3,1,2,1,53
2411,2006,30,2,1,3,1,2,2,119
2412,2003,33,2,1,1,2,2,2,80
2413,2005,56,2,3,5,1,2,2,56
2414,2004,46,4,2,3,2,2,1,90
2415,2003,49,2,1,3,1,2,1,105
2416,2008,24,1,1,2,1,2,2,88
2417,2009,48,1,1,3,2,2,1,147
2418,2006,37,4,1,4,1,1,2,110
2419,2007,53,2,1,3,1,1,1,119
2420,2004,56,2,2,5,2,2,1,142
2421,2008,34,2,2,3,2,2,2,109
2422,2004,56,2,1,3,1,1,1,105
2423,2006,48,2,1,2,1,2,1,110
2424,2006,47,2,2,2,1,2,2,27
2425,2003,52,2,1,3,2,2,1,70
2426,2009,40,2,1,3,1,2,1,167
2427,2008,25,2,1,2,2,2,1,127
2428,2009,35,2,1,4,1,2,1,117
2429,2006,40,1,2,3,2,1,1,104
2430,2009,22,1,1,2,1,2,2,35
2431,2003,50,4,1,3,2,1,1,100
2432,2008,48,5,1,1,1,2,2,65
2433,2007,40,1,3,5,1,2,1,110
2434,2003,45,2,1,3,2,2,1,127
2435,2004,30,2,1,4,2,2,1,114
2436,2003,46,2,1,4,1,2,1,117
2437,2008,34,2,1,2,1,2,1,135
2438,2007,32,2,1,1,1,2,2,65
2439,2004,53,2,1,4,1,1,1,143
2440,2008,32,1,1,3,1,2,2,77
2441,2004,39,2,2,4,1,2,2,100
2442,2007,51,2,1,4,2,2,1,94
2443,2004,40,2,1,2,2,1,1,75
2444,2009,66,2,1,4,2,1,1,127
2445,2006,40,2,1,4,1,2,1,166
2446,2009,52,2,1,5,2,2,2,133
2447,2007,36,2,1,3,2,2,1,126
2448,2007,32,1,1,2,1,1,1,89
2449,2008,45,2,1,2,2,2,2,84
2450,2006,37,2,1,2,2,2,1,169
2451,2004,47,2,3,5,2,2,1,161
2452,2008,49,2,1,2,1,2,1,144
2453,2003,53,2,1,1,2,2,2,74
2454,2007,66,4,2,2,2,1,1,70
2455,2006,33,2,1,1,2,1,2,74
2456,2004,58,4,1,2,1,1,2,94
2457,2008,41,2,1,5,1,2,2,83
2458,2009,54,2,3,3,2,2,1,135
2459,2009,26,1,1,2,1,2,2,87
2460,2008,24,1,4,2,1,1,2,70
2461,2007,62,2,1,4,2,2,2,131
2462,2005,63,2,1,2,2,2,1,136
2463,2005,26,1,3,4,1,2,1,114
2464,2004,45,2,1,2,2,1,1,106
2465,2003,23,2,1,2,1,2,2,88
2466,2008,31,2,1,4,1,2,2,116
2467,2003,44,2,1,5,2,2,1,143
2468,2003,43,1,1,1,1,1,1,55
2469,2004,48,2,1,2,1,2,2,48
2470,2008,48,2,1,4,2,2,1,123
2471,2006,55,2,1,5,2,2,2,118
2472,2004,45,2,3,5,2,2,1,272
2473,2008,48,2,1,4,2,2,1,145
2474,2009,63,2,1,2,1,2,1,119
2475,2004,57,2,2,2,2,2,1,97
2476,2008,69,2,3,5,2,2,1,148
2477,2009,31,1,1,4,2,2,1,127
2478,2003,38,2,1,4,2,2,1,268
2479,2005,43,5,1,4,2,2,1,110
2480,2003,19,1,1,2,1,2,2,52
2481,2005,44,2,1,4,2,2,1,114
2482,2007,31,2,3,4,2,2,2,135
2483,2004,49,1,4,1,1,2,1,88
2484,2006,29,2,1,3,2,1,1,95
2485,2008,26,2,4,3,2,2,1,77
2486,2007,37,2,1,5,2,2,1,116
2487,2006,30,1,1,2,1,2,2,81
2488,2009,35,2,1,3,1,2,1,132
2489,2004,40,2,1,2,1,2,1,117
2490,2005,44,4,4,5,2,2,1,69
2491,2004,65,2,1,2,1,1,1,126
2492,2007,54,2,2,3,1,2,1,102
2493,2009,56,2,1,3,1,2,1,140
2494,2008,48,2,1,4,2,2,1,108
2495,2009,37,4,1,3,1,1,2,58
2496,2005,30,2,1,2,1,2,1,100
2497,2005,46,2,1,5,1,2,2,85
2498,2009,37,2,1,2,1,1,1,132
2499,2005,58,4,2,2,2,2,2,81
2500,2007,52,2,1,3,1,1,1,87
2501,2006,45,2,1,3,2,1,1,158
2502,2008,33,2,1,2,1,2,2,65
2503,2004,51,2,1,3,1,2,2,90
2504,2008,50,2,1,1,1,2,2,47
2505,2006,42,2,1,2,1,1,1,85
2506,2004,46,1,1,3,1,1,1,140
2507,2005,43,2,1,5,2,2,1,148
2508,2003,47,2,1,3,1,2,1,81
2509,2005,47,2,1,5,2,2,2,119
2510,2004,44,2,1,4,2,1,2,71
2511,2008,36,2,3,2,1,2,2,65
2512,2008,39,2,1,2,1,1,2,65
2513,2003,29,2,1,4,2,2,1,126
2514,2005,40,2,1,3,2,2,1,123
2515,2007,20,1,1,3,1,1,1,71
2516,2004,32,2,1,5,2,2,1,113
2517,2003,36,2,1,3,1,2,1,87
2518,2009,31,1,2,3,1,2,1,83
2519,2005,28,2,3,4,1,2,1,131
2520,2005,41,4,4,3,2,1,1,117
2521,2004,54,2,1,4,1,2,1,177
2522,2004,42,2,1,2,1,2,2,119
2523,2003,19,1,1,2,2,1,1,69
2524,2009,59,2,1,3,2,1,2,268
2525,2003,64,1,1,3,2,1,1,100
2526,2003,31,2,1,3,1,2,1,93
2527,2004,37,1,1,3,2,2,1,110
2528,2004,30,2,1,2,1,2,1,88
2529,2005,24,1,1,4,1,2,1,119
2530,2006,26,2,1,2,1,1,2,75
2531,2004,44,2,1,4,2,2,1,114
2532,2008,39,2,1,5,2,2,1,277
2533,2005,48,2,1,5,2,2,1,278
2534,2004,53,1,2,2,1,1,1,81
2535,2004,42,2,3,5,2,2,1,114
2536,2009,44,2,1,5,1,2,1,166
2537,2003,25,1,1,4,2,2,1,85
2538,2004,46,2,1,2,1,1,1,44
2539,2003,52,2,1,3,2,2,2,102
2540,2008,33,2,1,3,2,1,1,88
2541,2007,30,2,2,3,2,2,2,121
2542,2007,38,1,1,3,1,2,1,110
2543,2005,29,1,1,2,2,2,1,80
2544,2008,57,2,3,4,1,1,1,127
2545,2003,50,2,1,4,2,2,1,115
2546,2008,23,1,1,3,1,1,2,99
2547,2006,46,4,1,3,2,2,1,144
2548,2005,61,2,1,4,1,1,1,136
2549,2007,70,2,1,1,2,2,2,101
2550,2009,59,2,1,2,1,1,1,77
2551,2003,57,2,2,2,1,1,1,90
2552,2003,25,1,1,2,1,1,2,87
2553,2005,48,2,1,3,1,2,1,124
2554,2009,52,2,3,5,2,1,2,65
2555,2009,44,5,1,4,2,2,1,132
2556,2004,40,2,1,2,1,2,1,67
2557,2008,43,2,1,4,2,1,1,196
2558,2005,51,2,1,3,1,1,1,166
2559,2003,43,2,3,1,2,2,2,65
2560,2003,42,2,1,2,1,2,1,121
2561,2008,28,2,1,2,1,2,2,102
2562,2003,54,2,1,5,2,2,2,148
2563,2005,34,2,1,5,2,2,1,159
2564,2004,50,2,1,4,2,2,1,110
2565,2005,36,2,1,5,2,2,1,140
2566,2005,36,2,1,4,1,2,1,132
2567,2005,71,3,1,3,1,1,1,119
2568,2006,31,1,3,5,2,2,1,97
2569,2005,43,2,1,5,2,1,1,135
2570,2007,20,1,1,3,1,1,2,72
2571,2007,23,1,1,1,1,2,1,88
2572,2007,42,4,1,2,1,1,2,50
2573,2005,41,2,1,5,2,2,1,149
2574,2009,27,2,1,5,2,2,1,122
2575,2008,29,2,1,3,1,1,2,102
2576,2008,41,4,1,3,1,1,1,100
2577,2003,41,2,2,2,1,1,1,105
2578,2003,22,1,1,3,2,1,2,81
2579,2003,39,2,1,2,1,1,1,74
2580,2008,50,2,1,4,1,2,2,83
2581,2006,49,1,1,4,1,1,1,148
2582,2003,42,2,1,3,2,2,1,119
2583,2008,38,2,2,2,2,2,1,129
2584,2004,55,2,1,4,2,1,2,135
2585,2005,47,1,1,2,1,1,2,80
2586,2007,52,2,4,1,2,2,2,68
2587,2009,56,4,1,4,1,2,2,40
2588,2007,30,2,1,3,2,2,2,132
2589,2005,56,2,1,2,1,1,2,135
2590,2003,46,2,1,2,1,1,1,114
2591,2009,43,2,1,1,2,2,2,126
2592,2003,35,2,1,3,1,1,1,117
2593,2009,58,2,1,2,1,1,1,110
2594,2009,69,2,1,2,1,1,1,81
2595,2006,68,4,1,2,2,1,1,88
2596,2004,52,2,1,3,2,2,1,127
2597,2005,46,1,2,4,2,1,1,105
2598,2007,39,1,1,4,2,2,1,108
2599,2009,66,2,1,4,1,1,2,110
2600,2005,30,2,1,5,1,2,1,117
2601,2006,30,4,1,3,1,2,1,108
2602,2005,43,2,1,2,1,2,2,72
2603,2008,49,2,1,5,1,2,1,161
2604,2005,54,2,1,5,2,2,1,148
2605,2008,48,4,1,5,2,2,1,143
2606,2008,37,5,2,3,2,2,2,97
2607,2007,46,2,1,4,2,1,1,142
2608,2007,53,2,1,2,1,2,2,148
2609,2009,31,1,1,4,1,2,1,110
2610,2006,18,1,1,3,2,2,2,59
2611,2003,49,2,1,4,2,2,1,153
2612,2006,39,2,1,2,1,2,2,81
2613,2003,40,2,1,2,2,1,2,44
2614,2008,37,2,1,2,2,2,1,96
2615,2006,24,2,1,2,1,2,1,102
2616,2007,35,2,1,4,1,2,1,131
2617,2007,27,1,1,2,1,2,2,83
2618,2003,44,1,3,5,2,2,1,131
2619,2008,46,2,1,4,1,2,2,89
2620,2005,40,2,1,3,2,1,2,85
2621,2007,39,2,1,5,2,2,1,166
2622,2008,42,1,1,1,1,1,1,101
2623,2003,37,2,1,2,1,2,1,100
2624,2008,58,2,1,3,2,2,1,123
2625,2005,40,2,3,5,1,2,1,164
2626,2003,27,2,1,2,2,1,1,85
2627,2003,31,2,1,3,2,2,1,75
2628,2008,44,2,1,2,1,2,2,65
2629,2003,38,4,1,2,1,2,1,93
2630,2004,34,2,1,4,2,2,2,138
2631,2005,41,2,1,2,2,2,1,135
2632,2007,20,1,1,1,1,2,2,72
2633,2008,28,1,1,4,2,2,1,179
2634,2009,55,2,1,4,2,2,1,99
2635,2008,38,2,1,4,2,1,2,115
2636,2005,33,1,2,2,1,1,2,74
2637,2009,43,1,1,2,1,1,1,37
2638,2006,50,2,3,4,2,2,1,123
2639,2008,55,2,1,4,2,2,1,88
2640,2005,24,1,2,3,2,2,2,74
2641,2008,41,2,1,4,2,2,1,177
2642,2009,37,4,1,4,2,1,2,119
2643,2005,42,2,1,3,2,1,1,135
2644,2004,25,1,1,4,2,2,1,90
2645,2005,45,2,1,5,2,2,1,148
2646,2009,40,2,1,1,1,2,1,81
2647,2004,43,2,1,5,2,2,1,131
2648,2006,50,2,1,3,1,2,1,177
2649,2003,42,1,1,2,2,1,1,83
2650,2003,38,2,1,2,1,1,1,132
2651,2006,44,4,1,1,1,2,1,83
2652,2007,19,1,1,3,1,1,2,41
2653,2004,44,1,1,3,2,2,1,117
2654,2003,26,1,1,1,1,2,1,74
2655,2005,54,2,1,2,1,1,1,87
2656,2006,32,2,1,4,1,2,1,100
2657,2008,49,2,1,4,2,2,1,142
2658,2005,35,2,1,1,1,2,2,71
2659,2007,34,2,1,1,2,2,2,72
2660,2003,23,1,1,1,1,2,2,55
2661,2008,60,2,3,3,2,1,1,127
2662,2006,54,2,1,5,2,1,1,74
2663,2003,31,2,2,3,2,2,2,140
2664,2006,47,2,1,4,2,2,2,161
2665,2003,48,4,1,2,1,1,2,24
2666,2005,48,2,1,4,2,1,1,115
2667,2004,35,2,1,2,2,1,2,114
2668,2006,55,2,1,5,2,2,1,127
2669,2004,35,2,1,5,2,2,1,138
2670,2009,37,2,3,4,2,2,1,177
2671,2003,27,1,2,2,2,2,2,23
2672,2007,64,2,1,2,2,2,1,90
2673,2003,52,4,1,2,1,1,1,74
2674,2007,47,5,2,1,2,2,2,83
2675,2003,26,1,1,2,1,2,2,57
2676,2005,41,2,1,1,1,2,2,129
2677,2009,22,1,1,2,1,2,1,75
2678,2004,76,2,1,3,1,1,2,74
2679,2006,46,2,1,2,1,1,1,108
2680,2006,39,2,2,3,1,1,1,123
2681,2006,39,2,1,5,1,2,1,278
2682,2004,23,1,1,3,1,1,1,74
2683,2006,49,2,1,3,1,2,1,124
2684,2009,44,2,1,1,1,1,2,88
2685,2006,20,1,1,2,1,2,2,70
2686,2005,43,2,1,5,2,2,1,278
2687,2006,42,2,1,4,2,2,1,148
2688,2009,46,2,1,4,2,2,1,114
2689,2009,33,1,1,4,2,2,1,100
2690,2003,62,2,1,5,2,2,1,268
2691,2006,38,2,1,3,2,1,1,131
2692,2005,43,2,1,4,1,2,2,110
2693,2005,46,4,1,4,2,2,1,278
2694,2006,18,1,1,2,1,2,2,74
2695,2009,63,2,1,5,2,1,2,268
2696,2006,43,1,2,5,1,2,1,120
2697,2009,44,2,1,4,2,2,1,142
2698,2008,53,1,2,3,2,1,1,128
2699,2008,58,1,1,1,2,1,1,90
2700,2003,23,1,1,4,1,2,2,77
2701,2004,50,2,1,4,2,2,1,127
2702,2004,35,1,1,5,2,2,1,119
2703,2006,38,2,1,5,2,1,1,201
2704,2004,36,2,1,2,1,1,1,88
2705,2005,32,2,1,5,2,2,1,148
2706,2003,56,2,1,5,2,2,1,268
2707,2005,41,2,1,3,2,2,2,88
2708,2004,40,1,1,2,1,1,2,100
2709,2004,26,1,1,4,1,2,2,83
2710,2006,26,2,1,2,2,2,1,131
2711,2008,47,4,1,4,2,2,1,109
2712,2007,25,1,2,4,2,2,2,55
2713,2006,58,2,2,3,2,1,2,310
2714,2008,57,2,1,2,2,2,2,83
2715,2003,30,1,1,1,2,2,2,60
2716,2007,44,2,1,4,2,2,1,166
2717,2009,29,2,1,2,1,2,2,80
2718,2007,51,2,1,4,1,1,2,119
2719,2006,37,2,1,1,1,2,2,93
2720,2004,67,2,3,5,2,1,1,161
2721,2009,34,2,1,1,1,2,2,70
2722,2003,50,2,1,5,2,2,1,121
2723,2005,38,2,1,2,1,2,1,161
2724,2008,55,2,1,4,2,2,1,172
2725,2003,27,1,1,3,1,1,1,121
2726,2007,39,2,1,3,1,2,1,135
2727,2007,54,2,1,3,1,1,1,148
2728,2008,55,4,1,5,2,1,1,129
2729,2003,49,2,2,3,2,1,2,135
2730,2003,42,2,1,1,1,1,2,57
2731,2005,39,2,1,4,1,2,2,88
2732,2003,32,1,1,2,1,2,1,68
2733,2005,39,2,1,3,1,2,1,129
2734,2003,50,2,1,5,2,2,1,135
2735,2004,47,2,1,2,1,2,2,94
2736,2003,40,1,1,3,1,2,2,88
2737,2006,51,1,1,3,2,2,1,119
2738,2009,28,2,3,3,1,2,2,69
2739,2007,53,4,1,3,1,2,1,94
2740,2005,54,2,1,3,2,2,1,119
2741,2009,51,2,1,4,2,2,1,92
2742,2008,33,2,1,5,1,2,2,135
2743,2008,55,2,1,4,1,2,2,127
2744,2003,44,2,1,5,1,2,1,101
2745,2009,30,2,1,3,1,2,1,106
2746,2005,40,2,3,5,2,1,1,88
2747,2007,26,2,1,2,1,1,2,100
2748,2006,49,2,3,4,2,1,1,113
2749,2004,43,2,1,5,1,2,1,164
2750,2004,43,1,2,3,1,2,1,83
2751,2008,44,2,1,2,1,2,1,80
2752,2006,32,1,1,4,1,2,2,50
2753,2009,34,2,3,5,2,2,1,153
2754,2009,36,2,3,4,2,1,1,148
2755,2006,51,2,1,1,1,2,1,101
2756,2007,42,2,1,3,2,1,2,96
2757,2003,60,2,1,5,1,1,1,119
2758,2004,36,2,1,2,1,1,2,77
2759,2006,47,2,1,3,1,2,1,119
2760,2004,60,2,1,3,2,1,1,138
2761,2003,22,1,1,2,1,2,2,55
2762,2005,41,1,2,2,1,2,2,65
2763,2003,56,4,1,4,1,2,2,110
2764,2003,44,2,1,2,1,2,1,74
2765,2005,49,2,1,4,1,2,1,106
2766,2006,45,2,1,4,2,2,1,116
2767,2003,25,1,1,3,1,2,2,94
2768,2007,52,2,1,3,1,1,1,119
2769,2003,30,2,1,5,2,2,1,148
2770,2009,29,2,1,2,1,2,2,105
2771,2007,23,2,1,4,2,2,1,80
2772,2007,48,4,1,2,2,2,1,109
2773,2009,44,2,1,2,2,2,2,110
2774,2003,62,2,1,4,1,2,1,127
2775,2006,33,2,1,5,1,2,1,152
2776,2008,51,2,1,2,2,1,1,106
2777,2006,36,2,1,5,2,2,2,201
2778,2005,23,2,1,2,1,1,2,59
2779,2003,51,4,1,2,1,2,1,69
2780,2008,47,2,1,4,1,2,1,177
2781,2003,34,1,1,2,2,1,1,104
2782,2004,34,2,1,2,2,2,1,83
2783,2009,43,2,1,5,2,1,1,201
2784,2006,43,5,1,3,2,2,1,102
2785,2009,40,1,1,4,1,1,1,164
2786,2005,59,2,1,2,2,1,2,105
2787,2008,53,2,1,2,1,2,2,110
2788,2004,32,2,1,2,2,2,1,105
2789,2008,48,2,1,2,1,2,1,108
2790,2008,37,1,1,5,2,2,2,182
2791,2006,20,1,2,3,2,2,2,75
2792,2004,32,2,1,2,2,2,2,61
2793,2004,40,1,1,2,1,2,1,85
2794,2004,48,2,1,3,2,1,1,124
2795,2005,43,2,1,4,2,1,1,177
2796,2009,56,2,3,5,2,2,1,119
2797,2003,55,2,1,5,2,2,2,268
2798,2008,38,1,1,2,1,1,1,89
2799,2006,52,2,1,2,1,1,1,93
2800,2003,40,2,1,5,2,1,2,127
2801,2005,29,2,1,5,2,2,1,115
2802,2007,45,2,1,4,2,2,1,131
2803,2003,39,2,3,1,1,1,2,69
2804,2005,50,2,1,4,1,2,1,182
2805,2003,50,2,1,5,2,2,1,144
2806,2004,57,2,3,5,2,2,1,135
2807,2003,30,2,1,2,1,1,2,63
2808,2005,56,4,2,3,2,2,1,75
2809,2008,43,2,3,5,2,2,1,177
2810,2004,43,2,1,4,2,2,1,105
2811,2005,67,2,2,3,2,1,1,123
2812,2005,50,2,1,2,2,2,1,112
2813,2005,49,2,1,3,2,2,1,112
2814,2004,50,2,1,2,1,1,1,88
2815,2004,59,2,2,4,2,2,1,144
2816,2007,51,2,1,3,1,2,1,117
2817,2005,39,2,1,2,1,2,1,78
2818,2009,54,2,2,3,1,1,1,100
2819,2004,55,2,1,3,2,2,1,123
2820,2005,45,2,1,3,1,2,2,127
2821,2003,54,2,1,3,2,2,1,139
2822,2008,23,1,1,2,1,2,1,127
2823,2003,74,3,2,4,2,1,2,70
2824,2005,52,2,1,2,1,2,2,110
2825,2005,25,1,1,2,1,2,2,71
2826,2008,45,1,1,1,1,2,2,70
2827,2004,37,2,1,3,2,2,1,177
2828,2005,55,2,1,3,1,2,1,114
2829,2004,25,1,1,1,1,2,1,83
2830,2008,66,2,1,4,1,2,1,148
2831,2007,47,1,2,4,2,2,1,161
2832,2005,36,2,2,4,1,2,1,127
2833,2004,63,2,1,2,2,1,1,135
2834,2003,44,2,1,4,1,2,1,161
2835,2009,37,2,1,5,2,2,1,268
2836,2006,32,1,1,4,1,2,1,105
2837,2004,43,2,1,3,2,2,1,135
2838,2009,37,2,1,4,2,2,1,123
2839,2009,26,1,1,2,1,2,2,67
2840,2004,39,2,1,3,2,2,1,92
2841,2008,45,2,1,5,2,2,1,161
2842,2009,40,1,2,4,1,2,1,137
2843,2006,51,2,1,5,2,2,1,153
2844,2009,52,2,2,2,1,2,2,61
2845,2007,43,2,1,2,1,2,1,65
2846,2005,52,2,1,4,1,2,1,114
2847,2005,50,1,1,5,2,2,1,182
2848,2005,54,2,1,4,2,2,2,114
2849,2004,28,2,1,2,1,2,1,97
2850,2003,28,2,1,2,1,2,1,137
2851,2005,26,1,3,4,2,1,2,97
2852,2009,45,4,1,2,1,2,1,81
2853,2003,34,4,1,2,2,2,2,74
2854,2006,73,2,2,2,2,1,1,119
2855,2009,31,1,1,2,1,1,1,114
2856,2005,29,1,1,3,1,2,1,90
2857,2008,40,2,1,5,2,2,1,161
2858,2003,38,2,1,5,2,2,1,180
2859,2004,42,2,1,3,1,2,1,148
2860,2007,50,2,1,2,2,2,1,88
2861,2008,51,2,1,2,1,2,1,59
2862,2009,40,5,1,2,2,2,1,107
2863,2008,25,1,1,4,2,2,2,50
2864,2009,47,4,1,4,1,2,1,144
2865,2009,27,2,1,3,2,2,1,81
2866,2003,53,4,1,4,1,1,2,82
2867,2004,67,2,2,1,2,2,1,88
2868,2008,40,2,3,4,2,1,1,131
2869,2003,44,2,2,4,1,2,1,88
2870,2004,33,1,1,1,1,2,2,81
2871,2004,29,1,1,3,1,2,1,89
2872,2003,32,1,1,5,2,2,1,114
2873,2009,27,1,1,2,2,2,1,105
2874,2003,40,2,1,2,2,2,1,113
2875,2008,36,4,1,2,2,2,2,57
2876,2003,48,1,2,2,2,2,1,88
2877,2004,56,2,1,3,2,2,1,119
2878,2004,24,2,1,1,1,2,2,127
2879,2006,53,2,3,5,1,2,1,135
2880,2008,34,2,1,2,1,2,2,108
2881,2007,61,2,1,3,2,2,2,282
2882,2004,38,2,1,2,1,2,2,48
2883,2007,55,3,1,4,1,1,1,127
2884,2005,70,2,1,4,2,1,2,50
2885,2003,24,1,1,2,1,1,1,81
2886,2006,22,5,1,1,1,2,2,75
2887,2007,38,4,2,4,2,2,1,105
2888,2004,29,2,1,3,1,2,2,80
2889,2006,30,2,1,3,2,2,1,131
2890,2007,38,2,1,5,2,2,1,172
2891,2007,49,5,1,3,2,2,1,97
2892,2009,71,2,1,2,1,2,1,99
2893,2005,32,2,1,2,1,2,2,84
2894,2003,40,2,3,5,2,2,1,299
2895,2004,32,2,1,2,2,2,1,71
2896,2006,33,1,1,3,2,2,1,83
2897,2003,40,2,1,2,1,2,1,74
2898,2005,25,1,2,2,2,2,1,77
2899,2003,36,5,2,3,2,1,2,92
2900,2003,46,2,1,2,1,1,2,142
2901,2009,59,2,1,5,2,2,2,94
2902,2003,49,1,1,5,1,1,2,143
2903,2005,41,2,1,3,1,2,1,92
2904,2007,42,2,3,5,2,2,1,131
2905,2009,59,2,2,3,2,2,2,88
2906,2004,27,1,1,1,1,1,2,76
2907,2006,30,2,1,2,1,2,2,72
2908,2005,54,2,2,2,2,2,1,88
2909,2005,31,1,1,5,2,2,1,81
2910,2007,34,2,1,5,2,2,1,164
2911,2007,47,2,1,2,1,2,1,108
2912,2003,40,2,1,5,2,2,1,133
2913,2007,29,1,1,2,1,2,2,74
2914,2003,58,2,1,1,1,1,1,88
2915,2006,41,2,1,2,1,2,1,119
2916,2004,56,2,1,2,2,1,1,102
2917,2008,52,2,1,2,1,1,1,137
2918,2003,53,2,1,3,1,1,1,119
2919,2003,37,4,1,2,2,1,1,65
2920,2009,30,1,2,3,1,2,2,94
2921,2004,35,2,1,2,2,2,1,138
2922,2006,40,2,1,4,1,1,1,119
2923,2007,54,2,3,2,1,1,2,80
2924,2007,22,1,3,4,2,1,1,63
2925,2005,37,2,1,5,2,2,1,135
2926,2005,39,2,1,2,1,2,2,296
2927,2009,62,2,1,2,2,1,1,110
2928,2007,47,2,1,3,2,1,1,105
2929,2003,51,2,1,5,1,2,1,148
2930,2006,47,4,1,2,1,2,1,100
2931,2003,28,1,1,4,1,2,1,119
2932,2005,65,2,1,2,1,1,1,96
2933,2005,42,2,1,2,2,2,1,114
2934,2007,58,2,1,2,1,1,1,105
2935,2007,32,2,1,3,2,2,1,102
2936,2003,34,2,1,5,2,2,1,146
2937,2007,49,2,1,2,2,2,2,80
2938,2008,39,2,1,5,2,2,1,145
2939,2008,44,2,1,4,1,1,1,76
2940,2009,38,1,1,3,1,2,2,84
2941,2008,48,2,1,5,2,2,1,115
2942,2006,47,2,1,2,1,2,1,106
2943,2009,40,2,4,1,1,2,2,72
2944,2005,27,5,1,1,1,2,1,80
2945,2004,42,2,1,4,2,2,1,104
2946,2004,30,4,1,2,1,2,1,89
2947,2007,31,2,1,5,2,2,1,100
2948,2007,29,2,1,4,2,2,1,113
2949,2006,53,4,1,5,1,2,1,138
2950,2009,37,2,1,1,1,2,2,69
2951,2007,48,2,1,3,2,2,2,109
2952,2009,56,4,1,5,2,2,1,148
2953,2003,44,2,1,3,1,2,1,100
2954,2004,63,2,1,4,2,2,1,118
2955,2003,25,2,1,4,1,2,1,65
2956,2003,31,2,1,4,2,1,2,94
2957,2003,51,2,1,2,1,1,1,99
2958,2007,25,1,1,2,1,2,1,88
2959,2007,50,2,1,3,2,2,1,100
2960,2006,34,2,1,2,1,1,2,109
2961,2004,20,1,1,3,1,2,1,83
2962,2007,30,1,1,2,2,2,1,89
2963,2009,40,2,1,3,1,1,1,97
2964,2006,34,2,1,2,1,1,2,57
2965,2004,57,2,1,2,2,1,1,65
2966,2007,42,2,2,2,2,1,1,89
2967,2003,30,1,1,3,1,2,2,84
2968,2003,37,1,1,3,1,2,1,94
2969,2008,50,2,2,2,1,1,1,85
2970,2009,26,1,1,3,1,2,1,78
2971,2007,59,2,3,2,2,2,1,160
2972,2003,29,1,4,3,1,1,1,133
2973,2009,22,1,1,2,2,2,2,88
2974,2005,54,2,1,2,1,2,1,158
2975,2003,46,2,2,2,1,2,1,119
2976,2008,51,2,1,2,2,2,1,101
2977,2006,35,1,1,3,1,2,2,59
2978,2007,49,2,1,2,2,1,2,85
2979,2003,53,2,1,2,1,2,1,88
2980,2009,61,2,1,3,1,1,1,161
2981,2007,40,2,2,1,2,2,2,70
2982,2003,52,2,1,1,2,1,2,48
2983,2005,40,2,1,4,1,2,1,131
2984,2003,56,2,1,1,2,2,1,85
2985,2008,39,2,1,2,2,2,2,100
2986,2007,30,2,1,2,1,2,1,94
2987,2003,58,2,1,3,1,2,1,131
2988,2007,33,2,3,5,2,2,1,168
2989,2007,51,2,1,5,2,2,1,126
2990,2008,32,1,1,4,2,2,1,148
2991,2009,50,2,2,2,1,2,2,132
2992,2003,26,1,2,3,1,2,2,119
2993,2007,35,2,1,1,1,1,2,110
2994,2006,31,2,1,2,2,2,1,103
2995,2009,31,2,1,4,2,2,1,133
2996,2008,44,2,1,3,1,2,1,155
2997,2007,30,2,1,2,1,2,2,100
2998,2005,27,2,2,1,1,1,2,66
2999,2005,27,1,1,3,1,2,1,88
3000,2009,55,5,1,2,1,1,1,90
